5.56040830909223,20.30439348104,66,0.0104684631206137
0.344557424332533,27.3462458180364,80,0.128453233032148
-1.14420585107772,7.86956994128334,22,0.00247477640342837
0.695581403838706,28.144839670738,88,0.114086686235952
0.336095321516035,27.556750954868,87,0.120385169062673
-4.22313405314146,26.7049194951824,100,0.0343962596995883
4.34754249252797,20.8089151108746,85,0.0128143763375101
-1.32189708330512,31.6172712307569,100,0.0388255814973404
0.136792975182084,27.0129085539234,95,0.103741204922166
0.701954854974274,25.5904257555383,100,0.0643073637312154
-0.759194611881095,7.03364206388017,30,0.00228171913597589
-0.887866054435559,33.5768286396493,100,0.0230641625023172
0.358340806785898,27.7225621589171,91,0.115625135665158
5.63625829243498,21.7414688970665,100,0.0126390366744701
2.58787075955952,18.2750255817242,68,0.00940791294063416
5.24756568838439,21.2502546804776,79,0.012493282289073
3.396097288815,27.4710430184263,100,0.0463247620701504
3.06908746074391,8.53431744313339,44,0.00257565955241043
-0.996603686765122,8.3489565411621,31,0.00259253227863186
-7.42068449959162,28.8855682791184,100,0.0151476558144841
0.94344288091998,30.4880602392817,100,0.0565249863208348
5.69443883030755,18.5499284949361,73,0.00785372737190532
-0.346893387705715,28.5931394022566,91,0.109205857593757
-3.70180663863683,30.7009590778539,100,0.0315772180134125
-2.44775331811745,25.8078230359126,100,0.0497289767891021
-2.92230173834868,28.0849714307346,100,0.0540806409712397
2.87142868688696,37.2287157105323,100,0.00944324663655054
-0.581084869490154,27.3381645469312,95,0.105127453646366
5.55810664756194,20.3158130026925,80,0.0103383799233789
2.72787449422272,29.7461601953523,100,0.0478577910205773
0.126638184503498,27.435915169151,91,0.11496981974962
-1.33001460924638,26.688504621908,100,0.0766563295277319
-1.42846146536884,30.0981879304214,100,0.0590128663701036
2.98295022307821,25.2276743112287,100,0.0388581336456328
-3.88155947696601,25.2173198046778,100,0.0312912697192206
0.0382869760040004,27.8176475159466,95,0.112304460461484
-0.882932261212146,29.1949119444441,100,0.0802615786045975
5.52441226419133,20.4637857689973,79,0.0106335017997081
-0.606163672509618,28.1550442994425,97,0.104659899811939
-0.483657875725416,6.8399421846959,40,0.00223698779093077
0.776739310197568,18.2496893594364,60,0.0100113981633103
-0.321484437041753,8.90370000893169,31,0.00275108829385139
-4.78793085454571,30.3407430196884,100,0.0256586326432592
-0.653606158576282,8.08985619053186,32,0.00252885645842389
0.2875815662305,27.3727922664843,92,0.112078972790264
4.83938568943431,18.3529200552277,48,0.00836619005531841
-0.175176602722189,5.882384183908,28,0.00205422495131017
3.32991082025794,8.79728444501031,44,0.00263280149738014
0.478032242913005,23.955755153937,100,0.0393975428948388
-0.454842215517898,8.50365494748377,38,0.00263418667921903
-0.836567294630615,7.76394603138619,43,0.00244020342980175
1.8322716534146,8.53315174540006,44,0.00261620494959372
-2.21337189893989,23.1574322385297,100,0.0270813487598555
-0.580906688099081,18.1679386834935,47,0.0100101642442603
4.12688928054852,18.2330452707139,58,0.00858853689746384
5.50699031935722,18.5139681879475,56,0.00805157170727511
-0.65152407685013,8.73507740407143,44,0.00269153344254057
3.49115748395144,34.363178965227,100,0.0155365277183687
5.57887454425968,18.8508146282024,71,0.00831168623048232
3.26664833465137,6.23518057863558,37,0.00207057233570459
6.47201654648228,8.68163223910013,44,0.00240937619730766
-0.618234468014438,28.482949111415,91,0.107877875139404
-0.22284568800794,5.84341143987655,29,0.00204651630074736
-0.176451265772489,27.4525450395678,94,0.111121443517239
1.06276566294508,22.7362746102737,100,0.0268127441951603
3.12405628381612,6.02176891016729,21,0.00204197049875024
5.84917758907107,19.2758627963942,54,0.0087548419576308
-0.823000403503827,28.3907871758574,99,0.0974777213828372
5.95494816893126,20.0501981607737,73,0.00955340542357672
5.50006270711556,19.6820100627807,64,0.00957382842227203
0.167937131976179,27.5043519004558,89,0.118251267592616
-0.889883972750517,24.6629797218963,100,0.047797182801823
-2.4565522480571,22.528695252879,100,0.0225369191514566
-6.53088578805025,28.3264403122414,100,0.0189502025702417
-2.62499450064778,27.580972412856,100,0.0592763179426345
0.597245936988802,27.7406333094083,95,0.107848715507979
-1.19071941705865,6.42201108427134,31,0.00215026403129118
-0.362824448276727,26.9503925976088,96,0.10037865998511
-1.17800441617395,6.26286873702682,33,0.00211829332689906
5.77144052516459,18.4091892396286,54,0.00775484099237889
5.69939195070973,18.8429025391379,66,0.00824304433808785
-0.0254044369931131,28.8359985701042,95,0.101504211986342
5.75867795470547,18.9191826013394,71,0.00825602348556619
-0.845484768662,7.18780959695515,32,0.00231370940934673
-3.20402342261727,19.0292779551171,84,0.0102490262552336
2.58412408904309,28.6342165265442,100,0.0582201068561711
1.36818085225008,8.84144607013682,42,0.00271204593084606
0.753159414552916,26.2532871271202,100,0.0766063514700556
0.352698603165983,27.4254052259332,94,0.109705123449924
2.13053796318061,6.23839046114039,47,0.00209341824153455
-3.39516046098618,35.4324753138042,100,0.0126981252032087
-1.01820761319096,7.03615091550442,32,0.00227882880857895
0.230751278968322,6.17619868793876,31,0.00210839210541932
-0.746155103285126,30.2583698543565,100,0.0617131598663781
-4.69059355982405,28.4233507742539,100,0.0310379321314108
2.9651694232593,20.9487106343374,87,0.0151111652949043
5.61038117467467,19.7763712210642,65,0.00959302442719609
-0.713896650587942,28.3928984529791,100,0.0981035249664384
5.58922611217241,18.9394402665694,76,0.00837949855130665
1.9988131354173,24.4864709460388,100,0.0395486838824509
0.596147366436384,27.1450265601523,92,0.105603899455748
4.96102567315983,18.7634656524141,81,0.00859237949560224
1.86736295191602,25.8874672245708,100,0.0578576248858376
0.428482725234611,28.452247542461,95,0.10600078528458
5.20732250239031,18.5741917594616,63,0.0082941852019256
-0.133617167966636,27.1006388769739,96,0.104195307745407
2.07421552946255,24.8487720915029,100,0.0429584497915467
5.70771240495961,18.4093933457841,71,0.00769726319673065
0.367256923216877,27.1811003464474,95,0.105280204129969
3.51999877631701,29.381873696195,100,0.0406442419243667
-2.70517269498173,26.9191218987042,100,0.0552286698397023
0.0548846451683179,28.2665125623151,95,0.110274718880751
4.43388997832146,28.6003698556498,100,0.0332151984386302
5.94061519632281,20.2175611718491,80,0.009744910394602
0.0565563443153726,24.2312081944936,100,0.0433251183766712
-0.796385151578272,27.4376212158247,94,0.104007636926886
5.44613810773809,20.9688935849453,73,0.0117142929505214
0.549077742544996,27.5323169850565,88,0.116134928403115
-1.17720678063799,7.74252253589883,31,0.00243813573414808
0.737155712036561,27.5303047631167,88,0.112944401195543
5.43863278537915,18.8725349296723,71,0.00844762482832168
3.83971065368297,18.2072210047636,77,0.00858042241557684
-0.911250855241936,8.09696270381401,43,0.00252106432755389
-0.497008460690908,27.1591530783564,89,0.110607998344089
1.1367917247456,28.6050618961261,100,0.0851312141346902
-0.310044122143826,28.6368114398024,90,0.109906475143928
1.89324724453862,30.7355439230616,100,0.0459832851917532
0.295105216743105,27.8768755968487,94,0.112507052446308
0.0407162020139795,27.0207977531602,94,0.10516359730426
5.30867698204565,18.3360105633793,73,0.00786701804680135
-0.425297295629917,27.0817118791974,93,0.105379238471937
-2.43778118973997,31.1485627957493,100,0.0375230351394473
-1.35629608156594,25.8371054713809,100,0.0631407105735322
4.16431407573715,22.739348632888,100,0.0186998938277662
2.3408717486386,18.3038119288543,76,0.00949441925037034
5.78675183559755,19.2616517438835,57,0.00876882673438516
0.163073126999331,28.6389260505992,90,0.110712606800686
-0.749648741963847,8.45080450952425,40,0.00261624079160672
5.36908711837375,18.7356935012205,58,0.00841725207577566
-0.385415712542928,27.0013174725073,88,0.110023047594551
5.36940609808244,18.5849965700336,51,0.0082726578464733
-1.15329330340657,6.89193144493338,41,0.00224193727639036
0.199967646612071,27.9794269230118,93,0.114221016746645
-1.90191119179013,29.1785596464425,100,0.0655582583020621
-1.46291341967101,27.4563378095064,100,0.0819332442462004
4.17473060844229,31.984004650017,100,0.0225598178717727
4.05997176334458,20.6863750005394,98,0.0127124573219689
1.61105568087687,23.7835211312666,100,0.034335639889949
5.65573081242351,23.3601661351159,100,0.0160906434145883
-0.0961591898002639,27.4405139155461,97,0.107674459884645
-4.22313405314146,26.7049194951824,100,0.0343962596995883
-0.77408205791951,23.2318341500741,100,0.0313169769488389
-0.791168952875681,27.3623035288899,97,0.100241766282363
5.07700046603107,24.5856011029566,100,0.021548605103387
1.02283217757871,24.9227266303069,100,0.0510672504849234
0.05949715382563,27.7236919494287,96,0.110822256461673
-0.566928322735921,25.2046228023505,100,0.0578703699623546
-0.899688081925265,28.0453583978434,96,0.101581215319885
1.79443237722006,27.7097166980113,100,0.0760806558238958
0.792930908088806,27.3300866048445,87,0.110964898232464
0.296397025190615,24.6926980121511,100,0.0499288946471877
0.0868474074234776,31.2296236137299,100,0.0470486848909067
-0.198175291761586,27.334433363919,98,0.105066360757696
1.96391970720737,18.6226027427971,49,0.0105251723552506
-0.75444343000734,26.2519169951637,100,0.0765691403651135
-0.881851939393926,7.55392022738184,34,0.00239540622261606
0.402544156446342,27.944422300452,92,0.114025582204197
0.10074993644277,5.84396095314448,35,0.00204427264753546
0.3848726434452,27.9450641508464,93,0.112915830387029
-0.721680010549344,27.6923965854937,99,0.101519454837849
0.314574410157771,28.4593268568874,90,0.112896506369212
0.334212879384891,27.7871037974923,94,0.11213032849825
3.58081488868267,8.46999894168632,42,0.00253843636533005
0.695581403838706,28.144839670738,88,0.114086686235952
0.581273536861041,6.27273292182363,31,0.00212583979384991
5.73755139141987,20.2912400860683,80,0.0100882387525378
6.09585176423165,33.1856473943487,100,0.0132608815346773
-1.05963317380168,6.58767240726107,28,0.00218632605164479
-0.369535474756341,27.8992843788613,99,0.105943379466737
-0.590315958344034,27.9607135107676,97,0.105715299405197
0.539651326633985,27.9942434673827,86,0.120338180058156
-0.900529253285565,28.2041083531646,91,0.106049998063396
8.24030649478208,8.90142678742019,68,0.00229843840210881
-0.150547566097795,26.9164900606043,93,0.103991084184436
0.0938021071854171,6.53111264351358,28,0.00218015040195115
0.668577481284849,27.5989610238283,87,0.116052579866822
-1.72450788751289,29.2259895629775,100,0.0678542038932578
1.62286488498106,5.83234072742195,30,0.00203331833353044
3.25621370824431,25.8267025602102,100,0.0405790582122368
5.72054454302381,20.5412245369357,78,0.0105254079284613
-0.28779074916895,27.9600090165291,100,0.105334345375456
0.203347016113008,28.4487030888504,95,0.107671974067865
-5.83577805450151,32.4000645615047,100,0.01548988166434
3.56836404277875,18.6228446596396,72,0.00941778392961946
-0.657814300126187,7.27854401271394,21,0.00234147665032338
-1.18337553342395,7.75821280907567,42,0.00243526511687593
4.93719464976212,18.7459768029145,73,0.00864566991445386
5.80672900314486,18.5710730458183,70,0.00781700546888751
-3.81624110544453,29.5192030775142,100,0.0367463977923367
-1.90779607104248,29.3978791263797,100,0.0628853350440391
5.64509185705785,19.5074381570937,78,0.00906174703465982
2.25453495133874,29.9429347713593,100,0.0517668045946012
-2.08231907972729,25.2698496609808,100,0.047727378185358
2.24387102286269,6.38181637245203,36,0.00212358674145449
-0.558619291329496,28.2316437477927,97,0.104709217573651
0.282462655288571,27.3595577733354,90,0.11451519026227
2.45469618250349,18.3299871040448,49,0.00973982641969533
0.86897252492206,20.9864707849334,87,0.0173555348348164
-0.479023928433217,28.7300227351178,99,0.0972265661655384
0.771811618324854,27.5304861788409,86,0.114862145583899
-0.168895111895341,27.0923644204798,85,0.117361405398416
2.87217944904912,8.84134822870349,50,0.00266023573170248
-0.781129091018727,27.8456888261423,97,0.102971718870347
-0.799108501613887,24.5393644771571,100,0.0463512241984994
5.18536477339506,20.6608523145045,73,0.0115029091996643
2.95877304852226,18.6364510221154,50,0.0100248625226926
-2.10944098270671,27.7905001069766,100,0.0696585244788576
0.123851842496454,27.4475377099137,91,0.115108107722677
-0.000407051505296741,28.1128745568857,89,0.119555412864944
-3.11341314883749,24.6218145358317,100,0.0332356302263961
3.23185680043025,18.9586137732633,57,0.0103839381603936
0.380656689925794,28.8895313092269,100,0.0900633854422736
0.919186235552063,18.2411244955628,76,0.00981427042364363
-0.677086755685662,6.57565684510993,33,0.00218466866049552
-3.87431596209829,26.3205439259339,100,0.0366500995428634
0.44865462841092,28.097444524569,89,0.116848563077184
0.311675698812833,27.7697280457936,90,0.11755694930983
4.63264169983952,31.7302047442986,100,0.0215836856073997
-0.160314933666736,28.4254794044875,99,0.103679892057363
-5.88264372332425,27.921117780498,100,0.022466819468259
0.0280981217469661,6.37749804039902,35,0.00214614023532442
0.416664273024028,29.4825520760318,100,0.0787198532254845
-0.0161330257503034,6.29754696717748,33,0.00213131484943737
5.25145732323913,19.3629114235984,66,0.009319636653137
5.34618697477548,8.74312759081109,49,0.00250072036325814
0.300013113399583,28.6590769058857,92,0.107209192470466
-0.490105103044776,28.033931748773,97,0.10671189068683
-1.0462817766353,7.39995642747441,42,0.00235371841628285
5.30501553958508,20.3796134813794,73,0.0108320226311251
-0.897302059997326,8.42028659269078,37,0.00260853694796522
-0.504926535895575,6.13600791161055,33,0.00209889367484151
-4.13558518478271,30.901301669764,100,0.0275892013215292
-0.808724511038589,6.19515944591951,35,0.00210759749686785
2.88062383530977,18.2447655286153,65,0.00924423794073562
0.408883667054375,30.0653184185456,100,0.0669964400026536
4.89489380857436,21.0568506562328,82,0.0126007045127711
5.1066890456344,28.4611345508403,100,0.0275185291015201
-0.411763662646196,7.52839509714317,36,0.0023918011429097
-0.692100777013713,28.9788956730205,100,0.0859906806199581
0.494278139682854,24.5675619888441,100,0.0476335695515256
-0.922706787250133,6.96893146457582,41,0.00226070051796672
2.28716086212477,6.21611590943153,28,0.00209448946526705
0.0916337847558342,28.7268665051639,90,0.109185642444069
-1.20806520868069,27.2693795917169,100,0.085391880589327
5.05977476959995,18.8445970915511,71,0.00870306161478303
5.00521008124245,29.1777540470804,100,0.0272580958492854
-0.0439464356308971,28.4908836050588,92,0.111118670885958
0.156240406026593,30.0415873262864,100,0.0681229350839402
-5.13557243188971,25.4561802779376,100,0.0237759001196837
0.778163626591305,27.8207692854206,89,0.11225642392518
-0.754227437861305,7.68262925279943,21,0.00243459449983562
-1.0263512881841,6.56649514677774,27,0.00218283240662195
0.400245470177915,27.5511161247227,96,0.108022033540055
0.408672716036039,27.1336709320707,93,0.106412819985944
-1.48076648510645,30.9624746415936,100,0.046058854386363
5.3929429953005,18.8227801725062,54,0.00854127687349843
-0.230008349892522,27.1167475936586,100,0.0999184019508917
0.0561438097866381,28.2849556841569,90,0.116500003859099
0.582129162657835,27.6167747624999,92,0.111115610792393
5.39556731620431,18.8401581733738,79,0.00838272241553667
-4.53603371599236,27.7035999468588,100,0.0327853256084834
5.35879398087379,18.6508989884438,77,0.008186791381289
5.01377051145507,18.2717017586959,65,0.00803225386401095
0.642504186211838,27.772100778655,94,0.108439209074674
2.77754898666485,25.7621937589805,100,0.0454096400905405
-0.284778104720578,18.890189249693,80,0.0111779585283398
-0.0764191552296627,18.2068129881547,47,0.0101199498513389
-4.44587102344569,25.8296644665764,100,0.0295910069465258
0.712726211284931,29.0713243396232,100,0.0842226329100463
0.453505500966409,27.122955012644,92,0.106932135541291
0.0426934002762079,28.6436118628374,89,0.112171315812635
-0.866867549221643,6.50218510142641,35,0.00216749770112822
2.78126192205863,25.4001754310389,100,0.0422061388251101
6.26662306236607,34.3469633827516,100,0.010960558412564
-1.82854218549469,31.3194800037444,100,0.0396762107223563
-1.00032878197489,7.86126788468237,29,0.00247035345722304
3.56828679735417,25.7631692098371,100,0.0369883303779063
-0.742378651035332,27.4855616310968,94,0.105337924408289
5.79479657067118,20.8390200960582,75,0.0109538407216094
-0.495410417022414,6.24166060835223,21,0.00212471001967968
-0.927029187211661,27.1359147290452,100,0.0886016328679524
-5.594132753176,28.0923657859802,100,0.0242431633798815
0.237194343784979,27.8513119826891,94,0.112900462537862
2.56586680005199,27.2753932281634,100,0.0594251782095261
-5.45781845688784,25.3974049165134,100,0.0218535075476739
0.779379321486962,27.8959071415979,90,0.110992297167421
-2.76500243255274,30.0053128005606,100,0.0451603772961238
0.159123098204579,8.84701519933595,42,0.00272727096471863
-5.96807587330174,28.5571285198653,100,0.021737619970351
4.0211735171898,18.2891930848444,65,0.0086809445853515
5.25039188549358,21.1796211884004,88,0.0122082848324455
0.816213401224569,28.1524277819882,92,0.106929032178124
-0.232742524948438,6.0783800342807,39,0.00208616716288229
-1.59489192935724,26.0540305421081,100,0.0636510052637653
-1.14912890815364,8.01552294641053,32,0.00250454691559451
-1.16493614205766,7.33281369369752,29,0.00234425810685407
4.88870943330624,27.06170093969,100,0.0290362273497747
9.03288255393975,35.2452225270568,100,0.00684850695256813
5.49252745357189,18.4350674358611,55,0.00797311420763161
-1.06762915035663,6.20233126925428,29,0.00210948668030165
-0.866484427114996,8.05803886921361,39,0.00251434179113323
-0.782782989519741,27.8469326524516,98,0.101895731491143
5.16950148822181,18.4528283047815,61,0.00818043577692939
1.60995455277715,29.2223979476998,100,0.0697072204924776
0.998113650081735,8.58478773001288,42,0.00264775337980017
-5.45961098677917,30.8321891635192,100,0.0206037236080781
3.05979756910707,25.8123159324866,100,0.0426231412927384
2.37075353143026,30.6875216422643,100,0.0425362417859723
-2.45869393047987,24.9471991736524,100,0.0409202387811354
0.423527967020885,28.3254747281072,82,0.125064192952667
0.668577481284849,27.5989610238283,87,0.116052579866822
4.42458929795077,8.65837279401381,42,0.00254176154577882
5.58099464045833,20.449899365747,86,0.0104628330123884
1.20525722994735,8.66114658973122,43,0.00266455584759921
0.470613191006658,6.42998155095887,25,0.00216019517632188
-1.69777308591023,32.476603370324,100,0.0293383742074146
-2.63607682812868,32.3817174993298,100,0.0268206844736554
5.15314140838153,18.4524720889974,73,0.00811156976458708
1.79905317442534,30.5569753808058,100,0.0490085462400825
-6.94127186289416,21.9303185600347,100,0.0107229367625833
-0.258677574101032,27.4144957831516,89,0.116720290204467
2.30632352118661,18.2764308361345,72,0.00949770317948801
4.72390655891388,20.8434608724006,66,0.0126477482234452
-3.02581144620501,29.1035026331555,100,0.0485442504167886
-0.0480079307398951,28.7751253430155,91,0.107083590955495
5.27297526398559,18.574236600307,77,0.00815304096023843
-0.316538095805301,29.0861280298093,100,0.0869447468314141
2.5375634697205,23.9471062302722,100,0.031584960154227
-0.42810397863609,6.11523476522096,33,0.00209523763453637
-3.66009971092961,24.3683224140117,100,0.0281707808876706
0.437396045198139,28.6684065040044,98,0.0995635144212303
5.07414860848555,21.1743286762725,83,0.0125529246323382
-1.0442668659222,6.37695964202053,25,0.00214562064000697
-2.54424998253352,27.5037050864635,100,0.0605985825387619
-0.580756967789543,8.78907914615679,44,0.00270719931319652
0.790225082927606,28.1871110180601,88,0.11196139111668
-0.578693952792233,7.97313989323353,43,0.00249331639216507
-1.12581964294923,6.13282542165308,32,0.00209427467225285
0.593557099682095,28.7674494675892,100,0.0902972587072
-0.713896650587942,28.3928984529791,100,0.0981035249664384
-0.252169640140306,27.3139644269222,93,0.110325404985695
2.22594067146839,18.742344414305,59,0.0105362985197535
1.65576196444449,30.9792971347474,100,0.0447130118004293
-3.52686385984086,30.7840763894529,100,0.0323805192419866
5.92361652928275,19.4991870457305,73,0.00883282272639053
5.59411262238433,20.7542420104808,73,0.0111105609943836
-0.505312932682968,6.92502341992587,39,0.00225539493049389
3.05958532205647,6.42400948408543,25,0.0021172233181743
-1.06139682267824,7.31858798327964,30,0.00234176714070044
5.92692013402659,20.564649382704,59,0.0105075620018269
2.23501816007169,18.9981266271622,67,0.0109708055220004
5.44635605121673,20.5469517513961,91,0.0107339274859492
-5.31786837834611,31.5699868212537,100,0.019254630704055
-1.46639479957106,29.1809976264118,100,0.0725000964630311
5.05280479226589,23.499168762561,100,0.0183622810960348
-0.800653185193407,8.25654321902729,40,0.00256485219088946
-2.25983872229866,22.2423577413658,100,0.0214685975329889
0.0358029293511263,28.2112093805544,98,0.107241327057461
1.87841000566056,23.8554930820032,100,0.0339265980969705
-2.3997992448236,27.1039355454531,100,0.0616008583628687
-0.765616419489217,28.1020709316425,98,0.101572648479239
-2.37433177765582,28.5738426626561,100,0.062319817864553
-5.3499491068176,29.3694637363803,100,0.0245111814266321
0.533761381236369,28.1575107365988,91,0.112692816461232
5.72708171422018,20.6021330023441,84,0.0105490753879097
-3.29418961796961,26.3880092787598,100,0.0436241523641892
-1.12395148212855,6.31876414680039,29,0.00213154919789525
0.395531272811731,27.6585600357232,83,0.126605958020117
-0.106096979533174,26.8733547031489,88,0.108835653288431
5.67847934329406,18.5319906300034,78,0.00781366336171459
5.92240264280806,20.6103558524881,87,0.0102826587228968
0.468736324985588,27.9473441791444,88,0.118650304343612
0.0863374270964294,28.1239590593152,95,0.111389861961935
-0.440323336079535,23.8745810891766,100,0.0384788538086625
-1.04974516146572,7.47562068698627,30,0.00237769003879755
-1.53832875041132,25.196875245008,100,0.0516361633782119
5.3243266529136,21.0185156558868,62,0.0121547632886174
0.783144740598917,27.5576584586945,94,0.105191463139638
-0.629457078086348,33.4664036567439,100,0.0239721213544391
-0.344840423647372,27.3374662275248,97,0.105326914611684
-1.23075717563172,7.66065826852981,37,0.00241441447459989
5.52396185167186,20.0040843462358,80,0.00988630914001926
2.10593432182726,31.7632814034597,100,0.0338273026276988
1.47505798707526,27.1754844676043,100,0.0797000034601678
5.61302946562801,20.1586123214556,79,0.0100363811193231
-4.81335681373553,24.5109183300017,100,0.0225764055442378
7.2873569531588,25.9834456394004,100,0.015030210626996
-0.971273274801909,7.33186697417236,32,0.00234466943396379
0.14825653393191,27.6106728652606,90,0.117844458504959
2.74682929186135,8.86256267419062,45,0.00267454301667353
10.8263945768178,8.12146362688621,54,0.00194867037248662
5.497308459249,20.554606280307,73,0.0108922691309437
2.93042166254983,29.3407597048226,100,0.0483620680900959
-1.22029697906178,28.8134051963569,100,0.081322291643398
-1.14491861441088,7.14383816591748,24,0.00230509073808662
0.479059584029651,28.6607286504462,96,0.101320336005194
-3.3152359204873,29.2352583628817,100,0.0438986817398839
0.306692859624395,28.3630285247925,91,0.113034500003275
0.349494500472967,31.9156173525134,100,0.0377912431530109
-0.753198859793392,6.29081677248453,28,0.00212969282504126
2.50313137194458,5.87774352192033,20,0.00203070178395827
1.24764675703329,21.0541145430613,87,0.0173929614669686
0.221146061851732,28.8200984768653,99,0.0973773997986589
5.10412906516434,31.4477814184495,100,0.0204849008389418
-0.631843698925631,28.5280443679761,91,0.107010696850574
0.459833434428952,25.6954823050102,100,0.0675541717183408
0.0916337847558342,28.7268665051639,90,0.109185642444069
2.49550939963428,25.1920518371176,100,0.0430050002472986
0.183412517402208,26.9236489478045,92,0.105111474523127
-0.156996820827774,28.8396910504758,91,0.105451608130694
-0.768444377765129,6.21633079760295,25,0.00211643160074703
0.569533151636022,27.8269810671471,93,0.110784403048118
5.35178248335941,20.1630630127354,84,0.0102875959827985
-7.46442595941905,21.3068517021195,100,0.00920991753013287
-0.893255820276073,28.2643548873866,99,0.0974524849191616
-0.523775881437829,8.41843792684907,44,0.0026068976044243
-0.941837685551028,27.6590739451707,100,0.0968154716865158
3.64416389138895,18.7216606033536,56,0.00967934606142879
0.153955855782149,27.4214094352224,90,0.116034189053846
-0.171098064291782,27.3871170915771,95,0.109229176650537
-4.95296813397801,30.9227550673535,100,0.0228280305620891
-0.0020736903568247,26.9359946165227,89,0.109205171800721
-1.16626699369947,8.41792406104639,39,0.00260278699662399
-0.593606028344845,8.00113108612127,23,0.00251270722709351
5.7731841525127,20.1329264806964,71,0.00989536448123301
-0.698754780665555,27.1169698191504,100,0.091381032137749
2.35268039206855,23.2520257971408,100,0.0272621286282679
-3.93450550677748,28.3116543772782,100,0.0390866077111534
-1.40436715840295,29.4249521975706,100,0.0698399314013004
-3.10255499118549,19.0922420337688,36,0.0109863430681795
-1.05372258815762,6.85116049650827,45,0.00223246878858234
0.588158162705519,28.1060907231559,89,0.114851651005978
-0.444915470719072,7.4311623757382,34,0.00237030380128026
0.76324579297303,31.5621501024318,100,0.0413559608462723
1.61040809780527,32.9113023583524,100,0.0263174606985418
-0.0774532011207444,8.86489585986309,44,0.00273098740236657
0.729936456496061,6.02738009188343,32,0.00207748581453214
-1.06555812902167,8.56068621592058,37,0.00264377071849919
-0.740175053650298,7.58028159421396,40,0.00239942820134444
2.65789635769004,25.3550098905759,100,0.0430170782353529
5.81124643034501,19.0156229230998,76,0.00829762233694352
5.7255241206484,18.5021500367283,77,0.00775343385609151
-0.238963416653677,8.41160197215289,42,0.00260792671334819
3.93201913827196,6.173865018065,17,0.00204748601583641
3.1415842336329,6.35883570170406,46,0.00209325992207332
-0.471790207107954,21.0687496052673,93,0.0176798849178014
5.59764803995747,20.3218293300744,73,0.0103758858822699
0.508886605651428,27.0360597018303,87,0.110608688326941
7.83928101549071,27.5756948884754,100,0.0139983755445686
-4.85612934869606,27.2876538377257,100,0.029575308794837
0.904457092711635,28.0241820616549,89,0.109342267517639
-2.31075447508585,24.5465900321151,100,0.0381279736324865
1.54347902352867,18.6406902629173,80,0.0103840233284922
-1.09249572386081,6.64042873163485,22,0.00219965281755422
3.61268142748729,31.3744397878768,100,0.0283325691082396
2.11912971960828,18.5834864404924,50,0.0103660948978337
-0.419655125738881,24.1273745181255,100,0.0416340009992744
3.40509920755116,25.7187540287163,100,0.0383348439025017
0.408544084692224,27.2098356843651,87,0.115045271757582
3.52418879434052,31.5711962900394,100,0.027712565643068
0.832538972881114,27.4659230205271,89,0.109284920000545
3.02045842370352,31.3229054532215,100,0.0322504428368405
2.94013793043785,24.5237516961647,100,0.0336879428198783
-0.554469031541743,28.1292212496859,99,0.103303094436589
-0.767681578949699,29.8623409657767,100,0.0689904629685616
-1.21234381923191,6.68286840493489,30,0.00220315746204418
5.40993187330917,19.189702916653,66,0.00893145463762716
-1.18414309229941,7.87408841790392,42,0.00246311938294566
-2.81183371226536,26.2638345091892,100,0.0491180858089091
4.59525872650788,18.8013096837926,81,0.00891268272204083
0.622138705675141,27.9052082887138,88,0.116414568846435
0.777220453299615,27.4306273128058,93,0.105368578974779
0.37570812499079,27.7660358946024,94,0.111716620041881
5.54931511441831,19.0803171577784,73,0.00861323254776866
-1.90039547827551,27.1194660224521,100,0.0711099717579547
0.650145599629261,28.5243667085646,91,0.106798447889726
3.00686743098886,23.9152919568042,100,0.0289748208003527
-3.17174159635167,28.5249560041906,100,0.0490160774395338
5.5688974018135,19.4885082090782,73,0.00914777625124288
0.0316959776102691,28.2456676170265,95,0.11049977126341
-3.28770233603859,23.9057667180113,100,0.027505986555152
-6.33715945219281,28.3918485353148,100,0.0198640741762161
-2.74711361764828,31.5455692885316,100,0.0322352432233067
0.391062199289105,27.2707882762798,92,0.10985923011496
5.47939775162816,19.4620080470393,71,0.00921049261162674
-0.466227142862725,27.1082359055263,98,0.10014644888612
0.692704779811174,27.1757654423737,94,0.102556639951352
1.67311322120038,18.2746940632505,53,0.00991059753770152
2.49421935223479,18.5007148181555,94,0.00960232153854945
-0.191346303780636,27.6894248901048,97,0.109085366969592
0.314574410157771,28.4593268568874,90,0.112896506369212
0.0520784002287236,29.8889919678592,100,0.0713495395596443
1.83874004492619,24.9058368041399,100,0.0454207938156154
0.706629445286903,27.8515122534329,85,0.119041670939256
5.11026066325244,23.0819992343864,100,0.0169903712406887
-1.0815896348006,8.64402547656207,42,0.00266260525529465
0.82766449336206,27.3361737453785,93,0.103501254608331
-2.13911226489591,25.9011464986504,100,0.0545888739749735
-6.11420044583468,23.6728142001408,100,0.0154255947247509
0.241452256981003,28.1973880907428,95,0.110225661235674
-2.47805470086955,28.6194222834516,100,0.0601807761652118
0.115417362615574,28.4466281902732,96,0.10687179819972
-0.120731810351827,27.3203006729248,90,0.114834466376858
1.63416914216358,31.1590889439162,100,0.0426487529751523
0.316386840238402,27.7698875001594,93,0.113514527243349
0.443028504088128,27.6713897022274,87,0.120000252761161
5.88966290900407,19.5013702677028,73,0.00886709709485535
1.38121530215067,28.4951689783623,100,0.0818958761802427
2.61405422288944,26.0074852518545,100,0.0495769341883939
0.582129162657835,27.6167747624999,92,0.111115610792393
-0.791627778325029,27.6321279445349,100,0.0992047260100624
0.748091067855643,8.37365020959953,40,0.00259587453234618
5.52591657662506,18.673852327392,62,0.00819371459957574
0.0658169428810389,27.1391174665889,93,0.108380092960731
1.24573885680859,38.0842250596516,88,0.0086383852718942
0.53250563472839,28.2061009171599,95,0.107486496516208
1.95584033042002,18.6221431784129,56,0.0104507248057512
4.37399293154571,8.20486017261387,53,0.00242891822231587
5.04927894142701,30.8264122216506,100,0.0226303278559011
-0.545092958760181,8.81517676497653,38,0.00271923499357064
-0.733975722611152,7.26831158541585,31,0.00233313289815204
0.692704779811174,27.1757654423737,94,0.102556639951352
-1.18000475949025,6.82141486051196,30,0.00223230492521456
0.41970224676302,27.8639356019747,89,0.117964073182622
2.24876146211546,31.470491511331,100,0.0357338688916627
-0.918655875872611,23.6053542293089,100,0.0346530890584667
-0.161246152184583,6.58738633763442,30,0.0021905628953418
3.75923534518612,18.3025358517244,78,0.00875644518129743
4.18042907100837,18.3838585440835,75,0.00864321670320258
-0.988445672297576,7.76836852850571,32,0.00244617594450729
0.0713132489520629,28.5953463108315,90,0.111794249966953
5.22310264283252,18.3763298240404,55,0.00808765453016264
-0.505666592775735,27.4925658660465,98,0.104246847775177
5.90744709664953,18.9479169908314,72,0.00816685321117246
0.76324579297303,31.5621501024318,100,0.0413559608462723
1.69459191938102,28.728659642881,100,0.0739367927914596
-0.71550130956928,8.76695205873895,42,0.00270120891861714
7.31619762450768,8.8429518344673,51,0.00237404013082027
5.88181926115179,18.9488867834171,71,0.00819492366265712
1.5239044529108,29.3536432085302,100,0.069201447509143
0.44951382384722,27.5709402794809,90,0.115110111288887
2.94362511412555,29.8914228430514,100,0.044076963222856
0.359763310583185,31.0322958577864,100,0.0497857921658849
-0.836948165636906,5.91046888736852,32,0.00205491704795168
-0.94893746716062,27.8884488086707,96,0.100987426102552
-0.467861717382019,27.4534871149958,99,0.103240155710424
-0.909239007720931,7.2699682315552,30,0.00233248112436772
0.593557099682095,28.7674494675892,100,0.0902972587072
-0.0339654529990775,28.3368851677939,91,0.114568587236384
0.0694230242856589,28.7541642715185,92,0.106347444131385
5.78572405579725,19.924346107789,77,0.00951748083620599
0.266202113064008,28.2356808732972,92,0.113480679633761
2.41570640843259,18.5757907634901,50,0.0102086519620864
5.77057115302274,18.7754243469696,73,0.0080611057327777
-0.054480771190345,28.5491060282725,98,0.103336383982867
-0.954131897533345,6.70865011503401,34,0.00220924537469115
0.0510140089997481,6.32023289730351,31,0.00213666810043322
4.68996099527217,8.45166500292694,50,0.00247140478973429
5.69804470202251,18.4304581569487,66,0.00775745361845344
0.52101999683736,27.736725220874,95,0.108838032300446
0.379731956378612,27.8955645143992,90,0.117008675702478
-5.73027997535464,20.3714163890132,100,0.0100165771564028
0.168148034719964,28.6993238392191,91,0.108322816898961
5.56565431049764,18.5710252712596,79,0.0079311249183079
0.417556530237471,27.6764901539574,93,0.112239940690128
4.37726760503418,32.1249475812862,100,0.0211681830331134
-0.500264835773049,33.3483587538708,100,0.0248386828935209
2.86890637068936,29.1789100244693,100,0.0503324730760864
-3.00749503253447,27.5872380369312,100,0.0525731919292608
-0.439547797932019,27.0290367242219,96,0.101145395754971
1.26889951027324,21.171402381073,90,0.0177730456973355
0.136025544850373,27.9019255413198,90,0.118748505595851
0.685820001699066,33.1105081034586,100,0.0263669905428761
0.932347916478544,27.6623958013243,84,0.114813067553954
-0.735490548549777,27.4260708254022,96,0.102761036280371
-1.22825977059726,7.73248501591766,41,0.00242909337659284
-0.755372456153494,5.87645749386119,27,0.00205127337116718
0.784487543148751,18.2506296834712,50,0.0101132512380782
-0.696155383926526,6.16284844670813,34,0.00210258228027509
0.54332943846535,27.5168332424467,97,0.105099203449799
4.12686791118274,20.812838450003,99,0.0129012376217593
-8.13593256490193,24.3125125862706,100,0.0112755035868232
3.63077529023281,18.1792649955266,47,0.00888698612093821
5.41701958971918,21.1129297878597,78,0.0119639070876543
5.19594859779695,20.5191123487523,66,0.0113114932084968
-3.0758253662036,26.5321421877258,100,0.0473301278332597
-2.22256160544894,25.291231093837,100,0.0466293853960998
5.78873119438874,20.4587264302322,72,0.0103726312602204
-0.797508751057887,8.79219923728903,42,0.00270734782335393
-1.19742643420127,7.63332375116542,38,0.00240787903727586
5.10847442438778,28.6438255011824,100,0.0273149728705056
4.57813960726054,18.4646764776154,72,0.00852110376649526
0.168691717947887,29.3253975761439,100,0.0828278986936518
-0.772965375407537,8.19176761385561,46,0.00254461697973294
-0.495267308790206,27.2478839858665,94,0.106129058130967
-6.79061267517477,30.2599787974601,100,0.0161897729774871
0.316386840238402,27.7698875001594,93,0.113514527243349
5.09811787910423,20.5165905964026,78,0.0112821461315989
-0.7578586609164,8.28896826394283,32,0.00257898792276616
1.60360349061767,27.0051465474752,100,0.075726408074109
0.67083066698533,27.9126330942402,90,0.112947697524576
-2.21147823149922,28.3821602183716,100,0.0663878454111719
3.40056875205554,5.85803772367823,29,0.00200197959106704
2.46529643593184,25.5553897645737,100,0.0469580300191363
0.323997036223231,27.841591208714,97,0.108620562450665
4.91421788204667,31.1900902477573,100,0.0221573211621092
0.320661945974423,24.4419252968102,100,0.0460924904183141
5.82923255461603,19.2931878869355,66,0.00870379616423561
-0.515068321456575,29.2371405108196,100,0.0829228014548455
-1.0780621228146,6.13027438477623,22,0.00209864513495416
2.44285602786686,8.69241003167158,43,0.00264122340718305
0.605412984724919,28.5973132206744,97,0.0999067379351838
1.309033168579,25.3652200663237,100,0.0560391668031137
0.638685098300322,25.0775516721063,100,0.0553776832137136
2.1306036184267,30.4071366344943,100,0.0477963880385754
-1.14795951159681,6.69340607809148,31,0.00220557831842087
0.374999631367529,28.2960344257455,91,0.113241631560273
-0.907887700789239,25.3874178577007,100,0.0593646730353092
3.03798022129554,18.4594072509015,84,0.00935237574577685
0.177237848545115,27.7980815000182,95,0.111901862948451
-0.354779848668719,6.0182894473861,31,0.00207796019455298
1.61249729400735,27.0989343268837,100,0.0764394445818708
1.61685129560591,8.48282689814727,44,0.00260798398048939
-1.52320831612075,22.9501482566404,100,0.0275179290124796
0.3699007335867,27.8766303330305,87,0.121387750223177
-0.108488222238998,31.1009254714215,100,0.048999529732284
-0.932216117559767,28.1570692887141,100,0.0965479813094631
5.94208517845131,20.2349208482941,59,0.00997306719574596
0.691872054650764,27.5315185605758,90,0.111254501220296
4.35285062897429,8.8458513547225,50,0.00258776969112825
1.64405998706682,30.5540111232725,100,0.0503652173137359
5.79044584860739,18.5061344969122,74,0.00773107111995754
-4.75695669030296,25.1366477839761,100,0.0250293991666644
0.908805376447698,28.1204817815898,91,0.106449388275523
-0.00453004132958401,26.0862141416489,100,0.0766182408699042
5.49752572626888,20.5996473992703,74,0.010958369147863
-0.250828689078156,8.33700799278941,42,0.00258826377497082
-0.879177749913718,26.9627353649397,100,0.0870984811060323
5.62276618840195,20.1604365839071,75,0.0100685864520777
-2.53794949105521,31.58818423488,100,0.0330771698761729
-0.109521224446288,28.1414419824813,99,0.106479144948923
5.46583456400139,20.4652500270271,87,0.0106183091966046
-0.0652663742392544,27.4365240443094,94,0.111288681603213
-7.05860932523601,26.7629674017912,100,0.0164119641999625
0.932863807146445,28.2169543162148,93,0.103116483553277
2.38905207909267,18.8340437531562,58,0.0106497672935666
0.560253682995245,28.209129166062,94,0.108272987239108
-0.744451587485399,28.2211721978558,97,0.1021997222269
-1.09599834219904,24.4647313528522,100,0.0441726266284691
4.54929058110034,8.58966258182443,47,0.00251451770947025
-0.05791813270712,27.376850904654,91,0.11442978862523
0.0805263112810877,28.6380586143026,91,0.109758180121875
0.582129162657835,27.6167747624999,92,0.111115610792393
-1.03782240889776,6.03564753138785,21,0.00208144972188942
5.48470742276432,20.2340123833627,84,0.0102503597132541
-0.783207572437436,7.27070675003189,38,0.00232945859526418
4.34941467573669,18.2670470371985,75,0.00837753423430545
1.083435520059,25.0746073289248,100,0.0530781885177175
-4.30198892230946,26.6545684416964,100,0.0334849591427979
3.39618233851293,25.2392828034956,100,0.035323591933158
-0.713896650587942,28.3928984529791,100,0.0981035249664384
0.0731213105747873,27.4933230391478,84,0.125917521708403
-1.48204766223594,30.9778121008458,100,0.0458494480618091
14.069310045708,8.48580724523665,68,0.00172101128309059
2.26985186515441,18.545685694368,44,0.0102846058475483
-0.965031634278165,8.0725950600252,36,0.0025187483870654
-0.627521467092808,28.1508617270829,99,0.102263433455539
-1.41441047393137,26.0804265266355,100,0.0663445043481317
5.87315515171874,20.77302462557,66,0.0108415552931977
5.33734547709231,8.66112869484691,52,0.00247995964452744
0.527961618534379,27.3211965057884,92,0.109034775628102
-7.41073876384465,18.9890487919755,39,0.00722356758065919
2.35733755597734,30.5320604813586,100,0.0442647393348431
-1.01520866024705,6.08106423133968,36,0.00208373479793968
5.3873418366786,18.697311554843,78,0.00821679461235407
3.24311250122443,24.533044952335,100,0.0317504337292237
-5.4796948841549,27.5308455761354,100,0.0249767630582948
-0.757667691999728,7.03802629726318,36,0.00227956018912881
5.30411312203528,18.1598350023777,75,0.00765393248556654
-0.294938763150295,7.81602808100576,38,0.00245942961970706
-0.37170734763194,7.27917084840274,38,0.00233393709469187
-2.37750148063368,36.1267881108188,100,0.011922806649714
1.7300362025403,8.82824766900486,44,0.00269870088758294
-0.669282272450865,29.9038004690714,100,0.0688657362174468
2.24463571328861,8.30552557234497,45,0.00254540240396161
0.853515215641435,27.8444053157846,90,0.109531766639433
1.90398780239019,8.71107892884031,44,0.00266201930518797
0.905272422284037,28.0328039319855,93,0.104712548488451
5.32520413508324,18.2332799598118,71,0.00774855433248243
5.23987548328592,19.4944389190343,79,0.00941082721627949
5.6309516929362,20.9213747954561,83,0.0112270885381423
0.553428567550254,27.5050072399648,98,0.103797084854852
0.259310223492756,27.0498903743282,97,0.101765394264076
0.0381383737574655,28.7221878175738,90,0.109365001842661
0.246437780355531,28.3889985501457,92,0.111853505898352
5.16087195868666,8.85832594505948,45,0.002543583147849
0.0375763892730901,18.7882771107913,65,0.0111456638321239
5.60630564611071,19.7512801386492,78,0.00944259928916265
0.827378635017068,27.7413707305293,91,0.108696561555221
-1.1573724810294,26.8990116218555,100,0.0821936745486834
-0.51567591388528,27.1221643787436,99,0.0988811777419758
0.685546694906983,28.2324091246593,93,0.107425879000454
-0.363414673048151,6.45789113676087,46,0.00215639825546329
4.38905877156171,18.4022834929408,79,0.00850798707426798
5.34330476388748,8.70652426008435,49,0.00249218153812941
0.408883667054375,30.0653184185456,100,0.0669964400026536
2.07352559066503,28.3808739105172,100,0.0691059587354152
0.871697376652733,27.5345120899897,90,0.107902746760353
-0.355077475134364,6.78619985422513,44,0.00222427736366045
-2.34519434378091,31.3640054600841,100,0.0361397903232979
0.404392605963989,27.3460572019538,98,0.103842781842777
0.396475800716085,28.1664918384827,88,0.118323950681868
0.531090297335862,28.6497021506862,90,0.107472150019356
1.85904725221844,18.3826829054431,47,0.0101112213239545
5.20973738560926,20.0500396639431,76,0.0103458463251662
-5.47612960316813,31.4535343637823,100,0.0189416882153966
0.767773245714586,31.3580363374279,100,0.0440177848572514
-0.0828721533016571,28.5596963870927,92,0.109941878699692
1.09514633826678,24.7272049430334,100,0.0477954477473439
1.46246031725912,18.8093205569828,81,0.0107437975069219
0.349343103471695,27.4204874891501,89,0.116045633977678
-1.02695803549983,6.20246333890634,23,0.00211256567241676
5.2782432200193,19.3026922139802,73,0.00914833409110627
0.590689453134621,27.983784793258,96,0.106781337909999
-0.696526864151315,8.53059952469951,42,0.00263671605518386
-7.00305092722927,23.8070891148578,100,0.0132661487277548
2.21021767949312,6.08573171283082,35,0.00206842927210333
0.055977294497677,27.7240750689712,82,0.131182869825114
1.2370335915501,29.5888412664532,100,0.0693679811892704
4.99760982919115,18.172176568135,53,0.00799648333860892
-0.509721696790927,27.192421191143,95,0.104078534550038
4.2834776213347,23.9627687610386,100,0.0230164294578306
-0.638890254118439,8.43840705582832,44,0.00261126975854814
0.000900382233295111,27.0437580836773,95,0.104501173185786
0.2252989840822,27.3476441629223,88,0.117432420552719
-0.465161949036834,7.82335578472332,43,0.0024574008971957
0.100879294559688,29.8121107369607,100,0.0729017607656728
0.586821055583282,23.0919474738332,100,0.0303108654841066
-1.17834670019966,8.46822379272683,42,0.00261384323651186
-0.969262932423808,5.96058800080527,26,0.00206577919030061
1.05354529588958,29.729180213569,100,0.0689646888196416
-1.19730044105315,30.2716547717931,100,0.0583272395167419
0.0744730846962037,28.595326078117,89,0.11305266709284
7.64446079995447,25.3254766088806,100,0.0133745527442678
-0.617663212218723,6.63786286664619,39,0.00219484005733895
-4.67720709989424,29.9708901106453,100,0.0276030293317641
-0.733725766674698,7.73920764061234,38,0.00243821936705906
0.0798559793621493,27.2131009040363,88,0.115909026601531
5.12402443064276,18.7248021787714,66,0.00853016366664753
-0.877946221127027,7.01273963095553,29,0.00227670332631875
4.47121897763414,23.9477153041957,100,0.0221197627477266
-0.0707958984758393,33.52966377119,100,0.0237885173058288
5.7955502195529,24.9247556593732,100,0.0191893211385429
9.06997794385961,27.9255092854767,100,0.0108495606337641
4.64783249258049,18.9500172265739,75,0.00913966817349122
6.71567546657262,26.7035067113059,100,0.0177488641621041
3.66843230300463,18.652707426891,63,0.00948268271385102
0.580644147481133,28.1943047370921,92,0.11050844018802
5.77061823591237,20.5347205357503,79,0.0104407172794157
-0.455635670906542,27.5427039667271,94,0.109768684411158
5.70487738231172,5.83360333223552,49,0.00190998903084948
0.0457369505943377,27.8309748628871,88,0.121891647341209
-0.181203810730291,27.9596171821072,97,0.109367145937248
2.5629484230338,29.0222421051552,100,0.0561241544902813
0.0916337847558342,28.7268665051639,90,0.109185642444069
-0.199505091017947,6.59172605203245,24,0.00219426800156792
-1.02499010928488,7.94918317294067,36,0.00248730576828721
5.12883704995707,19.8466109211311,77,0.0100867276239321
-1.10587634874287,7.82232931026872,32,0.00245771661909502
0.529952689975088,27.1522722032416,84,0.116489303481957
-2.52798781388922,29.7063719742292,100,0.0507710857588106
5.36209150474768,18.5013278265669,56,0.00813928585379815
-1.56572013583365,26.2938768617798,100,0.0675260780174916
5.47425198531841,20.6194679092465,80,0.0109515067261182
0.455160355325008,27.5553051848167,96,0.107506484792901
-0.399320141338309,27.6145619989149,95,0.109633440910075
-2.52153648857423,32.6603337232915,100,0.0254514530777291
3.49150670869417,8.83490493563256,44,0.00263509552619085
-7.55390109753985,28.7250008790159,100,0.0147691918022265
4.17279736831766,6.22423005495255,33,0.00204176114653502
5.28441232717763,19.3572899300867,79,0.00917068502197806
-1.09317961069785,8.64569952864958,22,0.00267714053810451
-5.9556726329311,23.2514974593171,100,0.015010344296783
-0.879248078175366,30.3742524318892,100,0.0588604730707545
-1.874457136198,35.185528247869,100,0.0149120524370444
0.214412219342378,28.1091374710284,99,0.106287683234528
-0.150547566097795,26.9164900606043,93,0.103991084184436
-0.888038039128761,8.10599556806039,29,0.002532548782047
-0.969607417894778,27.6660213538985,95,0.101222287375292
1.55937101602909,23.417940449409,100,0.0311764322233758
2.68440890755193,21.231028509526,99,0.0161376999345775
-3.02265460097252,30.9569149622125,100,0.0349397823361129
0.131969168794083,27.620971876747,93,0.113945277124401
-0.0571738990608057,28.5440213241388,92,0.110247931261576
0.055977294497677,27.7240750689712,82,0.131182869825114
2.2545976203106,26.5214767850924,100,0.0595977229877276
-1.39532112878827,29.7185135665982,100,0.0653705776936696
0.276816050342328,28.1448723866375,90,0.116848681784492
5.78217826368215,19.7088025657369,63,0.00933735129461156
-0.322550592864871,23.6519625681349,100,0.0360711066719262
0.0940685272410939,27.5418213680059,84,0.12639229900571
4.08811215436032,27.5319874982958,100,0.0374222570337036
1.343923350042,6.07429728293785,39,0.00207780197294544
3.88244245514547,18.2249746376086,81,0.00855198713329788
0.583821443900552,27.4130674044136,89,0.113087601527079
-1.00267506043556,6.47873216361309,25,0.00216629419967397
0.223608662316836,25.5669186399801,100,0.065725080945191
3.40506331226922,18.6349064538023,76,0.009503841626792
0.0502183656908823,6.66485496601067,27,0.00220804129494445
4.38140252229802,18.3052692398291,60,0.0085168585642789
4.86320802453782,18.4371697028616,77,0.00826003834353953
5.65155579593519,19.2305533323681,62,0.00880826297790334
2.35980564561358,25.7292474763557,100,0.0499623865162473
0.470644049650267,25.2405884665263,100,0.0588571193417316
4.04359999751326,8.6098414067733,44,0.00254927827934816
5.0566914816827,19.6986333268307,65,0.0100402405614533
0.522117739358368,28.0625404119306,88,0.117451805598106
-1.52297231625888,26.7912871483568,100,0.074820983104023
5.34601147161339,21.1465868187883,66,0.0123202249654795
2.66230982389346,18.5164711096368,57,0.00989966492194373
5.28171903668661,27.6289796124989,100,0.0264190330387165
0.70904886855553,28.0098024728103,96,0.104977813097352
-0.494587868292306,8.8830588247558,36,0.00274035055037864
0.833910869436717,28.3837034783285,96,0.100307141908523
0.501890580039153,27.3854932114121,92,0.110141557917665
0.921408086715063,27.7372487269759,89,0.109106394506966
0.447060833785103,28.463397044668,84,0.119567715784098
0.22765717811878,8.55341308418743,49,0.00264099727035398
-1.21858891512693,6.4146840598319,37,0.00214573608290407
7.73264933823805,8.79722101350844,65,0.00232217091481447
-1.78672219169103,27.0938034013771,100,0.0730869743216354
5.64807956692312,20.0429094369309,66,0.00994747442394981
1.05694913107125,5.95406225781179,27,0.00206337707138743
5.89496205633166,20.8077120100907,79,0.0107176799750423
0.421535281992964,27.9880603342773,90,0.11634973915154
2.03270726399863,18.1567311645916,50,0.00959597967750033
-1.16871001662618,8.33679007204288,33,0.00258551017422685
5.95191373879757,19.7670311926864,75,0.00914558098266614
5.23046297482909,8.67684157183027,61,0.00248509117239964
0.227599652989693,28.5754424723373,87,0.115434880631189
-1.91822594860985,24.1713215906501,100,0.0367700357045382
-1.56445250799909,29.0986240407152,100,0.0720479708664016
2.23918476518062,6.50186083393512,36,0.00214713064332199
0.72583094665065,28.516247771429,91,0.105743217630271
5.61926747832454,19.2447333815643,64,0.00884006968620284
0.271427311256695,32.7354340878903,100,0.0296450168078344
3.57588127794624,26.4921674294224,100,0.0407128411294496
-0.112989047843667,24.0663311234707,100,0.0411267618815803
0.139750866150455,27.1387585699678,89,0.113090143479938
-2.52578168722446,31.3821347689186,100,0.034870782686062
-0.671409424734443,6.28020682372261,29,0.00212769307205856
-2.16483181699551,34.6815786403755,100,0.0163653870315249
-0.714458406698607,28.040131283669,98,0.102633004322779
1.65576196444449,30.9792971347474,100,0.0447130118004293
11.2059888506157,8.37796331309078,53,0.00195551939867344
4.43003053326954,26.218866632478,100,0.0310332069892694
0.720149561049597,28.5051980733546,99,0.0977106124705394
2.42621631519413,6.2109074307335,41,0.00208496550380491
-0.528695578076384,6.31585153286913,32,0.00213408862796012
-1.20328692555418,8.20835923160154,40,0.00254722260838046
3.10268064857,29.637780358384,100,0.0440844451394852
0.0371390925699387,28.3817543755335,93,0.1114414862956
3.56392871766709,26.0895804083974,100,0.0388480004859249
-3.48662610749094,27.6682979799643,100,0.0452595455259208
-2.09374186951712,27.2872694099268,100,0.0684266344403477
4.05766390638336,18.6860823308322,69,0.00922091759122146
0.000900382233295111,27.0437580836773,95,0.104501173185786
0.777220453299615,27.4306273128058,93,0.105368578974779
-0.436462823795677,20.7788484593204,87,0.016680091457032
-0.27421936158575,27.3902002534655,93,0.111134934671662
-5.11878413935946,29.1958127181215,100,0.0263963353022503
0.169450805800711,5.85009392124784,31,0.00204699877016035
7.70632091592152,8.71988521449086,64,0.00230904390099461
-0.829468899413383,27.3925844930039,97,0.0999135481665349
0.643751816276398,28.2432352162867,92,0.109154337842471
-1.02431907987993,8.16068776192741,45,0.00253445707851851
-0.174089677287624,27.2393201573213,93,0.109672136750781
0.162134741469622,27.2413253170425,90,0.113487068434235
1.19966892381196,25.1486304735034,100,0.0534804174338597
2.03133092328827,30.8999760300639,100,0.0429899552424333
0.82648629960853,27.9291038432501,93,0.106511181015551
0.622489740509417,27.6997638613166,90,0.113448572078152
0.988000763168142,27.7378448180083,90,0.106469390728302
-7.31196970857594,21.228785978113,100,0.0092288986515699
-0.522615112511723,5.90380904214087,21,0.00206014505070788
-0.368875994618746,6.4026665102403,21,0.00215699812824252
1.73062936378447,28.3880983342335,100,0.0759090363186918
-1.1486084187661,6.46677214316276,21,0.0021642989701502
0.521377330445279,8.6992133580984,42,0.00268416068901285
0.316386840238402,27.7698875001594,93,0.113514527243349
3.01290931358187,21.1527361233397,91,0.0156048624403127
-0.89745627630513,27.5467735941837,98,0.0989578332908986
5.44145418382645,20.5698933085346,66,0.011077374553702
0.865981199304262,24.3038919306426,100,0.042908108101963
0.455465090375096,27.8865223423191,96,0.108588387386052
0.309839295769637,27.3501968573094,94,0.109192225804955
5.87950455017107,19.4542617444548,72,0.00882248219650998
-0.350445437753731,28.2938172630373,99,0.104048108584143
5.95649093695326,18.9591962413501,62,0.00820835484818561
1.58364174666628,31.992734279848,100,0.0339233724862469
-0.0170465918026118,28.5936165343751,90,0.111885956326983
2.72641298159716,31.9363727390902,100,0.0294628314558165
-0.34451674830977,27.0223093465376,95,0.102843739284563
0.605393886076922,28.4322524162666,90,0.10996791181599
-1.34435560248362,33.4571863930593,100,0.0232434054936286
5.66424887177076,20.7823832954508,73,0.0110625749883297
-1.9745238813628,30.960257268013,100,0.0427283251218377
-0.836767435438394,6.05960252438754,26,0.00208545184212793
4.5132582198466,18.5968601846248,55,0.00888106135566578
-3.44637409671156,27.4305253144466,100,0.045529035299994
2.89529186628847,18.2831650617821,49,0.00944080655837174
-0.439449469959506,18.302047432327,45,0.0103122341034773
-1.15652239891999,7.21777360230599,29,0.00231861974574765
0.047888656303113,26.867995309136,88,0.108816060532034
4.89587707535569,26.5832683065896,100,0.0281659887041723
-1.6912140806433,26.9109847097986,100,0.0731840362682715
3.33779940265302,23.6104581995483,100,0.0255682448401752
0.8894267930041,6.58874863587689,27,0.00218861104921159
-0.364963768978909,28.7127608023007,92,0.10571614095474
1.96144846970257,18.7366485776599,76,0.010459553962726
0.776275217080046,28.1835334649177,87,0.11353986733885
0.316386840238402,27.7698875001594,93,0.113514527243349
-1.20611501769245,7.13146868883157,29,0.00229896179056679
5.5442238787156,18.5663663243861,59,0.0080688097630179
8.55956404167941,8.53166465008512,66,0.00220070686088079
0.70342806616061,28.2195461325492,92,0.108410516390649
0.055977294497677,27.7240750689712,82,0.131182869825114
3.11295949800966,6.29475125056961,30,0.0020889701980407
-0.637074705670162,7.73613335357417,42,0.00243589568430486
5.88434015927328,19.4842967275158,92,0.00870325301700186
-0.961657937355254,6.32341768036116,30,0.00213354546553506
5.55330565751422,18.7756378373634,65,0.00827894800560388
-1.035152664864,7.74938979083004,32,0.0024410552930779
-3.74965327678644,30.6243223373611,100,0.031650029531612
-1.200039166467,25.5896922277038,100,0.0606023729946438
0.0788029589292809,8.79626109661472,41,0.00271384804560702
-5.93616267354248,32.5742155346813,100,0.0148475441565836
-1.11671402175417,6.57729989364165,31,0.00218219601387672
-1.19725021905476,6.99942186019421,22,0.00227402094663297
2.24435926806089,32.7357314516917,100,0.0258405566215773
-1.02269893035153,25.2410825592468,100,0.0561415615189287
0.0481993156755454,27.9290360469909,93,0.114837985867583
0.203056177904088,22.0858203059134,100,0.0230959387834718
0.480746758444698,27.9354768765538,93,0.111886494596319
5.18906586971346,18.8944020763999,66,0.00870841106518034
-1.10968911540594,18.4124428886554,76,0.0100997760277577
0.395491970510101,30.5119455377594,100,0.0585354104339529
11.7364593000355,8.51417980878829,52,0.00192992797878022
-0.650477723453674,6.2275282846876,27,0.00211845816263235
-3.08719702840703,28.5198817218451,100,0.0503382732028367
0.615999231510544,8.79264660909128,43,0.00270862106020466
-1.13923709950659,6.31284294364528,34,0.00212796702463059
-0.705335794216666,7.96497181747009,34,0.00249588293257415
-0.916911514975048,8.63655819543222,38,0.00266574286854792
1.31395224537554,18.5787718833936,78,0.0103528664696895
5.59831921335212,18.9951265843251,73,0.00846381217398464
5.9119862369992,19.469548708413,79,0.00875863875828492
5.93840886643352,25.4921036818564,100,0.0196933793373377
-0.670557806736105,7.47058594683397,37,0.00237626069458869
5.54427872394616,18.4525705054741,60,0.00792625360306839
1.80907895062754,18.5800978158973,50,0.0104917165204919
-0.488415143036914,8.25072485781775,44,0.00256336847362449
-1.12764486796794,29.3182941890852,100,0.0752128398226069
-1.11813327683704,6.88615029605992,46,0.00223861168447814
-0.937368212422777,8.35871497339541,41,0.00258914439600607
-0.978526456677261,8.03896537662752,30,0.00251394663988733
2.21841592473548,18.382239418132,81,0.00963634915681009
0.82107711572836,28.0188888391631,92,0.107526625924768
5.00938801721591,21.0138141736989,73,0.012471603613564
-6.4128336343801,25.2801750704961,100,0.0173348351433568
5.41304361667109,18.276260774665,72,0.00773552029393267
3.28624179161227,28.7465096183686,100,0.0465460613410528
0.383783644753572,27.7928957278561,93,0.112956567322004
-1.66210596751243,29.1321468615009,100,0.0700338410852454
4.15662999361537,18.2663795983874,75,0.00849330201290543
-4.85785581582335,26.6573586146702,100,0.0286130537754209
5.79828941608028,20.2474958938752,66,0.0100918158575131
-3.46596427698516,34.0854095839578,100,0.0164868913558805
-4.02807342923726,26.8156811559604,100,0.0367382867614757
0.697284487569205,25.7097870097557,100,0.0665959090681498
0.805414540922607,27.4104473986851,88,0.110461807669729
5.89351436525389,18.6841244910627,66,0.00790802131141665
5.88461222548072,19.8701352104528,65,0.00944399882819393
-0.202640481292579,25.9622976814772,100,0.0738114747989481
0.379731956378612,27.8955645143992,90,0.117008675702478
1.97958579170189,8.71273132575673,42,0.00266180456534973
5.86663650230259,20.6123138798328,67,0.0105747042723117
0.450721066480597,28.1507083398048,92,0.112511961855578
1.93270863647272,30.5416082897632,100,0.0480289874229477
0.752229306832907,28.4239293072326,91,0.10657035026135