1.7214469425471,18.6254445959852,49,0.0106310350688644
1.38911609655378,5.89250638948394,23,0.00205020663434557
-0.875326918192196,8.25844931715439,40,0.00256452055808191
-1.15391214297199,8.56153400194642,29,0.00264822793038455
5.66096308705982,20.3970127121954,74,0.0104099296250328
-0.320868538853009,7.32784933306531,45,0.00234124095033977
0.867032524312738,28.1790005532863,88,0.110451838043213
-0.551703750848469,6.50403506273658,32,0.00217138574595481
-1.95635001491615,32.347147044941,100,0.0295406091564124
-0.12966966047908,6.00635477439007,25,0.00207877027213139
4.08168047142282,18.2453707400298,73,0.00852326175455984
-0.90185177755942,30.3622909196949,100,0.0589288611179047
-0.205991894248121,27.4501856385436,93,0.11220328716678
0.355117900446837,28.714539693758,94,0.103570742953146
0.431150714474386,27.9894801871889,92,0.113593281163155
1.25783135661217,31.0721662397844,100,0.045885842596287
5.57455903652822,19.7266970556826,88,0.00935038846040974
0.846932393413732,29.8072831935614,100,0.0694184361593153
0.633357907946672,20.4385185040901,87,0.0153612488741666
1.7540497052685,6.19348195876348,35,0.0020965712365856
5.38898884745764,21.0913503085699,87,0.0118380250662109
-3.35747128680876,29.1746930834022,100,0.0436704419795562
2.43889330157119,8.90597228653993,44,0.00269868229460407
2.39273814546994,18.3583434018805,86,0.00947587432680449
0.665007058616459,27.6975301538215,97,0.104492837652403
-1.19838521742312,18.2277107473735,95,0.00955639854761944
5.67932669819934,25.1119890562934,100,0.0201150139589527
1.82596905357032,29.2307572679684,100,0.0661780426351044
-0.986601353630419,31.4308631784526,100,0.0423430579410628
0.646056639289435,29.5750680820913,100,0.0754397548451268
-0.278864058631189,25.794139017708,100,0.0701672937792314
5.33186311028589,18.5513408919842,47,0.0082847359935228
-0.489982534550908,6.0974848003792,23,0.00209598812955594
-0.547007197683729,28.4045713313911,91,0.1099453191242
7.85490499206596,29.3328476978445,100,0.0135563489869686
-2.96061519654789,29.0314288648937,100,0.0499111724666841
5.85429146194503,20.5750718837664,71,0.0104863668676759
-7.44621723156396,25.6542458768211,100,0.0142413716597166
-0.618413868481536,27.4498415469541,96,0.10468265499707
2.41516865360388,30.2113879498007,100,0.0470427626925932
4.49078793400204,18.4730486059424,76,0.00856118687644829
0.0513758825555879,27.9138983449338,93,0.114857866219301
-0.785366601968519,8.58532334146182,38,0.00265337432119326
5.75844421811284,18.396698675389,64,0.00769005143059945
-1.19194410422554,8.01610961419477,42,0.00249780965553593
3.83051768633889,8.68367495267916,43,0.00257962859319841
4.73041123962664,18.570804332503,71,0.00856972148950178
-0.89189963403684,8.17929442819005,21,0.0025563986307746
-0.188438707847208,27.2251461675701,95,0.107053554051187
0.870314695855558,29.1976627403442,100,0.0803568826092374
4.22103690773511,20.3662393020899,91,0.0119057364094321
0.456199119427424,27.163342555488,94,0.105305584302434
-4.88438998346639,29.2136883110118,100,0.0280998382846036
0.59201802110716,27.7158872831793,86,0.119437047570946
-0.571370296013552,27.1589160960888,99,0.0988072295246277
-0.141699293571078,6.04657080103545,28,0.00208506791046906
4.36831236149348,8.65132388207438,44,0.002541917056256
-2.62039033620324,27.683221056609,100,0.0595268753416007
5.65020971586433,18.6587907429527,80,0.00796743777674678
6.89845082872644,8.29941066262625,53,0.00229118891841103
-0.218206471556513,27.4139991921778,86,0.121232185352266
0.180629648002271,27.2245837155926,82,0.12439431021093
-0.469785581927017,7.67478361677114,39,0.00242415692606252
0.77583983450139,27.6811740609262,90,0.110676402930425
0.484115055875621,28.5321806126969,88,0.112542471471394
3.66356887410407,18.205236295394,68,0.00874423495119044
0.490337441868781,27.1945265108955,94,0.105419266876203
5.66119341079479,25.4684771418481,100,0.0209751759365319
0.102784780940418,27.6216855587376,94,0.112752931484995
-0.541050454240373,8.89489544423475,43,0.00273810716459526
0.207929492398421,27.2820789701097,97,0.105489045926794
0.25925306756597,6.02069052300765,27,0.00208039638429117
-0.891174919492967,28.0334929723195,85,0.114614950185689
10.3196728846295,25.2866269953746,100,0.0081284120865293
0.78918449456023,27.7014102787747,99,0.100509014330141
-1.09026622546216,25.6308844808339,100,0.0622504253452665
-2.19643813032678,28.6726592388507,100,0.0650036626889331
0.705793019248186,30.2728761822175,100,0.0616707088920451
5.32094167298213,21.0486471349507,64,0.0121914371576085
-0.684987339646597,27.8963208202715,99,0.102339076075911
0.528558931445793,28.4776198729641,91,0.109166683624128
1.67477410977269,30.3926909735009,100,0.0523173066165418
0.74057051146017,28.5070402944504,90,0.106763372290241
-0.671260056343883,5.83708183033406,32,0.00204242130990469
0.165467979731991,6.3760772649144,32,0.00214711879725099
0.21597453011741,27.0351047990883,93,0.106042994057506
-0.0377182858530865,28.5929770760161,93,0.108250085117925
-0.40154550245947,6.69160168445594,21,0.00221574414649114
-0.373948572177055,28.0369910138087,98,0.106703914079027
3.23686379157061,31.5992325306705,100,0.0291113127768287
-0.65258462880128,29.4706764632233,100,0.0774163615936679
3.56568685703719,18.2156166384505,82,0.00870677481592732
0.773185559924228,28.1070762286014,99,0.100409132606135
0.548665177675006,30.348825592304,100,0.0610123039749781
-2.80078139974709,23.8167945235977,100,0.0293230354845615
5.01041162612313,18.5893631466591,72,0.00839117324344981
0.546973502352515,20.6572748563338,91,0.0160778857308901
0.673496415266293,27.8724689590962,91,0.111672905159317
0.70510890208023,6.77645501577674,36,0.00222436672166301
-0.0854869085368564,28.8486504218074,87,0.11009219889445
-0.205877443228939,8.55001171671265,44,0.00264363699651228
-0.537332840064972,30.8200765850468,100,0.0527858647569124
8.6888738957946,30.5111537351046,100,0.010820216227054
-0.625816812247601,27.1396231807055,96,0.100873856144846
-0.940485274437678,27.5903670149862,98,0.098436024545303
3.86294103164168,5.96247230503867,48,0.00199928363986176
-2.66881914934536,34.1538080195306,100,0.01766158454833
2.37458600653374,25.5756307851424,100,0.0481610920024608
0.212807067936659,28.5796399314,85,0.118169906387015
0.739633091597825,28.35518537066,90,0.108789739576728
0.170245756737836,28.2064318436143,90,0.116970775703202
5.91022811055269,18.6220995698083,74,0.0077764468231607
2.90616713214897,29.5961419746399,100,0.0468236981006158
3.96371855305871,27.5157737119631,100,0.0388630101067198
-2.3412954123887,26.6918472285157,100,0.059701015848401
3.25469467941851,30.0607883602471,100,0.0394756541950372
5.05254847519192,20.9850734954411,74,0.0123288062705053
-1.41688811234826,30.8594414552206,100,0.0478519056496074
2.52864584218144,29.6863928662928,100,0.0509521731602222
6.32510825230834,26.097245049664,100,0.0188609290366851
3.10816681340452,18.797653597589,56,0.0101718821735179
-0.265709348954723,26.9470176992115,94,0.103014236551335
0.0278626730186071,27.997713600767,89,0.120186492948709
-0.60355618783513,8.85066662046929,39,0.00272801410957443
-0.142439029730019,27.6934301676593,100,0.105826291971554
-5.19605623168727,28.6394718274913,100,0.0266626482557923
0.494278198869648,29.0500681559826,100,0.0865154179365163
4.91071026983693,29.1740264605565,100,0.0279802500317219
-0.436729494482211,28.5449793805182,98,0.101427716909713
-0.795603450296573,8.24346659415929,21,0.0025740631864989
0.375607265410963,28.0992138774196,92,0.113652967263958
-1.77558179256187,28.7495377744828,100,0.0722398707203908
5.34960839356458,19.3524715874626,73,0.0091559682648469
0.533984307030481,28.5085942355615,99,0.099947904773322
1.04228275090324,28.030702275515,100,0.0907764563293296
-0.524359772326273,27.1178651718635,94,0.10385776554497
3.2681715158171,27.8710027503474,100,0.0485860477431381
-0.7848387577569,7.56100859426863,32,0.00239913902695865
-2.73135222700898,25.7039493650624,100,0.045423224961496
-0.276710746299548,7.06778009846299,41,0.00228599975027272
2.68643012185133,25.9290781992286,100,0.0479590093195029
5.04540299967706,18.1612912244076,79,0.00779143783260511
-6.36973984472097,27.8350589482455,100,0.0198116816784907
-0.717590708442264,26.0370049256048,100,0.0727603214893308
4.26316200856923,30.4930120056451,100,0.0285699620945274
5.79728057900997,18.8053630907859,71,0.00808941771277013
0.888931153462909,27.6784984941816,97,0.10075981461415
5.03920714847401,18.22380745634,77,0.0078817962002044
-0.335399122161349,6.64702578819447,28,0.0022033410716713
-0.366097052128023,27.2549575132787,95,0.106353557684028
5.49239515748822,18.5978471515858,77,0.00802711411136672
2.20946570947308,5.85184230808883,31,0.0020271798649828
-0.96717712627996,7.59965357608974,31,0.00240692340468054
6.70565422830509,8.07909829001745,48,0.00226244465996353
-2.47418157920499,25.6172010431995,100,0.0474872900843204
-2.13588023105838,28.9070565642192,100,0.0642808795958001
0.624284469686049,30.2712230498735,100,0.0621165473950246
-1.02080785963765,7.86382904781303,21,0.0024756193343534
-0.533577270385342,8.18028244018912,42,0.00254630695870593
0.0316959776102691,28.2456676170265,95,0.11049977126341
3.6523270217982,18.9105738830143,62,0.0099448220812217
1.99549707350013,25.1786616438821,100,0.0474401025341434
0.599045248397718,29.3006090313139,100,0.0810921449328738
-0.704926815919071,5.9634502406903,24,0.00206906141153449
4.3488806670026,18.430331334846,49,0.00879850119756018
0.971635582952268,30.0004993751891,100,0.0648444320921092
2.90138596756976,18.6003574387191,77,0.00972924410816011
0.463588586505015,28.1089982925806,90,0.115243212173754
-1.45927037545318,25.3208199055829,100,0.0541003091330088
0.427628861506836,28.3259833885144,93,0.109891839143143
-0.717698661168156,6.22404574084813,32,0.00211513042734664
0.290088628455557,28.4996737780893,93,0.108781323174178
-0.824641437485775,26.7360684472718,100,0.0844093059404719
0.459432041121903,29.649432809344,100,0.0751330239970133
0.0235796096500456,27.3728020753605,88,0.118481679165481
-5.0321143985611,31.983789759081,100,0.0191502546337819
-1.16846620246611,7.62916576938331,32,0.00241078312834338
5.79728370558566,19.1526117890473,58,0.00860958404849151
0.544114184815141,27.3378210895372,94,0.106711933450082
-2.12830283796373,30.6375065315568,100,0.0451704798550101
0.871707710144827,27.5141568894735,86,0.112595646258853
4.4878176976702,8.11264192442944,44,0.00240703741035112
3.64292742585557,18.3049827784231,75,0.00885003595279387
5.35209789430986,18.3659407866323,58,0.00796770983774902
-0.714831080010556,8.43110410116843,32,0.00261682830152555
-0.807720416812859,27.3448662309069,96,0.100805945949653
0.686977066963061,27.6900448512238,92,0.109863020599762
0.140521907319663,6.35528084287139,28,0.00214487864545269
-4.0227987497306,29.2209365084515,100,0.0358003396167602
1.74159763825006,8.64314947479525,44,0.00264782122107553
5.16515263201912,18.2386729850025,69,0.00786946038127894
-0.731818080065719,6.05930923448462,41,0.00207960495751556
5.89956463946036,20.395030640903,85,0.010004994313771
3.57598519282971,18.3929301079765,66,0.00909607880671163
0.34852586276709,28.1307273132579,96,0.108753622877547
-0.350648877468524,8.58245726735132,40,0.00265466577399678
-0.510984809871319,7.45700305185821,41,0.0023719456637671
1.54017866070963,8.72433774896034,44,0.00267455470780151
-0.219077373092266,8.29813514188248,42,0.00257822395529378
4.92752059604597,19.0460402451745,70,0.00910008104916491
8.80405224379943,8.7939498087517,51,0.00223676752678107
5.4299198311083,21.2032058559489,74,0.0121781332243797
-0.0325406344315378,25.7436976974985,100,0.0695118983434787
0.240864730160105,27.67021818775,94,0.1124163456924
2.79078411457842,6.21143188104813,33,0.00208028448613462
0.576363038267405,27.5815741181221,90,0.113489279145093
0.329405424608621,22.9561388217972,100,0.0293517801199304
-0.618413868481536,27.4498415469541,96,0.10468265499707
2.64617256747658,25.2836724429164,100,0.0424681433350222
-0.138092090213621,27.203618060353,96,0.105791777555291
-0.54363264551555,27.2799613081017,94,0.105994897126489
0.514951449961051,31.4319637463272,100,0.0436371125590936
4.31133340132192,20.7816050482145,100,0.0125612728382823
3.00707207973874,26.0946582909816,100,0.0453221256545489
-6.80291704749037,22.7849054126754,100,0.0122025908096012
-0.0812412424010392,25.0806247464497,100,0.0566912779424235
-0.947744433423836,7.26657183803933,32,0.00233024512894336
4.27944068349572,30.7017432608821,100,0.0275610442829819
5.65332046508095,19.5313159785841,59,0.00924653706701428
5.80653874890151,18.858430457164,79,0.00809274967447591
-0.0466439911100022,27.007184772907,96,0.102747691634978
-0.578754300641201,27.4446263394134,96,0.105157779299912
0.14897675192584,28.9965354177833,100,0.0891893627860594
4.45112432010182,25.2632976813427,100,0.0274252189956196
4.90550352150939,18.617473439923,78,0.00845937043800281
0.450368003263867,27.2496420645107,86,0.116578946267062
-1.24447283498149,7.98430516476366,34,0.00249412581950171
1.40359581114222,24.2555849927523,100,0.0402061794666769
0.297899424968151,28.1025926213257,92,0.114311879260628
0.532416506162488,27.263974142158,95,0.104808742772788
0.0852638301923629,8.87033055645997,42,0.0027340126875794
-0.579737095762393,27.4902003077189,100,0.101268259315233
-1.72208335507382,33.269247932894,100,0.0237455427109167
-5.1576444377828,32.7781358481607,100,0.0164803826830353
-0.168834878202051,8.33414402850846,44,0.00258640656280997
3.40950473363988,21.1521253744603,87,0.0150971004724133
-1.03048482769734,7.5185993956464,38,0.00238330303744308
2.09666058747406,18.8881304970291,51,0.0109994539851795
-1.99841189355053,24.5751095366553,100,0.0404968548723166
-0.891210972732819,7.28282116643666,31,0.00233499520480542
-2.71532402019489,22.2974559198635,100,0.0207341417919447
4.20564760929703,28.6482445647341,100,0.0354511185459646
4.2973337174893,21.0805823101408,74,0.0137465853322842
-1.51628533642903,29.9152248647647,100,0.0609050769598912
2.0420900295773,5.8264321668019,21,0.00202961739062223
5.92734799208967,20.1427162389186,79,0.00966090253423656
-1.63352614810485,28.5530376189014,100,0.0766401128387142
0.451588935577577,27.1415827697804,86,0.114641653811822
-6.24926338714541,22.7799402175169,100,0.0133736580763559
2.16482929116895,8.83705884221592,44,0.00268884574920425
1.42538591898312,24.2038545471292,100,0.0395113827332004
0.16939019030194,28.7875539081937,92,0.105398974446867
-0.462556388224629,5.82052834102457,27,0.00204245136355786
-2.31500061237857,26.4797745452129,100,0.0582456539983591
0.220461799549005,6.18408364144503,30,0.00211037903963951
0.21597453011741,27.0351047990883,93,0.106042994057506
4.45335233043409,20.8719260622664,74,0.012989746399329
-0.631434616492312,6.58912985741922,28,0.00219009019641378
-2.14565232525171,26.0494829571329,100,0.0562199753614181
0.476257422464834,27.8808837127614,94,0.110763962397522
1.05770177027424,22.5710702196867,100,0.0256373545935438
-0.557422063629363,6.12760139523123,24,0.00210100549461955
5.44412486522231,19.4944869481205,78,0.00923003242960805
0.671626149873594,23.3043278630435,100,0.0321362667664171
5.86627564983841,19.0719369693968,66,0.00839165792911741
0.200836933555187,18.4235602903827,71,0.0102974889236951
5.79338195095506,20.7192676929253,79,0.0107098508095318
0.28024015115712,28.1730398231002,94,0.111398813188556
9.78547747606219,8.87939647226448,51,0.00216418928399183
-0.917888192578264,8.69013180473446,34,0.00268330497831809
5.8188548088149,20.7585973290138,79,0.010740268270647
4.374788712012,8.18764681259992,53,0.00242488977701174
5.8624914899695,19.4307432198748,76,0.00877631714294975
2.70074966543744,31.6749593389708,100,0.0315064464216343
5.50388893733431,20.8820279121548,83,0.0113374654226702
4.43072534291749,18.3359546136422,48,0.00861598740928065
2.29686191272188,29.2806099731892,100,0.058169303337622
-0.341152800519797,7.13446660750466,22,0.00231044879037361
0.351450372192401,28.3463454989492,84,0.122551290044624
5.59700987300563,20.2868726615376,73,0.0103200776369196
-0.13585122116549,27.0357509365837,94,0.105253399846664
5.05991010067812,18.1674051469906,71,0.00783858521009932
-6.4390968220402,29.5334294345299,100,0.018464083809755
0.303678835398901,27.2337156045953,93,0.10884943301292
2.8856118970027,23.9101969621662,100,0.0295521691561353
0.0404405570696306,26.8645294286143,96,0.10003942607138
5.92480249382259,18.7438854349249,58,0.00800445934748229
0.413595809506601,27.3208865921402,90,0.112815391733762
-2.3136181324094,26.1629016374741,100,0.0551323606297977
0.251899104475509,27.158643689498,93,0.108013654263311
-0.694978464025897,5.92104330169427,26,0.0020603431653605
0.616771603519065,27.5615306548881,89,0.114009090965945
5.46665492887174,18.7681840792864,64,0.00834244711254083
1.18092274115937,6.16696409378126,46,0.0020940785670761
5.86566385713765,20.3657741557068,70,0.0101534225684225
0.0440186132056302,28.4207600777326,86,0.120250046472816
0.715609835845018,28.0613224815016,87,0.11556509071254
5.17595889692725,25.0949943416023,100,0.0225511472019969
0.185914122641138,28.0472984503942,90,0.118061198251671
0.551285936729473,27.3428828400729,92,0.109008388566674
-0.635251634954175,28.1775151384567,100,0.100963420359492
0.827985644185823,27.7006863898586,94,0.105126644564533
-0.842903540166264,8.22628949176156,32,0.00256185206721755
2.78138227808735,21.7264820156183,100,0.0180922481119459
4.69578170621766,18.3964547706724,67,0.00838690855715755
-0.840300063119246,7.7528654437052,32,0.00244406954045051
5.74975026686078,18.4911443221422,69,0.00777246925384548
-2.62770226501747,24.9335217886703,100,0.0394052513669911
0.788834677929013,27.4310411914706,97,0.100925206451555
-0.240803415654609,6.32071914845128,35,0.00213468658977727
-0.0981240523872693,6.4191946265385,20,0.00216135950925565
0.37427309971729,18.2282860765377,66,0.00995670823972867
-0.0931368898256184,6.18400173453419,27,0.00211187823004571
1.17304517995821,30.2053283348922,100,0.0596238747076713
2.79491653614799,28.4479677692265,100,0.0553807588157517
5.33063547993632,20.2083382095116,66,0.0105838568193465
4.27364330317084,27.3569338944445,100,0.0351872963184801
-0.744038870806347,8.18306435957647,39,0.00254721892145005
0.344584254227696,28.5107838577218,89,0.113101048130993
-0.90168440528543,7.68799765523974,40,0.00242322278885772
-3.25167838804932,25.1671988369995,100,0.036059104411287
-3.53774124590833,25.7651296216994,100,0.037299133823623
-1.18337390244493,7.50817237166982,21,0.00238863831941625
-0.226853857594014,6.36751133159234,25,0.00214853855830212
-2.88842355232254,25.3606431120845,100,0.0408214013791618
-0.95395155603016,29.0658068464111,100,0.0815526643631635
0.503866772007601,27.2614764787191,92,0.10852351362043
-0.484472918680207,6.75002614197883,25,0.00222559084942381
-0.804245323474828,23.9596111107216,100,0.0388040808398372
0.0555051882290276,27.344297090035,95,0.109035720210771
-0.88404828606799,6.63674438258613,21,0.00220137483302681
-4.59171515158064,32.3116704954807,100,0.0196884432300364
5.15829103759183,18.3000751753775,77,0.00789734973484985
5.8281893197534,19.5532016210227,65,0.00905860922172532
0.0422953987811536,27.9356855344193,90,0.118929656828411
5.94246638514763,20.482519015386,83,0.0101051575522983
5.08945026348793,18.8350926330581,80,0.00860031848815432
3.54524868047041,29.7361694980964,100,0.0384834966499139
4.30984206843367,21.2026549104968,91,0.0137150811769443
-0.139625031870194,28.554124776119,100,0.101004078103463
-0.777073863017463,31.0367531333095,100,0.048570203968304
2.31067250206894,26.1600194699327,100,0.0551439845293825
0.839162117090486,27.8198463071086,90,0.10980677565236
1.86684397526686,20.9133577812817,87,0.0162974971693985
-1.11820043815473,8.02427070601299,45,0.00249902191585317
4.90179533608906,18.3054435644776,72,0.00810098611705538
-0.833289322784715,31.3494905071718,100,0.0439303764755852
-0.859069801286435,28.1795655973274,91,0.1070625432991
5.73628449676294,20.7297969563539,88,0.0106993777497061
3.13534679462691,18.4675390560063,52,0.0095994221368331
0.200454120902999,30.1247494066157,100,0.0663804523450543
0.588746560084683,27.7491563026039,89,0.1154709834641
0.666580524037085,8.86978384982227,44,0.0027291043890484
-4.40986224432221,26.585841941933,100,0.0322846062103615
-0.56970508647108,8.729815036964,39,0.00269442410133151
-0.0595429980574028,8.67727908391268,30,0.00268868709238725
-1.59311925608871,26.6887369440238,100,0.0723914687939431
5.9483753912438,19.9130949240578,58,0.00950054562648931
-1.05236176403316,6.90030783955899,38,0.00224633808673561
2.29202647615584,18.3428873865189,77,0.00957365259447387
2.67222540563882,25.9385325435402,100,0.0482193178026153
0.634674052094401,27.2220506082131,96,0.101912190572173
5.24921272824815,20.8815414601166,87,0.0116453253007537
-0.831511302354781,6.61022709574058,22,0.00219588246454516
-2.21201130674502,33.3608634971621,100,0.022202536326035
-0.472561049111699,6.09856759229536,33,0.00209188373527284
9.6410100672876,34.1065410906023,100,0.00704950588354749
0.277198288580215,27.3066238910434,96,0.10654809182741
5.58110792468294,20.618979846988,66,0.0109769440278549
5.71241040631404,19.6408152665482,74,0.00921591495826098
5.41309843545117,18.8480315477463,69,0.0084501935373298
-1.20481676351793,6.59075765922261,22,0.00218825169589001
0.141581324399517,27.3158581739286,93,0.110883406108624
-4.08574736495746,32.7035149095778,100,0.0199832145364846
0.0962732223523747,27.9288641777252,90,0.118837642321376
4.47102918783991,27.9099428504626,100,0.03345211691725
5.54444067741606,18.8161275598443,79,0.00824023211790821
0.202660995927749,5.8288267928395,26,0.00204511893828574
-0.727660071478193,8.16532798056201,42,0.00254091332663161
-0.365385386714787,27.1101221379878,86,0.114959995364558
5.16128793890512,19.9099938813791,90,0.0100238426543439
4.75795753069908,8.89605086078256,46,0.00257853310599676
9.40782951386641,33.5191469954305,100,0.00766752297122719
-4.94238197208492,26.0225863351943,100,0.0265190290373371
0.807764695325304,27.8109136989462,89,0.111656788846441
5.57374929212182,18.5744161255546,59,0.00805719317578171
11.2696732979258,8.88707369706957,62,0.00202377792469193
3.93005935860122,24.4792553033104,100,0.027185615888697
0.411084809062429,28.4981282261106,89,0.112668150708321
0.606860770011206,27.4160768132408,95,0.105625101978381
3.93138658004776,18.7511154849274,79,0.00932391440347433
0.353241466505071,28.5705285621538,93,0.107194052084275
-1.1666162894507,26.8150008559989,100,0.0809284039296117
-1.35744381544841,31.6749267756717,100,0.0380403254194512
5.07394966393487,18.9157074343499,76,0.00875132259470651
-0.373281687940608,8.63915511391138,41,0.00266930947149583
-0.697132046607574,27.7288166470963,98,0.103044682762796
0.114279213819335,28.4740559090402,85,0.12063296198678
6.06498358271088,26.262643014911,100,0.0203084757473726
-0.78024210471954,27.4877744940848,96,0.102571981586303
0.257360088096038,22.0322572549704,100,0.0227561188959064
1.7955649360275,8.77182195291503,43,0.00268218203201336
-0.296565169031329,27.2745810698196,93,0.109491673022237
-1.16778139750189,6.21622331443613,26,0.00211250671172074
3.80362584649404,24.7690558033584,100,0.0294723160516196
-1.62348970308319,28.4963792562244,100,0.0772789997497258
5.21968814498021,19.8888428563235,67,0.0101620653377536
0.930388427743545,30.3093667352465,100,0.0596659853776364
-2.03764947967627,25.0488749085762,100,0.0455323873090194
-0.436729494482211,28.5449793805182,98,0.101427716909713
5.84962566163172,18.9426821057209,73,0.00819942849134274
5.52364644345492,19.2714718523424,83,0.00881090540598554
0.427348877146879,28.1147668018417,88,0.118372542512807
0.446218664735335,28.2681401135646,90,0.114081251335896
4.54771635767376,8.81066544366458,54,0.00256471445637481
-0.931138724195624,27.7262043576797,96,0.101150559260087
0.0476600687090426,27.5564998206781,93,0.113686289048467
1.70820981067218,29.511223711036,100,0.0643440978186236
-2.10237662905903,24.5166481212651,100,0.0392045338092504
-3.67874282845221,23.1601766284349,100,0.0219615601031699
0.241404547828357,27.1878203290082,92,0.109736183832917
-0.437696736259989,28.2531938923637,91,0.113042765647747
-1.85741372586461,18.4679936371918,39,0.0103644145464875
1.4247773214354,18.723152247196,58,0.0108418054021867
2.05491428334026,32.2375407380749,100,0.0300519435948301
0.50058084957591,29.6078090229657,100,0.075745529032822
3.49216986237577,29.3508690618583,100,0.04112644049512
0.397900551078668,27.6400573399038,86,0.121828726055988
-0.685575482216578,6.88090365606921,28,0.00225050178322797
0.046227496118196,18.9580949961088,74,0.0114195594494744
0.00706959255271511,28.7252227931951,93,0.105847843832461
3.02799644739211,20.6766762700999,87,0.0142070362209169
0.542163154198294,27.1715868100137,94,0.104487131333495
-1.03283316260426,7.4912976155298,32,0.00238037358580567
-0.514290268667748,8.82706547525235,39,0.00272208740181094
0.118117729199046,27.8544467078406,89,0.120264612610869
4.99618156210572,18.9104785098156,77,0.00879670833656965
6.26976980291418,6.68700497131633,34,0.00203268945649327
8.73727927661663,8.91449777875815,55,0.00226387793220689
-1.97784754027352,29.9502949532182,100,0.0550144299196107
-6.39710220557453,28.6307817080574,100,0.0194491542095168
0.673496415266293,27.8724689590962,91,0.111672905159317
-0.682935292335064,8.59576087397262,34,0.00266009854188549
0.292004982971506,26.9831277242829,83,0.116858734887329
-2.40487239757494,24.8764110921634,100,0.0406610022698336
5.35041036365643,18.2088634131091,72,0.00769845562251212
-6.20350063851399,26.3295231985079,100,0.019711982880739
3.10803541601314,27.721334136154,100,0.0510713319847665
-2.83878786960801,25.8898606444746,100,0.0457748939573338
-0.211874797914155,6.80906645244467,30,0.0022364373989204
-1.29412930408565,28.5691480479079,100,0.0828026342400247
-3.4392514914284,31.4083445959494,100,0.0291448052111005
-9.70752605894217,23.6403323315495,100,0.0081998743698764
-0.571509516133279,5.91930756144698,31,0.00205856266537338
1.58995406748916,32.5784811171009,100,0.028833934598503
5.10882335700782,20.93036881393,89,0.0119135562797957
3.20577727478954,24.7537978902861,100,0.0335186040201836
-0.243932831325377,30.0878837907489,100,0.0670310263866212
-0.0832972065519555,28.2019090286919,90,0.11731585956694
-0.442910773899781,27.1465420417813,92,0.107434960572231
0.945038091718506,28.1481051804323,85,0.112658398355288
5.25530851256782,18.398833904173,73,0.00797726056891369
-2.93601291968921,23.576775865722,100,0.0271166082541129
5.81567498566052,19.0283006708715,73,0.00833029154120076
-0.251381512844512,28.26160597213,91,0.114619893852567
0.155696797275522,28.6947612129169,92,0.107296066239704
0.116054826953164,31.4423833737028,100,0.0439771395195814
0.539100634321223,27.3823812382724,87,0.115996750597776
0.00953460715381005,28.1995551266028,90,0.11743221446543
3.92945585934068,18.4236959568191,97,0.00868743455139737
-0.308348328855589,28.6878569249517,84,0.116558522284029
-3.56247719001108,27.9455014663489,100,0.0442490711491617
0.813535523250499,27.5209291278147,96,0.102263619007513
4.12534728614936,26.6365579573498,100,0.0351873229446722
0.302720689776446,27.2999452763622,96,0.106296055448121
0.716831369728917,27.1741544597119,84,0.11380541739698
5.51153914988254,19.5442685414169,89,0.00914494679012078
3.85675691217582,18.2436658066628,48,0.00884382659274199
-5.1815473977181,27.8384202024663,100,0.0272109184252205
0.907747757965723,6.07856393771723,41,0.00208198959277181
5.91785506140039,19.9143497581813,64,0.00948091914317374
-0.843551178615708,26.628164132273,100,0.0824195462694252
0.537624456821182,27.1955734550707,90,0.109491292564327
0.145081521915776,6.13074685612348,25,0.00210244722160023
5.71621413169245,18.3691080327784,79,0.0076001360045858
-0.34582516358205,28.7195564938249,88,0.110408062886208
-0.601805275744421,30.9087683932585,100,0.0511492605884399
1.2905649301191,6.39265461791084,28,0.00214469606334471
-1.92876751439867,23.7257870728222,100,0.0325488200213071
0.825619785145288,28.3005988659619,99,0.0982734536440765
-0.501144023053429,8.36654231033441,44,0.00259339315789868
2.83713190452175,6.42374509155685,47,0.00211319844700773
-0.393107511243545,27.4805708272689,94,0.109884805167869
-2.21042840449103,26.0283020522315,100,0.0551066211911252
3.40243591530647,27.4382590549005,100,0.046175556942661
0.397831674687043,8.61928564453915,44,0.00266161375811568
0.781547741118563,27.9740906710067,95,0.104991802680238
-2.71185836012496,28.4214433667402,100,0.0569184088955173
-1.21456365682698,7.81942532990966,43,0.00244887765776492
0.615861624046705,28.0020338767618,95,0.107525613957794
-1.69299264737635,28.0583767227594,100,0.0780878554137873
2.57296301109075,18.4336894956126,84,0.00954200592963679
5.24461791045724,18.5626400937372,80,0.00813862365557143
-1.06353991780866,29.9713953257054,100,0.0645790809040798
0.322493077198022,5.95292056308666,24,0.00206876887083361
0.346932122545819,8.76217753591358,42,0.00270273640007751
5.63626734752031,19.6833574114289,73,0.00935924687785757
-0.195817639255067,26.993443402267,93,0.105347345711996
1.07565400223807,28.8113322216585,100,0.0836070431319212
4.10871689750643,21.8120699018801,100,0.0157791021373645
-0.101527509651513,27.0100300675393,97,0.101668802258054
0.022887507156764,28.2804485493276,95,0.11016536347442
5.54502160143464,20.9024876051138,82,0.0113285641046539
0.815924470907096,28.0309554615591,90,0.10994402450863
2.71171736432311,22.4543559184732,100,0.0215105755805075
-0.127770289372621,27.0595171740883,96,0.103518833562793
5.67242767894368,20.4712186396346,79,0.0104613684438534
-0.530320724381318,27.259111964318,93,0.107011464634657
-0.284493345930779,27.8505278345375,97,0.108908128102131
5.91446794133964,19.2575639433173,54,0.00867264329437147
-0.781615794711903,28.7868238326025,100,0.0879612957151338
2.08003026384744,34.3112840823996,100,0.0179113088045397
0.810606701784128,28.2528367743544,89,0.109752201056085
0.437230175360207,27.9367620932279,91,0.114970617861624
0.3173957671526,33.3311957594656,100,0.0250487182005531
-0.898760679858213,27.8554450453336,100,0.0979546645616345
-0.561826909428614,6.69670021728081,32,0.00221065697790954
1.31050814873874,8.53433750384115,45,0.0026271030015944
-1.09003024680061,6.55823945005892,21,0.00218337361246755
-1.06690193655177,6.27283830353793,21,0.00212676278459902
1.34861657868535,22.0829401461423,100,0.0221687871393367
4.97191006996974,18.6040918793032,66,0.00848064190342196
0.207525695385568,32.2382760820363,100,0.0343612514200603
-0.248115953664262,8.65374159795888,45,0.00267100870504852
-0.688821264634244,6.49725709356072,24,0.00217299160466959
-1.16762200072983,6.33201670418404,23,0.00213642521701783
0.217118577414839,28.4606125558679,91,0.112266293576771
-2.03224676854932,26.9197177162178,100,0.0670354368627315
0.380415286669917,27.7729525056573,88,0.119710161734678
5.8190707423823,19.2902867595933,74,0.00864874207028576
7.8154297774248,8.76629983417691,53,0.00231535870672783
-0.323390152092751,27.2139294586125,92,0.109594005718427
-0.177093751321014,28.3609043391655,93,0.111333395815507
0.770017296429456,27.5366433010873,97,0.102048241895995
-0.163412237358599,27.3967863806625,92,0.113078465534137
0.614373276849039,28.5451997639807,84,0.115656925824917
0.466192116477374,30.4559091983459,100,0.0593448376838633
1.12095456653268,18.5918455804692,70,0.0105175548420371
1.89091539526536,30.2051855766599,100,0.0527129739322102
-0.422716849760379,27.3071536420749,98,0.103234368624372
3.41977386993197,18.2010376612063,47,0.00904034229786527
5.95035684846329,18.9085951262662,92,0.00795813885813029
-0.148638799595143,28.7762580399298,95,0.102455244987722
-3.79383547883553,25.6677058037991,100,0.0343574589787901
5.08766594949097,18.5799737786818,77,0.00829000639201769
2.19396255796007,20.5261324017299,96,0.0144679666498053
1.70316213928456,6.08533325157093,28,0.0020799028314575
2.5811995163514,23.5058452807898,100,0.0281428395342183
-1.20750688567281,6.96838167910364,30,0.0022631068852798
2.12902847699543,6.27998736493659,25,0.00211111185114504
0.830851947636848,6.4763627976414,46,0.00215747818833524
0.478588154203455,27.348128517258,93,0.108774565019038
5.00995397445108,18.9234435458451,62,0.00892181884940711
2.74977622599253,33.2497083539882,100,0.0215063447283074
0.655783621191826,28.6090675563149,88,0.108810322219788
2.53170661511763,18.606783446103,63,0.0100750159505512
0.234108892555976,30.4244418204726,100,0.0605113244806943
-0.679305805882243,26.8361172085684,100,0.0876168908604438
-1.84148888013274,28.7033808325967,100,0.0714219923330807
-0.188292550648581,27.5470595410243,88,0.119973690533913
0.331673638028304,27.4358467870041,89,0.116387835834571
-0.727812489521903,27.3594495462706,93,0.105457416865366
0.4560150022088,25.2654992755918,100,0.0593584623898467
-0.86392875662586,8.07598451042756,32,0.0025233183644794
0.169235562279676,27.9387749079742,90,0.118544468408537
0.0705906910059144,28.3170030035198,91,0.114761721942129
2.19455096968563,28.0026716242782,100,0.0678561484759552
0.65990685473154,28.0748921747202,89,0.11386764277903
-0.158110477152635,27.0342221603308,93,0.106270485597552
-2.38446118764917,23.086885350208,100,0.0260545059903829
5.38645935472502,18.2123027570398,75,0.0076618458172652
3.1659943653214,18.1657570583685,73,0.00891052542310169
0.0611646374514673,27.9384165732259,90,0.118896196375795
-0.440458617359242,8.57654294486396,38,0.00265396739228766
5.88802896308286,18.9471836424034,83,0.00810831343262661
0.287005077988389,27.2206744535064,89,0.113717895487714
0.800593266481029,27.8154106863059,90,0.110569938640634
-1.59828977783388,24.2951347575122,100,0.0397257231782505
-0.246112443714236,5.89272746382371,21,0.0020589818916477
0.0814341059784798,28.2048030365949,95,0.110795099012822
5.05204685863982,18.5323413351684,71,0.00829514465628675
10.8633413912895,8.7477306926163,54,0.00204231988206613
3.89564406617019,21.108255325496,91,0.0141283272593802
-0.850247281822504,7.12691849168972,32,0.00230024747026308
0.0945874867931281,27.5028903998377,90,0.117118534722601
5.11717313772689,20.0107258592319,73,0.0104148259980786
-0.914820279491823,8.23625310890387,42,0.00255703570327963
-0.711286425047801,25.1424747980644,100,0.0561842272863193
-0.263091462227203,6.17770437166645,33,0.00210772253498413
-0.779812396942633,25.4131785863512,100,0.060598380064485
1.26355504353334,31.9628433703723,100,0.0353097914351089
10.4845515120218,8.72751650034142,55,0.00207285662770244
-0.513769548510607,27.0699778258131,82,0.117771088891631
0.309633447384924,35.8491000614225,100,0.0135496124286925
-1.9716916012646,27.9494205122467,100,0.0724829691628251
0.38199042365994,27.9612254053203,90,0.116864552843908
3.35427524184855,25.9987487612972,100,0.0406157011918199
0.258015435074779,28.0031571671513,89,0.119222000370014
-0.466206977881184,28.0739791076474,97,0.106796432262288
5.62491656845187,18.8669037434539,64,0.00834455016119631
3.05149732057462,25.4389495052562,100,0.0398722388363424
0.256035524838513,25.6702654934579,100,0.0677189978061535
3.94504065285713,26.1892460167133,100,0.0353858350889638
0.148068903034374,28.8177225399759,90,0.10709170521201
5.45207884743484,19.5818955278233,81,0.0093219547205363
-1.00362456988932,8.51131316511806,38,0.00263069443419412
3.42271577893776,25.7633807687031,100,0.0384364381937465
-0.938904149113613,7.40133263999476,44,0.00235410340219844
5.88903952831839,18.6172887477351,66,0.00783500464889704
0.399363545212991,6.78268049923915,28,0.00223131615919557
-0.853645632893284,6.14914535098888,25,0.00210285226774126
-0.150259950175452,27.6760717693163,94,0.112894037163045
1.13471968472212,8.61023878420585,44,0.00265118745584128
-0.716619797036446,27.7623890725988,100,0.100762625956841
-0.197905655682339,26.6197352432076,100,0.0870967082232042
5.42018696049657,18.5919254674182,66,0.00814335298271551
-2.48456785633949,28.871904854586,100,0.0584948247819826
5.08757290766526,19.0060460291024,70,0.00891275262684948
-0.23306738300384,6.17445332208535,32,0.00210760658192001
0.272370089984909,28.1829659096679,91,0.115224686762115
4.34456027920181,28.854308913894,100,0.0335994428113669
-0.149243566839408,31.4971512019529,100,0.0432093208820287
-1.78006801781193,30.6469130027471,100,0.0480085112778905
0.0448402011990643,27.2053997899183,97,0.104897326136565
13.7221723637635,8.58031075366851,61,0.00176350332840942
-0.472049233922088,6.48102751278288,21,0.00217232094422143
-0.758795424474605,7.07374194111401,37,0.00228677707671081
0.683157038778896,28.1157120387631,83,0.121470349258042
-1.59578090647344,35.3234604001381,100,0.0146773234535442
0.277198288580215,27.3066238910434,96,0.10654809182741
-0.251381512844512,28.26160597213,91,0.114619893852567
5.55527874160615,18.6720399654864,84,0.00802546053477039
0.484304231694852,27.4363535967919,96,0.106201358130002
0.20155820774538,27.7180898546248,90,0.118173745849558
3.22138575303916,18.3488868655078,68,0.00921123226679354
5.5386732332992,19.531770864078,61,0.00934074108542735
-0.884506172266585,6.63942593223991,43,0.00219130743481644
-3.79593914011037,27.7897282761322,100,0.041126424343666
0.532475561795412,28.2511414438128,93,0.10945042387496
2.27342465409786,23.9666120415878,100,0.0330714585824883
-0.948228659692604,8.67994972984255,37,0.00267793634183419
-0.711572894818989,7.89312686744316,22,0.00248550510175433
0.482523629406471,8.64175469816607,39,0.00267078122749214
0.77583983450139,27.6811740609262,90,0.110676402930425
-0.251381512844512,28.26160597213,91,0.114619893852567
0.897586529411951,27.7091436674742,88,0.110744502731613
5.32834136780751,18.9304571675085,65,0.00865418523350503
5.41723401579368,19.5627221224132,78,0.00935342110653446
-0.0620547490543587,27.7280946221087,97,0.109618144213725
-0.531268217699341,7.1841800813273,22,0.00232059547510801
0.0936504697765518,26.9083657833408,92,0.105067051901045
0.546161572103925,28.2344876021389,90,0.11313996971235
1.76437231998646,31.965140368954,100,0.0334940570947172
5.5110497771601,20.0404702677988,72,0.0100364279673696
2.3742582069353,8.87644155937479,44,0.00269280110698224
1.75110325275543,22.332775751476,100,0.022972012026832
0.344655622534928,30.6632037585666,100,0.0559571658185935
-0.210966638404685,26.1351402077442,100,0.0773699612196521
-0.436507886242069,6.78340925472879,29,0.00223081676973864
0.661032776296609,24.1557530699679,100,0.0415479670914656
-0.177093751321014,28.3609043391655,93,0.111333395815507
-0.235752513918113,27.5813634052877,97,0.108284784603861
0.0555051882290276,27.344297090035,95,0.109035720210771
5.46718760442473,19.0683107673655,90,0.00853922324219148
5.34721344922791,20.8614579664578,72,0.0116698940601699
5.5263912058975,20.7542104868547,71,0.0112294182765128
-0.995947546007157,6.60857108367397,22,0.00219409553959961
-0.95163668754667,7.13977040148999,32,0.00230210135920147
0.239818267814025,27.8472971636825,83,0.128887453658885
0.223295155283249,27.7440025868816,90,0.11813901270401
1.46213334223123,32.6423163510465,100,0.0286552939851193
1.02467351494783,6.35682914270494,18,0.00214504604110503
-0.509120636944312,29.8447359010222,100,0.0709497788144572
5.17105647201312,19.6768303873939,72,0.00982074042279646
2.68855697675847,18.3487198642583,77,0.00940580719992668
5.69555275076637,19.8924794688243,73,0.00960232933082433
-2.72255036349379,23.4578375236685,100,0.027245583367774
0.538640075140614,8.79006025177993,42,0.00270928650073994
-3.17586078868244,27.1430173422987,100,0.0487735180871237
2.01369741528359,6.00039996189359,33,0.00205696933306544
-2.7304551784658,32.6706567850191,100,0.0246993373791717
3.93459245335924,18.3086873901979,49,0.00888626660275709
-0.374875589484345,27.5158153536619,100,0.103510593197625
-3.78382089419227,26.2991748360599,100,0.0375117202302807
0.404620022135921,30.2729157081202,100,0.06296865388095
0.230962443615491,27.2850488200398,94,0.108857340366979
1.51693523727048,8.75522845861004,43,0.00268426393182231
-0.99540293371901,22.2840466652467,100,0.0238113010497623
4.69697394169025,18.7443182711737,78,0.00878111543519307
-3.33181313397443,30.7208028514292,100,0.0342711018100295
-0.48110926786711,27.1312940109011,94,0.104544758421152
3.58292306529268,18.6692975841224,76,0.00944911069571614
1.62772839093393,33.6532114043772,100,0.0216931590479757
0.732547874033934,30.4465084293189,100,0.0584069123210721
-2.48456785633949,28.871904854586,100,0.0584948247819826
0.189816755680728,27.3133906085555,94,0.109443140388021
-5.83910772234426,25.5194232365793,100,0.0202100777432564
0.0770148705052333,27.7781059490584,96,0.110940486424269
0.842649423603006,28.0069235474296,89,0.110713980273667
-5.28110513648551,29.7968008137823,100,0.0240746408938116
3.14506558301376,26.652600025419,100,0.0470516542816764
-0.101005324597239,27.0432595929823,95,0.104381005636219
-1.79525522437859,32.1762055483003,100,0.0315031022162856
-2.13588023105838,28.9070565642192,100,0.0642808795958001
0.174509338747888,27.0153184409129,96,0.102595358713841
3.34964813495687,30.2085468993162,100,0.0375502061935695
0.19792270115258,28.6458515189814,100,0.0994451429682695
-0.00417106293011449,8.79574281492199,44,0.00271154057655971
2.6141501832597,8.7501882118571,43,0.0026506432138241
5.47035987629221,18.8142455817601,81,0.00827993681884062
0.0764399019217437,27.8204644338249,93,0.114830267504717
-3.57754896784432,29.3276519503015,100,0.0402410712763443
3.59383144209581,8.7979335071617,42,0.00262173971579827
0.390855049463989,28.0067974635699,89,0.117994714568116
-3.21157224704892,28.750972329485,100,0.047603570873513
0.200977035835082,27.2588747998584,79,0.129798816488548
0.185914122641138,28.0472984503942,90,0.118061198251671
-1.24683775328844,24.0566564432706,100,0.0385647315293693
5.33577791267393,18.8968569043051,82,0.00847949048266882
5.78524183582976,18.8665586442902,65,0.00821191743185619
-0.747137654869302,8.35258072434115,37,0.00259237382368609
-2.42989636526468,24.7659395261152,100,0.039391394894037
3.27343303134629,21.1371310298842,90,0.0151906545145787
5.30632150524375,20.7883680022489,79,0.0114964324102657
2.12433441817326,21.9823858802383,100,0.0204187174039604
-4.88974022056786,31.2680540466341,100,0.0220182014341116
0.200013455514947,27.4881558419399,90,0.116547481238811
-0.261512429315759,33.4844885328176,100,0.0240440329832311
4.12240170857457,18.7718693378313,69,0.00930996600845089
-2.83355519423107,27.3118271777108,100,0.0548489642989622
-0.373003131239308,7.91505455548184,38,0.00248329810725568
0.592901229175718,28.2882025423575,87,0.115810005551159
3.54725031706667,6.41533641171583,28,0.00209991133005151
-0.555457073681699,8.65454336865009,30,0.00268019942153077
-0.131228289236039,27.1371607623432,84,0.119868066532634
1.04333025815454,31.8034867949328,100,0.037691925500967
1.91865792632905,23.5335252254286,100,0.030948899418522
1.19711057345501,8.24521320851855,50,0.00255022402000396
0.359341742604286,8.77821398300158,39,0.0027093527242302
3.01308776915513,8.77121624612476,45,0.00263915928730647
5.41213927008588,20.469770397778,79,0.0107844603917088
5.46645742433667,19.7949765640902,58,0.00983790147166243
5.77371751365506,19.4423376580341,57,0.00902407684723942
-1.900394668216,30.6705460092854,100,0.0467186589709768
-3.15006053301182,26.7743777581986,100,0.0476073913472976
-2.53070428523559,32.6077234653066,100,0.0257502265876974
-0.44723345006532,7.83739796201412,42,0.00246150757312776
5.47270654374606,18.6003228978388,79,0.00803109486205917
-1.18507981341068,7.92450355351453,43,0.00247476540383912
-0.220220306656997,5.85304706769778,21,0.00205166138165932
-5.16832406560243,18.2422227671446,39,0.00806204650477668
7.23462479914271,26.0882701929363,100,0.0152942141364027
-1.88138302484894,28.3703583483046,100,0.072993724252978
0.485728445214693,27.9705265271543,87,0.119776593733103
3.17068087871023,18.8119655261432,58,0.0101375144742443
0.176795069664249,28.6763215625093,89,0.111152838324113
0.949195597442919,27.9722617159443,86,0.1121793194174
2.12679061881943,22.3159617352758,100,0.0221364791141995
5.45215030987346,18.889488911197,62,0.00852375512426964
0.991455584001384,27.9084440775509,87,0.11005685448529
5.70993755739077,20.6625113555763,79,0.0107266190346982
-0.589069090806576,5.97299035186768,35,0.00206678489081356
0.635011271889773,28.2535614951339,88,0.114179249650855
0.186317949411698,27.2337404051912,92,0.110748535214136
-0.531395882036423,6.57455375924978,21,0.00219103065086429
0.283845410579312,28.7231312164519,92,0.10610719035992
5.67246591711362,18.6990203806599,51,0.00818839463964983
0.178704915560988,30.8548968652968,100,0.0529242156842315
0.687122125955785,27.2235915989876,96,0.10121737282028
-2.27720470989661,31.6050085461437,100,0.0343613139165731
-0.819522440409048,7.05125678679453,17,0.00229185466551918
-0.345189065043745,6.21054229041781,38,0.00211160828232707
0.611962105774506,27.9818238877578,87,0.117785087483997
-3.74033744329634,33.2139144807317,100,0.0190322867486009
5.22760961809412,20.7588207758679,73,0.0116315315642434
3.78830004340697,25.7522574194588,100,0.0348431972545909
1.21209222300572,28.5071444126011,100,0.0848365986489959
-0.0832972065519555,28.2019090286919,90,0.11731585956694
4.9051081845059,24.7353969580961,100,0.0228665745964566
7.57702443177003,8.87357901428756,55,0.00235658191323698
5.27200725599656,19.3424353900648,72,0.00921956219555342
-2.00148068037054,30.8130825944753,100,0.0442080303957613
-4.86559048661931,27.1983307521747,100,0.0293993012777518
4.15873602371796,30.9360800212149,100,0.0272845693550041
-0.7121902191214,20.9769152747877,95,0.0171520457102048
0.536263113555826,5.89573916981486,20,0.00205900440108036
5.60736151264624,18.307798064673,78,0.00760967395581424
-0.785785334640039,6.31616319320509,26,0.00213534403962864
5.09766379234147,26.0307397141481,100,0.0254855689582505
-0.548043286835114,8.52512094541162,39,0.00263861510960619
-0.581176770651395,33.3150843142926,100,0.0250104853280858
-3.44922767584867,34.2690396801973,100,0.0159088429259348
-3.39191961239958,23.7987157489076,100,0.0263781338562366
-3.37509556925833,26.6968052052039,100,0.0441536804585446
0.279194636807673,28.5855674892764,88,0.113589816318024
-0.148842227538942,27.8779368376356,99,0.107256630363429
1.65386714863769,18.7266648151713,81,0.010506777290888
5.03335728126035,18.2667502770362,81,0.00791202854877212
5.11660405050421,20.1343757132152,82,0.0105279777505751
-0.0316849444817309,26.0772952789995,100,0.0764266121779677
5.19800143834103,20.9737525918697,88,0.0118824620142561
0.312344431003265,28.6451566585666,99,0.0998692609391774
5.74799842179522,20.5687351914937,80,0.0105129200743818
4.4800249081373,24.7292665236068,100,0.0251377204795976
1.32764315880553,19.0114446943398,81,0.0112255571333681
2.9724541600894,18.1892488682987,65,0.00910881087393028
-0.864135377146066,6.14649328870852,19,0.00210491852521764
-1.86095638650876,24.0674493787769,100,0.03602698220567
0.102017848608541,27.478642891794,94,0.111634740770665
5.35991697110988,20.6351944497968,76,0.0111800069184033
-0.199922078808132,8.70754415794677,38,0.00269103038918228
-0.0158006724170839,27.669558249785,89,0.119932982477106
2.11591988878161,22.358728585708,100,0.0223935567369916
4.46988599101176,18.4311190883802,65,0.00859786224312453
5.78103081515977,18.9009064756552,73,0.00820285205972766
-1.08234852392903,6.16363240124582,29,0.00210190687823604
-0.176959748252969,26.9889345520483,95,0.103164848435188
0.219747687701828,27.1122997035049,90,0.11098539843491
2.14196181000475,31.7663220895094,100,0.0336262180871326
-0.0433036596522316,27.2308164182053,95,0.107523369850621
-0.73130611988709,6.06945842550789,24,0.00208891522828625
-0.453788603912899,28.2482456337517,91,0.112908861808621
-0.119045712539523,28.8297516869045,99,0.0975305747561029
-2.13588023105838,28.9070565642192,100,0.0642808795958001
-0.512154402395497,28.634986813642,91,0.106814865002852
-0.106096979533174,26.8733547031489,88,0.108835653288431
3.39338797543793,18.3570539950843,71,0.00910369125742449
0.887143437351293,28.058263649788,83,0.117276692565964
-1.88588663043947,27.5530812321404,100,0.0737869739051879
-0.0529144434639978,28.80265606943,95,0.102144293288252
0.0435208185717785,27.6317511174695,93,0.114213175708107
-0.456811091212056,8.79271582594139,39,0.00271283456209809
5.434443851437,8.90695216952632,50,0.0025335759213502
1.18735739240739,25.5506996988162,100,0.0600622444487008
0.0292207890095207,27.3046135918923,90,0.114788394430709
5.46699522327606,18.6629987820478,66,0.00819694973452601
-0.683983925759433,28.3705464217279,98,0.100722874346822
0.730850359212895,29.908969754854,100,0.0683603781270852
-0.894775549505272,6.02688405582968,19,0.00208185635358017
0.0309905599454227,28.0909909564525,85,0.125711086871727
-0.609899745972262,27.2820571312457,92,0.107429553059093
0.121325106126016,27.8039625348212,93,0.114692051794431
-0.522682205558165,25.1503983700594,100,0.0570683876759965
-1.28278948848802,32.1981362204346,100,0.0329432257066077
0.49397130300615,28.6505817772792,85,0.114050122114034
4.41665235326053,18.6365520187068,71,0.00888078896925892
-0.271312122467467,6.32819333511935,21,0.00214249050331916
0.387155406877715,27.9606534297118,86,0.122537408851581
0.44594947781886,28.442782593155,92,0.109432326117616
0.906702911691127,28.0356929808747,92,0.105780418657957
-0.117579402592269,27.7142878635795,96,0.110663310797675
2.58728363191494,8.82551868285187,44,0.00267127150296005
0.714898761220613,27.7766112468162,84,0.12020326545131
4.90389776071334,8.66377649773268,44,0.00251324697726115
-0.707011862882696,6.68749770436991,43,0.00220250709684928
-0.975622849466456,18.768486939279,80,0.010807198164998
-1.08192486950639,7.77242455551998,38,0.00244240863351468
-0.46293076547016,7.0941927932298,37,0.00229312893643867
1.17428728552203,28.0321499429522,100,0.0884238792041225
2.52206956367643,30.0442742613445,100,0.0475567890133552
-0.777800737813504,8.37624047404512,38,0.00259759815793436
0.720800665780251,6.1224809142709,33,0.00209514464239125
0.216623826656296,28.558518029396,89,0.113197357943302
0.571159679376277,27.2319090976551,95,0.103914722981195
-0.407744823059009,5.85130304720369,29,0.00204748362771238
3.93912884250621,8.77505825260065,44,0.00259672874410775
2.89771192443559,24.0469887537404,100,0.0304449085493216
-0.869331318465036,6.04989552218634,24,0.00208423954399172
0.38827753810471,27.1805623684533,95,0.105096378675878
-1.61385697185291,27.8312000658277,100,0.0799588278023207
-1.0653481525473,7.58359946152561,21,0.0024077906446477
1.09152553599651,8.8100590736603,44,0.00270680123086297
-2.56163768877606,25.4848220326869,100,0.0452277287142501
0.0962732223523747,27.9288641777252,90,0.118837642321376
-3.40316794248617,23.3989913896903,100,0.0241579873319977
0.92491502706005,26.338134255934,100,0.0764741969506725
-3.23192169828216,27.9009104866548,100,0.0491451400745263
0.961868821261892,6.38104872105922,33,0.00214350956534911
-2.44370858027926,31.9767255023601,100,0.0304785428788617
2.62415648352027,18.755920889023,79,0.0101426095405052
5.87604570609968,18.5828549593801,65,0.00781144646817601
-0.269886351909838,26.899901309541,89,0.107549981077806
0.567150224539163,28.236138316983,86,0.118158458284368
5.16769065377639,20.3062897999883,66,0.0109549141042953
0.0941987849408807,28.6896827797009,99,0.100038035681205
4.42952103788851,8.61749864057172,44,0.00253008860504902
-0.665631892006404,27.3205177446147,93,0.105972147410936
3.6781145606557,18.1828351243347,73,0.0086654387610881
4.07179650570181,33.1307312256978,100,0.0184338221845776
2.80504164914901,29.9990349762043,100,0.0447638711752242
6.16982321095927,31.2183293585763,100,0.0168811142430947
0.385967680509989,27.7991674241522,93,0.112945553610617
7.58294347409874,33.8870516466324,100,0.00964204032798791
-0.18363628150072,27.4610986231919,84,0.125080802027287
0.695581403838706,28.144839670738,88,0.114086686235952
0.50338881566566,28.2367299407997,93,0.109945732998776
0.387767507727713,28.3302397859429,95,0.107859408591118
0.82410114143466,27.8567586522073,95,0.104382360464889
5.66736142760705,20.0662355293114,72,0.00990275356136487
5.51230833229609,18.4134647631976,47,0.0079842282793144
-0.578754300641201,27.4446263394134,96,0.105157779299912
8.05859514083961,23.7774318743944,100,0.0109266438900913
2.52802481035971,32.5868712971306,100,0.0258909458387752
5.25504784182286,18.6130578668232,65,0.00829563505479064
-1.24048727137136,7.6927451123344,21,0.00243126909479248
5.54708231457523,19.5453583573043,65,0.00931749887642462
5.37354245603629,19.1106557229075,66,0.00885358398435858
0.0487074244559903,27.0790554715176,93,0.107351674385664
2.80651641731869,29.9905366443427,100,0.04482002296381
0.438682612022591,28.4812044328364,92,0.108958531314802
-1.16551130147086,26.6807891770334,100,0.0790334479576179
0.222641326488661,27.7520725711192,90,0.118168588775829
0.339009986336955,27.9947451309135,84,0.126043760131839
2.59203310462484,18.3794432295319,65,0.00961316386567912
0.364484444069045,28.5484415318618,88,0.113557638707396
-0.150499425999276,6.36985289434521,28,0.00214775161954989
0.241404547828357,27.1878203290082,92,0.109736183832917
0.827823387573246,20.3815245595035,99,0.0148296727889441
-0.881327554178775,32.9241973428544,100,0.0275396225708442
-0.0321913243929208,27.1760915274424,90,0.112721031728676
0.100384440955236,28.6584775937131,97,0.102599127487829
3.18663213540818,8.66955284714549,42,0.00260704312233205
-0.761920026354508,6.59401529285442,31,0.00218877679611599
1.07565400223807,28.8113322216585,100,0.0836070431319212
-1.17569838131748,6.39077275256761,34,0.00214286916570445
0.0516673723582819,27.4636786417686,88,0.119592602846029
3.12246049188811,18.5666403088652,50,0.00980005303655205
9.20883765047258,5.83475379149515,61,0.00173319357246411
-0.974211574626018,6.5784524057053,21,0.00218862940935328
0.622228659529796,28.2952291422237,85,0.11797295895794
5.63938106913384,20.6951797225107,76,0.0109103631026184
0.483278758027227,28.5855405678616,91,0.108000973304436
2.29987311838677,18.4746410594102,67,0.00990112965539177
-1.2143398264194,6.87153396225226,31,0.00224193529668616
0.226250275940301,26.9947658905373,86,0.113598163421345
0.387767507727713,28.3302397859429,95,0.107859408591118
5.65037276614627,18.3304797928432,77,0.00761249236858156
2.75710158107467,18.6169762035348,58,0.0100241638637111
0.478971659635827,6.01215907911155,27,0.00207808372329149
5.91085882645766,29.4896019940053,100,0.0210566972223213
7.80406576101439,26.0877777250356,100,0.0135227243529876
3.47821656761756,30.8651139680576,100,0.0322349023982183
5.92344983511243,20.3334294717285,72,0.0100144081857083
0.283312716881096,6.08219141257233,33,0.00208939240277069
5.1697999228522,20.1683869099052,85,0.010492325663091
0.0810946509955555,28.3237940489383,89,0.117349728925078
-0.874507965618067,5.9032796866752,27,0.00205542410384839
-1.03780328404227,8.54189376017595,29,0.00264469796533334
-1.52834548327368,23.6639754216322,100,0.033496534869626
-1.83830850908145,25.9330207357965,100,0.0588290962074216
-3.00176914419117,23.4397606420184,100,0.0260003233084352
-1.97863548126318,23.3820160355684,100,0.0295164546273975
-1.24661662684887,7.31231816281347,24,0.00234130041059625
4.54302782874429,25.0616142915855,100,0.0260566070021704
0.0712134484268651,33.2925157293139,100,0.0253775716496144
-3.09653400790707,30.4046282998026,100,0.0385232223172528
-0.229139059584461,26.4498440584168,100,0.083713313366961
-0.708651270576183,27.4454522551817,94,0.105529062863471
-0.980743770915092,8.52316160471084,32,0.00263835556139822
0.10923934486377,29.1129546278058,100,0.0871100371796286
-0.930595735389901,6.16482400847135,32,0.00210215952404611
0.504413895925987,27.072909017564,97,0.100231610907978
0.940997996327773,27.5784733098745,93,0.10345078902307
0.511664666187367,6.46010391513346,28,0.00216463689249927
-0.128032023179327,25.2162922690675,100,0.059125702579348
2.99327528855182,27.6971828036831,100,0.0529447602312367
-5.11757112472893,23.7502256623775,100,0.0188711510582573
-0.261439804012684,28.2992454925686,87,0.119600010228985
1.55608692225696,30.40199154696,100,0.0532542430108139
-0.87218684132278,6.01356521607701,40,0.00207046874316478
2.94609337147956,25.2617691101926,100,0.0394668922558181
3.77326719084028,27.7589874240648,100,0.0414095821509707
5.89145838685772,19.3777241051604,66,0.00875808192216151
5.71639099444271,18.9351774553691,71,0.00830891600274904
-0.340213009947387,28.0585528696763,98,0.106886951444198
4.8276335760235,18.4753879069604,65,0.00841742439656669
-0.630640324865018,8.56405117595661,43,0.00264564234639588
-1.29796923032871,26.4246687194006,100,0.0732630307213277
-0.509363053441243,8.70267344232296,43,0.00268448476792905
-0.578754300641201,27.4446263394134,96,0.105157779299912
0.673496415266293,27.8724689590962,91,0.111672905159317
-0.527306774545624,27.4198522234835,99,0.102313598375319
-0.187135186481449,27.5956294634312,88,0.120386687597718
1.90185625923806,23.5512306795708,100,0.0311582768380666
5.0217566836263,18.4643875882073,58,0.00831809764748606
7.25242021918294,6.5509800939887,36,0.00195608359354372
1.60734913755547,6.23654220415866,47,0.00210167066131553
0.693855135518126,8.5046140908431,42,0.00262977106741823
-0.91159420017156,27.5337052226519,91,0.105940280913265
0.478271929160668,25.8652256603228,100,0.0708526389198975