-0.673237923761081,6.71848359740213,25,0.00221793314246376
0.687684503943507,6.28274117547635,58,0.00211503534052047
-3.51535893972876,18.2195732038282,62,0.00889518230603547
-2.65294999373956,18.1672971409617,38,0.00945970071854899
2.83538906446914,18.2608886276545,29,0.00961472857847281
-7.00123128648155,18.9894944902083,73,0.00735694245204247
-0.660557115634445,7.71772899378537,48,0.00242778433804362
-7.91093893957769,10.1784127965713,100,0.00259628192877468
-0.23391824155933,8.68402222954732,98,0.00264185969934972
0.150181756470389,5.86187190815537,19,0.00205425043524208
-0.795287307965253,8.69698481051375,55,0.00267163950469796
0.194537748783589,19.008946931718,55,0.0117921938457665
-3.40251314890488,18.709575840369,85,0.00954827356605623
-1.91323483413513,18.32295433346,46,0.00998599164357632
-7.69076261528609,18.4321953363079,61,0.00644929810917484
-14.4755618863405,9.72705780329134,100,0.00182384800978364
-5.47181691869527,18.2137489303522,46,0.00778114547971523
-9.59524337717103,18.4123973069281,43,0.00536048616697557
-7.52967653476484,18.3665595599847,83,0.00640837067190448
-10.1560966136617,18.2926126476351,56,0.00497003450238758
3.33906249545551,18.3374471391591,29,0.00946495660265926
-5.76966768907816,18.4700627146682,42,0.00789988030565394
-0.417545262396263,6.13401359506699,36,0.00209754627637946
-5.1380366286881,18.1969675250313,89,0.00771613863713007
5.8740690829341,0.124091737015878,100,0.00122887133003642
-2.82347996222218,18.2670901219177,84,0.0091474009784707
-0.432680117070226,7.04950309457116,86,0.00225827213153858
-2.82326073888504,18.4177325836582,65,0.00956465941785071
1.37087001504735,6.0349120267168,44,0.00206795852594021
-0.545731152456635,18.6517907146638,48,0.0110116756183718
-24.442180099627,10.0568681521819,68,0.00108446146601924
3.91474491454676,5.97819975575359,12,0.00201493675663107
7.58670261840784,6.45772251186111,51,0.00191692273142095
-4.47294832132594,18.7772091141251,78,0.00899055756939598
-8.88862790274256,18.1784969006617,88,0.00548052900780624
-2.92872604007052,18.3485901382425,66,0.00938360392196018
-17.6235701488901,12.7789730719095,100,0.00182493116836835
-8.1311245245509,19.080975080704,50,0.0067064959378259
7.5830624197215,5.84824789601012,76,0.00181628142544071
-0.867489668530813,18.3175056948154,87,0.0098584016231074
-5.09683108961298,18.9700771953138,67,0.0088785197444784
1.13606067904992,6.12383249441188,13,0.00210081237886091
0.675723380699362,19.0623160226024,50,0.0119362237150264
-3.73474181132538,18.4865045505556,73,0.00908802722639873
-3.39737603831839,11.3250037153206,100,0.00339109344212628
3.16167911701902,18.273099522259,47,0.00929976738205228
3.6374091187645,18.6251946258605,65,0.00943964378084528
-0.852032385860671,5.88909345007215,65,0.00203706647457689
-10.9663801352474,18.318946995204,56,0.00459099369470598
-1.89983427842143,18.5393473851451,77,0.0100900055607345
0.0973720765076911,8.39683760487232,84,0.00257616909704385
-1.81024669070077,12.1312730446172,100,0.00383715542062747
5.38983308854045,18.608728924426,65,0.00819267980634182
-1.03469553625473,6.28660731604268,51,0.00211624004026308
-4.20091027434589,11.570335249667,100,0.00341364401365055
-1.55345678065433,18.9163031965258,52,0.0112961104607383
0.126391748280949,18.9146094553558,84,0.011190802421418
5.22309095775137,6.11225411052308,22,0.00198649232151687
2.91675522387693,6.01769117983357,35,0.00204061267840091
-9.0642636104752,9.41304967224786,100,0.00231268711765158
-4.55204946714062,18.4176334263077,67,0.00851036456401409
1.32505639963345,18.8890715167577,78,0.0109942658079611
2.18317607583532,-2.67825027865026,100,0.00105560119044875
-0.854366913997647,7.00468203596368,18,0.00228088258913807
-7.59879479271869,13.1491555659837,100,0.0035200362199703
-4.17174093103447,18.3736640814586,41,0.00889533791221893
-0.941646378762445,18.5042895855742,51,0.0105887179369897
-4.98349772139865,18.6108050887101,88,0.00832592900726827
4.48545246313246,18.8254728020452,29,0.00947281007919361
0.112861329646703,14.3050577716538,100,0.005163057106321
-11.7646691098467,17.0471327478791,100,0.0037699818957191
-0.373160237756718,18.172699645051,87,0.00965176615121286
3.65712475835686,5.9750237360007,25,0.00201701620141623
2.07621294216872,18.8335035720653,42,0.0109996953665077
-7.245191262486,-8.00347497268656,100,0.0007414705277467
2.81784237810491,18.3265599150581,51,0.00953731808057822
-7.0330626558291,18.5500596186909,97,0.00681370777844014
0.212437235562341,18.1219425687533,100,0.00954198824600182
-0.135801486665845,15.18710263655,100,0.00586327685833736
-1.06200472091673,7.65312501596747,79,0.00239064820225664
-0.858116038301503,18.1637732893788,81,0.00963594053417656
-7.1752010724058,15.9900908320424,100,0.00494294379027787
7.30111881782958,6.70557818468982,78,0.00196244206406475
-0.314619343644277,18.4626196311753,46,0.0106457759138284
-2.96071128940539,18.4057214539708,89,0.00926152643787167
-0.718803141676768,18.5764389653879,55,0.0107382401071867
-0.611875576119065,6.1690165424161,11,0.00211448781693061
6.60380795424825,6.64429790974138,30,0.00200936471993334
1.39505136038659,18.8609597812635,78,0.0109108204569228
-8.42426298077629,18.6049753706418,65,0.006095793079021
-1.06642949917519,7.96275019273234,21,0.00249945012292716
-0.289497622689951,6.49956896211044,48,0.00216400745369523
-1.62663522602693,18.2994579193006,75,0.00975852171062642
2.86492015690397,18.3930410245293,65,0.00950069306850022
-4.46780486244082,18.3211261602697,52,0.00854146233205932
-6.5292580701514,18.8232512816153,79,0.0075121674002121
3.31872474851438,18.6745225867704,79,0.00959594978550609
3.38884573130979,18.3195793014755,29,0.00940481768047496
0.834252863112945,5.85655188070625,9,0.00205464074447679
-11.1662955621625,18.2239868069037,36,0.00450321188113808
0.709225505348101,6.17103376934811,11,0.00211430408620583
-1.21028044421877,13.953150690215,100,0.00488279797987605
-0.95248138121507,7.93867460406015,53,0.00247514543276308
12.3162957917903,6.06005145332176,37,0.00158332122044645
-4.93507317313678,18.4670577434638,54,0.00840996721108388
-5.25021366312908,18.4785388802256,44,0.00827124767898993
-2.52155416601882,19.1469534871343,87,0.0108816354447708
4.80460484709702,5.97630859300553,91,0.00195299048482349
-12.9271212295044,18.3623319731417,95,0.00373495788097434
-3.74161071826461,18.3355845625128,59,0.00896549956285371
3.68658361591825,8.73053438945952,20,0.00261454563919341
-6.47299716414912,18.4769761845665,42,0.00740384149589672
1.73717621719428,18.8740918394278,27,0.0114432793733492
-5.91175873081677,18.4057035754302,40,0.00773652609546857
-4.13410481215174,18.7528125930403,77,0.00920342555677524
3.98996971920538,18.1801656698724,73,0.00848579647744403
-3.75115473759403,18.5090433245173,45,0.00935141702487925
-0.0302309222516607,18.5114326557414,51,0.0107042620939244
-0.454807864600545,16.3052743152918,100,0.00696145674267722
0.841561781081219,18.8166809588482,68,0.0110848526034435
-3.9111120983442,18.5006973025655,66,0.00905653722432297
-6.98929164029108,18.1856410927074,98,0.00652876480082303
-2.25892708011724,18.1842797163115,91,0.00919563654063333
-11.4287716681008,15.6322060916651,100,0.00344747951292268
2.66901237392411,18.5002948218819,77,0.00967568625801666
5.64048323448898,19.5495835659465,81,0.00909921309164726
-1.11683176683194,6.41550571793568,64,0.00213461911327754
-1.20261494814825,18.6397530282171,34,0.0110152749805131
-0.871222870548924,7.58008196618865,18,0.00241088624049644
0.371135829680959,18.1963960060966,75,0.00980893477637994
-0.601089111793476,5.96229272958572,61,0.002053700092923
-2.85168365779917,18.4503241470976,45,0.00979447690419838
-0.425359132485823,6.05766694996876,83,0.00206280182337154
-6.67283924389095,18.3349184438421,81,0.00693103937368787
-0.785463205936427,6.75236340537633,24,0.00222468200631027
1.12131707429735,18.3813237190083,47,0.0103383660086276
-11.008711738989,18.1241127878531,100,0.00442665327445063
-6.46459110496822,18.3844289504404,63,0.00720451723874514
3.67941177504822,5.8783623573765,28,0.00199805871021532
-1.32092995633866,18.2165238820846,56,0.00987495120892606
-3.54769829899739,18.9754089218718,52,0.0102411712055319
-16.7400593535315,6.89527051645769,100,0.00137042190988174
0.43630890135264,18.6303400435524,65,0.0107757690400098
-3.78712259955311,14.8849104625706,100,0.00519134477195281
-3.80055907868417,18.4372593556636,50,0.00916115175967621
0.255359578464893,18.2632976812693,50,0.0101950700387585
-6.55306498490628,18.4035942296133,83,0.00706261354461644
-0.124538469252951,18.401965866608,53,0.0104499435629865
-3.73001446873738,19.0622978569567,33,0.0104673333431854
-8.26441031419996,12.486764840365,100,0.00317888372971867
3.25073680559413,18.1645041407667,65,0.00892897850665357
2.02745695595331,18.3451196328911,52,0.00992378061889102
-15.1479740210855,5.88872947206661,100,0.00138474782082061
-3.42064170502031,18.3739643247391,57,0.00923274853901476
2.44211348840101,6.7330738552095,48,0.00218310036651113
-8.32917438115839,19.0966306965553,53,0.00656191885384597
0.361065718524923,6.06375146413523,63,0.00207270343054109
-7.96934505620618,18.6744878526987,89,0.00634084055781912
-3.8601310646268,18.8454942438049,52,0.00977658480976717
-8.42692648685079,18.1560539936548,99,0.00568166829220262
-5.32804004512509,18.6771475598141,59,0.00836564656596283
-7.08430191003154,13.2627780894361,100,0.00366027789739293
6.20472602741801,6.30201949331282,15,0.00197745921512268
-1.04095187125793,8.53273055876434,40,0.00263452063887363
-4.41355014926237,18.519550032406,89,0.00858019136459311
3.21747220816445,6.40480135316623,35,0.00210467958651724
5.19110790071788,18.6730358663896,57,0.00847661507713035
-1.1494828191612,7.87649733828883,100,0.00242947194077805
-12.6148581547689,18.3138595479173,67,0.00387765173121358
6.14154306864415,6.09969735557708,12,0.00194785929366753
11.4606107115037,6.08877123299536,79,0.0016281691249377
-14.2428865691754,14.843357401261,100,0.00261625338430942
-0.464437096975455,6.26459113292706,20,0.00212978137641568
-3.75115473759403,18.5090433245173,45,0.00935141702487925
-1.59372810793799,18.3380895659341,78,0.00981053091495944
-1.15045608199642,8.30937834733563,45,0.00257069621914783
9.56012048621691,24.6316700720327,100,0.00895038814078446
-4.41017340704595,18.6856163644013,49,0.00913720809306002
2.28369021879014,5.876073795486,45,0.00202444071829301
-3.11197469633262,18.6230830683878,66,0.00975335219347092
-4.99094223113116,18.4178535568914,75,0.00816406693352862
-0.390188855764812,8.16056852024629,44,0.00254084705764049
-8.42835335574811,18.2134092665316,56,0.00586102239460014
-16.9648034826706,18.9812991045933,68,0.00267123389120869
-0.785463205936427,6.75236340537633,24,0.00222468200631027
-2.17436880780067,18.6369688676678,55,0.0103932840094516
-5.82411462219783,18.5278086613009,46,0.00790300343500618
5.89106978405883,12.7286006089823,100,0.00365493937038726
-1.74582220779096,18.7997486824359,90,0.0105197334028556
-11.43131062969,18.7346679010079,90,0.00446687603237272
-0.0674284897582033,18.3313103536103,82,0.0100075031431202
-4.82911906306861,18.402860317634,49,0.00843296481359389
-3.96024336518107,12.9016566109976,100,0.00401004860786975
-1.76726889364113,18.8030986036785,49,0.010992140963976
-1.30336774621932,18.3716453908932,53,0.0102090723244689
-16.9447598895103,18.9571747194171,81,0.00266376713340658
-0.946468283422532,6.83925747498671,15,0.00224607870680887
-0.883843449900043,6.05508437962832,61,0.00206914924113381
-15.5558364415885,18.5372691180706,77,0.00296277508958418
-7.940312991134,18.6887415343158,83,0.00639450703907453
-1.93741577935908,19.0333579223904,86,0.0109665949085476
-0.974205362330596,6.76331766253934,48,0.00221350482990772
-4.54342247473831,16.4920743194432,100,0.00625776276993034
-7.32883691268643,18.9870359108114,43,0.00726404879849964
-1.17466017309425,6.39140354995673,37,0.00214162790235805
-20.4206537423304,2.32905617652888,100,0.000926959061737135
-3.81960565839043,16.3947735054823,100,0.00641148347016302
-7.08004379811268,18.4566044913111,75,0.0068038731436221
-2.97407771031327,18.7158449978352,76,0.00990252838404525
0.453709415625646,6.08418148559294,46,0.00208356363205935
-0.476089049996678,-10.780536385623,53,0.000666838170677605
-6.18137345052073,18.3280900130742,81,0.00724158867641037
-4.77521854809227,18.3848440021181,37,0.00853200731635199
2.2191616314961,6.36689171372039,18,0.00212932450570581
7.35851525927286,6.45852421591699,39,0.00193414316711481
-7.10889236137699,18.3783404428044,80,0.00669511401984146
-0.920002630273851,6.45865983736692,51,0.00215091850472249
-0.0318149213052402,8.85868593037241,75,0.00270636791366021
0.194537748783589,19.008946931718,55,0.0117921938457665
-6.13210472797884,8.17031995239337,100,0.00229760472534214
3.6401575595548,6.70539831712836,17,0.00215786414048116
-6.45821329836008,18.6172023562673,42,0.00756076935011948
5.37083992958101,-5.74229934996523,100,0.000856205072850055
-4.28997320422938,18.6190269868143,63,0.00900711888765339
-10.8843000874725,18.5576394407887,56,0.00472755361808747
-6.47299716414912,18.4769761845665,42,0.00740384149589672
-0.993275642602087,9.51214464954048,100,0.00287706247847996
-3.3364275486767,18.4671908027757,49,0.00950743596088887
0.740107115819662,8.81813864549438,100,0.00267316562274835
-1.69346614847897,15.4592386044055,100,0.00600318068902504
2.84325211839512,6.78766919610875,20,0.00219741443737687
-2.81307206891291,18.2226974592393,55,0.00932698395696027
-3.24562640479513,16.854753628768,100,0.00706325727903288
2.70877308571654,18.3679004984433,64,0.00954545807823143
-0.763198792225464,6.69839952237077,69,0.00219178509762513
3.58494608055525,4.35173785338124,100,0.00173777246336908
-0.319476696092547,6.33520160477508,19,0.00214466534814462
-0.178780110392243,18.2979610128894,70,0.0100614567676598
0.906147143462507,18.7027656147323,82,0.0106610174055235
-1.23502192337598,7.36168598407115,11,0.00235983845620189
-6.75536597204394,18.2533770597393,97,0.00673187981397127
-1.84199775615886,18.6736670967986,76,0.0103836365732417
5.41620038831435,-10.7616420252841,61,0.000654423316094295
4.5450824214702,-11.4837187069546,69,0.000634322874776563
1.41199376165862,12.5417562681495,100,0.00405545957378573
-1.98590895455389,18.2806654280163,33,0.0100067883817993
-5.44985979333296,9.07155140725724,100,0.0025467700971433
1.2049085496399,18.7776734260613,65,0.0109452409392159
2.63574939870855,18.6974109708216,69,0.0101292636220804
-0.566507281225653,4.41779208579071,100,0.00178629808067191
0.943403264938177,5.86826614168586,31,0.00204674050294286
-22.2457000402462,18.5397100564068,71,0.001695596333052
0.459135208851882,11.1163040450904,100,0.00344228695666534
0.29294381539464,15.0839154064462,100,0.00577211466898251
-4.52063943843484,18.2311798951876,80,0.00819167491323018
-8.52612877778717,18.8451380382592,47,0.0062662181460638
0.843275685775778,18.6013455485775,49,0.0108392059467977
-8.04929636559738,18.3158221789107,49,0.00618402065885037
-2.83515939538558,15.3588624195491,100,0.00573893137788858
0.396094888256166,18.3538018817591,57,0.0102934465965975
-1.03218586545721,18.793746516177,78,0.0108712468550872
-4.11436176050691,18.7889040565522,78,0.00926473444226759
-0.568115716474787,6.31296204993988,77,0.00211303978807681
3.01267449778158,18.8444515749442,49,0.0103972147080497
-10.3439597612244,18.7072713142606,70,0.00503287553344813
-6.2701085653707,18.759442452807,50,0.00780896749148786
4.84254557159961,6.55389564306804,21,0.00208136475076947
-2.13622020691133,18.6175624346261,51,0.0104155889471609
-2.73649239030186,18.941571818514,66,0.0105764374816956
-0.464372134710398,13.8369060389117,100,0.00483562582187552
3.15195196510339,18.2512369813969,85,0.00895352316400415
5.28177589090565,6.02530366755946,24,0.00196848035073307
-1.82396788469122,18.2156604484027,96,0.0093576022954953
-0.656092444064944,18.4893322910998,77,0.010323749491054
-7.57975254288129,18.330706308274,68,0.00641088762737436
-8.41947895177618,18.2493689113985,41,0.0059425965341986
-3.81041856646275,18.5524342047417,98,0.00893862131056391
-7.32787653943642,18.2811753168868,40,0.00664998262978734
-15.2967122285048,18.5721335750007,91,0.0030277539882869
24.5167080224537,1.28673551700339,81,0.000759720220219585
0.332116486475422,18.7521877776203,57,0.0111500052434763
-0.190466435950771,6.30501710970705,11,0.00214266809878359
-4.71281895236872,11.4595009198719,100,0.00332084068275982
-0.958433551621207,6.557098293787,29,0.00218061669538147
1.3866839135184,5.82785750059731,65,0.00202104453147921
2.32664822129781,18.177600669463,96,0.00911684398560108
-9.41710305541259,18.4454414283582,50,0.00545732334652781
-0.181710977474092,18.3364189787201,67,0.0101671320372862
-4.94274661312971,19.1245665666561,61,0.00927978367911496
-3.51535893972876,18.2195732038282,62,0.00889518230603547
3.27330063398679,10.7807199029581,100,0.00320143917310715
6.14154306864415,6.09969735557708,12,0.00194785929366753
-1.41977179507505,-11.1209746713933,89,0.000652984686390499
-2.02551275397869,19.0854257567728,70,0.0112336145385587
-9.85954048605844,18.7021945820714,71,0.00528821921460633
-0.178040742329036,18.5498712549423,27,0.0110700035846721
-1.75238349286923,18.3401848832443,85,0.0096972275679922
-0.3736645217932,8.61904914364046,86,0.00263225522294848
-5.76966768907816,18.4700627146682,42,0.00789988030565394
-1.99819393659313,18.5017505534012,73,0.0100206683989158
1.21978410657697,6.39908198484448,11,0.00215464806407265
-0.0218313405106823,26.8943030930485,88,0.109451876760555
2.8454724144074,21.0333683053947,99,0.0152631006233549
0.61406466076226,6.31569602748062,10,0.00214367622144605
-0.883416020974567,6.61898545738945,15,0.00220063341318904
1.75183508785516,5.95399815107931,63,0.00203999622405794
-6.50435736348067,17.0941114887311,100,0.00594747323368572
-3.22806683718432,6.1991768994905,100,0.00204262463495737
-5.91170192623535,8.04393707453892,100,0.00228532488310385
-8.17159821610523,-10.8187586501551,37,0.000637951213102388
-0.549422903391355,6.5312823615598,96,0.00214698344210371
0.9927004608304,5.87229387075887,65,0.00203293344229034
-1.88656139497547,18.2731472704771,85,0.00953365599713565
13.0527090334435,6.11521516843406,64,0.00153712867145344
0.467536988619326,6.36387580561937,72,0.00212559695045792
-1.07963607866161,7.44823700768676,75,0.00234600180215477
-1.54390281521782,10.255157923719,100,0.00310309782521852
-0.114056316035143,18.6171770664101,75,0.0106534132585513
-5.77028547425821,18.5754135443678,48,0.00798570949959496
-1.8539862463689,18.4642910844022,96,0.00978082786326421
-2.93636918265788,18.2023916819888,62,0.00917292059896644
-0.914972948694541,18.2796452025293,66,0.00998551570203407
-0.240623811221424,8.79933480635009,57,0.00270259337383392
-0.967394696756048,8.17852528107126,15,0.00255920762518076
0.540994621013375,15.6195321970009,100,0.00624793110432683
-6.430576259894,18.3822432174301,52,0.00728307662377999
-0.998763736104857,6.68379574348593,27,0.00220710358917299
1.73717621719428,18.8740918394278,27,0.0114432793733492
-0.319476696092547,6.33520160477508,19,0.00214466534814462
2.49324892288609,13.9778792895865,100,0.00478778440013661
0.974556500484932,14.6098904974656,100,0.00536339950403358
-11.3029528622937,18.3749358470016,52,0.00446732450372836
-4.77521854809227,18.3848440021181,37,0.00853200731635199
1.89560004529868,6.21233183916344,10,0.00210895120100426
-10.2715419302458,14.4411100432963,100,0.00338403351181953
-3.3492672196027,18.4857272849246,87,0.00919804541144508
-16.2755732200139,9.16459660188788,100,0.00160164110710178
-17.4305778290007,18.6278142502045,78,0.00251393906178281
3.40029002949979,6.7436770475952,33,0.0021658417132587
1.48487273075317,8.75862115194967,68,0.00266797766227987
-17.2158835895207,11.6402350004643,100,0.00175620837507269
-1.78664968628588,18.2183617565222,50,0.00979641711748666
4.75573646775779,18.3425865415301,64,0.00829719130275617
-4.03915045080984,18.4574924151254,78,0.00881475676629891
0.709225505348101,6.17103376934811,11,0.00211430408620583
-6.59529571233752,18.5432332680739,65,0.0072608935505579
-0.941068358273978,18.8600557036377,30,0.0116539451377349
2.66450703270347,18.6309597959823,29,0.0104059797177659
-12.4062058784256,18.5413525579019,62,0.00403428875677744
-3.51535893972876,18.2195732038282,62,0.00889518230603547
-0.825879262296034,18.2945489729007,47,0.0102244708332161
-8.87046550916042,18.3713077209371,80,0.00562920771820185
3.82752537102167,18.4605650121449,53,0.00915553376332175
-3.11197469633262,18.6230830683878,66,0.00975335219347092
-10.6804512606946,18.3227428578118,80,0.00467386066790241
3.20870116765519,-11.3154229484332,41,0.000645116610535944
-10.4497208990556,18.3544092413867,63,0.00483611804946877
-0.89546004605141,8.40149341526806,18,0.00261653784320994
-10.9323793402001,18.7670944341748,92,0.00470984251121111
-8.52165383805193,18.6280400508097,53,0.0060949042249995
-0.537095964555161,8.72241519622231,18,0.00270794349120679
7.79754290392815,6.27544430750044,55,0.00187564803204326
-0.288905205174518,6.76950013452053,65,0.00221069820692367
-6.53541303834673,18.4023368766635,42,0.00728420232095005
-9.97353145007087,18.2754821932187,100,0.00494415573624802
0.353024429759513,6.13423957480597,8,0.00211020330191786
-2.90569799273293,18.6330824839145,70,0.00985193587794103
-10.0993710286665,9.09188258737124,100,0.00215430459287477
-0.4053047260319,6.31394839183544,11,0.00214384852832751
-4.28900742810089,18.7968986381442,69,0.00922860046852552
-0.525035216139171,18.7728000750977,76,0.0109437537389055
-6.90262160455069,18.8293592911784,79,0.00724522295542936
11.3073283832934,6.08449514294218,53,0.00164397134900681
-5.12879809933454,18.4573707501925,51,0.00828237964797984
-4.10909838778517,18.5848226603973,47,0.00921340299856446
1.01915486101316,18.782018469252,99,0.0106076189213543
-0.192705354464388,6.17840450766289,68,0.00209256106375009
-5.30898466405897,18.5821200790314,65,0.00821771650237397
-9.30123570196197,14.0115524759072,100,0.00346947901345229
-6.47299716414912,18.4769761845665,42,0.00740384149589672
-10.0521409562473,18.2602209682622,88,0.00492790419962127
1.39195391807488,6.27061140218443,38,0.00211508787105572
1.37257486597036,18.7305207318199,27,0.0112543010006723
4.56313911469247,18.4197049466583,80,0.00841285283463213
-4.18615885843704,18.2043785965253,62,0.00848321648219933
-8.85185477468847,0.87496182063857,100,0.0012247167724267
-2.80560493156114,18.4307554919257,87,0.0093979329749585
1.36055046332654,18.3553930455439,64,0.0100489238644912
-7.63690760874348,18.3752951107602,67,0.00641410372960451
1.13606067904992,6.12383249441188,13,0.00210081237886091
-0.599798019206058,6.51417777803077,69,0.00215583383622938
-6.2701085653707,18.759442452807,50,0.00780896749148786
1.34485962910252,18.6518388855259,49,0.010819859935082
-8.75824656873907,18.8021570037008,80,0.00596392573364765
0.0957946944892452,6.50016708419114,85,0.00214728008799788
5.30606877138472,21.9345453890574,100,0.0136647444643172
2.88796635634261,18.1788546544382,29,0.00944377545877629
0.615250940591279,18.7446856516711,48,0.0112118911166313
-3.46702000414539,18.3977482608151,57,0.00924395338420724
-0.986508989567985,8.34729988929513,80,0.00255971892668651
-0.773890871926623,6.75783093495824,52,0.00221212704659963
-7.12247753711993,18.965712956778,86,0.00717560804373631
-4.07278112235543,18.8469526885281,87,0.00930701412300491
-0.785215528721107,7.63736374695587,46,0.00240892712219805
5.90282464502366,19.2260767591151,72,0.00850989161938901
3.33906249545551,18.3374471391591,29,0.00946495660265926
-1.10568876723678,6.45490774005435,87,0.0021319487519729
-4.09626958912437,18.3680926277239,81,0.00862811347382827
-11.7417948513558,-10.3234984005351,100,0.000622725235650556
0.133762849366729,5.81498781218119,13,0.00204810615910108
3.33906249545551,18.3374471391591,29,0.00946495660265926
-11.2660639996439,18.7564463290507,94,0.00454292726136194
-0.319476696092547,6.33520160477508,19,0.00214466534814462
0.194537748783589,19.008946931718,55,0.0117921938457665
-4.82439069478313,18.6156560871976,37,0.00882172700055521
-3.70571819634843,18.1705816601281,78,0.00859533902131414
-6.47299716414912,18.4769761845665,42,0.00740384149589672
0.0583723810430663,8.89330927627517,54,0.00273159379300919
-4.51437493339892,-2.61562239417305,100,0.00104262298664782
3.86750056765478,18.1867561293942,32,0.00887672842312898
2.34720115738275,9.81166429492768,100,0.00293085483350874
-0.41385298237946,6.47679362219014,14,0.00217501643985448
3.4057911253974,6.60575649850821,14,0.00214732444386407
-0.599807895299488,8.29853295461659,52,0.00256963643757156
-6.1417329984031,18.4734548834568,73,0.00745977425007241
-1.71646301213646,18.8698429068171,65,0.0109658272196549
-14.6478416961302,18.808794393353,84,0.00327003674687857
-0.729928668441988,18.5623886286965,80,0.0104272727449567
2.62907547532211,6.28438780446961,39,0.00209523511787188
-0.470286699004448,5.8577394734482,14,0.00205475503683264
-5.63530281390811,18.5224346898851,72,0.00786962590938057
-0.967394696756048,8.17852528107126,15,0.00255920762518076
-2.58928305134453,8.72330589790361,100,0.00261188160672083
-0.936988714275353,6.9241393790645,62,0.00224043972227635
0.969526172223784,18.1950606594494,59,0.00988377451669068
-9.51752186324702,13.9759260086762,100,0.00340964052843332
1.37257486597036,18.7305207318199,27,0.0112543010006723
-1.01103720832357,14.149918357906,100,0.00502706013444714
4.51960975210369,13.3923389391552,100,0.0041722845177374
1.44038941240638,15.1409144960508,100,0.00575432613458906
6.08522051785878,6.27781343911066,52,0.00196473293471041
-3.65163279556023,12.0650805686089,100,0.00366630816354277
-3.73474181132538,18.4865045505556,73,0.00908802722639873
0.183036126658846,18.8053697104026,100,0.0107592580174176
-1.4115563120369,18.380076190832,78,0.00994175345672624
4.31232252835774,18.4070641246413,28,0.0089542760474265
0.843275685775778,18.6013455485775,49,0.0108392059467977
-2.82380536695262,18.3318615817323,46,0.00958921261594003
-6.2944178946893,18.6626181498477,42,0.00773184343030876
5.19110790071788,18.6730358663896,57,0.00847661507713035
-0.54479112358409,6.62861814534528,46,0.00218999595445864
-0.977657449899156,18.3012693801207,87,0.00980875177834831
-0.819024532094488,8.20744254379269,47,0.00254748908847099
-0.475682732771855,-7.00715090863638,100,0.000815706152569155
-0.21519470920743,6.08889579292249,47,0.00208471403796839
0.628424173164607,12.2126215017271,100,0.00391887850794668
-16.3081060055236,10.3761650683077,100,0.00171944497714373
-5.82411462219783,18.5278086613009,46,0.00790300343500618
-10.3521911794597,18.9669897976496,84,0.00511308943490263
4.45342445908521,18.6574734362499,54,0.00902175078550537
-3.93569210119688,18.4097141571623,84,0.00876255750867511
-2.13732599407012,18.8981501624829,81,0.0106489393567345
-3.75023304064356,18.2218537078035,75,0.00866679294579045
-0.642697474650837,6.4307687582283,34,0.00215527007031973
1.26726072126043,18.5172411503389,79,0.0102336144893947
-0.581828485389286,18.5699515481867,48,0.0108263203441771
5.36772951330402,5.91788982762274,97,0.00191966600599315
-5.82411462219783,18.5278086613009,46,0.00790300343500618
0.446280197689133,18.6878262682946,77,0.0107582862185595
-10.4425803021718,18.2532646795823,72,0.00477414495069995
-3.20937273205196,-11.2594237503276,79,0.00064535819796149
-4.92437495877263,18.5666915352582,38,0.00867009266142393
-0.41385298237946,6.47679362219014,14,0.00217501643985448
0.667499978881424,18.1524061990222,60,0.00984175175363314
8.31456570958378,5.99393558055814,23,0.0018164914242544
2.54970382107658,6.25047382737031,17,0.00210027987548507
3.86750056765478,18.1867561293942,32,0.00887672842312898
-8.96431601206899,18.2226669364082,81,0.00548660807981336
3.93481737234553,18.3874453364683,67,0.00886238109628442
-9.05923807989814,18.7852617138514,84,0.00575559114342199
4.22765780276765,6.47723280900993,20,0.00209183283083621
1.94284679793997,12.5416096042142,100,0.00402630628785676
3.33906249545551,18.3374471391591,29,0.00946495660265926
-5.73945908535914,18.8532130579103,55,0.00829965998282546
-9.21414956647014,-10.7559396349657,57,0.000631796636183973
-3.21464642507573,18.4132062360808,80,0.00921657172638266
-1.14088262852922,9.41648905468765,100,0.00284566835692913
4.70877090948718,6.49341747739985,14,0.00207875495535279
-1.55345678065433,18.9163031965258,52,0.0112961104607383
-0.446255558514319,7.93910584214693,58,0.00247652621882567
4.8990176977953,18.1856361503828,75,0.00793533639243471
0.467256552652592,6.42120394952191,43,0.00215010163700472
6.08522051785878,6.27781343911066,52,0.00196473293471041
-4.35735508568918,14.2650853266694,100,0.00467851907295728
-0.190208424775249,5.954763909281,47,0.00205960204876428
-2.10373055049509,18.9557769883557,68,0.0109368652012881
0.601212104677433,18.9125151057759,78,0.0112180493710789
2.45254211959227,5.85892068413802,9,0.00203285983147387
-1.19494376773105,7.87363246100852,49,0.00245861429199998
-6.50218119374856,18.8498545485077,78,0.00756519200636981
-5.03123704571361,18.2044778921673,65,0.00793856700554527
-0.941068358273978,18.8600557036377,30,0.0116539451377349
-2.18323183045237,18.44672445727,78,0.00979426900289308
5.28177589090565,6.02530366755946,24,0.00196848035073307
4.33140972564412,6.71989934130067,46,0.00212215904786367
1.86055671676371,6.28309545378778,24,0.00211694508344501
-6.34968190747646,18.8711634139974,42,0.0079213654866024
2.27025989584065,6.49415396435407,10,0.00215699812493624
4.04880697735003,5.98466714113017,12,0.00201175633219349
-11.8742096275311,17.5489659095699,100,0.00388740876662226
-1.14339092105102,18.8045485522123,51,0.0111942062074484
1.89236863270394,13.991433115932,100,0.00485782401490696
3.87766042969041,6.29603709459625,31,0.00206571005583282
2.30738720798173,18.4285564498846,52,0.00996011227358991
-1.64508646170193,19.1355426153233,86,0.0113192558388327
-6.23744909898556,18.1652962594477,49,0.00720886906420936
-5.82411462219783,18.5278086613009,46,0.00790300343500618
-0.840429668579155,6.79839092562964,77,0.00220774552223925
-3.85664400814964,18.5946321859748,48,0.00939455434425344
-5.64275560078411,18.5807546082871,73,0.00792587586786376
2.81784237810491,18.3265599150581,51,0.00953731808057822
-5.14396613944985,18.974304173504,98,0.00861037645504225
-5.88519597993081,9.8703037689178,100,0.00271584028223946
0.635187640550733,18.8877997402444,52,0.0114906845125184
-13.0538956905052,12.6091051309341,100,0.00242170224129903
-10.3596030363544,18.9914545096792,90,0.00510476523806254
4.79224852591113,5.99698392098782,26,0.00198211280220387
-4.04519002458761,18.7796048080959,45,0.00959319269617631
2.90416549743699,18.2299086594912,53,0.00931119166133954
-5.12879809933454,18.4573707501925,51,0.00828237964797984
2.83538906446914,18.2608886276545,29,0.00961472857847281
-19.262249161779,18.2119457855831,69,0.00211889528369984
6.20472602741801,6.30201949331282,15,0.00197745921512268
4.95884606325149,5.92379139483609,18,0.0019664035258405
4.35912962636045,5.87547274882093,25,0.0019771567759769
-9.3200395749532,18.7039365542644,78,0.00557350638306424
1.32505639963345,18.8890715167577,78,0.0109942658079611
2.70877308571654,18.3679004984433,64,0.00954545807823143
-1.76726889364113,18.8030986036785,49,0.010992140963976
8.25110979167184,16.8241717518133,100,0.00500504020858318
-1.22367175700052,6.86202842343057,65,0.00222288868737687
1.02153810540218,18.2465249806167,64,0.00992189450485832
-0.581882056371526,8.15926979071174,52,0.00253416658598018
0.145446356184853,8.26224405602187,90,0.00253779647901415
-2.67927811131138,18.5709175018496,86,0.00970972349458742
-4.85074614501564,18.4289569823064,58,0.00838935879443642
0.0288598521647365,6.75036995897839,23,0.00222781409651822
-4.79157436615498,18.4282814898982,40,0.00855865335276136
3.31562196160004,15.6741928184624,100,0.00590254782754463
-2.82380536695262,18.3318615817323,46,0.00958921261594003
-0.588469753446069,18.7347307877454,75,0.0108647953795239
0.524179287163534,19.0255967416222,67,0.0116354455600811
-3.41105645694534,18.57926443594,43,0.00970955820060664
-0.700202583006916,6.24388136669941,49,0.00211148071487973
-0.993330893303476,6.78569632618751,52,0.002215987572575
-0.0402253513341853,17.9744950337234,100,0.00928934122214801
-6.30527880998408,18.2984865556225,74,0.00716826797756012
0.672193249815034,6.33857725242166,10,0.00214786932049076
-0.491706563355299,8.33957968646057,26,0.00259849713070174
-6.82015384053655,18.6981518132494,56,0.00730046341654471
-13.6784521569819,3.18296303339941,100,0.00124066677694313
-9.15810554557853,18.2783227535066,35,0.00555234386871922
-9.68548969580873,-3.94157044804727,100,0.000896757884919373
3.33906249545551,18.3374471391591,29,0.00946495660265926
-0.600411427869772,18.5512118112259,84,0.0103801157078784
-7.96130193256091,16.5827598853425,100,0.00498784595409505
-3.16514191769257,18.1871574124802,76,0.00892005634248323
-1.18304991158779,18.8001548115756,54,0.0111353868706734
-6.48993655784032,14.1590750979112,100,0.00417067254041621
-0.321341653433967,8.1074543957994,90,0.00249864986339718
1.81772060912731,6.2373322236,15,0.00211283238079323
2.64330592807039,6.12238196737278,23,0.00207139763643003
-12.3924249580678,18.2199788253516,58,0.00394902548007163
2.83538906446914,18.2608886276545,29,0.00961472857847281
-0.934254039013905,18.3242348987341,83,0.00989822486737199
5.50783330811533,18.8306944467265,70,0.00834808829183933
18.2035069270315,5.99654722663212,93,0.00122005784510711
-4.00768759653766,18.2309179345642,80,0.00849577385613374
5.98140341655254,6.19786096410625,32,0.0019639420463652
0.231577392181548,6.68167874677674,47,0.00220153627767027
-2.7410734380632,8.38476282170105,100,0.00252049488969823
-0.711288437262119,8.339776959922,100,0.0025478077988927
-1.56575815288434,18.1999552459124,78,0.00957002456363747
-11.0928313093144,18.3245035264161,94,0.00445829153886112
-20.5271076102399,13.7948356485728,100,0.00158950479511807
-9.59524337717103,18.4123973069281,43,0.00536048616697557
1.69369762160841,18.3654319919282,28,0.0103369963341278
-1.17992230022583,8.4926278336085,21,0.00263479485606028
-3.79289647878623,0.0744869822015495,100,0.00125566545067258
-0.115319790005418,18.8629735307494,47,0.0115496084511886
-0.911224893236606,6.49214591644575,37,0.00216417739041435
-24.9694621711932,9.04928024765733,86,0.00101331012102271
0.0738898933239338,18.6874817053214,86,0.0106764351043546
12.150651620413,6.67636275644853,38,0.00166351104467861
3.6401575595548,6.70539831712836,17,0.00215786414048116
4.95884606325149,5.92379139483609,18,0.0019664035258405
-11.7709632277489,18.3947150951437,100,0.00418284751069441
-7.27599185741855,18.4299296884389,80,0.00663171348259615
-5.26995545735289,18.5794662332517,67,0.00822878145055746
-6.31761174032712,16.6953720779243,100,0.00573099632252791
0.154272761179099,8.89784398817099,81,0.00271271020209157
1.2694537988885,18.8654971481646,31,0.0115559074796153
-3.2090302211662,18.4751365339761,52,0.00956958553480292
3.20800966253679,18.3473450563142,67,0.00922454402981876
-6.15409553202723,17.4643420703761,100,0.00641563196220587
-6.08408695398259,18.7773150326048,58,0.00792175023025648
14.796034439455,6.43257055391579,68,0.00145812698008954
-0.680679872526976,7.96156286128244,31,0.00249712015557365
-0.321477396885644,18.2420382177623,29,0.0103698608905116
-6.30731061974781,18.3511664206728,90,0.00713650636258177
-1.14339092105102,18.8045485522123,51,0.0111942062074484
2.08114527218855,6.26040654763989,42,0.00210071681645646
-2.16764556095701,18.8602195256908,65,0.0107390645138539
4.36826944072615,6.09090415383247,30,0.0020123553949227
-2.48227655268581,9.64019804150238,100,0.00287299429643788
-3.98375184945425,18.9461731703835,81,0.00958316860585165
-6.71737979761723,18.5958355051888,68,0.00721126977937272
-6.95558847947938,10.121395076691,100,0.00268108620236673
-2.95750462414347,16.8257665263841,100,0.0071210152203913
-0.345938578383885,18.2649372624374,45,0.0102448920214743
4.84254557159961,6.55389564306804,21,0.00208136475076947
4.52133212857999,18.5684952508128,29,0.00904171637045149
-9.31313716154898,11.9356918712756,100,0.00285503443955116
2.6596245770091,19.0403168037155,67,0.0108127729962774
-7.32883691268643,18.9870359108114,43,0.00726404879849964
3.62122230053013,18.4096316848145,53,0.00920411379024711
-5.12879809933454,18.4573707501925,51,0.00828237964797984
-1.19688523595616,18.2559641835987,56,0.00998056023451434
-2.53106694390799,18.3925407400852,65,0.00966524564502311
-5.64275560078411,18.5807546082871,73,0.00792587586786376
-0.903602711610597,8.03557679142471,43,0.00250579935098673
-4.12719958916801,18.9651281011849,78,0.00953511472823318
-6.82943789033485,8.97393143025519,100,0.00241971104348342
-2.1317053074752,10.8573458769868,100,0.00329405243204322
-3.96291229660143,19.1070990009138,48,0.0101998576175695
-3.30987723539446,18.8341580253403,67,0.00999556000086933
-0.0830360118953843,6.44205406553698,11,0.00217018956726644
1.36055046332654,18.3553930455439,64,0.0100489238644912
5.16004211785557,6.78320876626398,83,0.00208285489920707
1.09398869635342,6.4129882199347,38,0.00214626756012715
-5.3369871626768,18.1763538032931,48,0.00781363722236213
2.64015463566604,17.225487927342,100,0.0076928669975909
-0.259205543290506,18.4972971766863,55,0.0106211759404235
-6.47299716414912,18.4769761845665,42,0.00740384149589672
-0.723113249696639,8.30002738205036,87,0.00254605322771775
-10.0676543859662,18.2457212310722,68,0.00496236580326952
-4.47936823497887,18.9074974070975,83,0.00913783016664981
-0.190860629588352,18.3580590213979,69,0.0101887158144698
-4.19958353185808,18.1751042521067,43,0.00857201792950405
-0.402834978111851,18.2310929891306,41,0.0102141993413947
-6.45611013502919,16.6561782576019,100,0.0056453902850336
-0.594192299564424,8.51312814227983,60,0.00262052218626466
-0.247628081963662,18.4446091884966,32,0.0107717790509997
2.56155248718126,18.2881719756387,52,0.00958716687902717
10.8119183901366,6.24009145138801,93,0.00168188079092654
1.28160522939644,8.71347946585353,60,0.00266538669107266
2.80003009561161,-10.8313515514575,83,0.000660433285419296
0.398312300274968,5.96843442838502,35,0.00206673741993366
-2.90227262642972,18.8719507823723,100,0.00998687417338374
1.73717621719428,18.8740918394278,27,0.0114432793733492
-17.8124002229694,18.6223074315695,72,0.00243462781858841
3.33906249545551,18.3374471391591,29,0.00946495660265926
-3.46702000414539,18.3977482608151,57,0.00924395338420724
3.51968549913406,18.6898692445529,73,0.00955081105419005
-10.4677996895614,16.3054418113502,100,0.00395237851707107
24.5061052135522,-2.56822519569959,67,0.000651847017418282
2.03976135217768,6.3900631156743,88,0.00210582671688525
4.73227423152438,6.26442937107431,24,0.00203203517458437
3.50631602129627,8.86725306208624,96,0.00260710896081541
6.0532324654722,5.8793608027166,26,0.00191078378589603
5.39354306939689,6.2059926592131,82,0.00197183874901097
-8.24770041056275,18.4889590688933,68,0.00611377244816034
-5.11940375508602,18.8006238605866,85,0.00849588923373447
0.0971676060931124,8.85521217964823,45,0.00272747574700645
-0.828711174804478,8.0890664288335,68,0.00250421683688496
-5.73220848091457,-11.4687189927282,64,0.000630117914264713
-8.62601106363846,18.6701245401162,45,0.00608696104149654
-6.91233655210182,18.6518953843245,83,0.00705251708217953
2.54093508770314,6.33714161032769,17,0.00211710118536984
0.660321186948565,18.9804991733194,52,0.0117089840169023
-3.75115473759403,18.5090433245173,45,0.00935141702487925
2.59922036243273,6.14018982995419,22,0.00207614992931102
-5.04115998919609,13.4515740810313,100,0.0041160284769476
0.907275234927908,17.0566253215561,100,0.00784536749008438
0.736032639341267,11.2707256924503,100,0.00350032486850771
0.26793870212152,18.5372834941233,55,0.0107056206259122
1.74224633703963,18.3173094611405,28,0.010222549871908
3.33906249545551,18.3374471391591,29,0.00946495660265926
-3.44016711593225,7.83883996927403,100,0.00236612420211465
-4.85064894669344,18.3219387212529,41,0.00836624172424207
-0.85706970168544,18.2292096028761,45,0.0101100482455935
-0.123665621829832,18.307447582231,60,0.0101842159992651
1.83521515437473,5.97657924000589,8,0.00206608494344873
-0.164027794209274,18.5006491120146,82,0.0103360788991319
-9.30936432895081,16.0533309070993,100,0.00423743391070712
-8.17132983218858,19.0018276483446,72,0.00652057350895196
9.6172244483623,6.28641764150719,54,0.00177221763674861
1.5923170117145,6.10439869885957,47,0.00207685858691184
-13.1844769056262,18.8044520719192,65,0.00379857289258538
-10.6794084993313,18.4514372543894,60,0.0047733819318079
6.69749791122999,14.3858508632525,100,0.00423113011394285
-10.5795930553353,18.4582942934099,98,0.0047383462141896
-1.80509537316769,18.9706009143316,52,0.0113118643721022
-2.82796824219098,18.5183396722246,84,0.00956131613958554
2.24876435155058,18.279998598181,65,0.00959158580383615
5.63262874068651,6.07416765819101,13,0.00196616681900139
5.49192451011972,20.1110216021588,98,0.00990804793570063
3.33906249545551,18.3374471391591,29,0.00946495660265926
-7.38912908205871,18.2256930153542,87,0.00636764573543513
-5.42005572626999,18.6848980204364,74,0.00820457764120231
3.4877184674232,6.23844503634873,86,0.00204411085453034
-0.184141826238366,6.18804903052898,36,0.00210853946796909
-2.91450074522848,18.2083430289927,45,0.00933936571074364
-4.22897772051507,19.0400469969734,81,0.00955122392638853
-0.770655805876624,18.5130475077579,33,0.010847924322656
-5.82859251508453,2.48579741484957,100,0.00145393985034353
-1.51718011742303,16.6918623054785,100,0.00730152241457106
-7.26795945963056,15.2555318692006,100,0.00451206515560409
-4.14059525136314,19.1041538651269,76,0.00977211311790938
3.33906249545551,18.3374471391591,29,0.00946495660265926
1.36055046332654,18.3553930455439,64,0.0100489238644912
-11.3149971539456,8.461297331219,100,0.00194443666614193
3.33906249545551,18.3374471391591,29,0.00946495660265926
-3.0938950512775,18.3277509967151,58,0.00933179510463029
1.37488123669612,6.5296906263269,67,0.00215273149399796
0.073182790353526,18.679623473306,80,0.0107286513927325
3.03304647704944,18.7895101502706,56,0.0102044381171275
-5.76209178200831,18.6350624481524,71,0.00791609097727628
-0.871222870548924,7.58008196618865,18,0.00241088624049644
7.95745019692359,-10.9454846827852,55,0.000634645192845142
-2.82380536695262,18.3318615817323,46,0.00958921261594003
-7.61987811777879,18.3933420242347,88,0.00635305632986449
0.774191269070375,18.2927138464597,79,0.00990520876645093
-1.47582058998222,12.4659473642944,100,0.00401454951180668
-4.09626958912437,18.3680926277239,81,0.00862811347382827
11.6785683018624,-8.28107086500465,100,0.000688441480637054
1.19349064815831,18.2249823090983,27,0.0102162994440063
-1.14339092105102,18.8045485522123,51,0.0111942062074484
-5.82411462219783,18.5278086613009,46,0.00790300343500618
1.27477330400449,18.6681130796171,48,0.0108885549085937
-0.686035222568497,6.78771807986439,97,0.0021970064870655
0.0288598521647365,6.75036995897839,23,0.00222781409651822
-2.20905844118236,18.738285755519,78,0.0103296014736798
-5.12903525728174,18.4791764221829,48,0.00833117833101375
-0.55666391502308,6.42781599944131,30,0.00215702095619907
-12.3915929796583,18.3738502635309,78,0.003964115870116
-0.841956534699738,7.33754324400234,19,0.00235442670762226
-3.2340210208626,18.5577046284529,77,0.00946829972742549
-0.143560324518784,18.2428648135684,69,0.0099666447098
2.54970382107658,6.25047382737031,17,0.00210027987548507
-0.444089300127733,6.28831442100719,65,0.00211421340062886
-1.23502192337598,7.36168598407115,11,0.00235983845620189
-9.6200232710966,17.016081704519,100,0.00454414884231061
-24.3882661400935,12.671211443732,85,0.00119771184720716
-6.60200115714309,18.6324667208967,90,0.00721201016021438
1.83521515437473,5.97657924000589,8,0.00206608494344873
2.13711827420833,8.55296923658575,66,0.00259822977524134
-1.14339092105102,18.8045485522123,51,0.0111942062074484
-2.35395430560042,18.4891338394825,78,0.00979639224853501
-1.06070763541728,8.03248944672655,42,0.00250372252849629
-2.95575196115333,18.7560202899735,71,0.0100358864850814
-0.861958729217768,8.16877365668025,23,0.00255273284594326
-1.15639299325081,18.2785426929384,50,0.0100942549905614
-9.30936432895081,16.0533309070993,100,0.00423743391070712
-0.841110969058392,18.2452371992794,51,0.0100830951955743
0.263867795991482,8.51519558869136,99,0.00259645912869116
-2.72178029469614,19.0461355822486,68,0.0107741113815504
4.02536234422748,8.47514414060617,94,0.00248555216741561
-9.9462067973532,12.2443846467947,100,0.00283515768117332
2.40003689681504,8.53004645933482,88,0.0025696632044142
-0.752142063375516,8.20629185509876,88,0.00252153683995842
1.19349064815831,18.2249823090983,27,0.0102162994440063
-11.8649651950205,19.1201761330943,89,0.00440558672983485
-5.00591854273342,18.8789290020879,78,0.00873804650684823
-16.6981496833778,16.0641538227886,100,0.00233699274042962
-0.870261833772284,6.62090598974717,69,0.00217528458715636
-1.10634367241455,6.7116079102899,50,0.0022005504462053
-1.05665336826787,18.7201852592715,86,0.0106183804373414
-22.6019987398136,4.18106794392704,100,0.000924640252386913
-0.41385298237946,6.47679362219014,14,0.00217501643985448
-6.11828448248848,16.1155690049722,100,0.00539679700387236
-20.320890733679,19.0205835087836,72,0.00200321824057548
2.83538906446914,18.2608886276545,29,0.00961472857847281
2.83538906446914,18.2608886276545,29,0.00961472857847281
0.359396468366239,11.7076015681688,100,0.00369044457362087
-0.813241871418883,6.16921622344846,25,0.00210701054010576
-24.2912615950963,9.88464514461954,100,0.00108327785147619
-6.64629927229929,18.4252130149678,34,0.00727204929385032
-0.0917421439548417,2.43784781166538,100,0.00152379078248187
1.14514865837306,18.7335034374771,50,0.011046322859724
8.63252058350542,6.00830969132101,17,0.00180286796489676
0.102073940993136,18.939967103419,49,0.0117095396915849
0.0288598521647365,6.75036995897839,23,0.00222781409651822
-13.0645726436204,10.5294456014334,100,0.00207911010451196
-6.99672059274475,18.2177291099379,47,0.00677725706489236
1.80388963473596,6.24632588114635,9,0.0021174805892861
-1.17868531090941,7.35501941759257,60,0.00233211561623204
-6.5741096552198,18.4450888874853,58,0.00721585376818765
-0.394268133181747,5.93308763315048,55,0.00205170237642464
1.28274705541956,18.2116914389351,82,0.00962833235390635
-7.6852646064957,18.7287598868259,83,0.00659341785503699
5.6350590170328,6.30351154090481,19,0.00200284258012976
4.59246591902341,18.3647495299427,28,0.0086975434050882
-14.5609123805866,18.5562963047754,87,0.0032446140390875
-9.71114307042961,18.8221007621338,71,0.00543439094219756
-9.02792737910512,18.2834748954884,38,0.0056199357943643
5.94974393939131,8.84914399802172,35,0.00249214919389895
-0.763672534993471,18.2135608573948,73,0.00981722036630474
0.512563749805741,6.39066436726405,38,0.00214615690141889
-5.37731348474632,18.5895852394558,90,0.008014104589406
5.41416377366276,18.4382155552745,28,0.008209676509516
-2.66734996544425,18.2160566842506,47,0.00945669086642895
1.64238992982298,5.87148865259141,44,0.00203439170729376
-0.309556351686324,8.01982765876624,90,0.00247722010007817
-1.09500890319942,6.96062056721698,60,0.00224751546220628
-2.11182251766129,18.2278712768087,72,0.00949104232541816
4.99617099846428,6.45196124224504,15,0.00205880032570032
0.536395173020176,18.7845006753619,57,0.0112012388237486
1.36311399671175,6.01280151423551,15,0.00207635522815227
-6.64163438182371,18.7576324352585,69,0.00741906354053343
-4.63212339923717,7.80620781519462,100,0.00230647672530635
0.709225505348101,6.17103376934811,11,0.00211430408620583
-0.280050719091935,6.5850611056216,10,0.00219946975231183
-3.07021462234442,18.4145313041775,78,0.00931381034351793
6.24855030924085,5.93345970334038,84,0.00188974207746131
-0.861735982981452,18.1965031714233,84,0.00966644529981503
1.9055569898603,6.2293915891631,57,0.00209131155792986
-8.32074553193057,18.2885872265325,50,0.00599623174766318
-6.53393183478057,18.6596864416499,87,0.00730130724154385
12.1334339368193,6.16101171817675,35,0.00160637166034282
-11.7717024074317,18.2108186112106,72,0.00417006303209205
-6.47299716414912,18.4769761845665,42,0.00740384149589672
-8.8756607404711,17.9256428128619,100,0.00533633987670992
5.48962016428143,8.22427068055335,60,0.00236603886046228
0.89320588305216,18.1552879472253,69,0.00972722529016226
1.71977208600428,16.8249541498845,100,0.00742621345286976
-0.504484781524404,18.4579840516589,79,0.0102588673807002
-1.82513746934423,18.4412919238905,45,0.0102598335020563
0.679981582744893,5.84479118394089,63,0.00203092197863853
8.1204238703206,-1.10831922962969,100,0.00109280373436477
-6.05358903602629,18.8622023448364,70,0.00796625224079415
-0.427612380946274,18.2200072684428,87,0.00973357841493915
-5.65335249475121,8.51226323988752,100,0.00240243627051799
-3.51535893972876,18.2195732038282,62,0.00889518230603547
1.477126538076,6.46741666529008,69,0.00213822148691212
1.71012798436811,6.65185079897779,64,0.00217361276320535
-3.73382430752759,18.5945025700612,53,0.00943264632589933
-8.52849652196585,18.9293776928372,59,0.00627689880913056
-6.81223512967572,18.9350790752902,89,0.00735922787291011
-3.75115473759403,18.5090433245173,45,0.00935141702487925
5.28177589090565,6.02530366755946,24,0.00196848035073307
0.164583182455518,18.917091200305,67,0.0114121627598965
1.00527730642247,5.91007166538207,17,0.00205987993730082
8.38156095917649,6.75423509209513,50,0.0019169682778868
-4.65779721281635,18.3489559706726,62,0.00838366736049395
-0.811287844848155,8.29799899677039,18,0.00259014064656406
-6.59443196171761,18.6156035285619,87,0.0072166083945926
2.62053174288372,6.15566553907612,68,0.00205888423249071
-1.93741577935908,19.0333579223904,86,0.0109665949085476
0.315750211661345,18.5017647840802,59,0.0105819663374176
-0.348604303987054,-10.7794615006638,41,0.000667456040390209
-10.9237189301462,17.0951969385503,100,0.00407936440761257
-3.94406274924464,18.9659484341889,88,0.00958012537369997
-6.74472547176803,12.8797824750306,100,0.00357351826058738
-5.9978678873739,18.2438309005291,84,0.00725847977980773
-1.07796540143684,18.9091222824379,67,0.011248170683951
-0.967394696756048,8.17852528107126,15,0.00255920762518076
5.13392384247757,6.33396105856218,13,0.00203259580380428
-2.82380536695262,18.3318615817323,46,0.00958921261594003
0.622073873881157,18.4165088290455,77,0.0101842490882456
-2.17436880780067,18.6369688676678,55,0.0103932840094516
-11.0861619862519,6.99241183589082,100,0.00175959746196326
-3.90825675122036,18.8927896769532,80,0.00955945299576763
-4.41088801460097,18.1596218546249,87,0.00811831664442831
0.377547808851355,18.7504803281632,87,0.0107817401087932
0.710438578708446,6.67061499885631,13,0.00221362288195539
0.0305761029404161,8.87722115866472,97,0.00269545596769924
-0.920924111548537,18.6368460161884,77,0.0105777048027944
-2.50705490808897,12.7120959711079,100,0.00407028965938937
-0.854525832828409,8.66448808621058,55,0.0026620784105986
-11.4327202227516,18.5272184680808,80,0.00441049402045105
-8.22663071522479,18.1533859321987,41,0.00599086508670011
-1.30336774621932,18.3716453908932,53,0.0102090723244689
-3.31122766185489,18.5981232301591,87,0.00940110431005936
-12.4440494211444,18.2843031295391,79,0.00391584068043171
0.76449694801258,6.45428452025308,62,0.00214618518516263
-1.16967178822799,6.21104743047261,9,0.00211909398588209
-0.181710977474092,18.3364189787201,67,0.0101671320372862
3.98445770512792,18.5011251127034,50,0.0091417225658414
0.0536534764864084,18.3079139700788,55,0.0102385756145068
1.0993012688853,5.89041880944421,47,0.00204279132766915
-5.82411462219783,18.5278086613009,46,0.00790300343500618
-20.0306404447443,18.5002095430743,67,0.00201427570192692
6.4019113929846,6.06149929284931,86,0.00190217502117199
2.07871436732893,8.5636672284256,95,0.00258319032309637
2.80451692014888,5.90284053270735,56,0.00201394683945936
-3.31158022364192,14.5762285503949,100,0.00506690903808964
-3.11655590904192,19.0356617296549,83,0.0103300793313137
1.92480925167256,18.3598101474421,68,0.00983448760951236
0.451145169976145,18.1807138696376,49,0.0100283766953423
-4.76240945187464,19.132221351784,86,0.00922702990168839
2.70162221439731,11.6877838583682,100,0.00358705391980249
-0.324100800562258,8.1861454397476,43,0.00254832113553844
-2.69976444067554,18.1652866270279,87,0.00901703843031184
-15.0199450185675,10.0780798960589,100,0.00181244664124715
-11.7766018050025,13.4881123373604,100,0.00281550533852236
-0.650805294115292,8.82302012781624,49,0.00271239252758369
0.371135829680959,18.1963960060966,75,0.00980893477637994
-0.661133169333549,18.6837134511408,78,0.0107106502782745
1.60822615047041,19.000958411918,87,0.0110263423055499
-1.04095187125793,8.53273055876434,40,0.00263452063887363
-1.19202007681823,18.8834976287426,55,0.0113094418025648
-2.94900221105073,12.6088199948619,100,0.00398035613577494
0.0782894602972058,10.5138192726807,100,0.00321708930220169
-5.86355586917775,18.1947987138735,74,0.00734633527786919
0.303108146857165,18.3496904287508,78,0.0100743112317698
-10.9826446482479,18.463863340013,91,0.00456766811537908
5.43683754380044,6.47378488714803,31,0.00203672932881197
2.54970382107658,6.25047382737031,17,0.00210027987548507
4.04228173184828,6.07900710869047,26,0.00202303620584606
0.606837536017917,6.21116173219378,17,0.00212001418472895
0.0459352446610917,18.4322459049642,74,0.0102871175973846
-8.56381659970229,15.7704235412277,100,0.00435867169722829
-11.9758586213759,9.54324138784283,100,0.00204552894350899
-0.41385298237946,6.47679362219014,14,0.00217501643985448
-0.949970038507259,6.14517466187995,52,0.00208946786897537
-0.205851347796569,14.9450490486667,100,0.00565702837953413
4.89016381073773,6.20765819604671,23,0.00201616104959278
1.04960736538662,5.86819597495166,20,0.00205045566700034
-3.48293138169953,18.5711905012002,71,0.00939525100328203
-8.1745916124595,18.4194731982644,50,0.00617772722197583
-4.75216210092729,18.5057993374762,67,0.00849558229959095
-0.456595873100347,7.01905772263843,74,0.00225781611594472
-14.9600480959403,18.3617546958372,87,0.00308981302110273
-0.830654424982828,7.01631895030244,16,0.00228466180852819
2.74580030544018,-10.8228165037634,42,0.000662648227007167
-5.89583550581102,18.9589671422311,32,0.00846652139295637
-0.902777049111636,6.77035121051453,78,0.00220098798319263
0.371135829680959,18.1963960060966,75,0.00980893477637994
-0.609714289585422,6.76898743246371,17,0.00223286210308721
2.40857626933199,18.7099536749357,49,0.0104878745917943
1.99081053514311,5.85446010171867,25,0.00203391553588972
-1.76726889364113,18.8030986036785,49,0.010992140963976
-10.3522417214486,14.0375079998698,100,0.00324501107823128
-3.73474181132538,18.4865045505556,73,0.00908802722639873
-0.622944537643668,8.80599633823167,96,0.00267385963958359
-1.76759341812504,18.701378016467,51,0.0107494078289054
-3.01321697852764,18.2128015099235,86,0.00895473524540383
-3.75115473759403,18.5090433245173,45,0.00935141702487925
1.85185749278427,-9.39843387375685,100,0.000713463520312319
3.93349888913152,6.49223342582551,38,0.00209728168001751
-0.979833418667108,6.42045122083548,85,0.00212735036129432
-3.66735500752906,18.5115553870429,45,0.00941025766534699
-14.8025405116338,18.9727618205078,80,0.00325710433973479
-2.36189118617043,18.4545349220569,66,0.0098458581091586
-4.22559562570861,18.405263859257,78,0.00862276633314882
0.572497576746638,6.46689340781248,14,0.00217227610077048
6.1975358181113,6.74201552924977,55,0.00203735733738427
7.59267250685839,6.04733358065842,60,0.00185049480854872
-1.01429293117395,18.2323004125765,51,0.0100254459808547
-0.91668973628179,6.12961453197609,40,0.00209202972129645
-19.5074350722942,18.4678776099036,77,0.00209478394429116
-1.4504182298057,12.7439211099743,100,0.00415734874508606
-8.49670614700006,18.2362661444779,59,0.00582631559478556
1.67412326051592,18.4877252070297,68,0.0101660741307151
-1.146348380652,6.30972172998251,35,0.00212683204886763
-0.0366779432781026,17.9737364404518,100,0.00928807050690138
4.329118646421,12.150019200292,100,0.00362996705370883
-3.72292094393576,17.9784711278756,100,0.00823518522241698
-10.1792331174645,18.6510437152952,73,0.00508529503494001
6.12929309330635,-11.0329202959069,89,0.000640974441545639
-3.58187167616788,18.6163013955246,87,0.00926787356924799
1.23873376710838,18.7514744236941,48,0.0110836221367685
-0.235920049889433,5.82032590586064,67,0.00202651342061304
-0.340714562107467,6.26403932413131,18,0.00213103304404344
-0.93164377335026,6.67955277251019,17,0.00221174027273806
-2.90593589608242,18.5222276398688,79,0.00957280990491244
0.660321186948565,18.9804991733194,52,0.0117089840169023
-2.74648598191968,18.9029806589415,99,0.0101425515664748
-0.743226528842247,6.59853699397181,77,0.00216799467993495
-1.92232938185895,18.3386909489179,76,0.00972051479600071
-1.00997515491687,8.53062709402606,43,0.00263231681935513
-3.05642143045646,4.25071602063153,100,0.00173400575642513
-6.09862660635915,18.8020092866245,62,0.00791365689095265
7.67253972184519,6.06537194333145,88,0.00183949133791908
3.29192646296995,5.82787665264859,21,0.00200277707743491
-1.30336774621932,18.3716453908932,53,0.0102090723244689
-2.81894619537545,18.3647487857518,85,0.00929966782493717
-1.75879717806679,18.9465237394197,98,0.0107219682461828
-6.6068647551352,6.32742605562218,100,0.00193327636043381
3.86750056765478,18.1867561293942,32,0.00887672842312898
-0.918829700655668,18.7327164629937,49,0.0111141844860448
-5.76966768907816,18.4700627146682,42,0.00789988030565394
6.71369713103133,5.84731202309198,57,0.00186467123386331
-13.4021995328343,8.27710904582905,100,0.00174502415092523
-1.53835714353317,10.6872072828456,100,0.00325505154852838
-5.16924473978764,13.6898893233851,100,0.00421142798760196
-9.30936432895081,16.0533309070993,100,0.00423743391070712
0.706781298427952,6.0741855059814,20,0.00209171720384835
12.280069022806,5.89377083658834,90,0.00155455570950779