-1.07824668335284,34.4652766562325,100,0.0182892351531019
0.891055696453737,6.16668597996521,13,0.00211127040960886
-5.30403193696878,18.4216425218158,45,0.00815396810095986
-1.07796540143684,18.9091222824379,67,0.011248170683951
5.13392384247757,6.33396105856218,13,0.00203259580380428
-4.07157298388636,18.2409785890069,74,0.00851585256744156
3.4873514800606,18.2503833197492,83,0.008792669344824
-5.00521519002351,11.9111183830018,100,0.00345590956839691
2.6596245770091,19.0403168037155,67,0.0108127729962774
-0.283936866194202,27.0231619493518,90,0.108885161429548
-6.91075614220496,9.75239114215474,100,0.0025934295724541
11.3073283832934,6.08449514294218,53,0.00164397134900681
-2.42091089979752,18.6400149970099,68,0.0101427365079274
-4.04519002458761,18.7796048080959,45,0.00959319269617631
-3.73474181132538,18.4865045505556,73,0.00908802722639873
-0.492538410557451,5.86460841911345,93,0.0020230825284566
-2.82380536695262,18.3318615817323,46,0.00958921261594003
-1.20261494814825,18.6397530282171,34,0.0110152749805131
-2.85168365779917,18.4503241470976,45,0.00979447690419838
1.08644960520311,18.7111710788161,43,0.0110981563088662
5.50031696947786,18.9977794300761,65,0.00860471567922023
-4.82911906306861,18.402860317634,49,0.00843296481359389
0.112861329646703,14.3050577716538,100,0.005163057106321
5.54023399347042,18.6596046755825,69,0.00811917604018964
2.74059038391214,8.4523833837527,44,0.00256729268095691
-4.68975526889873,18.3069088387118,66,0.00827951871289342
-5.86487627761493,18.8164491785782,55,0.00815621181229432
1.19349064815831,18.2249823090983,27,0.0102162994440063
-2.32313190145823,18.6045259556815,49,0.0103215558726238
-8.25989633167253,8.76741235288332,100,0.00225886105059166
-2.12960214747003,18.2296785455871,66,0.00954170251950296
-0.0366779432781026,17.9737364404518,100,0.00928807050690138
6.08522051785878,6.27781343911066,52,0.00196473293471041
-6.60407465993738,18.3961998320725,45,0.00721491834541473
-2.81894619537545,18.3647487857518,85,0.00929966782493717
-9.65210028364499,18.6075231509247,78,0.00533346882025535
-3.36273274889691,18.220532228514,89,0.00876791995532309
-0.85706970168544,18.2292096028761,45,0.0101100482455935
-9.22077258735366,19.1047029532911,56,0.0059452850467284
4.89016381073773,6.20765819604671,23,0.00201616104959278
1.05479529532093,18.6224215692015,50,0.0108261100660047
1.2694537988885,18.8654971481646,31,0.0115559074796153
-8.26089197055754,18.8131359485499,61,0.00636490862648197
2.88796635634261,18.1788546544382,29,0.00944377545877629
1.67369421120574,5.92732951096623,12,0.00205761953808279
0.815265635698551,8.33606311813596,58,0.00257335327628572
6.04720244351419,6.69786919140981,24,0.00205019810903814
-6.03620735632863,18.5465361462122,41,0.00780028596393613
-0.104546506335506,8.67674980888848,18,0.00269718854767498
2.8454724144074,21.0333683053947,99,0.0152631006233549
-7.90700560271372,18.610424888736,84,0.00635327085527474
-1.75238349286923,18.3401848832443,85,0.0096972275679922
-5.65902303636304,18.7459702599319,77,0.008083185233875
-3.89679432601939,18.3363281302106,56,0.00889601587495439
-0.213902016036644,18.8871453024164,53,0.0115232525842369
-0.583818604242704,6.76776794827266,67,0.00220810883247665
-1.95096257720539,18.5682527557822,51,0.0103986003911395
3.38884573130979,18.3195793014755,29,0.00940481768047496
0.994180839955004,18.9039347460234,65,0.0112837987469705
-3.51535893972876,18.2195732038282,62,0.00889518230603547
5.64048323448898,19.5495835659465,81,0.00909921309164726
0.11626808183065,18.966895603391,50,0.0117614119866522
5.81317113194922,19.9822500525035,74,0.00959947400739619
6.66692810933079,18.9692604159312,100,0.00749534412228549
-0.444089300127733,6.28831442100719,65,0.00211421340062886
-1.76726889364113,18.8030986036785,49,0.010992140963976
-9.8393300353642,13.3026347944756,100,0.00313807914540739
3.49724641119063,18.3211632064797,29,0.00934189028926424
1.29312969066543,18.4510031449668,64,0.0102537114545846
-4.71123189951444,18.9746124012945,50,0.0093397906787441
4.77532194175406,18.8026770388447,71,0.00886036358041204
0.145614734612994,6.26568769255143,30,0.00212634802527565
-1.16467198433866,6.92193699804211,49,0.00224410628084507
-7.39038910682501,10.6043176773724,100,0.00275999061340529
-5.63530281390811,18.5224346898851,72,0.00786962590938057
-0.609714289585422,6.76898743246371,17,0.00223286210308721
2.25476556952457,18.1674132286409,71,0.00934097872395321
5.16004211785557,6.78320876626398,83,0.00208285489920707
5.50783330811533,18.8306944467265,70,0.00834808829183933
-1.45539188205092,18.3211647053226,53,0.0100672369382598
-6.92298683259065,18.9958962144772,49,0.00755726563864142
-19.6209243452958,-1.13038020007961,100,0.000809457397133038
-10.0363527957401,18.5314723498755,71,0.00510793415526624
0.461333354866261,19.027461326353,50,0.0118836261425413
-0.8049373436668,7.5044659958225,43,0.00237955298115623
-0.566507281225653,4.41779208579071,100,0.00178629808067191
-0.281527481982455,18.2114562633166,52,0.0100706453730062
18.6813693339687,-0.984245346393863,100,0.000839661342828239
3.45105465147163,8.43415933063496,91,0.00250424421349605
1.04960736538662,5.86819597495166,20,0.00205045566700034
0.435467572680738,18.6634272465691,31,0.0112624898075426
-6.64164860939085,18.3036703112278,74,0.00695605944405231
2.56334233439002,18.6248342253426,48,0.0102477036807385
3.90172031020756,18.6962802748624,51,0.00950382159347513
-6.64629927229929,18.4252130149678,34,0.00727204929385032
-0.270639682462465,5.91669539737123,32,0.00205872684040438
-8.41004523947466,8.92948854859057,100,0.0022776920546448
-6.69320949154546,18.244641508647,36,0.00705323380359619
-0.180425103003655,6.12742160589671,10,0.00210840476605529
3.08591539490897,18.7649279780494,29,0.0104094354637868
-2.80560493156114,18.4307554919257,87,0.0093979329749585
-3.95780350370337,18.4653762536569,92,0.00876828526306877
3.61755329476615,10.6867104339736,100,0.00314512870614234
-5.59919200821981,18.647801704668,78,0.00800388552086795
-1.46593340098663,18.2194890756237,83,0.00958651079771333
2.83538906446914,18.2608886276545,29,0.00961472857847281
-7.83220245592603,18.7296167926954,95,0.00644617066138662
-5.08473879190693,18.5305954483128,57,0.00836705135241673
0.615250940591279,18.7446856516711,48,0.0112118911166313
-9.80552823597508,18.1929820645454,68,0.00506779407373004
-3.54769829899739,18.9754089218718,52,0.0102411712055319
2.82624268843909,5.90826180432969,20,0.0020291313740542
5.33856191388456,18.2898529774422,79,0.00775719293250889
2.59882775756529,16.8457472856024,100,0.00724659252848894
-7.29875575874373,5.89786593664098,100,0.00183297072738796
-2.15916773568443,18.7342989361648,55,0.0105972637935197
-0.23598606010832,8.74302191753854,19,0.00271471502401716
0.882039889367854,18.3392389075891,59,0.0101783844943394
-4.02331612733623,9.87699004986438,100,0.00286105705811655
-5.87778475934431,18.3360569595291,43,0.00766410468146337
-6.67088981994716,14.4962207896237,100,0.00429137774981971
-6.04348646305868,18.1656463497329,62,0.00726590088685517
-1.06752707209349,6.80696870698079,76,0.00220788190596567
-7.52489464885053,18.9240089981273,57,0.00698816601955812
-5.7498703173285,18.9852332978254,50,0.00849289873952854
-2.21018092891134,18.4852026702832,86,0.00977556321468539
-9.59524337717103,18.4123973069281,43,0.00536048616697557
5.47589211260625,20.2045917477237,88,0.0101718439519345
-6.95156228552456,11.6153842427097,100,0.00310411599568184
-0.892861673532871,7.76360173025445,44,0.00243894648969319
-1.15046603632298,6.23687806232737,51,0.00210554056675548
-4.70233329952272,18.4410099203303,89,0.00828819078350741
-1.91323483413513,18.32295433346,46,0.00998599164357632
-0.854525832828409,8.66448808621058,55,0.0026620784105986
1.81772060912731,6.2373322236,15,0.00211283238079323
-3.68876532585526,11.0804178617866,100,0.00327757265712482
5.38983308854045,18.608728924426,65,0.00819267980634182
-9.6200232710966,17.016081704519,100,0.00454414884231061
-14.0403228454563,18.5199752548161,77,0.00341307629542517
0.348419370048454,18.3684722054657,81,0.0100770942115938
-11.7766018050025,13.4881123373604,100,0.00281550533852236
4.15932660874636,6.56634365524344,31,0.00210626783644733
-4.06190706863128,18.267571554532,42,0.00879983596530673
0.843275685775778,18.6013455485775,49,0.0108392059467977
-0.481343916715126,7.25294268465323,88,0.00230078410404453
2.51895492237005,18.8001020929166,35,0.0107700270811094
2.83538906446914,18.2608886276545,29,0.00961472857847281
2.27353457784857,18.976341833829,30,0.0113621774175642
-24.9187399959154,7.39615852441607,93,0.000952413616376006
4.06414131129206,18.5275429679892,29,0.00930786131670886
0.0288598521647365,6.75036995897839,23,0.00222781409651822
1.74224633703963,18.3173094611405,28,0.010222549871908
3.88182058969824,18.2184236617306,29,0.00894027710708794
2.18865823563448,18.4229637675478,54,0.0099828092981766
-5.27651687761839,9.62618106516925,100,0.00270080593378989
-4.17174093103447,18.3736640814586,41,0.00889533791221893
-0.858972333948075,7.55589509477145,74,0.00237334810051643
-2.54307235890879,18.3135099735386,61,0.00955773633034175
-3.42619942709746,18.9296444800983,52,0.0102445197545597
-0.41385298237946,6.47679362219014,14,0.00217501643985448
0.174304007838586,18.5304064862269,53,0.0107186010848812
5.19110790071788,18.6730358663896,57,0.00847661507713035
3.5517336637032,18.8694646770379,67,0.00989435214478596
3.87766042969041,6.29603709459625,31,0.00206571005583282
1.69369762160841,18.3654319919282,28,0.0103369963341278
2.84046072746751,18.3848864877355,78,0.00938346746695906
-17.9005468961806,18.4360809519748,61,0.00240232089773398
1.30698443633245,18.336140823667,70,0.00996644876408098
-0.93164377335026,6.67955277251019,17,0.00221174027273806
-0.536785068844165,8.26944368853266,57,0.00255932872879464
-4.13410481215174,18.7528125930403,77,0.00920342555677524
-6.97326078444847,18.8946508921111,42,0.00745561985615037
-4.3951996888886,18.7886301895234,52,0.00928238338533119
-7.82148024615755,14.6710104360082,100,0.00408065667159892
-3.12121117244486,18.4559061795865,89,0.00925898631885375
-2.53466627860182,18.679791564057,78,0.0100578881107197
3.25073680559413,18.1645041407667,65,0.00892897850665357
4.95884606325149,5.92379139483609,18,0.0019664035258405
-6.63428622337206,4.42615310403898,100,0.00165805073668327
-4.18720193273392,18.2330779888752,41,0.00867791285523385
-1.20929889535193,18.3399882360562,70,0.00999824448806678
-11.3986236082757,18.3130606108877,95,0.00431970539060868
-5.41093140305417,18.7502686454966,48,0.00847537350342054
-3.9813443789532,4.0958603984916,100,0.0016933505722903
-3.9111120983442,18.5006973025655,66,0.00905653722432297
-8.2555574126572,18.9638306890517,51,0.00652234690696746
0.309621634038176,16.7306871385801,100,0.00746904204547397
-8.22663071522479,18.1533859321987,41,0.00599086508670011
-3.11197469633262,18.6230830683878,66,0.00975335219347092
1.89236863270394,13.991433115932,100,0.00485782401490696
-18.26306044089,9.27929969472212,100,0.00145195047681507
-2.46293815663586,18.8620087659631,50,0.0107581076177587
-9.40802384153629,18.804609849722,79,0.00557617546388074
-5.30898466405897,18.5821200790314,65,0.00821771650237397
-0.733143042450272,5.89948450522285,76,0.00203518005390378
-1.15989126768315,6.56365981896438,26,0.00218134341685323
1.26726072126043,18.5172411503389,79,0.0102336144893947
-2.02536723504472,18.3253771192164,64,0.00977175979239327
-0.405186430481199,8.81808027938455,75,0.00269391510325668
-1.14634457908554,9.16570030659947,100,0.00277209381711692
2.63949152633952,18.6688572503669,49,0.0102809011392352
-2.6661385324604,18.3621862494844,87,0.00935092986651039
-0.421495498902069,8.49322060969409,80,0.00260282005121848
-0.852454074332156,7.61832674105524,31,0.00241252752141086
1.89110178488643,9.35039869003238,100,0.00280797635498758
3.33906249545551,18.3374471391591,29,0.00946495660265926
-0.991482259279274,18.2057179453898,63,0.00986066278926433
-3.52184031326665,18.6220105053043,44,0.00970236609690023
-1.37396615228567,18.417784128901,75,0.0100535288412739
4.46577521742799,14.1688989824211,100,0.00460141963211864
-2.36661749934562,18.3368864836397,43,0.00985075054000884
-2.43184047093534,18.9043461475829,81,0.0105107466543823
4.31232252835774,18.4070641246413,28,0.0089542760474265
-6.59443196171761,18.6156035285619,87,0.0072166083945926
-5.37903301691007,18.6776926964191,59,0.00832830446921768
-12.780560394457,8.11245590422503,100,0.00177538525368573
-2.72178029469614,19.0461355822486,68,0.0107741113815504
-9.98979496623492,16.4436628850684,100,0.00416566042037118
-4.18615885843704,18.2043785965253,62,0.00848321648219933
1.36134204378243,18.1623500088614,66,0.0096690630750114
-8.76733646476219,5.43027181698037,100,0.00169515851801351
3.21761427500211,18.8892231517683,59,0.0102405450958259
-7.00737943670407,17.1434050749379,100,0.00575121637361184
-0.472764404276348,14.4344378259328,100,0.00525200680890295
-4.09626958912437,18.3680926277239,81,0.00862811347382827
5.58883059441279,18.4728360554762,65,0.00788779912444941
1.21503316440954,18.4181261655721,31,0.0105652822883287
-1.14339092105102,18.8045485522123,51,0.0111942062074484
-0.254396083471316,8.47161527461784,62,0.00261012713752908
2.62053174288372,6.15566553907612,68,0.00205888423249071
-2.82380536695262,18.3318615817323,46,0.00958921261594003
3.14340356186172,18.3599909038455,76,0.00920338789949207
2.68141765166159,18.3267027584364,54,0.00957869818735541
-0.550820229965466,6.70698055746416,33,0.0022123555293586
1.73717621719428,18.8740918394278,27,0.0114432793733492
-3.30987723539446,18.8341580253403,67,0.00999556000086933
-15.2109349083357,18.3329812256914,87,0.00301421647459101
-4.36303313624866,18.1571697709887,43,0.00844552118489732
2.50500642868144,19.0108131672746,68,0.0108335275761343
-0.525035216139171,18.7728000750977,76,0.0109437537389055
-3.45126770030412,18.3915340788639,48,0.00932075043853364
-11.6697110986235,18.3270741350103,75,0.00424658392601878
8.55677431271081,6.03026246536793,55,0.00179787956858537
-4.31210043355548,18.2685465532586,41,0.00864940445981668
-0.67127328792734,18.4893362549262,28,0.0108714431254337
-8.66329828300461,18.6042578979961,56,0.00597923854412343
-10.2213560151192,18.3138781738841,72,0.00490847761518361
-6.34968190747646,18.8711634139974,42,0.0079213654866024
0.194537748783589,19.008946931718,55,0.0117921938457665
-1.31536473926127,18.3479426374425,52,0.0101694297775901
-6.21445610605492,18.4234413431592,89,0.00727312779091132
6.60380795424825,6.64429790974138,30,0.00200936471993334
0.520378439178702,14.3118348971318,100,0.00516107569051339
-0.470286699004448,5.8577394734482,14,0.00205475503683264
-1.17260873427256,6.23312487721871,46,0.00210681025947426
0.26793870212152,18.5372834941233,55,0.0107056206259122
-4.04519002458761,18.7796048080959,45,0.00959319269617631
5.71404644417046,18.8301734794829,65,0.00822291245682805
-9.84119330665528,18.396794853496,94,0.00508321922864891
-15.166742217166,3.69985957851139,100,0.0012140295659562
-10.2086248846626,18.3841363179604,42,0.00502178359730677
-1.14339092105102,18.8045485522123,51,0.0111942062074484
-1.19005238283115,6.76283947787514,45,0.00221258738611368
-4.23756647045505,-11.1335708653045,42,0.000647814020520365
-0.819024532094488,8.20744254379269,47,0.00254748908847099
1.9358691415097,18.6430467942995,28,0.0108197476752888
-2.75087354496615,18.8239317231569,80,0.0101894037458817
-4.93507317313678,18.4670577434638,54,0.00840996721108388
-12.7278381415957,18.305333011368,85,0.00380641862643221
-0.738593931640327,18.856854805137,30,0.01169243325372
0.672264369809425,18.5026051834303,65,0.0104781268155015
-0.0218313405106823,26.8943030930485,88,0.109451876760555
-1.32092995633866,18.2165238820846,56,0.00987495120892606
-5.56303977202559,18.4349544655333,42,0.00800620060900416
-6.11262881033022,18.5025967316458,48,0.00765407526795862
-8.47315569027607,18.9617235039134,43,0.00640218449824498
-1.04603103920445,10.0584928038262,100,0.00304940489394794
1.20843840318631,8.7125410472556,72,0.00265792151999389
0.143700308502896,18.7412006844271,55,0.0111611266581098
0.371135829680959,18.1963960060966,75,0.00980893477637994
5.21145757935662,8.43284713605761,94,0.00241008819789329
-3.38634933450971,18.6136216199909,38,0.00983412495560864
-0.0716341097505774,18.2955447350334,53,0.0102345161384201
2.29494233360373,6.10675870000218,59,0.00206047480190601
-6.95911369513568,13.8839459599683,100,0.00394174272123279
0.0196912938718008,5.88159008058621,37,0.00205041472848855
3.99639887816478,8.46368996650149,96,0.00248301008576534
-6.27609765878146,18.6691186672414,80,0.00753094738665766
-0.501847803442531,7.62366630722901,44,0.00240898801999138
3.4159952083833,18.5644947629024,52,0.00959698273294991
3.68658361591825,8.73053438945952,20,0.00261454563919341
-0.398054502539525,6.30375101063301,82,0.00210977320434608
0.496434489229177,18.7788753020242,27,0.0115825574041194
-4.78248275902619,18.3613490556798,92,0.00811550053685607
-2.48377375961021,18.6078024039628,78,0.00995062886672176
-1.30336774621932,18.3716453908932,53,0.0102090723244689
2.57812026810494,18.2612600968676,51,0.00954132586963134
-6.84147632493819,19.0108299405938,70,0.00751673517767566
1.84747486687294,18.9366916101191,49,0.0112534482709416
-4.28997320422938,18.6190269868143,63,0.00900711888765339
-2.45014443413409,18.3210471026796,54,0.00967872373428321
-5.82411462219783,18.5278086613009,46,0.00790300343500618
-0.0561571203609936,18.2883838657181,70,0.0100458445145195
-8.54248988277968,18.7472949774496,36,0.0062290140639539
-3.49731541234123,19.1437429650439,76,0.0103383861623261
-1.68917197393985,16.1148304736368,100,0.00663427640111368
-1.05834625253457,7.37995373447067,53,0.00234299579255997
-0.319476696092547,6.33520160477508,19,0.00214466534814462
1.73717621719428,18.8740918394278,27,0.0114432793733492
-8.24770041056275,18.4889590688933,68,0.00611377244816034
2.2970391693968,18.1633228572625,51,0.00949425043325642
-1.76759341812504,18.701378016467,51,0.0107494078289054
1.05229400032795,6.40673238676841,63,0.00213399783139403
-0.700116391029943,7.54771411965766,34,0.00239560937888219
-0.446134961297509,6.5610796027408,43,0.00217819040018026
0.739555089428318,18.3196487961878,98,0.00977614356821583
-14.3616421487546,16.7973160744082,100,0.00295361567526074
-6.5292580701514,18.8232512816153,79,0.0075121674002121
-3.12083594205142,18.1750570867202,80,0.00889183906367447
-0.599257016080563,18.3114821053744,68,0.0100747644434429
-10.1099516063267,17.5926590366179,100,0.00459652212828717
-4.28451491383938,17.4783174119171,100,0.00734953329307797
-3.78080386359797,18.6437480566871,69,0.00934076981018128
-0.939243483046809,18.5400861300066,62,0.0105410723235036
-6.2701085653707,18.759442452807,50,0.00780896749148786
6.60380795424825,6.64429790974138,30,0.00200936471993334
-12.4407432943091,18.9627260433044,72,0.00413126569828058
5.11617658380908,18.5115864063751,79,0.0081704549166575
3.31361025544211,18.3092733492329,29,0.00943209374922572
-4.47594424943903,18.8451400798843,80,0.00907234721615276
-1.17033832989583,18.5942690681905,67,0.0105432556443672
-1.03413217790845,18.2627708564848,89,0.00970864757965442
0.194537748783589,19.008946931718,55,0.0117921938457665
-0.115319790005418,18.8629735307494,47,0.0115496084511886
-0.385873215376161,7.1973127662934,67,0.00230018514972103
-1.93741577935908,19.0333579223904,86,0.0109665949085476
1.73717621719428,18.8740918394278,27,0.0114432793733492
-0.333300768151884,18.4894870591456,78,0.0103474933410896
-8.60545460050573,18.875274167947,85,0.0060900466531612
-2.28057694740308,17.0274799958459,100,0.00754874820400287
-1.82513746934423,18.4412919238905,45,0.0102598335020563
-5.47181691869527,18.2137489303522,46,0.00778114547971523
-1.86015171795698,18.5514982331147,87,0.010026834093637
-13.0615078015972,16.043750216962,100,0.00312346803092343
3.72149385661764,19.1250107918402,65,0.0102488268401052
-6.71419170888327,-11.1586164775718,42,0.000635836951126163
1.88896339561368,21.0532508895982,98,0.0164967934967643
-5.77372950472361,18.2028555311388,49,0.00755165743306422
-8.486831686807,18.257216926129,76,0.00578822651046762
1.3866839135184,5.82785750059731,65,0.00202104453147921
4.6839284840339,8.47705488643344,49,0.00247839671964119
-8.7176139055937,18.561403933345,64,0.00588981345760774
-2.81894619537545,18.3647487857518,85,0.00929966782493717
-7.48254394227831,18.2711507787226,85,0.00635488766852242
-4.32780873256629,18.2314593370812,34,0.00863829969651258
-1.4115563120369,18.380076190832,78,0.00994175345672624
1.72632119917857,18.6921216776859,29,0.0110066896788262
-3.94047209188555,18.6676916081269,38,0.00954657817170602
-0.178040742329036,18.5498712549423,27,0.0110700035846721
0.164583182455518,18.917091200305,67,0.0114121627598965
-5.26995545735289,18.5794662332517,67,0.00822878145055746
-2.17436880780067,18.6369688676678,55,0.0103932840094516
-10.1803254104127,18.2484319086529,49,0.00495427149648673
8.63252058350542,6.00830969132101,17,0.00180286796489676
-11.4842842561251,18.4982421168923,70,0.00439646562344842
1.27477330400449,18.6681130796171,48,0.0108885549085937
-1.18302008412284,18.6337082241905,91,0.0103575637199006
-9.13395353963945,18.324292554934,79,0.00545901014275202
-6.5128801994426,18.9795771860146,53,0.00784298547066435
-0.0509334652554601,6.32767288027763,55,0.00212721636917436
-5.64275560078411,18.5807546082871,73,0.00792587586786376
-5.63764166747231,18.5694617972266,53,0.00804368901257714
5.65480396597969,20.2299307316092,100,0.0098897662613543
-3.73474181132538,18.4865045505556,73,0.00908802722639873
8.24243377430214,6.22048072672929,87,0.00183196823562233
-8.2635354233546,18.448554047863,99,0.00596354148319636
0.155944492948386,18.5482482450753,48,0.0108158322673369
-5.54138346504406,18.2181431852449,93,0.0074684180160331
-4.95619122215352,18.7007397506445,60,0.00866704951322147
1.02712592112899,18.1843097050233,69,0.00975620364164739
-0.457261623242698,6.65110904824967,23,0.00220614402470714
1.32679806907834,18.3963641660631,77,0.010005484268353
-1.22575755611407,7.4735849304587,46,0.00236596910492678
1.37257486597036,18.7305207318199,27,0.0112543010006723
-3.8842887810427,18.9693672951271,49,0.0100045997043323
-2.83392623684386,15.1433683557133,100,0.00556556463017931
-3.3979045336166,18.6368040059905,52,0.00973360141559839
-1.05402906696212,8.58687923210037,76,0.00262389509995006
-6.34968190747646,18.8711634139974,42,0.0079213654866024
0.71005129876469,6.44719687840976,62,0.00214515751475619
5.87618992649719,19.8790372201639,80,0.00933305071732904
-9.8387928764007,18.1958050057496,95,0.00498446350449884
2.42116482207609,8.62059140225083,63,0.00260915780658675
1.24224698357698,8.85113902422755,96,0.0026778927113024
-0.247628081963662,18.4446091884966,32,0.0107717790509997
-4.92192367548096,18.3915213365853,63,0.00825751394816955
-0.586440456411775,8.36505638278183,19,0.00260929064310187
-7.78728817207247,18.2225758641694,71,0.00619016349515735
-0.649038028953063,18.583302031453,88,0.010394761373886
-1.12728757013906,18.6691298102082,55,0.0108499187235042
-6.4765599320944,18.741907528424,99,0.00735786575697983
-1.56575815288434,18.1999552459124,78,0.00957002456363747
3.37283252042745,18.6483098150575,51,0.00977947253733522
0.073182790353526,18.679623473306,80,0.0107286513927325
-1.23346574580344,7.17699286849994,31,0.00230754848523475
-5.77028547425821,18.5754135443678,48,0.00798570949959496
11.0946731541419,15.4502420893611,100,0.00348401056246407
-7.22022707744294,18.4337948186699,75,0.00669302282122722
1.77965446694341,6.00905021821578,64,0.00204923834941495
-3.66735500752906,18.5115553870429,45,0.00941025766534699
-2.91610557102619,18.7415065930608,64,0.0101036501386518
4.69499087700995,-10.7702850667979,83,0.000656323730735133
3.507136548053,18.6546021779973,48,0.00973111861948005
0.0595029554429727,14.7111310487729,100,0.00546956803651334
-3.68148546759381,18.9197082811885,61,0.00994972910558981
-6.29496410716807,18.6153999221111,61,0.00756927475434645
-5.38486874267291,18.2433951114951,34,0.00794908325456815
-2.48709101027457,18.1967605002264,78,0.0092345735587484
-1.71005443034599,18.2909077807171,29,0.0101712364520486
-2.90394005892036,18.9860284634996,32,0.0109525219526431
-2.77323564961893,18.2066626988448,50,0.00936306645589034
-4.82911906306861,18.402860317634,49,0.00843296481359389
-7.940312991134,18.6887415343158,83,0.00639450703907453
-1.38197930274844,5.80980527190037,100,0.00200772390137809
-0.420673598435644,8.81305398705651,56,0.00270627795133531
-5.60365395618899,18.3569232188856,37,0.00791553212120638
1.14514865837306,18.7335034374771,50,0.011046322859724
-3.69221383265996,7.33838186700474,100,0.00224860093537535
-2.69264735816196,18.9148145373593,53,0.010696353759164
0.312107758079458,18.4889910594183,59,0.010555495406322
-5.51796979094515,18.3755605129736,80,0.00773233588502233
-1.53712806204152,18.7929382613127,90,0.0105822589373957
1.32505639963345,18.8890715167577,78,0.0109942658079611
-8.30896712707295,10.1507230205912,100,0.00254710750420175
0.448763946144432,18.4511418487316,74,0.0103037274595612
-3.69187174034965,18.5529346476884,55,0.00937423366959574
-2.13622020691133,18.6175624346261,51,0.0104155889471609
0.524895528030767,18.6851593428752,73,0.0107901760629971
-6.28192957565885,18.3793607772748,59,0.00734378345944194
-6.05358903602629,18.8622023448364,70,0.00796625224079415
-7.32883691268643,18.9870359108114,43,0.00726404879849964
-0.485669835479811,8.9139606796339,46,0.00274170825916168
1.73717621719428,18.8740918394278,27,0.0114432793733492
0.95220366742273,16.421667215353,100,0.00705858667925085
-1.20261494814825,18.6397530282171,34,0.0110152749805131
-0.228467474082169,5.82086581517193,54,0.00203197885807725
-9.6200232710966,17.016081704519,100,0.00454414884231061
3.33906249545551,18.3374471391591,29,0.00946495660265926
1.87378691763427,18.7898330117705,77,0.0105929481983075
4.59246591902341,18.3647495299427,28,0.0086975434050882
-3.08602797867701,19.0792064330674,59,0.0107010690046104
-0.213868785686253,6.3754096707392,72,0.00212862215311932
-0.0674284897582033,18.3313103536103,82,0.0100075031431202
-0.931892011353487,6.09935656303396,35,0.00208834183471395
-0.748945334661262,8.18571690475476,54,0.00253814861945664
-1.59681668268853,10.1258387041175,100,0.00305814949993185
-4.65482880908954,18.318502073124,64,0.0083310980003435
2.32458980346619,18.4438895514286,75,0.00975694214682973
4.99617099846428,6.45196124224504,15,0.00205880032570032
-0.101426735644595,6.06807148195989,26,0.00209006815749093
-4.54509130298423,18.4059224606054,51,0.00861609901889091
-4.96332459689037,18.4026806431852,46,0.00836121408575369
-0.914258548087897,7.78458002144757,17,0.00245997029162801
-6.18540509776953,18.7187645858313,62,0.00775524355989123
-3.89674113067859,-11.0927377042533,59,0.00064960473761411
-6.42632003761525,19.0541032093439,80,0.00782692030794518
1.2694537988885,18.8654971481646,31,0.0115559074796153
-1.20261494814825,18.6397530282171,34,0.0110152749805131
-3.33469018398838,18.7079948039843,55,0.00987137805694814
4.89016381073773,6.20765819604671,23,0.00201616104959278
-1.18304991158779,18.8001548115756,54,0.0111353868706734
-9.06217460196943,18.6257260629405,89,0.00564274703658072
-0.178780110392243,18.2979610128894,70,0.0100614567676598
-0.143560324518784,18.2428648135684,69,0.0099666447098
1.64939828763835,8.63830693518552,45,0.00264800699281322
-10.7745037379801,12.0855248427112,100,0.00266763423042179
-8.93614068576896,18.7817632241879,98,0.00578059970176574
3.62122230053013,18.4096316848145,53,0.00920411379024711
-4.65779721281635,18.3489559706726,62,0.00838366736049395
3.077585998658,18.2649701113395,85,0.00901218763602453
-6.84839996368477,19.0531341471043,74,0.00753101444628835
-1.03883618793289,6.68564987400557,59,0.00219160972900395
-2.80560493156114,18.4307554919257,87,0.0093979329749585
4.329118646421,12.150019200292,100,0.00362996705370883
-4.85064894669344,18.3219387212529,41,0.00836624172424207
1.12131707429735,18.3813237190083,47,0.0103383660086276
-11.1791643731625,19.0912548602228,89,0.00472394937993462
0.319622024046926,18.4617341521569,59,0.0104982700824641
-11.4930446395206,18.4061122371693,100,0.00430310307811451
2.83538906446914,18.2608886276545,29,0.00961472857847281
-9.02470224982121,16.837994862669,100,0.00469796566077825
0.971917681744381,18.3952886773909,50,0.010368090206833
-1.06344328238966,6.233526654236,20,0.00211958839511281
-7.66613261463164,18.8639266725338,52,0.0068576682695862
8.21369534162069,8.62443525251347,50,0.00225519678309169
-6.96324828694797,18.477280290524,68,0.00693257977080381
-1.17655637628146,6.95661773141088,67,0.00224221108679205
0.660321186948565,18.9804991733194,52,0.0117089840169023
-4.77521854809227,18.3848440021181,37,0.00853200731635199
-3.64371836799263,18.5135175258139,64,0.00926290269315088
3.91474491454676,5.97819975575359,12,0.00201493675663107
-7.32883691268643,18.9870359108114,43,0.00726404879849964
-8.3394760872793,18.4655311845955,67,0.00604495783179984
2.40857626933199,18.7099536749357,49,0.0104878745917943
2.09856005383816,18.2852236424041,55,0.00975562526051627
-2.41686646189302,18.2246313701625,53,0.00953230801837126
-1.53502243548547,18.298517890765,47,0.0100600720204112
-6.73087529083399,18.5611915295081,55,0.0072360730189616
-0.861958729217768,8.16877365668025,23,0.00255273284594326
0.138208749191278,18.626415720024,88,0.0105260938771269
1.83521515437473,5.97657924000589,8,0.00206608494344873
-5.01779243038457,8.0725117704294,100,0.00234371610061876
-0.321477396885644,18.2420382177623,29,0.0103698608905116
-1.76726889364113,18.8030986036785,49,0.010992140963976
-1.76726889364113,18.8030986036785,49,0.010992140963976
-4.28997320422938,18.6190269868143,63,0.00900711888765339
2.16960192357769,18.5058103906493,54,0.0101489710298494
-0.645112659735696,18.402730586603,73,0.0101957075827487
-8.41947895177618,18.2493689113985,41,0.0059425965341986
-7.940312991134,18.6887415343158,83,0.00639450703907453
1.93258379963743,6.51160453239175,67,0.00214067380710508
0.073182790353526,18.679623473306,80,0.0107286513927325
-3.62977448000413,12.0193154027998,100,0.00364906632376149
-1.19195299089257,18.560695816335,56,0.0105907751322871
-5.08376807027484,18.5589959521613,37,0.00854866251543627
-1.53185945240319,11.1230876261569,100,0.00341981830066415
-1.01429293117395,18.2323004125765,51,0.0100254459808547
-7.14819362035153,18.8525447104302,50,0.00723828952141282
3.65061782075722,6.30255069878166,22,0.00207811677543355
-0.53058685556579,5.91834339439683,81,0.00203760170746802
-5.63259199489914,18.1548820441288,77,0.00743271193704566
4.99617099846428,6.45196124224504,15,0.00205880032570032
-0.592102869836027,6.71855070137971,17,0.00222239647177336
-6.47299716414912,18.4769761845665,42,0.00740384149589672
-0.908151191822706,8.7147813237248,58,0.00267299306381353
0.0378616033502883,28.1576845472101,89,0.119185031083196
-4.93711496674562,18.1700072819984,81,0.00785570554716838
-3.98818448853101,16.6049420048548,100,0.00655691421347688
3.33906249545551,18.3374471391591,29,0.00946495660265926
-0.979223868776718,7.96188069063448,39,0.00248914600726211
-7.78665713861456,18.6143992675825,88,0.00641696071573266
-1.82287973940247,18.3529200708389,45,0.010087564319248
4.44853281547935,18.6224875255284,76,0.0087993379776095
2.83538906446914,18.2608886276545,29,0.00961472857847281
-2.17436880780067,18.6369688676678,55,0.0103932840094516
2.8301765476892,18.3350777554058,27,0.00976957618384962
-3.42064170502031,18.3739643247391,57,0.00923274853901476
-0.721284934842766,18.9022518644506,51,0.0115227758003704
3.89640850900783,6.18059479223756,29,0.00204485097618505
2.86492015690397,18.3930410245293,65,0.00950069306850022
-4.80033440134332,18.3421143824793,89,0.00809992835369818
-10.4778305047849,18.3782033627878,75,0.004805062563832
-0.953516087502472,7.64114148530455,20,0.00242328835155876
-1.61085215752431,18.3746147437114,88,0.00977595247740645
-19.6119816610766,18.1529789448353,61,0.0020581167931465
-0.190466435950771,6.30501710970705,11,0.00214266809878359
1.18919060052629,18.5433933992103,44,0.0106909153142218
-1.33556955342581,18.4631135156508,51,0.010404804352624
-6.1580578171883,18.3950850020813,80,0.00732972931299838
3.33906249545551,18.3374471391591,29,0.00946495660265926
-0.770655805876624,18.5130475077579,33,0.010847924322656
-0.231652881884861,18.5461507503138,83,0.0104139035361845
1.23873376710838,18.7514744236941,48,0.0110836221367685
-4.22897772051507,19.0400469969734,81,0.00955122392638853
-5.77028547425821,18.5754135443678,48,0.00798570949959496
-7.12585020375997,18.5681037171132,76,0.00686619630508551
-7.93305244250274,4.47535835928021,100,0.0016135965966281
-2.96245250057658,9.07860141415123,100,0.00269204744988735
5.29902875337939,18.2235830623403,71,0.00775403847413393
-1.21756957950892,18.5777288581827,64,0.0105299762254683
-8.42835335574811,18.2134092665316,56,0.00586102239460014
-0.805361743047401,18.4165644176631,98,0.00994515997388102
1.13606067904992,6.12383249441188,13,0.00210081237886091
1.48822441748674,6.12501044479661,14,0.00209652702773615
6.14154306864415,6.09969735557708,12,0.00194785929366753
-5.03888910940041,18.8680428017744,50,0.00891512526940863
-0.878598104311754,6.60657971744388,50,0.00218134223014705
-2.82380536695262,18.3318615817323,46,0.00958921261594003
1.27477330400449,18.6681130796171,48,0.0108885549085937
1.12131707429735,18.3813237190083,47,0.0103383660086276
-9.98186428874214,18.1943132959569,40,0.00505081104354983
-3.40251314890488,18.709575840369,85,0.00954827356605623
-0.559654073368236,17.7806458419347,100,0.00894194396625201
-9.28167924787682,18.4066117737693,96,0.00537517413738441
-0.922496846527177,6.1267856535105,83,0.00207280382759395
-2.43093659816674,18.5750501492047,56,0.0101374952624271
0.889439697261012,18.2845550009254,45,0.0102139915696071
4.99926754123932,19.1374932022468,87,0.0090336390928149
-3.21194699315496,18.4728927983941,65,0.00944656478157203
-10.7307305982145,18.7385758105632,78,0.00482922639243156
-4.77975546813164,18.8063499672863,48,0.00904666112894014
3.35016535811749,18.4012882619903,29,0.00956798495012661
-1.91909745364464,10.1843898974109,100,0.00306696897307314
-0.640143210734817,7.28924719637129,21,0.00234402012965896
-2.48802641483666,18.6036891792221,78,0.00994100568745354
-9.59524337717103,18.4123973069281,43,0.00536048616697557
-5.433193277604,14.978154785783,100,0.00486868275200485
-0.956352010730555,6.93765872239515,38,0.00225524052135291
-2.82380536695262,18.3318615817323,46,0.00958921261594003
0.706781298427952,6.0741855059814,20,0.00209171720384835
2.54093508770314,6.33714161032769,17,0.00211710118536984
4.89016381073773,6.20765819604671,23,0.00201616104959278
3.66463680510607,18.39886781497,53,0.00916027988952671
0.9927004608304,5.87229387075887,65,0.00203293344229034
-3.35083266848406,12.5015196507099,100,0.00389029434549962
-0.354248974911764,5.87296956098854,74,0.00203289077943424
0.679298606230389,18.4933127086408,71,0.0103928033974017
-3.49042715917452,18.4784077702489,84,0.00913062375072142
-1.80509537316769,18.9706009143316,52,0.0113118643721022
-6.65697554825122,18.1587265807539,67,0.00684673545333251
0.143004601010022,18.9740747063517,81,0.011363238407209
-6.0934920288951,18.7995276396952,82,0.00779142667822486
2.37175067162371,18.4011753767878,67,0.00973530260568305
5.56447702861097,18.3584863989558,55,0.00783289919538565
3.08398189654008,8.45468347037605,88,0.00252636121472881
-0.626133202100237,18.3199445308294,59,0.0101802638584773
-8.79876698129342,18.5387898141426,69,0.00580965371041749
4.98715018263934,18.5750777111943,70,0.0084029801582777
1.11143607070942,8.55998760400539,71,0.0026193474875224
1.9499007574722,18.6158198646733,68,0.010311316375439
-6.2944178946893,18.6626181498477,42,0.00773184343030876
-0.619185976449464,6.01706134430026,39,0.00207317328502644
-6.47299716414912,18.4769761845665,42,0.00740384149589672
0.745319190041816,10.0243545195973,100,0.00304311331064065
-0.363417911713358,6.16881822802155,14,0.00211419149587325
2.29264953919364,18.2094440816509,47,0.00961406041883408
3.56531439999567,8.86076744980884,44,0.00263831176124053
-10.8545372432562,11.8322896538913,100,0.00259977215812041
0.206247319289721,18.9136046012763,94,0.0110615013490266
-4.43833817821979,18.286749672493,75,0.00834929233803254
1.70855377166847,5.96600062705136,25,0.00205879304585574
-6.09335752636646,18.255578479056,80,0.00723072816851119
-1.01054017994491,15.6831479664553,100,0.00628030191799409
0.0288598521647365,6.75036995897839,23,0.00222781409651822
-11.0211268964196,11.4807128252316,100,0.00250195296422501
-6.87940606237225,18.2978489817819,38,0.00696934074879729
-3.11197469633262,18.6230830683878,66,0.00975335219347092
5.70864302731541,18.3443797232494,96,0.00748166128803427
-0.511684982357569,8.55647670131922,59,0.00263340470225757
8.48771774949535,6.29570641147538,40,0.00184496940323223
0.398312300274968,5.96843442838502,35,0.00206673741993366
4.21079243948723,18.2334404109749,87,0.00833151316001043
-3.75115473759403,18.5090433245173,45,0.00935141702487925
0.169590964504336,18.4971735783772,99,0.0101506950249575
-5.96422382306478,11.7803239893779,100,0.0032887305918823
-8.9061834739657,18.9028596641482,87,0.00591108756120648
-0.0464835797669279,18.2273965929124,83,0.00980257440742439
-4.84588376574824,18.4528997794199,67,0.00836117777171305
-1.24866058556978,18.7297920350949,51,0.0109958480222628
-9.36609569389277,10.4415044792808,100,0.00249331923596167
-0.283477016536143,11.4092866626366,100,0.00356318249832993
-1.11304522296132,18.4776171472026,40,0.0106165939502661
-11.5313066149561,18.4320699628823,75,0.00434251689089315
-0.975897072797664,6.11958035292171,26,0.00209576403078184
-5.80294976410074,18.1628548270927,71,0.00736736069100755
-1.14339092105102,18.8045485522123,51,0.0111942062074484
3.33906249545551,18.3374471391591,29,0.00946495660265926
-6.59251389758873,12.1475681197259,100,0.00333020748789821
-4.12719958916801,18.9651281011849,78,0.00953511472823318
-11.391927371503,15.5509150007146,100,0.00343381822751247
-1.13662419188562,6.48429230852916,36,0.0021609164192342
-0.990829978557484,8.17875355102286,39,0.00254334592739926
-0.304062310108761,8.30349743696583,82,0.00255298345613792
-1.22887662042581,18.2325143721355,98,0.00953076123525679
-3.98713341306336,18.3003488595504,63,0.00873295395031342
-0.867897864364513,7.72234031252615,78,0.00240946811200566
3.98072361349539,10.3661179472638,100,0.00301362482946054
3.31163671382062,18.5264513418354,30,0.00980333165509741
-1.32987224294337,18.2683824760754,55,0.00998079751643741
-0.314619343644277,18.4626196311753,46,0.0106457759138284
-4.77521854809227,18.3848440021181,37,0.00853200731635199
0.843275685775778,18.6013455485775,49,0.0108392059467977
-3.42064170502031,18.3739643247391,57,0.00923274853901476
-11.9399281022944,18.9166025362063,64,0.00435029730986532
2.17109024153715,8.66439182819118,61,0.00262996325213805
-13.1535949078901,18.4539342033397,40,0.00375353702995941
0.0420576835183509,18.8148722898562,55,0.0113327981642999
-6.19813625114953,18.8348635961662,76,0.00778856917091319
-2.67903049564314,18.3214140430504,88,0.00926900864638838
-2.53106694390799,18.3925407400852,65,0.00966524564502311
-6.45821329836008,18.6172023562673,42,0.00756076935011948
1.32201117317418,8.20811161081652,55,0.00253553551563588
1.61368055902184,18.183243062793,52,0.00976862927663758
-9.34093321100772,18.6354563610497,76,0.0055288622472454
-5.49451615097439,18.2820294967893,55,0.0077910805946057
1.61959291338851,18.6655136294493,74,0.0104728067275444
-6.23744909898556,18.1652962594477,49,0.00720886906420936
3.51968549913406,18.6898692445529,73,0.00955081105419005
-3.3364275486767,18.4671908027757,49,0.00950743596088887
2.56155248718126,18.2881719756387,52,0.00958716687902717
-7.940312991134,18.6887415343158,83,0.00639450703907453
-2.96071128940539,18.4057214539708,89,0.00926152643787167
0.660400137547583,18.4135949386887,64,0.0103098049581776
5.08203810183426,20.779323147058,95,0.0115765397826652
1.2694537988885,18.8654971481646,31,0.0115559074796153
-9.00465001721386,18.2763626051829,77,0.00550798749544565
-3.39679847685808,-10.9509108010322,13,0.000657841953486405
0.843275685775778,18.6013455485775,49,0.0108392059467977
-8.17132983218858,19.0018276483446,72,0.00652057350895196
6.71369713103133,5.84731202309198,57,0.00186467123386331
-0.50320955106011,16.2414356005228,100,0.00688828694068484
-5.02170787349904,18.9838449415801,89,0.00878529135238043
5.21500937436426,18.4138053617022,70,0.00804173571561555
-1.71646301213646,18.8698429068171,65,0.0109658272196549
-1.93741577935908,19.0333579223904,86,0.0109665949085476
1.13606067904992,6.12383249441188,13,0.00210081237886091
1.2694537988885,18.8654971481646,31,0.0115559074796153
-6.47299716414912,18.4769761845665,42,0.00740384149589672
3.59939385631657,8.74726683556823,50,0.00260280802718114
1.60318598103131,12.7678454549065,100,0.00416178288128686
-0.70339285113105,6.6514249940409,28,0.00220239171995724
1.27477330400449,18.6681130796171,48,0.0108885549085937
0.396094888256166,18.3538018817591,57,0.0102934465965975
-1.77604276851504,18.2759616081207,34,0.0100671672891479
-5.12181343318414,12.1783037875924,100,0.00354498892924647
-0.717281303733416,8.37529611061497,39,0.00259728564244507
-2.72073489942772,10.8668345777054,100,0.0032667667550797
-8.70977514621947,17.8041101267066,100,0.00535025557619553
-4.47936823497887,18.9074974070975,83,0.00913783016664981
-3.96291229660143,19.1070990009138,48,0.0101998576175695
-6.59828745310735,18.5461073770759,77,0.00719890503684527
-3.3364275486767,18.4671908027757,49,0.00950743596088887
-11.0880798951002,17.1542611349073,100,0.00404063551820754
-1.70484340215034,18.2310550984591,29,0.0100555194823379
4.07305674577139,18.2667446544154,75,0.00854371879171099
-0.824084013880048,7.1620097499798,81,0.00228238554084467
1.32505639963345,18.8890715167577,78,0.0109942658079611
-0.574854179209167,8.23684020370493,42,0.00256050237815121
-1.14339092105102,18.8045485522123,51,0.0111942062074484
-0.505326155482047,7.47146115078519,44,0.00237360965860247
-12.468233397165,13.6050275681416,100,0.00271298774179265
-8.09153028688526,18.5992833625899,68,0.00629098480001317
-2.87771814305944,18.6019916877556,83,0.00968843330906306
-9.41937255249013,14.7110805727732,100,0.00368253376241056
-11.7567272933323,15.9711430586803,100,0.00345427986430213
-2.84602902628148,18.3339406772556,92,0.00917681805809003
2.02405901308138,5.819504294953,11,0.00203278582356273
-7.35610135274381,18.4803904227195,47,0.00676986255538565
-6.47299716414912,18.4769761845665,42,0.00740384149589672
-8.25767969846409,18.1585863440291,78,0.00584687001831737
2.24876435155058,18.279998598181,65,0.00959158580383615
2.51390209225604,18.5019299839266,74,0.00978307897676008
-9.46337266130755,17.7186038801478,100,0.00494243536763667
0.710438578708446,6.67061499885631,13,0.00221362288195539
0.15868805271885,18.3071638362736,47,0.0103192281936483
-5.88534808280378,18.3807295762159,88,0.007450547760677
-2.66734996544425,18.2160566842506,47,0.00945669086642895
4.56313911469247,18.4197049466583,80,0.00841285283463213
-6.99748930677818,11.8459811084639,100,0.00317103713593219
-0.181710977474092,18.3364189787201,67,0.0101671320372862
2.09687630011613,8.66135469935767,44,0.00264317187903951
-6.2701085653707,18.759442452807,50,0.00780896749148786
-0.321830182562257,18.6391254425803,81,0.0106211353215595
-0.425718878704453,19.0238035678369,77,0.0115098050957785
-6.94072666751454,11.3991836053952,100,0.00303883157775687
-1.30336774621932,18.3716453908932,53,0.0102090723244689
1.06423321923207,18.3254747256575,85,0.00985568023675797
2.8454724144074,21.0333683053947,99,0.0152631006233549
-1.86799982631277,18.301468816086,59,0.00983481761498425
0.181683814814259,8.56978110450898,58,0.00263925897097744
0.660321186948565,18.9804991733194,52,0.0117089840169023
-1.14339092105102,18.8045485522123,51,0.0111942062074484
4.52133212857999,18.5684952508128,29,0.00904171637045149
-2.68130885850518,16.2931734199072,100,0.0066264448767654
-0.589406961038757,13.4406627286788,100,0.00458292354776556
-0.256689446880735,6.36355376661458,21,0.00214953349949992
3.33906249545551,18.3374471391591,29,0.00946495660265926
-2.24029837956226,18.4274811722442,55,0.00995860581776819
-0.503312580913376,18.8518174648816,78,0.0110958307290635
4.14758943699657,8.5363204096673,59,0.00251600271208898
2.05695740231294,6.11410911138776,24,0.00208129716926703
-0.951306561627127,6.88225707905491,15,0.00225518027568986
-0.671968701853755,6.047579788396,11,0.00209078992338969
-9.2287917245588,18.5955871376366,93,0.00551803777112842
-13.390955763488,13.7062049431565,100,0.00256684320468911
-1.95724541741888,18.5439947765916,71,0.0101375884515362
-2.40495874243954,18.5687074349237,47,0.0102316539357475
-2.61180548361258,18.5634568098023,76,0.00982596049837514
1.37257486597036,18.7305207318199,27,0.0112543010006723
-5.82218592820099,18.8420384589615,80,0.00805511185672637
-6.1417329984031,18.4734548834568,73,0.00745977425007241
-6.47299716414912,18.4769761845665,42,0.00740384149589672
0.720258111320376,6.22644572713097,15,0.00212321477590612
-0.977657449899156,18.3012693801207,87,0.00980875177834831
3.35751555605278,8.90683999429468,90,0.00262851444887296
-11.0092449832559,18.5463012990475,67,0.0046388110590207
-1.1360198012192,7.88280294880599,17,0.00248120906854352
-22.0715926185281,18.7601761159687,80,0.00172745736743856
-0.280050719091935,6.5850611056216,10,0.00219946975231183
-1.76522504887482,18.4773908288625,85,0.00994297058718796
-2.17436880780067,18.6369688676678,55,0.0103932840094516
1.73717621719428,18.8740918394278,27,0.0114432793733492
-3.53368944472205,18.6656701827534,51,0.00970436737980634
-2.89763658200504,18.5556740035361,56,0.0098531120387781
1.19349064815831,18.2249823090983,27,0.0102162994440063
5.88077733066724,18.8238502102676,49,0.00819276732347838
-5.73945908535914,18.8532130579103,55,0.00829965998282546
-17.8643430708245,13.4805843585386,100,0.00186623259774923
1.2694537988885,18.8654971481646,31,0.0115559074796153
-8.34673499481775,18.605049876568,42,0.00623262802362071
-0.301666904798817,6.4702656683899,14,0.00217407560612092
-0.934254039013905,18.3242348987341,83,0.00989822486737199
-0.736468444706965,7.76077368979576,39,0.00244276622464119
-0.603051175850871,6.19215962725817,67,0.00209418149406754
-5.58713155800148,18.475037159038,51,0.007979714722854
5.6557745660388,3.01993774537308,100,0.00151749933282633
5.13283734875656,18.9162961865191,75,0.00871391630038724
-3.80903154396218,18.7523676762147,83,0.00937372291434068
-3.39044025330163,18.3637002645692,93,0.00893660914494091
-4.68739380635462,18.8714972608829,52,0.009183743466752
-0.446255558514319,7.93910584214693,58,0.00247652621882567
-0.601704358386116,18.1638792640635,78,0.00969915442952149
-10.5532792639611,18.2055619509292,81,0.00468154405404564
-7.0588589115683,12.1664159851368,100,0.00326737743328214
-1.14088262852922,9.41648905468765,100,0.00284566835692913
0.261357233458799,27.2203348967938,88,0.115206556765322
0.455464367321852,6.35503385578597,43,0.00213709385226137
-3.25818793889761,18.7187587898264,90,0.0096059934850979
-0.522960534824942,8.4847659221846,48,0.00262176752718658
-5.26995545735289,18.5794662332517,67,0.00822878145055746
-2.97407771031327,18.7158449978352,76,0.00990252838404525
-9.12755742656236,18.669468246758,88,0.00563374268455786
-4.18615885843704,18.2043785965253,62,0.00848321648219933
-1.19286007562106,8.43495909823723,71,0.00258528773734195
-1.13433585735316,6.30567552101158,73,0.00210912665615361
-1.23502192337598,7.36168598407115,11,0.00235983845620189
2.08114527218855,6.26040654763989,42,0.00210071681645646
-16.9447598895103,18.9571747194171,81,0.00266376713340658
-0.724813638007798,6.17487941918431,34,0.00210471191795813
-1.20028152070089,7.66610877493492,29,0.00242081027507679
10.9959145648326,14.0345667730392,100,0.00310570664811868
-3.44173154717642,18.3962304798136,38,0.00942215426326083
5.33749836602742,18.1674133657057,55,0.0077603551791374
2.75753774834332,6.46424491866384,68,0.00211355616747261
-3.01093737510079,18.3341040719382,45,0.00950272415095553
-1.82513746934423,18.4412919238905,45,0.0102598335020563
-2.58309717303857,18.3985799109399,59,0.00970730092959728
3.5204370439748,18.8347103644625,83,0.00970189589215615
-5.86955608089445,18.5164334838409,34,0.00793159675858431
-16.7605103756339,18.601067933195,100,0.00264854064631343
0.073182790353526,18.679623473306,80,0.0107286513927325
-0.164027794209274,18.5006491120146,82,0.0103360788991319
-0.861735982981452,18.1965031714233,84,0.00966644529981503
-5.76966768907816,18.4700627146682,42,0.00789988030565394
0.841561781081219,18.8166809588482,68,0.0110848526034435
2.96595597556551,18.3094905300607,62,0.00933412832347809
2.28369021879014,5.876073795486,45,0.00202444071829301
-5.22420172707004,18.3275903576989,88,0.00781960617016156
-1.15639299325081,18.2785426929384,50,0.0100942549905614
-7.03409750099071,15.6804686123241,100,0.00481346346704992
-12.3924249580678,18.2199788253516,58,0.00394902548007163
-5.77028547425821,18.5754135443678,48,0.00798570949959496
1.69369762160841,18.3654319919282,28,0.0103369963341278
2.19158169573848,18.6723155739991,29,0.0107480324842583
-0.0218313405106823,26.8943030930485,88,0.109451876760555
-10.6498103481915,5.54750158561323,100,0.00160972999831955
-6.854844889464,18.8385345914323,43,0.00748508401600944
1.65783690789452,18.7792178079415,29,0.0112318569090938
-0.898863021587033,18.2317580516938,25,0.0103161065881446
-0.240774812252939,18.5941092138806,45,0.0109482729581307
-3.75115473759403,18.5090433245173,45,0.00935141702487925
-3.79588301695979,18.7539697837164,85,0.00936750411615212
3.86750056765478,18.1867561293942,32,0.00887672842312898
1.12131707429735,18.3813237190083,47,0.0103383660086276
-0.825879262296034,18.2945489729007,47,0.0102244708332161
0.26793870212152,18.5372834941233,55,0.0107056206259122
-1.75145239888013,8.94659640478176,100,0.00269736507368692
-4.45381771986914,14.2159308428189,100,0.00463109102779087
4.56313911469247,18.4197049466583,80,0.00841285283463213
4.02356124496289,18.4516468672683,67,0.00890230896584557
-2.22641376715375,16.6794837071525,100,0.00714849949435169
-9.76036251468541,18.333180040655,43,0.00522877123351891
-4.93507317313678,18.4670577434638,54,0.00840996721108388
-1.0526347137827,7.24224460678514,36,0.0023215223164025
0.00417424836134017,5.95410367800577,66,0.00205160419136937
-2.10987537016283,18.5949482948027,69,0.0101919493195079
-5.07377385997881,19.0540140503487,68,0.00900808909657936
3.31872474851438,18.6745225867704,79,0.00959594978550609
-6.38219959797762,18.2690947149056,70,0.00711021912895726
6.99813204437963,21.5089342963239,100,0.0100779442339584
-0.321341653433967,8.1074543957994,90,0.00249864986339718
-4.0900793144071,18.5814367032627,52,0.00917899242928935
5.90282464502366,19.2260767591151,72,0.00850989161938901
-11.9074399370259,18.1723049084966,97,0.00406069097573925
4.12478453539963,18.72942945897,78,0.00916550515802685
2.91567771433455,6.66754168784818,20,0.0021711997758601
-11.2551189484246,16.7052741432908,100,0.00383091590512742
0.17461944770205,8.86384371487774,49,0.00272678391598034
4.95884606325149,5.92379139483609,18,0.0019664035258405
-17.180795356798,18.815304525664,78,0.00259262408171366
3.99725310923266,18.3213530528895,57,0.00880371630209872
-1.29741617638532,19.0539553774557,37,0.0119257062211842
-3.95425981598954,15.4501549200367,100,0.00556879386958779
-0.319476696092547,6.33520160477508,19,0.00214466534814462
-1.06859849443721,18.3138758886243,73,0.00995074547891994
-3.8778753264707,18.8650260541975,53,0.00978754124599412
-6.18137345052073,18.3280900130742,81,0.00724158867641037
0.660321186948565,18.9804991733194,52,0.0117089840169023
-0.678871619511634,18.7398186475539,58,0.0110665844886386
-1.10568876723678,6.45490774005435,87,0.0021319487519729
-6.70177587386803,18.5556784963852,61,0.00721978937106687
-1.47280070782245,11.6780333333655,100,0.00365008553355085
2.56155248718126,18.2881719756387,52,0.00958716687902717
-3.48960885054838,16.372467051496,100,0.00649054881226001
6.34047161021309,6.49346889724803,68,0.00198222325975508
-12.9898795699874,18.1799606682566,63,0.00370830394243206
2.13893067869464,9.03056450839679,100,0.0027095116015374
5.64764016304691,8.65826940041078,61,0.00245308020259197
-0.425359132485823,6.05766694996876,83,0.00206280182337154
0.934494356408548,18.5474324928167,82,0.0103389937939381
-0.918829700655668,18.7327164629937,49,0.0111141844860448
-7.11275643065807,13.3493282993566,100,0.00368884228520778
-0.967394696756048,8.17852528107126,15,0.00255920762518076
-5.76966768907816,18.4700627146682,42,0.00789988030565394
3.6374091187645,18.6251946258605,65,0.00943964378084528
-0.622540724199983,18.5775989299678,71,0.0105736781077496
-1.0303478294008,6.35196777164515,47,0.00213078218598598
-2.07682305511377,18.2896122561023,54,0.00978184811163646
-6.49292282936272,18.6389340382169,69,0.00740686446296774
2.81784237810491,18.3265599150581,51,0.00953731808057822
3.93481737234553,18.3874453364683,67,0.00886238109628442
8.38156095917649,6.75423509209513,50,0.0019169682778868
-1.19494376773105,7.87363246100852,49,0.00245861429199998
0.792104426850333,18.7815870230305,28,0.0115249263215937
-0.82633790745611,6.01360979347274,52,0.00206567783577863
-0.34714052938764,5.88398633316988,11,0.00206134140218845
5.72395363548329,18.5294976739118,31,0.00807454543724948
1.29666147753367,-8.03736168221563,100,0.000769058246277874
-3.0353561278343,18.5141901539294,53,0.00972936332497669
-0.861735982981452,18.1965031714233,84,0.00966644529981503
-9.41710305541259,18.4454414283582,50,0.00545732334652781
1.11773019550549,18.9371500031328,71,0.0112499065381705
-3.42064170502031,18.3739643247391,57,0.00923274853901476
-7.314489442162,18.65807253278,43,0.00697345356776959
-2.71208732197099,18.1552277722644,79,0.00906100705341031
-4.44477397237784,18.8051184115967,45,0.00933094536447372
-4.15967246435236,18.4718310022886,83,0.00872107245552282
-2.46139909237301,18.2130072077869,64,0.00939427590996087
-10.1118659362119,18.2863983894348,86,0.00491573584832951
0.285460744920207,9.44440425899017,100,0.00286399869461793
-5.05950473616578,18.366716008003,40,0.00828874723172674
-14.1515204513365,17.4091632431364,100,0.00313074931831367
-10.8686828306661,18.5818469357282,56,0.00474526642525447
2.77634434132009,18.3458194709869,29,0.00979890347080787
-0.2591120295085,8.75488950484421,62,0.00268657882804422
-4.79157436615498,18.4282814898982,40,0.00855865335276136
-5.77028547425821,18.5754135443678,48,0.00798570949959496
1.19349064815831,18.2249823090983,27,0.0102162994440063
-20.5304386491043,13.4109415945702,100,0.0015619852464237
-0.981097835682289,8.55396658782731,43,0.00263898062277351
-8.27864736815355,18.3845420073623,77,0.00599000651157993
-0.628170612007007,7.74848438038593,59,0.00242884476820905
-2.40806608082771,18.2302560446948,52,0.00955515475423632
-0.679014329465007,8.73405766331731,42,0.00269243504820547
-2.82017208594466,18.1719269538695,75,0.00907135819414138
-4.43571635921516,18.4196533876142,81,0.00848751921396356
-6.75213296536992,18.5322536399066,68,0.0071264557601379
2.07621294216872,18.8335035720653,42,0.0109996953665077
-1.47298144307408,18.5913950920397,76,0.0103519003993996
2.36809399866085,5.87416091848278,28,0.00202946651760878
-3.17359912795608,18.3859690373696,91,0.00910304006184012
-1.76726889364113,18.8030986036785,49,0.010992140963976
-3.17093554881911,18.5210656849072,32,0.00986245725799787
-9.95200257360909,18.8542218481328,42,0.00539753798885614
-12.2493331053287,16.612492537025,100,0.00349062818845486
-2.82380536695262,18.3318615817323,46,0.00958921261594003
-4.98898530978772,18.7331245147077,79,0.00854603055241347
-8.99826777999303,18.5259120100874,67,0.00569093361767087
-0.746461159798094,18.3603064767265,48,0.010359917898336
-0.600411427869772,18.5512118112259,84,0.0103801157078784
5.29351845648594,20.9077315644122,87,0.0116314832214955
-13.0588056048873,18.2002354734819,77,0.00367015131181467
0.946320627394323,18.3607448881092,83,0.00996454122906554
-0.140985468699227,18.2803871107273,60,0.0101303227820756
-8.67471472851317,18.824100758976,52,0.00613416079683051
-0.950522358602587,18.4235141808232,29,0.0106638137317392
4.52133212857999,18.5684952508128,29,0.00904171637045149
-1.14339092105102,18.8045485522123,51,0.0111942062074484
-15.5010782422647,18.5183030473421,70,0.00298084966560053
-7.58790288973486,18.5027919503726,38,0.00667299530099162
-4.79157436615498,18.4282814898982,40,0.00855865335276136
-4.65762704340262,18.5744503834031,76,0.00858819722686624
-4.94274661312971,19.1245665666561,61,0.00927978367911496
-5.76861930532413,18.4369373765456,90,0.0075760233861844
3.30348111467239,18.3930598741825,28,0.00959137463322022
-5.28233702609398,18.4613790097028,74,0.00802816979741938
-5.45843187631328,18.9215217447315,59,0.00858266215828316
-3.19567963023348,18.3213064285568,72,0.00914715411673646
0.76431102148555,6.55370151389189,22,0.00218485543155742
1.67049358947398,18.6635980371727,50,0.0107194821572596
-2.33833335747109,18.1786289404964,52,0.00949472152366342
1.80388963473596,6.24632588114635,9,0.0021174805892861
-8.32917438115839,19.0966306965553,53,0.00656191885384597
-0.937243552025631,18.3206554338697,66,0.0100601497959598
2.06430038532205,19.0363233536188,88,0.0108883339790119
3.16167911701902,18.273099522259,47,0.00929976738205228
4.52133212857999,18.5684952508128,29,0.00904171637045149
1.04156645361889,18.4805633605979,86,0.0101437495793935
-0.352356775974045,6.57320338862082,73,0.00216682151957247
-1.03469553625473,6.28660731604268,51,0.00211624004026308