0.280797710612616,27.6547658266311,88,0.120156532427211
3.507136548053,18.6546021779973,48,0.00973111861948005
-0.555033560438435,6.89667675114644,29,0.00225417237747729
2.51143323803984,19.0311371446774,48,0.0111137119124926
-3.21643235367765,18.8212358031918,49,0.0102178406560066
3.53949292373781,8.73755209638459,43,0.00260794079868598
5.32475520171688,20.5354863092037,73,0.0110839403152126
0.0333873258400118,27.6871673586063,90,0.118589995483081
-0.283936866194202,27.0231619493518,90,0.108885161429548
5.4204619687821,18.9728079936913,79,0.00853340206767938
4.59571253936609,28.5285601761877,100,0.0317794297849572
-0.81527156186709,8.84791503297107,40,0.00272426093745211
-0.652880682798652,5.98994380108753,20,0.0020760642319969
3.90281067036569,18.2620381722777,33,0.00896237836576705
-0.283936866194202,27.0231619493518,90,0.108885161429548
5.67052906036157,18.7657327828541,76,0.00810477370317166
0.758650012862275,27.6177633397061,90,0.110670535879771
-0.971978036117116,26.9191647123228,100,0.0852279567878093
-1.18455374818281,6.75983321521999,32,0.00221840972796573
-0.520705067193232,8.63997614674656,42,0.00266788354292535
-1.07843015054552,7.40106755085739,32,0.00235914436799008
-1.14851938350372,6.90737339976837,54,0.00223871686659962
-1.0878642991747,8.49942175674549,13,0.00264365425440169
5.58021375288695,19.0542976733189,64,0.0086205451894087
-1.57051204971352,18.9472370654074,66,0.0111823200258208
3.13280919588664,18.2149350557335,48,0.00921093505175446
-0.926672175279373,7.52342685345931,32,0.00238899423394571
0.122363302984431,28.2000961366035,92,0.114537052642932
0.575727645339256,25.5203961309999,100,0.0636456516299795
-5.99170683607857,18.664947551554,45,0.00794449861444447
-0.114252578914499,27.0224102582013,89,0.110893244430839
1.28385761865593,18.3532655793871,27,0.0104546970088385
-3.7926008142377,25.9159358850326,100,0.0356264759508434
-3.00263860086253,22.1446761085674,100,0.0193813876601719
-2.30603081708984,24.9807726961295,100,0.042524518051948
-0.249894104377706,6.54726267558485,41,0.00217699445777962
-3.02337913442331,28.9850482926253,100,0.0492494967629361
0.678768989423024,28.1995322674473,91,0.110178609928935
-1.52406266115566,32.1316770971175,100,0.0328294707507794
-2.00981447786066,18.2191405549858,85,0.00939758172970317
0.344286190627572,28.6063512127883,91,0.108995032843354
1.6436490367574,30.3390411089521,100,0.0533558096151766
0.0378616033502883,28.1576845472101,89,0.119185031083196
5.64586435012194,19.6831030828677,74,0.00934067549982183
-0.301112727855045,8.62900437309155,38,0.00266901260108403
0.535395422575397,27.0277209980835,90,0.106582593017553
5.51414587106846,18.7542233827552,62,0.00830258063698182
-0.888549632967773,8.64036284947183,32,0.00267142196992126
5.242059411495,19.0740701008303,72,0.00886568308801854
5.48597621673152,20.6219529564026,73,0.0110248538138167
2.66691492328349,34.0274610847836,100,0.0181700010795607
5.78309223431941,19.7814931491577,66,0.00941376738644515
-3.59285756396014,30.5396792329954,100,0.033351471062792
0.697693590486755,18.3932822410129,72,0.0101801976263388
-0.259804040300117,27.365312593583,92,0.112177571758392
3.72490129354839,8.56745932832842,44,0.00255476327593847
1.61698428204986,8.91420559013106,43,0.00272623980183631
-1.19282362305543,6.61657461678095,31,0.00218933617808692
3.72436143824096,5.88973350375822,29,0.00199832628402688
5.29794678963967,18.5353981851209,68,0.00814727094091703
5.7689194629625,18.7591674654144,62,0.00811496773539009
-0.487395661991684,18.3060025998554,69,0.010066333590265
-0.743864905322693,6.79113400046678,31,0.00222963688915722
-2.44468646318471,30.8029127401423,100,0.0407648208156442
-0.249319123396657,5.96934763348611,28,0.00207031653855265
0.106132496596732,28.7351228755925,100,0.0982709926369479
3.57904734895014,18.6281539873862,71,0.00942859162114107
5.87517862501411,32.9068084517768,100,0.0143109572443622
0.122363302984431,28.2000961366035,92,0.114537052642932
-0.318340006732553,27.2023710956079,89,0.113167707816506
1.00648776160374,6.53024378493966,32,0.00217332135111907
-1.05853152941693,6.62114476715395,28,0.0021931606296696
-0.766334923687341,6.91637182433906,34,0.00225440716880109
2.0336951368214,19.1126025499479,78,0.0111887487287296
5.1868012413557,18.4677073417604,75,0.00809439467872351
0.208248359265491,28.0137088232633,90,0.11809700264298
-0.48343779542289,30.5673695738519,100,0.0572807488319054
-4.24657794723915,18.7206524991431,62,0.00920092822125903
-2.86146964012939,32.6252608850827,100,0.024518851913844
4.59129958156029,18.3188127798053,62,0.00838652710731609
-0.631163336302602,8.06005014767942,21,0.00252853247404051
0.171767876857027,28.3273740272472,90,0.115636492714399
-1.11772838176397,6.98941379423331,34,0.00226663173928311
-1.57049205110491,27.8558437877651,100,0.0808572527599669
-0.649467390604598,27.1979026298387,94,0.103489471119813
-0.814620423274861,6.3630912386858,27,0.0021439222546355
5.78104782562093,19.9170047168443,80,0.00948475754269349
-1.33583385064478,18.2620601103835,34,0.0101802281945726
-5.09333733975196,18.4340980639502,75,0.00811596016565931
2.86666773421388,18.8798543300224,64,0.0103967399865207
-0.520321646510797,32.2301071385965,100,0.0341777846481059
0.178894272879381,27.2161919005833,89,0.114297669959302
5.58728364258827,20.422231207204,72,0.010564400205704
5.55379127829782,19.6866652272519,62,0.00954478979599323
0.120787371646783,27.650838751794,91,0.116824388495056
3.68965825333015,18.3234407775223,77,0.00883516237445292
0.603295478261572,28.2335960703814,89,0.113589667492459
1.64730541065381,18.1862813904471,95,0.00937037128785987
-3.26489214313848,18.1930078754294,61,0.0089980531817036
5.75426275684099,19.2562209895237,71,0.00868365973409173
0.442625403597713,28.5663150816086,91,0.108765946898372
-3.70603760495978,24.6226226639115,100,0.0293046050862926
2.04099090771233,18.6207938066364,76,0.0101986273078125
-0.587689919962949,28.0610127052105,98,0.104315639500363
5.39239130540879,18.4045993139566,70,0.00791096325817143
9.83368834057574,33.8604886303533,100,0.00701294428356448
-2.25192940672179,27.3046201512085,100,0.0654364312778116
4.90503466191227,18.3490129829686,82,0.00808781770806363
0.395404160736711,25.8558594191556,100,0.0710283837518596
5.36834781116277,18.2910028741606,71,0.00778758485841151
2.0616033879139,30.4495760188001,100,0.0479599887105517
4.76384341046348,5.94808149618663,32,0.00197245842975394
0.051537028007806,33.6516016535911,100,0.0230245016366482
5.75205592896292,20.6903983124663,79,0.0107171881101949
-0.567786082950059,28.6713260545144,97,0.0992100171846413
4.62647671811208,18.2898476076481,78,0.00821579556326336
0.397630697013603,27.4894914948625,89,0.116315533757491
5.20986588596145,20.1850345002052,72,0.0106193447925422
2.53841250604674,26.6663293123782,100,0.0562672124243382
-3.23087448865363,18.4744174413249,37,0.0096944401572898
-4.60420676088828,31.5166750396275,100,0.0224911381476787
-0.747673383907342,26.1116562568808,100,0.0739587864524294
0.285593389937448,8.66869370747653,42,0.00267711645905786
0.25614161106747,25.3892142443051,100,0.0621987292145784
-0.923331377274444,8.35981517904617,37,0.00259229244531805
1.2294110328356,30.7882691067698,100,0.0500501108977154
1.93082238878635,29.1636233558926,100,0.065251626204476
2.98454066996517,32.5206633027966,100,0.0246799333171097
-0.0873926593688615,26.9158925221528,91,0.106356827260986
-5.90346155145792,18.5455612010061,56,0.00780435111419447
0.357290288864156,31.6806462443191,100,0.0406230721143809
-2.39410978782168,29.477116117751,100,0.0548130488253398
-1.19047512024229,6.38271838106841,21,0.00214709793851905
-0.479292207704748,27.2515155579482,97,0.103066435226453
-0.472307950815263,5.84000120226825,29,0.00204516189411785
-2.89790041820944,30.722389658672,100,0.0377571804752449
-0.552219773407888,8.67658654525326,15,0.00269718650351848
-1.43129470324601,25.3061688951155,100,0.0541184954218471
4.00269736984759,18.4875061999115,60,0.00902613491507421
-0.674404607142262,8.46618411022324,34,0.00262519661072939
5.6047858053777,18.8538000971393,66,0.00832996517317681
5.68919740069379,21.0639142835464,73,0.011524515151183
2.42438755974915,8.68477664102691,43,0.00263980932178407
1.27451093372087,5.85473047752054,10,0.00204997152949761
-3.98676258226709,25.5438855237831,100,0.0320868779196812
3.05669542091123,18.187508673378,73,0.00899884415677588
-7.16936675585275,27.8654044570711,100,0.0163129909474852
0.468478703715369,10.0363020758854,100,0.0030501871719626
5.43762743706157,6.07451530628211,47,0.00196143820258345
-0.772165831456534,7.97149080002463,42,0.00249190632200685
-1.4176869627029,25.5624228438751,100,0.0581551652995522
1.03998909929247,29.8200717814147,100,0.0674781321817244
0.385093852061102,28.1459962482789,89,0.117227992039786
0.00466955523905976,27.6828102889658,89,0.120006853069301
1.21942290015759,8.64847981544633,42,0.00266157076553159
-3.03054018637004,30.3594493664509,100,0.0394847320610745
0.840531316553755,28.2253086039421,89,0.109408688445803
0.394867703949732,27.0763500108898,95,0.103380905658609
-1.51057272471375,29.2651433097212,100,0.0706524723437884
-3.50977853134177,31.740909603867,100,0.0268302132827974
5.68868311064999,18.8863321446043,71,0.00827054539196668
5.40339207696864,18.170444710436,62,0.00767995613261554
-0.0923197328416248,25.4716024679975,100,0.0640210185773802
0.293324726257292,27.2597590225608,90,0.113009499188046
0.573022741865562,5.84317844749489,20,0.00204907870190923
5.68170520357959,20.0513755916185,81,0.00977739895084194
-3.46435750359853,9.9530353445385,100,0.00291880115572742
5.72063040320662,20.052190035727,80,0.00974584708721392
1.54275716078511,22.7381231479833,100,0.0259555655148779
1.61965690375355,6.66297011910813,33,0.00219206546802784
-3.5088724828152,29.8518775354283,100,0.0382031663556782
-5.10668145209632,33.87939485627,100,0.0138509077032404
2.74727807290072,6.50274282026741,27,0.0021397983436069
0.610879242245079,28.1106012038136,89,0.11446419242825
1.22963523934423,5.89885214608375,30,0.00205019157326619
0.500218211973796,27.0696282077886,92,0.105509040895853
-3.30668452045557,31.4982739581136,100,0.0293571867743149
-0.813949144599617,6.3792657686027,24,0.00214851134399116
0.334840803833386,6.00296492950823,39,0.00207169248464346
0.0378616033502883,28.1576845472101,89,0.119185031083196
-0.791625984384991,27.5314672425369,100,0.098654169942805
-0.488858339496926,8.25944020054848,38,0.00256956868520694
0.806071409862802,27.5181003164758,88,0.11150145230598
-0.328536688338971,18.5259389313968,30,0.0109701202965406
4.07653337223408,18.2769375256363,66,0.00862233258481213
5.01868331093892,18.7542329920293,67,0.00864112430782268
5.39127881923088,21.1863115117003,77,0.0121622688439427
1.00861879053384,6.13402042760713,12,0.00210442051292578
0.041878242233882,30.6388548756451,100,0.0567603837927342
0.831238035926259,18.5351068655277,47,0.0107217177639188
-1.52406266115566,32.1316770971175,100,0.0328294707507794
10.1356398653403,8.77544435720064,68,0.00210659528496238
2.50296507110523,8.83074907893249,44,0.00267576242220263
-0.971551139360641,7.79534116095367,21,0.00245951008395238
3.98619752799674,18.3144265576823,30,0.00901450406806171
5.88770927163796,19.0501143502281,66,0.00834710738643042
5.53140579143395,21.1865649761992,83,0.0118555500694798
4.98329410964164,18.1597301086913,76,0.00784600291939571
-2.67641232682619,20.8920642909678,99,0.0150300148147898
-1.95043172893091,27.5734293251935,100,0.0725267482825747
0.281973639565909,28.0934765847971,92,0.114489244303783
4.53724170587245,18.2334380665195,72,0.00823845036621629
3.10155544846899,26.0122093581205,100,0.043592844036206
5.4302396825287,20.2477047876426,73,0.0104543068699871
-0.283936866194202,27.0231619493518,90,0.108885161429548
0.381299037926875,28.5971757594549,89,0.111259498629492
-0.397759821505085,8.70395633092095,17,0.00270445279107843
4.57973672485454,8.67648768095875,45,0.00253530701979218
-0.206033330403566,5.85735758726723,34,0.00204702380378217
-1.0320782157836,7.73831956631389,38,0.00243487950364989
5.56895249120385,19.0447856572122,70,0.00857309241974896
-0.214306112727209,8.69356931012525,38,0.00268711479202106
-0.0719956655848679,8.81209563939741,42,0.0027175691083032
-0.88295646004744,6.93765249189491,36,0.00225694431329224
-3.48256422519647,29.9786601537404,100,0.0377177165814248
-0.414485031908064,27.6233704032993,97,0.107188284660988
-0.627775011929293,7.54452256825474,38,0.00239312348609757
3.45452673586646,18.1948460876617,72,0.00881260352747831
-1.2041375641982,29.039030903981,100,0.0785043435477005
-0.137912182108869,8.91464225494849,42,0.00274654781136246
-1.76828461924781,31.7271818636826,100,0.0357482851640445
3.99150438852759,8.87993677843551,45,0.00262038838394381
1.25105406580602,8.77975866258043,42,0.00269709780953175
5.26980914815519,18.2016498745555,65,0.00778334360052567
5.35749174684638,20.7602454170298,73,0.0114511096141466
0.661776424007014,27.8036251712547,94,0.108198561928871
5.8031709227039,20.8501714002666,74,0.0109729956976173
0.755914524017911,28.1809429615835,88,0.112680887798251
5.78293098876726,19.6601419949191,65,0.00925058856784638
-4.41927319587622,25.5009776102439,100,0.0285699640700598
0.596979300239259,27.5488488575063,90,0.112930932088747
-4.4958781846243,9.49683795711505,100,0.00272208818423441
0.165605411640638,8.7942264280401,42,0.00271238467003927
5.22178708307848,19.2296340694195,65,0.00915980682125854
-0.00642492666121297,6.08528273365691,35,0.00208945730887562
3.0976695794427,29.4288643143448,100,0.0455497524859955
5.85311074742213,20.3482597101154,72,0.0101209745385888
5.8018204783543,18.6292641650245,81,0.00781913280141635
0.562835971240288,28.5886541647424,90,0.10814409532649
5.37422827081984,21.1159923403534,73,0.0121092293743158
-1.51611629075013,27.9990381414044,100,0.081842449641397
5.02634043644986,20.3284748472716,65,0.0111847333597183
-0.991855545398711,6.29206843812916,20,0.00213167912161002
-0.458246506997601,8.10933927568208,34,0.00253390103323599
0.904292045742586,28.2540827417117,87,0.110216242704833
-0.0965125604386916,27.4990509817983,90,0.117075558111988
5.75501441381804,18.8280503470586,69,0.00816195742203898
0.754548837032385,18.8560650042413,71,0.0111528171625183
0.173911316502992,24.6400779266663,100,0.0492438534323078
-4.35067195339166,31.5302430486469,100,0.0236457147755189
0.42920924010139,28.6817350332309,90,0.108009560982846
5.31929418389974,21.1902865454771,84,0.0121806456968533
-3.37701245157961,29.8566425124556,100,0.039546228834804
-1.0403521279029,6.50013751677683,35,0.00216553407128888
0.031539880726777,27.6954985081992,89,0.120055750045523
-0.145173995762502,19.0247332836727,30,0.0121942517758899
-1.11573488020731,7.91842016529552,52,0.00246875934344796
5.20212972462019,18.3852171390377,73,0.00799628444340463
1.70641064011601,34.455115822088,100,0.0177644847114999
1.88615141962109,18.2194956845223,50,0.00976355417002745
1.35574278290847,5.85741722922076,33,0.00203995426532884
-2.0940763958678,31.217563324847,100,0.0391372725473921
0.29600942662771,28.631296987749,95,0.104366529903574
0.061712219053231,28.0065452213182,89,0.120106800341336
-0.195189749376563,27.0029813578135,90,0.108983514898019
-0.581408003061381,27.3058771112146,98,0.101549044425853
2.12652218834979,31.2047311012421,100,0.0390593604138453
-0.55834635287257,28.564284536867,93,0.10518534029026
3.35950956371323,18.2257024468487,77,0.00887068964730238
0.00316172419422842,27.4946272557728,90,0.117158963681434
-0.259804040300117,27.365312593583,92,0.112177571758392
-0.529653647541718,18.2178647240285,53,0.0100526620872603
4.68736671976148,18.3085896975973,78,0.00820173287075478
5.20467866095752,20.9551055599641,82,0.0119211798838693
-2.97781584670835,18.5225792815472,78,0.00954390699123949
1.81049419237195,6.01734448129147,32,0.0020638366326287
6.01500454157005,25.1119341754928,100,0.0186428251378354
10.526624602343,23.9078721644208,100,0.0073346095481532
-0.848627453063747,6.39417336283115,21,0.00215259330799878
5.44808608031271,18.468170448207,60,0.00801202971895927
-0.479981494442097,7.07103709314708,22,0.0022958752113274
0.786472163678157,28.3025700823603,92,0.106221223578859
-0.78301872767839,7.65929108811356,38,0.00241877343506066
2.3949447945601,29.5416584284202,100,0.0541694762699256
3.31996558713802,18.6412143513679,73,0.009593985760811
-6.05851866173392,29.0391911479275,100,0.020835839158095
-7.11962305367848,20.474822034771,100,0.00860962034612753
5.82547819772539,19.4797256707839,73,0.00889783357786972
-1.59002267701341,33.8991547857067,100,0.0204559055568222
5.17134036310916,20.3855746832361,73,0.0110096668585872
4.56542313660413,18.2570968472192,77,0.00821803615951061
-1.21835791007968,6.4000148637384,30,0.00214606367643291
0.936572379127648,25.1856548714722,100,0.0557509909507308
-0.967554682071358,18.5682142408891,71,0.0104934645088302
15.3715032794843,22.9804524397721,100,0.0037036192217427
-0.323020809784351,33.058395844593,100,0.027015479439835
5.7243939797936,18.8708674813078,59,0.00830589562421678
-2.74653299527888,30.7287722246497,100,0.0389602159205144
-0.484320944660385,27.4324153350643,96,0.106163268948242
-2.86646431117585,30.6307482429686,100,0.0387780011817997
-4.91267524733731,18.8252545655039,52,0.00893780176732414
-0.0630386429952341,6.10159067092927,34,0.00209298229475696
-4.36002930892272,27.1066316143076,100,0.0339209769584128
0.743296209615301,28.3185360130447,94,0.104573930076486
-0.558761360261356,7.61935497911957,41,0.00240936596642485
3.45989610825124,8.56419102884971,44,0.00256642013112461
-0.647158036982856,8.372072199247,39,0.00259708346128647
3.87472379168503,19.0897182388744,70,0.0100146209401069
-2.43637089594616,29.0895001777499,100,0.0576517187993582
2.05787656877585,8.67142500371341,42,0.00264841244661456
-0.0441782803272157,38.0887628137645,90,0.0087332231540108
0.0636784120760677,28.0595804618223,90,0.118421738147673
-1.11987292517805,7.76687693309447,33,0.00244356362571979
-0.0356093861305313,28.8243358678443,90,0.107183090815375
0.162153129468218,18.3136424747809,36,0.0104510865419713
-2.7260489603203,31.0811713338929,100,0.0361006555019054
-0.439957955074477,6.24365632662237,22,0.00212488229229985
3.2577409564491,30.7096923739155,100,0.0349313479189911
0.259183537422169,27.8076899108388,89,0.119459423213824
5.24282770973903,18.9894615887177,79,0.00869590780990491
-1.24260258797642,7.72460472307022,32,0.0024323267670081
1.86279019940062,30.7879448458184,100,0.0455858879108719
0.562835971240288,28.5886541647424,90,0.10814409532649
-0.157693840794075,27.3448095233014,90,0.115040863499646
0.37636217602441,8.62670771682238,42,0.00266517617596518
-0.443239238252019,7.65202969216606,21,0.00242948734373579
0.44242408178272,27.6793472284938,88,0.118626459732623
0.32366137914615,26.9323817490816,92,0.104509299762122
5.60991698136792,20.2914265620271,73,0.0103120232826223
-2.36759222128421,28.7547968212786,100,0.06133108961603
-2.4552174739297,33.4022404718712,100,0.0214445816109916
-4.25566034361861,18.2239960221813,43,0.0086067382293078
5.73441354029595,20.7164654925204,72,0.0108657573830403
5.5757957535414,18.2836545967718,67,0.0076675027785231
-1.4151304582746,31.314818522174,100,0.0419624527936022
-0.90265393829736,6.32990035360191,34,0.00213349632812899
-0.0334292399206844,27.0129872433416,92,0.10727722503732
1.60734668732498,29.0487122385679,100,0.0719700754897673
3.5193925918924,18.883073869112,71,0.00990152780807589
0.47896765455547,33.6961091582668,100,0.0226366450638061
-0.474986681826177,18.2162127815674,43,0.0101571225011726
-2.87240252230629,30.6413773780524,100,0.0386385570352961
1.66724724673126,18.7100836687969,47,0.0108548995460318
-2.94112958833323,26.9655837414005,100,0.0516704119513954
-2.97757256389552,18.197235639548,54,0.00921150980560431
-0.00276478336953101,8.62877105945678,40,0.00266817004855
3.46689725851506,18.7225990295761,71,0.0096585641678262
2.38419572734798,20.8024124571029,92,0.0152410271666335
-3.54679775292144,32.3114272676333,100,0.0236490600002831
4.58431155176968,18.5591233545439,77,0.00860983772817031
1.09858340845128,8.75614412884704,44,0.00269170011163785
3.68301619987746,30.1114793137905,100,0.035051801180429
0.678768989423024,28.1995322674473,91,0.110178609928935
1.65783690789452,18.7792178079415,29,0.0112318569090938
1.85296554586802,20.7637382024359,93,0.0156228145458751
-4.64539923663628,26.819738791876,100,0.0307073908091102
0.585279044792148,18.747204796418,70,0.010951809504849
0.0419132967141195,30.1472154374489,100,0.0661005820877933
2.24177217762413,8.83688513414469,76,0.00266345305661136
5.50074154380791,20.4231678921758,58,0.010836113297536
1.14290427025718,18.5734650847543,78,0.0103874612094438
1.62215994387504,18.8955770094988,71,0.010987146833998
5.64503706649473,19.313960788038,78,0.00880100766659767
-0.346759825333324,27.4637370873389,93,0.111367906074639
-0.718415756175591,6.95854126856934,34,0.00226377631077663
5.44070951066075,19.6707259694074,66,0.00959814758045388
-4.99365448740807,30.5074856772901,100,0.0239004457872957
0.81392613995276,8.76537155108271,44,0.002698214146251
-0.142323217281382,27.2084965606052,90,0.113028522462241
-0.2741349166046,28.7548697819464,91,0.10666971917985
5.43792266200911,18.7920766267862,73,0.00833183011606227
-0.0498579256096018,28.5121886296189,89,0.114583954014333
-3.0892460242092,25.8371997850013,100,0.0424787856122291
5.84487790450403,19.3099769301474,72,0.00866644059689236
0.975087111157144,28.0441779209204,89,0.107697545166447
2.20221804883982,8.63381125933608,44,0.00263265544568667
-0.2741349166046,28.7548697819464,91,0.10666971917985
-6.25650982606199,18.7753491507791,48,0.00784940134487136
5.38210505220384,18.4309864716156,71,0.00794295961140965
-0.739816202550825,6.76149441788074,28,0.00222495440366397
-2.30073249458191,11.5773068407357,100,0.00356683358519634
0.467161686749425,27.701964506703,95,0.109354066193092
0.54734708528004,27.4367850905842,89,0.113885524441235
-1.66201584039488,28.1712863741853,100,0.0783734190137965
2.71371969026618,8.16494858625875,74,0.00247764542600612
0.148607011086184,27.6290836226859,88,0.120817032558786
-1.02741416360428,31.3175191113588,100,0.0436634041845874
0.225792618364836,28.553752794989,91,0.11072281662142
3.63047290527731,18.5085140429876,78,0.00914455127780841
-0.456174922977117,6.69826663597838,34,0.00221052922194833
-2.14577327631429,28.8748297234285,100,0.0643802423645001
-2.22661758220649,18.9524922266574,65,0.0109022081856959
-2.92064736574769,30.1203399409086,100,0.0424903911575703
-3.68211939598919,27.1147207964651,100,0.0416384083534018
1.14162018023545,18.7218515595731,54,0.0109730168918684
-1.12039589173812,7.67755523219105,37,0.00241991739217254
5.31913162611871,20.4798592432359,65,0.0110890709030696
-14.5760765035311,18.2555707508827,79,0.00318946907250827
5.18441923453069,8.80034534515426,49,0.00252527327490998
-0.813305260500495,7.61018745902083,29,0.00241215287383107
-1.03771418104398,7.45832907053483,46,0.00236486872833192
-4.18950687032316,25.4807056913912,100,0.0301933358854688
0.209947407665035,27.7549476768084,96,0.110419455051096
4.27821947758455,18.555454923575,71,0.00885726107824625
5.51214043118418,18.6150978277428,70,0.00807912639726869
9.38877595623667,8.81539246263445,51,0.002188690219559
5.8785019534304,20.8230844752965,73,0.0108350158025301
-3.8028269282041,31.6148294882156,100,0.0260064776446368
5.39775621077809,18.7776938163955,65,0.00840000795373463
5.66010481119582,21.097156412444,72,0.0116427235780762
0.8094155262407,24.9078065126575,100,0.0518701852229351
7.15109999593478,8.87281426762895,51,0.00239406626730415
1.43929614936262,6.74981492239396,33,0.00221256235628583
0.725387118320705,27.9123008315398,90,0.111984664745149
-0.67981821996522,7.66828369170391,37,0.00242237225899612
-0.861194678718663,8.66636730978505,20,0.00268755339251161
-0.843822270254074,8.77526192998285,33,0.00270865124486351
4.58904230144722,6.26069509822852,33,0.00203316636770129
-1.22133566222216,27.6511081485122,100,0.0874369351421365
2.14171055784956,33.0889212686979,100,0.0239139366648347
4.05662009793875,18.5914772520982,48,0.00925192715960404
0.637284703454513,6.14208056775317,32,0.00209983085571815
-0.503355744627849,30.4183505243498,100,0.0599046213064609
-0.0251732880311994,34.7589811344533,100,0.0173971967129711
4.24608708347206,18.1719364180389,67,0.00836730618419078
7.31141439149164,28.1154280616781,100,0.0157673013404809
1.70334079533832,8.70591524628546,43,0.00266646277974823
2.30315175478265,8.82631046014633,43,0.00268215961366352
-7.63899558998406,18.1790084500825,58,0.00629719831705417
4.08544168588273,21.2101904072569,90,0.0141186626658133
-0.696406942951723,32.0593592293329,100,0.0357012505417004
-0.607583086193468,18.7453399752482,36,0.0113675487202847
2.88304168235659,28.3204952574194,100,0.0542774759012771
0.552865774673399,28.5278918276937,91,0.108095360107758
-3.05873210587416,26.265001053538,100,0.0458614462820632
-0.379402098314565,28.7827604237041,93,0.103154956584066
-0.355454237046008,6.61328475586905,28,0.0021963406922493
-0.277313135411755,5.81620750359032,31,0.00204056157560132
5.5564724945449,18.567564994945,62,0.0080419660124848
0.847891549515738,30.1929540536687,100,0.0622787923939291
0.709366224558535,27.2070202216851,84,0.114518698859796
5.34483004513001,18.5066861487848,76,0.00802724081985625
-1.16021552598821,8.40657620152441,34,0.0026032793921442
-1.74495358279705,29.7594668489467,100,0.0604260850680211
-0.0624166336483677,18.4879058967101,91,0.0102182403044138
-0.0774729221071381,28.6518802917213,90,0.110715967893404
-2.74976473988596,27.0449976048449,100,0.0551619114272154
5.60073316172079,20.719588804676,79,0.0109682396547501
-2.88733051191297,18.7970227088893,28,0.0106159777009008
0.902668661451289,32.4361924949388,100,0.0315995304515932
-6.02220012195883,11.0702818817348,100,0.00304781386248654
5.00854870118613,18.9026149027073,66,0.00886183487050828
0.966637128680028,27.7234673470375,91,0.105771221901197
-0.890883459418249,29.3364036466471,100,0.0776952865720941
3.98619752799674,18.3144265576823,30,0.00901450406806171
2.7478007948978,6.05032263204929,46,0.00204596321582516
-2.20479542404509,34.4738484225615,100,0.0170972994519875
5.50851989502161,19.439328345757,65,0.00920189093059131
0.896588503811354,6.22090341083745,25,0.00211636245392482
5.50386873935733,18.4314235163582,73,0.00784837381167417
-0.907490751323491,31.2063014134386,100,0.0456329210172979
4.60509538502517,18.2147809213631,27,0.00848449922163145
-1.09708794064911,6.52678516988605,31,0.00217219708396478
5.46059944856568,19.7808623620926,73,0.00967945698393223
0.926721003630218,34.0178273351949,100,0.0205493111740874
-5.3561874378236,28.8938352147515,100,0.0252168615380143
8.94916778253013,23.7139452568316,100,0.00932934836394026
-0.468036511843989,27.2224208932606,100,0.0997193636992197
-0.901360254516864,27.5236070529192,97,0.0997263165693274
-0.842526346722375,28.2455113325493,97,0.100416544276477
10.9827217872404,8.55178039450217,53,0.0020012958618467
0.541860169727625,28.28387850657,91,0.111442474958082
-0.0344192348054914,27.0052215052501,90,0.109469733057362
2.99251482636918,18.1999297676598,67,0.00909943125139343
5.84520176754747,20.3844552857831,81,0.010093910723217
0.280797710612616,27.6547658266311,88,0.120156532427211
1.73205371045168,18.5925913160553,54,0.0105032330160234
-10.9488183712,18.3542055514404,52,0.00462189977863898
1.39924521754809,31.0136809203237,100,0.0458782989505456
-2.72664365479389,32.6345071851157,100,0.0249254071469919
0.134240471724172,6.36223298841267,28,0.00214626292203024
1.19801073211007,6.49457047449149,32,0.0021641713785305
0.740146174574127,8.85871809554988,40,0.00272818175329123
-0.918330344412543,6.59008061315909,21,0.00219151005052117
-0.765551113755675,6.60293743077117,29,0.00219152952830302
0.702507148857859,27.4346399100728,89,0.111401990222647
0.786472163678157,28.3025700823603,92,0.106221223578859
5.81665276814797,18.4563602572875,77,0.00764022880037671
6.42502555284803,8.24357963822498,53,0.00231302444283355
-0.448650510409533,7.42243748908471,38,0.00236604202365211
3.64297677189625,6.16226987395384,35,0.00204700999299574
5.56717486735779,18.4510980224041,66,0.00787121878692939
-0.570836302293969,27.977214431369,100,0.102666188171504
5.9031674214631,19.0428359001098,64,0.0083394098674021
1.26966765352147,18.9163363381393,81,0.0110345702327138
-0.707235966165268,27.4302750118882,96,0.103232094930483
1.34769351683611,29.2871036894424,100,0.0727252778234534
5.93430686106011,19.6501602811734,74,0.00901398225727299
0.256810964366747,5.97762276741389,20,0.00207529386361363
-1.59312126500221,27.4840994027755,100,0.0794832495357623
3.70807291089034,18.332521944781,70,0.00889306335954826
1.74224633703963,18.3173094611405,28,0.010222549871908
0.0378616033502883,28.1576845472101,89,0.119185031083196
5.28400062374556,18.9214953630997,72,0.00862510474750079
0.42920924010139,28.6817350332309,90,0.108009560982846
-1.77900245912085,32.2582201461621,100,0.0308648439254637
-0.813874200367946,7.6678777719206,36,0.00242168806883523
4.48631768488598,18.6926091111591,38,0.00918343124504704
1.73717621719428,18.8740918394278,27,0.0114432793733492
5.85488372037306,19.0595705578867,74,0.00832986438334703
-5.81458984246946,18.3700300118199,37,0.00778249837381543
4.76924442206187,18.5425316369359,77,0.00846131503409609
0.315195427872028,22.3441697628885,100,0.0247289916681439
2.53015635416639,6.26303307648279,33,0.00209606232564862
0.535003974228472,27.1504348864884,96,0.102119311355623
-4.02509692200782,25.4928037311026,100,0.0315339280391425
-0.0537504057122983,27.364095892079,96,0.108095987884773
2.79219883949066,18.857078035235,74,0.0102910059094262
-0.26671773839788,5.96664987218784,34,0.00206720470299329
-2.52929720037132,30.7286788625648,100,0.0407820791006583
0.781321863994298,5.85055168337953,26,0.00204674069135599
-6.28464562147796,27.2668600284031,100,0.0201000770389501
3.25590581546082,18.3820528869071,79,0.00915274582450845
5.37888602543135,21.0694680693976,76,0.0119672303890564
0.813002756455496,29.3734271050733,100,0.077828908729072
-1.18656523897758,8.22665831990919,28,0.00255999627587071
3.10556810690786,32.7817402699092,100,0.0228535291716669
5.51406239804191,18.3998828057409,73,0.00780499477641791
1.76618397927818,8.73043160626625,43,0.00267159612942714
1.06014578346629,8.08392843024145,44,0.00251530060984209
2.76428889453309,18.4866038536329,28,0.0100780020788691
5.9149313582511,19.0082190594477,65,0.00828066021611743
0.390967798564947,28.1627050188865,88,0.118416914567574
5.50564360238939,20.6646044165645,72,0.0110859074055622
0.776860958955944,28.0441707180094,96,0.103756201201529
-24.8793913712156,8.87178741825819,100,0.00100960715589793
2.32502258384898,30.7960808599464,100,0.0418059400466708
-1.22385277858653,7.12282357016246,23,0.00230001086031098
-1.85362038061083,26.7837661409182,100,0.0689757480468515
-0.343955191938428,8.47965789114089,41,0.00262629273290105
1.89690298258857,29.3524648673775,100,0.0636010729829617
-1.7296661791938,28.4325007724894,100,0.0756481792769091
8.01176548599858,5.81498531621673,65,0.00179331491548657
-1.33284802949473,14.1608101758944,100,0.00501556970730488
-1.47290951377983,18.4863225874727,77,0.010135875526616
0.493892761486721,27.972942262996,90,0.115508008107096
-1.01055505816535,6.70190014153866,28,0.00221023926136066
0.265568244677706,26.9420488476975,90,0.107337240251649
-0.945726692792297,6.26494152589296,44,0.00211597523325212
-1.23347303849782,7.54815421684054,31,0.00239152212607116
-1.74896311212283,18.3615094407582,71,0.00987121303958283
0.646548890864477,27.904877723731,90,0.113366730023258
5.7412580283205,18.4346102421245,48,0.00784164196918941
2.10705448972616,6.57770499081827,33,0.00216624003028054
-0.531982657848189,18.4099248202326,85,0.0100998589211492
0.23399041826429,28.7673010097397,95,0.102283941546572
0.177931338593688,17.3416790176613,100,0.00829230483437679
5.75524984188227,19.1213403270874,71,0.008509937738484
-1.23744069506409,7.74603519578734,38,0.00243395728801551
3.85890491850031,18.3707606743792,79,0.00879033829717554
5.02655621795552,18.3271533593907,77,0.00801500443422678
-2.55689843521738,28.0023838942855,100,0.0607583157744668
0.750482006090785,27.7745860066853,87,0.115317224606809
2.21751558299347,27.6736835469847,100,0.0673239676502956
0.975087111157144,28.0441779209204,89,0.107697545166447
-0.0332357873095489,31.4491440002326,100,0.0439074270111852
-2.00299171899674,18.8090650442643,50,0.0108867508451542
-0.372860436916138,6.53208557662079,28,0.00217972878549875
0.99508447967273,27.9052309512941,94,0.102112412771133
-0.469459177625204,27.5369926773372,99,0.103879639700314
4.23638430989905,14.9539426971797,100,0.00514281160480413
-0.180665484269596,32.1858308040572,100,0.0349213682051631
-2.76041236758315,30.7132380172253,100,0.0389790705936135
3.10007066058864,18.2708980963703,67,0.00915868212518858
0.523845482438479,27.1863563819275,91,0.108332077213062
0.806071409862802,27.5181003164758,88,0.11150145230598
-0.959671016702009,6.32040873064242,32,0.00213206343085253
5.66000997355953,18.5169654573545,72,0.00784608489906613
3.14559650304627,18.1873329497758,70,0.00897825864201871
0.0866510938042944,28.0192897070517,89,0.119997751779035
-2.81114950398107,27.4697043254228,100,0.0556890285539942
-0.695282784076168,6.2172469592305,13,0.00212248131033664
-0.763470965556271,7.13462294822467,41,0.00229791890593377
0.702507148857859,27.4346399100728,89,0.111401990222647
-0.455572740189169,6.61537150375218,22,0.00219927501384133
-0.318340006732553,27.2023710956079,89,0.113167707816506
1.22726524508505,24.4110090257977,100,0.0428977526481813
0.798134740862641,19.0611369378831,76,0.0115500437912868
-0.392767899968701,5.90254071892956,31,0.00205617657626691
-0.878844020012337,8.7693877623814,38,0.00270290705184166
-0.988305098883627,27.8411400218918,96,0.10021897036148
0.776860958955944,28.0441707180094,96,0.103756201201529
0.183593294886118,27.7218247595532,90,0.118285215569423
-0.773405321261672,25.9592493202229,100,0.0708380442288472
-0.806714182703535,6.99939701006273,21,0.00227858892337588
0.150383040165454,6.03499788506876,32,0.00208112961319425
1.30481039677722,6.19444876711214,34,0.00210325647984782
-1.96965840992565,18.9643998696694,32,0.0114765442907678
-0.283936866194202,27.0231619493518,90,0.108885161429548
2.77131778696623,25.8615241320124,100,0.046339098036183
-0.629911545183738,6.26413502610354,28,0.00212525148999037
0.041878242233882,30.6388548756451,100,0.0567603837927342
7.96086619482835,8.83544438428984,65,0.00231076494257384
5.56423790160353,20.6000076076307,73,0.0108829112526922
2.78501348013163,18.7442284319325,73,0.0100931473682421
-0.391761727194978,5.89391810919014,29,0.00205542442948319
0.31005385881134,27.2514243286377,88,0.115353513743549
0.57829255316614,27.0983372976605,88,0.109679954195969
5.85698792566156,19.2932258540593,72,0.008634378026163
-1.19243496633487,27.6761031707156,100,0.0880500635305348
2.73641828431308,5.88721507004273,47,0.00201634623566451
-2.57851632744663,27.0980974186534,100,0.0583698699356995
-2.17436880780067,18.6369688676678,55,0.0103932840094516
1.2106481267407,18.3322862703787,33,0.0103661804272624
5.87281164040349,18.5441262664487,67,0.00775798525279501
-1.33350142001983,25.7096422601399,100,0.0613174146384678
-1.06923179277451,7.06885243226727,23,0.00229007216998586
-0.19324898775648,6.07932783657652,25,0.0020925323764257
-0.58617478169394,8.53443805229915,38,0.00264152142232859
-2.92490520652583,29.7203160157135,100,0.0456365734205331
-0.357804755685936,8.31861751207449,42,0.00258302519624719
-3.56666512686326,27.4834999436573,100,0.0439274969278355
0.648196369529194,18.3462422293874,86,0.00995458118881828
0.891823162031368,27.5380775542057,94,0.103084496602729
1.78093137421292,30.0320239727498,100,0.0562270374831962
5.57420144941125,20.5328469047216,64,0.0108603569343401
1.01010283101107,8.9104578698173,43,0.00273707675969763
-1.07916806998503,32.2304545683571,100,0.0331612521547413
3.84469009963628,18.4952000074604,33,0.00937160856260308
5.224039639675,19.1104745039278,66,0.00897928735017743
-1.34862927903205,26.2003869744158,100,0.0690692658721509
-0.496724365239078,6.38013293728445,32,0.0021469109085513
-3.1655638833679,25.4353380181285,100,0.0387495151012997
-0.0754603001852923,28.655175857656,93,0.107100378784389
-3.69315344146821,18.6804201021655,53,0.00960358712040576
5.74727278310365,19.9240572384278,74,0.00958488373635403
-0.582934575576136,18.8111605773544,71,0.0110809864026003
-0.628071547296438,8.22293388805593,29,0.00256503403830634
-1.84863171543655,30.864882056927,100,0.0447620955611409
5.35967706861148,18.8069045247011,65,0.0084668232176038
0.203449945572858,27.3512703282159,90,0.114910081557079
0.200670764475851,28.0207219054126,93,0.114067947665121
1.32025316671167,5.88163369465773,21,0.00204982310153225
4.97189863766407,18.5855845598949,84,0.00832927411565363
0.692129495763925,18.550669339277,48,0.0107681236073609
-1.16537816754668,7.62528965050701,22,0.00241573539793383
5.20028240508197,20.8639895769085,78,0.0118056240059593
-0.142323217281382,27.2084965606052,90,0.113028522462241
-0.283936866194202,27.0231619493518,90,0.108885161429548
-0.318269229159689,28.668682173622,89,0.110445187796383
5.87627571168931,18.9296444795712,58,0.00826412548242595
5.80649690744838,19.1500371523561,74,0.00848166439152975
8.80412806444722,8.7670406200288,49,0.00223263144979395
-0.411293714543579,26.949246558434,100,0.0917272410228175
5.8516652715364,19.9181965404534,73,0.00947554215264956
-0.96979341251354,6.00589916796192,20,0.00207685511707964
-4.99198995816795,30.0422750749923,100,0.0252666284703597
0.763162891002254,6.08848908324281,20,0.00209408333025357
5.820049506844,20.0455725339008,73,0.00969381429322899
-5.68452247976897,18.388836930311,62,0.0077434660693824
-3.74404027572902,18.5474940294807,31,0.00954520691589048
-5.96775282475753,18.6453429262852,70,0.00778526650084605
-3.81818868839886,30.0089934079276,100,0.0343732055478332
-0.0148588609681931,31.4323136846839,100,0.0441426687969207
-1.51087647784721,26.5826956383234,100,0.0723672125811316
5.02904569441308,18.3782899408073,73,0.00810250892553701
4.40851531238943,27.3303868423392,100,0.0337634711418987
-3.85786235850486,31.0177669470699,100,0.0287788077376952
0.776860958955944,28.0441707180094,96,0.103756201201529
5.79603609731195,20.467936900656,79,0.0103033403928416
-0.806714182703535,6.99939701006273,21,0.00227858892337588
0.166527919909557,27.3417583146979,95,0.108712332867653
4.44474068696008,8.62835633363303,44,0.00253189958808525
3.27951646699568,25.3676673880202,100,0.0372105325570333
0.0378616033502883,28.1576845472101,89,0.119185031083196
-1.08284661709741,6.11513040639799,27,0.00209351017072756
0.936394078785761,28.2091050489856,96,0.100011532189191
-0.965448062860627,6.13991434654564,19,0.00210283319538172
0.8032446534108,6.03102601227914,21,0.00208244716730517
-3.94071009335984,30.5086407897762,100,0.0308271388955383
5.03851037640021,18.7695007696209,73,0.00860235537204658
1.0923367699893,35.7131998032484,100,0.0137461694791435
-0.2741349166046,28.7548697819464,91,0.10666971917985
5.28246485795939,20.9234780040387,82,0.0117456478591284
-1.82259222860004,25.4773538628447,100,0.0528940018917943
-0.262592057370771,23.678864843693,100,0.0364137137507715
1.34244421480192,29.1001445539948,100,0.0755398180771705
-0.489461031002205,6.72961700917938,32,0.00221785608632926
5.66178447503767,18.3214348776039,69,0.00764148568236288
5.42511670201623,19.8238820296809,79,0.0097246044349731
5.34415704893879,19.5290830121781,65,0.00948894587584772
-0.586100554893406,28.6348771972069,98,0.0985898211230541
5.49964354729931,21.1547859220755,80,0.011887277904574
-0.502324106231124,6.61698288802208,30,0.00219552652475441
-5.72565367534253,18.3655584987383,54,0.0077368243900539
0.0998698340452772,27.605161524094,90,0.117972552072118
-4.01015244677543,31.1006755071508,100,0.027415066899511
-0.5621887107925,6.16201612868806,26,0.00210671262634895
0.523845482438479,27.1863563819275,91,0.108332077213062
1.88401265031708,18.2339321600138,72,0.00958446749689474
0.227565998218723,28.3136558958892,89,0.116856964630661
4.0406784587189,18.876518706154,46,0.00975103435615087
-0.252658797301896,6.0542394681214,33,0.0020841586441958
-0.54831973607376,8.63042227787696,39,0.00266719411917614
-1.87886596986766,30.0795353260482,100,0.0544900026332759
-1.42385478514764,24.1956018921424,100,0.039424039865012
0.746414117727613,27.8389687482807,88,0.114173108872968
-5.07853363802823,18.3686628785963,79,0.00801915334407042
-1.05372368283007,7.79146306162079,31,0.00245153853956248
5.61037949241483,20.042564379262,79,0.00986105962384716
-0.357196048450897,7.17650511415348,22,0.00231971913684621
3.67304977031061,18.4051200486384,76,0.00897582119854839
-0.0716361900037401,18.6687577365254,70,0.0108215991931971
5.76555804414491,29.6141541436,100,0.0216378172704071
-2.22085868634456,27.6899598037279,100,0.0672832107280878
-4.36632293112795,22.7259955386022,100,0.0180712653906533
5.53237713509051,18.2172971341074,65,0.00763278669583251
0.041878242233882,30.6388548756451,100,0.0567603837927342
-0.290458336696077,6.60790246786823,32,0.00219351379633883
-3.40104340698108,20.4210081599686,99,0.0128658595364315
-3.7661316365948,10.7984677384496,100,0.00317235935969415
-1.14518516568135,7.26626510319791,34,0.00232685161089469
1.28324805473474,8.72234661996065,42,0.0026806431610527
0.554110773623186,8.87926952719874,42,0.00273430924276097
4.39492826205181,6.31237563717972,34,0.00204930728851826
-1.55707149281232,19.1122816919988,47,0.0118245703585045
-1.22288948934499,6.6912984047477,29,0.00220525301460388
-2.68944588548269,18.5752653464883,38,0.0101870997723165
-1.04521480196816,7.94977234956074,38,0.00248595529063798
5.9557863585623,19.2240405695598,75,0.00844070387813682
5.27103470526728,19.1359885527595,72,0.00892739606791596
5.68448214743346,18.5550061189845,73,0.00786656744736003
3.34046138919057,18.5463400372267,72,0.00943156303550729
-0.664033896839932,24.2169066103725,100,0.0423314898476694
-1.96854264169106,25.7075660396985,100,0.054305168816732
5.66053535811965,20.937260683905,71,0.0113656910514622
5.1465095812498,18.7242484270651,73,0.00846223443469578
-0.786779169831275,28.3880622544422,97,0.100024329728709
-0.421350268359161,8.46963661681901,44,0.00262114504276165
0.96914132007908,8.85006373610409,42,0.00272134837736473
-0.283936866194202,27.0231619493518,90,0.108885161429548
0.92342402182855,6.00783262510815,21,0.00207716700156493
-0.398918652728818,28.5326824351957,91,0.109757716379646
4.43829789162025,18.7283715878624,79,0.00893585605540455
-0.182409673733198,27.0084871228572,95,0.103504094642661
0.433325526523509,30.9067861075888,100,0.0516418281379887
-2.93350152604363,26.6158596995837,100,0.0498569287340621
4.66996539759691,8.66108788877608,44,0.0025268142046915
0.806641119716355,27.7845441060335,89,0.11163765001829
5.50738756588128,23.8778142970977,100,0.0178253232736746
0.551654012451226,28.6667772126126,88,0.109239245852135
0.721534020064485,28.5078954491936,91,0.105934671109994
4.21884433136924,18.4639049980035,48,0.00894378601325557
-3.34749479015919,27.5867208434974,100,0.0472097173191428
5.56074139438522,19.0446126719578,61,0.00864635385921231
4.14782062900177,8.25258758065259,50,0.00245335859058894
-0.797754041411608,31.00623314698,100,0.0489514116058653
4.92379715949678,18.6865495368485,81,0.00851646241780155
-0.60551717820779,6.27600281723353,31,0.00212634787940673
-1.7296661791938,28.4325007724894,100,0.0756481792769091
4.19769607058527,18.5771423004142,80,0.00887185149259353
-3.07421432371914,18.2406364063246,37,0.00938018323103562
6.35900765368425,25.9630510199355,100,0.0185387450991924
-8.58728413936174,18.2316558369853,70,0.00573489008128682
5.35369293514784,19.1588641575568,83,0.00880325865105646
-0.317099760613616,27.1191145299211,93,0.106925612830653
0.642451909467353,28.4922692666386,92,0.106247933707051
0.417384973391199,30.2244659287064,100,0.0638566869852474
-1.97664502393616,18.8829478828656,53,0.0110231975916904
-1.21228030543183,7.53282973434879,31,0.00238826094265512
-0.882981723919371,8.60567565315605,39,0.00265704990536747
-0.272233571336517,28.571375776649,93,0.107765472590761
0.666837348352372,27.1242310151958,89,0.107655975811916
-0.915722383701249,7.12060625007338,29,0.00229983786661569
0.483295795493908,27.1397642292065,88,0.111668261370435
5.8387651625563,19.3352504888175,76,0.00867418519162627
2.3949447945601,29.5416584284202,100,0.0541694762699256
-0.681093567241661,5.8742417181524,25,0.00205215428893472
5.07978133510188,20.0111834507443,66,0.0105342442335153
5.3865700745864,20.0094046554984,37,0.0104967713736485
-2.71652864912486,30.210025995975,100,0.0438647599806147
4.10063266301789,18.5963269520292,72,0.00902896029207417
-1.04337069457191,6.44830701053201,32,0.00215655214252359
0.142425517872808,5.85151647824308,32,0.00204687747400803
5.89287378905481,19.9564140634789,79,0.0094327905047963
-1.59312126500221,27.4840994027755,100,0.0794832495357623
-0.0303335792787626,27.3800693555456,90,0.115828668195127
5.80729798048479,18.7970015506245,78,0.00802658072139056
-1.18192882569043,6.8806125039106,28,0.00224575520203313
-7.93667581622269,18.253566113881,66,0.00614253862809525
-2.50321267483457,28.428046305141,100,0.060648890149306
-2.73906906068494,18.4262275936978,35,0.00990855607731633
-0.122418110510117,27.7361302129785,94,0.113229283885622
1.89452785219859,8.85119963112098,43,0.00270144901609404
0.0378616033502883,28.1576845472101,89,0.119185031083196
-0.0726132746187003,30.7160895548819,100,0.0553818323272441
-0.350977798918791,27.3470112439859,94,0.10883036208087
-1.02438979811524,8.71950504838468,45,0.00268199891036808
-2.81077441011648,30.0060890117428,100,0.0446391738877617
-0.532998824063755,5.95399501837233,28,0.00206649021287722
-3.14072247541457,29.5252481816037,100,0.0443772375601683
0.638624668902583,27.1470067368854,87,0.110877473019381
3.25031328377919,5.94005827363075,29,0.00202059569443159
-1.13257737238739,6.40433218315795,22,0.00215154426772971
-1.51611629075013,27.9990381414044,100,0.081842449641397
-3.3198022826796,28.8960043553064,100,0.0454693576247231
-6.0634036629842,18.9163096254799,38,0.00823197254058313
-0.82905150064023,27.6367763725174,100,0.0986318927313019
0.984565234572005,30.0042736402135,100,0.0646705871626427
0.248082412686584,27.6494439330525,97,0.108608285534578
2.8358879503663,25.5980827509978,100,0.0433555044668111
-0.61397479066153,6.38111561053403,28,0.00214834989064614
-3.19010182952843,33.1206862368841,100,0.0209469842434902
2.99100375791932,25.2208582886116,100,0.0387316220117705
-0.703262644101283,6.24083351415639,22,0.00212297380291186
5.89640870264668,20.597690365749,73,0.0104462941784189
-2.19926112644364,30.8018551605419,100,0.0427624692487249
4.48216395076517,18.5356639000221,77,0.00864624944667778
-1.9344319908389,25.2525922567119,100,0.0489044234307483
0.702507148857859,27.4346399100728,89,0.111401990222647
5.015020817832,8.87115122429725,44,0.00255705594460145
4.19969533973215,18.5639886900739,34,0.00922702924629981
5.732754739457,21.0604795356903,76,0.0114134714573994
0.642368824707278,18.5298595418985,75,0.0104288097334584
-4.07202053376278,18.6161286430184,90,0.00893221155967904
5.60944697543553,18.6462325317706,78,0.00799468003044224
0.921564231469227,19.0078709515802,77,0.0113853268296385
0.392414545143599,27.7894905793079,96,0.109168678324924
3.56267088297305,8.35272778172038,48,0.00250641952125697
-2.9775244889059,29.0946560484096,100,0.049290275014159
0.303841623422264,28.0210619290359,88,0.120208718827652
4.5398291290535,18.4052423095492,56,0.00858171235898911
0.36119245990682,28.5762758453336,91,0.109376373643799
0.432369179864899,27.0727828048534,97,0.100912234818322
5.61972583705492,19.0051058877187,78,0.00842365209814976
-4.36515155931274,18.5397202561049,79,0.00871488559321151
4.20840698764907,21.0723850161632,74,0.0138695901679982
0.794751946796237,6.59791109383742,33,0.00218836765689356
2.1077678499541,29.1568424502143,100,0.062413081946847
4.82023458792577,18.5767445245337,73,0.00850069509226652
0.603341997938624,27.1719100398548,90,0.108222865144076
-0.983310180594954,8.15637678994752,32,0.00254226925664292
-3.56161989376778,19.0917928840567,70,0.0102575396803778
-1.45903811269733,25.4863172718248,100,0.056592999454752
-4.07334564058952,18.4140799979722,49,0.00895721077675419
0.886197154382768,28.1968982610496,90,0.107538274856453
-2.48339972887951,30.6582996944045,100,0.0418552929944386
-1.29578680443293,18.6792389012745,26,0.011174541567618
-2.67685304655962,31.341623412128,100,0.0342704702488749
0.615536726957284,28.4417009984713,90,0.109687304608204
2.81885985076833,18.5709944361978,81,0.00968470900237888
-0.277798905269912,27.0926394723239,90,0.110266804524638
1.39330685874774,6.49753397169112,31,0.00216286335994855
5.4805949023202,20.984722118849,90,0.0114646871165054
-2.2526863400184,18.8133819845329,31,0.0109963515175064
2.78555621100181,18.5638160712141,79,0.00970851765548581
0.212565896001874,28.1148337759059,90,0.117501961670179
5.27078717868261,18.2529534467944,66,0.00783691158381028
1.64598934844206,18.6964339835866,71,0.0105592302987533
1.03410967524804,18.412076722521,80,0.0100748572667542
-0.877701282467259,6.01251031749646,32,0.00207366417022987
-1.34862927903205,26.2003869744158,100,0.0690692658721509
-1.05711698990898,7.49676289967412,29,0.00238305030980254
-0.987273905709938,8.40888964355636,32,0.00260776946901433
4.02628546664644,18.4891718833793,76,0.0088851329703741
0.604292914195548,28.3700697635854,89,0.112043788870673
0.970593387859503,32.1511530714766,100,0.0341921932716646
-2.50501722158698,30.3390472660748,100,0.0448115784420019
-0.676402712032715,7.73086993403588,40,0.00243551873513888
-1.54103149117703,23.6445601140303,100,0.0332710814239182
-3.03510640030298,18.2310035430908,44,0.00932364043092743
-2.60108868137963,28.6576247545441,100,0.0578004687264651
-0.322081683849074,38.6291076448987,96,0.00790190252187936
-0.983528910497787,28.594827577432,100,0.0876694183869741
-0.776190246680635,6.96219250383315,22,0.00227028423916042
-3.57758166469216,28.5663552158544,100,0.0431084949117365
-1.5890104390852,29.2626701377128,100,0.0694928360955191
-4.57070068074246,18.2580454391427,73,0.00824310098250127
0.641974895708304,27.7836826412255,91,0.112118354343098
0.216197869536639,27.0676555826976,90,0.110162356006608
-0.0668222572420923,8.56132218184335,44,0.00264695826751571
5.40772365647076,21.0271774247526,72,0.011897845792718
4.3540801106341,18.4653555014003,71,0.00867742359201787
-0.105992077327978,32.6690703654021,100,0.0302777915361593
0.794286140798271,28.2044266784778,93,0.105823795867555
-1.16514095250917,27.6662611273107,100,0.0885224567023626
0.887921714324059,27.7259585888826,89,0.109797145691924
-1.04940966863271,22.9239216008734,100,0.0282650901166651
-0.768583318497452,27.246673802855,94,0.102360361196431
-1.02061474808106,7.14991757925238,29,0.00230520257266692
-0.662980146445473,28.1818511579172,99,0.101591564857697
-1.36767739080729,21.8469297876808,100,0.0208579205824141
5.27619845286444,20.2224838245703,65,0.0106849249271162
1.47993324548891,30.4329794603833,100,0.0534614466923093
-3.92552276165502,33.3470611212784,100,0.0180489096656764
-0.77833842452816,27.2865816859338,91,0.105965452225913
0.682822542996388,25.3003946194764,100,0.059083657501672
5.76282538780295,20.2856805629376,72,0.0101316924506173
-0.232847622110035,8.30131262649768,40,0.00258034010885832
0.0378616033502883,28.1576845472101,89,0.119185031083196
1.66976721035071,8.87924661054651,44,0.00271440373018626
0.932034565722606,27.8559389238617,90,0.107878164480803
0.0330135359497719,28.3272849226004,91,0.114688214646921
-5.46607688026538,23.9803073573514,100,0.0182346649875194
-0.730482341587295,18.1753105922773,66,0.00981819156149374
1.34614645469051,6.12092600544862,34,0.00208875461571487
-1.82116412355693,24.7459170771459,100,0.0436245943529789
-0.0713250249708602,6.58065813121756,28,0.00219024910494484
-2.10490926297818,30.6051957182224,100,0.0457436468286719
-1.24892875168906,7.64186991926447,29,0.00241438833694994
4.59572514604198,8.86553480688365,44,0.00258225552740262
-3.32454558001545,23.6629216021567,100,0.0259205387276962
-0.970889936078305,7.36737327709799,43,0.0023466354816134
-0.250923466411856,27.0799861964036,90,0.110201174330103
0.0870312565899877,34.2594205049204,100,0.0196674847890751
-2.19313104889577,27.7426583564824,100,0.0679122479319994
5.5708298592355,19.1295303299597,66,0.00871248431396124
-0.80189437635527,7.99518720179736,21,0.00251064564060195
1.75197552264742,23.0815580768404,100,0.0279206875114978
0.160691963924168,26.9765425317097,90,0.108583480566683
-1.12095351062089,6.17005652124414,21,0.0021063061409424
2.27854136843238,18.2779879788182,67,0.00955736143537387
-7.49366637802941,18.711773230002,50,0.00686018327412375
-0.272122364462833,6.60519370693376,33,0.00219252868790938
3.33132311846259,8.65740595270297,44,0.00259614974995718
-0.649682977751763,6.48742883750935,28,0.00216937287491472
-0.838494635641525,6.91128167445795,21,0.00225935267830499
0.687150525276707,27.5133639721452,90,0.111182878125597
5.64244897168374,18.9291151851669,78,0.0083111005620972
5.41107571055668,20.9216212091069,74,0.011663305047981
4.36156434980295,8.6386115423629,64,0.00252631456408798
-0.691526926787072,6.75756370692872,37,0.00222003088622092
3.03289576938779,18.5452296548313,80,0.00953403123370012
5.53031473259442,19.1807919866131,74,0.0087538473615721
1.38030884087358,24.2373943499346,100,0.0400986763456459
0.0376886889007964,27.5152557831633,90,0.117341658787787
-0.663810850255163,6.67288032050308,36,0.00220318644161706
-0.786922093939357,6.44492885792388,26,0.00216086121792704
5.94632144159941,20.0893369738053,65,0.00969347775086455
0.446229943130299,28.592469179332,94,0.104878711422096
5.22561108567213,20.7744904596045,85,0.0115035125201957
0.519951807508758,6.45855645929277,36,0.00216054569528496
3.89527272137295,27.444147488162,100,0.0396069215834306
5.89288282248095,19.1266733729339,74,0.00838084939520584
-1.96965840992565,18.9643998696694,32,0.0114765442907678
2.96005198125961,18.1837012135299,48,0.00924918940977572
2.01582168404361,18.1827778266593,72,0.00944848396003933
1.2490020119695,18.4308898269994,29,0.0106053051725939
-0.145300201449935,28.6286693854409,90,0.110974655191468
0.407355088865915,27.6031086282974,92,0.113204542544847
5.11757036920842,18.4893423940147,72,0.00818847164651845
-0.920784073926448,24.842186801819,100,0.0503435952552141
4.23146062198088,18.8412345898377,78,0.0092621167871357
5.83374867274868,18.709111315548,71,0.00794944121074845
-0.432155549857264,8.44710018289186,45,0.00261440356421323
-0.608780703079603,6.15730059201496,28,0.00210467643766574
4.00606234666727,21.1832861979624,87,0.0142359807125422
5.13283186817386,18.3792460838358,57,0.00813967081395264
-1.12750988389982,6.54520209698741,21,0.00218033284586138
5.5974613336555,18.5447333335729,65,0.00796623648861297
-1.16472665300962,7.34936019854589,32,0.00234634586235211
-3.01850623944247,22.1695551562618,100,0.0194523736660033
2.50427644431187,18.3297927147262,78,0.00944993738276239
4.81467948182202,25.0756502410311,100,0.0244848238874742
5.3441122601922,19.3646116904273,73,0.00917825635355502
0.187544550305937,26.9350803691626,89,0.108767335007934
-1.23142745338521,7.55583590365308,32,0.00239276422258272
-5.70330801067649,18.6466964981095,43,0.00815418214325657
-1.09763937411673,7.51836941397171,32,0.00238584891943558
-3.1290228125626,18.4709851109178,30,0.00981656848616142
0.573369293603353,27.8449292862955,92,0.111981854039001
1.13560476866831,30.0974303178591,100,0.0617620809470935
0.557981156078362,28.5190383729676,89,0.110557741971193
0.183593294886118,27.7218247595532,90,0.118285215569423
-1.24283320230055,7.66660097784535,34,0.00241739221864248
-0.835089994298296,6.75013456057019,34,0.00221888418666092
5.85042196890064,19.8183875256118,66,0.00939709684054951
0.254617124485179,28.7833037732815,89,0.108506481690813
0.672993686463147,27.3569268804765,96,0.1030051977983
-0.633444040212195,30.5935758419967,100,0.0562811645846359
4.69876800005018,18.2790103081571,70,0.0082102840749521
0.36119245990682,28.5762758453336,91,0.109376373643799
5.06152824656427,20.1287017684794,80,0.0106030877142272
0.241891587399661,27.4910836950555,97,0.107567085322034
0.73529553533056,6.66640863378017,27,0.00220574113829337
8.68941158702662,8.77508526278887,50,0.00224372199279806
-0.667714481553037,31.0514627918244,100,0.0487225171523958
-0.376543986571483,26.5837078565725,100,0.0856541106620978
-0.755668692900522,6.74202801200273,28,0.00222077639309194
0.786472163678157,28.3025700823603,92,0.106221223578859
-3.90945679300757,18.6929168821523,58,0.00943014364006308
0.878930402162542,28.3291907010957,89,0.107613661375141
5.10050092939577,18.2734619080391,66,0.00797184235980727
-2.86957359045047,33.3246570367948,100,0.0208400956598741
-8.0165606951252,18.2208080199699,62,0.00608627567113633
-1.01285464095515,6.03231306284445,25,0.00207931012565859
-0.681649610766341,27.3420622371558,100,0.098666158477265
2.87347752566839,32.9910792723173,100,0.0224854683106515
-0.0356093861305313,28.8243358678443,90,0.107183090815375
0.0718810736021168,27.9870942496377,89,0.120163317590935