0.0598544627600608,27.4855379797623,84,0.125853738626592
0.158345801158259,27.6544331912191,93,0.114040160476275
8.78922916970829,8.91481003587486,54,0.00225979203279486
5.4231714743003,18.4433156044903,70,0.00793594052515466
-0.888113590264996,7.10397420629631,32,0.00229487462320906
2.92974783479558,28.3469027766844,100,0.0534179621199877
9.78547747606219,8.87939647226448,51,0.00216418928399183
-0.783229910903816,26.9315303931562,100,0.0878827203295591
5.01611142049448,18.5856097988247,69,0.00840338883376153
3.06375979437985,18.2329965264281,65,0.00913320289544046
-1.12544588697794,7.27167917611518,34,0.00232830242985908
-0.655464960279285,28.3241175324118,100,0.0995530679422549
0.725786304246433,27.7261344251041,89,0.113045212584522
-2.85430832874028,23.352118980258,100,0.0260550944342319
0.0160175326535068,28.5624030770562,88,0.11503651264112
-0.0907107949926119,6.35316672710505,27,0.00214497333414076
-0.18363628150072,27.4610986231919,84,0.125080802027287
4.7383034483388,18.2759677402628,66,0.00820816682304352
0.0926117274200605,6.04511752140608,25,0.00208614705952985
2.49626066060806,24.8182261637494,100,0.0393821342016037
-0.142439029730019,27.6934301676593,100,0.105826291971554
-7.41308340144578,32.7246402615375,100,0.0112984763969436
-0.803050640520344,8.32164770156579,41,0.00258103553531901
0.329932580239756,32.6415409967144,100,0.0304310494139653
1.82826029330806,8.63181215616651,44,0.0026426064901649
4.38821521643144,23.095762863606,100,0.0192800205261061
0.0404405570696306,26.8645294286143,96,0.10003942607138
5.38317659606695,19.5746891047933,67,0.00950150851432767
5.76327465219458,19.6554693873153,64,0.00927205671893579
-0.967723901641125,29.5593827986499,100,0.0728799606450692
-2.48456785633949,28.871904854586,100,0.0584948247819826
4.96742951050781,8.81608371548704,50,0.00254262603027033
3.96004956134832,22.9821990010046,100,0.0202478366758495
-0.816974977648226,6.01980313151235,28,0.00207720287016655
5.25886089211684,19.4046871588244,83,0.00922766032402037
3.02112537450378,27.8775624394938,100,0.052552846239761
-0.368858017506754,7.14999782309017,44,0.00230206588307761
10.5849411855687,8.90547072071005,62,0.00209002573476912
5.24449940166806,19.4953363604442,66,0.00952434953517351
0.977050017715627,35.5334550305072,100,0.0143433797344197
1.04228275090324,28.030702275515,100,0.0907764563293296
-0.135176019329255,25.5959022547454,100,0.0664407308007228
-0.466127220726652,7.14600769438109,45,0.00230023098650946
2.31912579284069,18.5341646000544,47,0.0102068311407556
0.130811149694411,27.2288446661116,83,0.123182594024281
0.532416506162488,27.263974142158,95,0.104808742772788
0.392096690021304,28.0110466464769,94,0.11139351698904
5.86077838394198,18.7454252628289,83,0.00789591763969987
-1.02080785963765,7.86382904781303,21,0.0024756193343534
4.8276335760235,18.4753879069604,65,0.00841742439656669
-5.60303224388222,33.313804503952,100,0.0140794550462438
0.632695373157709,29.2559171792283,100,0.0816563854026046
-0.92943681569706,8.77390065067737,42,0.00270057717101786
-0.219634575747425,27.2480521789897,89,0.114610113969076
-1.88588663043947,27.5530812321404,100,0.0737869739051879
-0.488712682550663,27.2532841529107,94,0.106276191040786
1.29386776414237,6.12152914413492,28,0.0020920942505499
1.07565400223807,28.8113322216585,100,0.0836070431319212
5.86750738432554,19.5271690164772,78,0.00888215334551549
-1.21232719735835,6.81960540522036,29,0.00223203850357854
5.60770360861941,20.7257205276286,80,0.0109573529840666
-0.178094857911959,27.1830402601793,90,0.112452204705025
-0.90185177755942,30.3622909196949,100,0.0589288611179047
5.65380872204097,20.2353822654641,72,0.0101812056517961
0.785083976785009,28.055959121804,90,0.110432880961121
-2.44370858027926,31.9767255023601,100,0.0304785428788617
-3.82879627698973,23.6108114547226,100,0.0234594266687081
-0.320266332661314,6.73126551463347,22,0.0022238074854782
0.0292207890095207,27.3046135918923,90,0.114788394430709
-0.512154402395497,28.634986813642,91,0.106814865002852
-0.279459086500816,6.44637638740557,24,0.00216461789535647
-1.31987495117284,27.4732295011196,100,0.084791616706857
-3.35618568203525,26.9887560981718,100,0.0456075315866156
-0.823600207061605,6.98138822513213,21,0.00227455027143566
3.53791695199472,5.90124756234568,49,0.00199776674476662
-1.12149789574759,6.14665433596575,34,0.00209607658865996
-0.96342342599334,6.93644012570049,37,0.00225542072737552
4.32533216146411,8.80961932595349,44,0.0025841556984653
4.41168710399986,8.58224200556316,48,0.00251988451435602
3.42732858330165,29.1424805343648,100,0.042938414122811
-3.03185542004481,27.312250789423,100,0.0515609250649103
3.64161263722045,30.0993117518345,100,0.0354970857006074
-2.07830463579558,30.5730905568982,100,0.046351002051801
-0.833927265326034,28.2473479174546,87,0.111787833877742
5.22472831239357,18.890146759385,70,0.00864459465949022
1.7520793592733,28.2520422995426,100,0.0761991159584517
0.189816755680728,27.3133906085555,94,0.109443140388021
6.06252050911417,6.50632058074094,58,0.00200205187424784
-2.56250249336545,23.127336556386,100,0.0257220033325971
1.98358471611685,29.7148335216181,100,0.0578990753330383
0.0513758825555879,27.9138983449338,93,0.114857866219301
0.253845992368737,27.8094775345164,90,0.118090011656571
5.8281893197534,19.5532016210227,65,0.00905860922172532
0.325739313384048,5.94212821438561,21,0.00206801972640343
2.12679061881943,22.3159617352758,100,0.0221364791141995
-0.648127847515551,6.28786671843525,28,0.0021297833697707
2.97839525874806,24.6107334271236,100,0.0340859468081875
5.26280157873218,20.5868404920303,72,0.0112720627725662
-0.963084878995772,27.6937968566482,98,0.0984584530341634
-0.478228192759851,8.2840765409696,38,0.00257602583022676
5.2353241642475,20.4575646100402,73,0.0110590150918039
-0.802287719291536,28.4374800829857,91,0.105521707114386
1.61211006929243,29.476278482572,100,0.0661889506680898
0.888931153462909,27.6784984941816,97,0.10075981461415
-0.804764081421663,22.1168139946195,100,0.0229636803574178
-0.656043078607041,27.1581347095034,97,0.0997432249708189
-0.164327298433638,27.1505695962825,95,0.106010252819555
5.71640590872736,19.4769465548457,62,0.00908474781794279
-0.973711831624281,8.60846500107101,36,0.00265873797984049
0.097565016825233,27.3071383512947,94,0.109678672680762
-0.38968130970797,27.5198140557485,90,0.115347966200463
-1.65561691723486,26.9094979148938,100,0.0738123284519261
2.04165694968184,29.0455780490332,100,0.0646327608868354
0.204188482933519,34.3849424859457,100,0.0190470957413788
0.542782862238863,28.413660825417,100,0.0999921337177041
-1.10839691866488,7.43947226414961,21,0.00237372964190601
3.02155186086315,30.0995725957816,100,0.0415957330383626
2.6081207683652,8.91122727710797,43,0.0026946470525228
3.9302399734314,18.5774224619967,69,0.00913767942476022
-0.0832972065519555,28.2019090286919,90,0.11731585956694
1.71275295893531,31.3657076668468,100,0.0398155012503709
-0.20524947168268,6.04455866645493,21,0.00208763679354478
-1.05199247244855,30.5311437288524,100,0.0551386560603495
5.93068824203407,19.6515215676147,59,0.00914298503012423
-2.49697964405886,22.8845931273521,100,0.0244481566835442
4.8595713575684,18.3898912311927,77,0.00820191131059447
4.54704866362685,20.9696515086739,91,0.012792535705379
0.274115178202122,27.6553845115415,84,0.126286323017504
0.735494604113115,6.16023980959654,37,0.00210050859042841
9.81064377751981,8.49294557250613,53,0.00209388829243124
0.269602716619368,8.81051156989783,38,0.00271958043553752
2.28867778559813,31.6339907885692,100,0.034045188117171
5.12226465130505,19.1713960683926,66,0.00915315813861372
1.15736324711396,30.7449408779893,100,0.0511345611087644
3.45079776725969,18.2236673010818,81,0.00878798477883324
2.83758310296174,8.76030359201154,67,0.00262813134050743
5.59232029058628,18.7290513557925,82,0.00807938230993856
0.0440186132056302,28.4207600777326,86,0.120250046472816
12.7226477759718,30.1507276380668,100,0.0056494449524042
-3.00480986801805,29.1026489071388,100,0.0488496184777221
0.312344431003265,28.6451566585666,99,0.0998692609391774
6.99694039450646,26.0658963818709,100,0.0161078794008366
-4.87859138462998,30.0094086677687,100,0.0260985528488176
-0.514429452780057,6.53626532175625,43,0.00217287383449657
1.44464326079606,18.4592983463773,71,0.0101538902019769
0.0558232563935968,28.1060943803597,90,0.118146443258633
-3.11216803125451,22.0589686712628,100,0.0187783224495806
-3.84283457246617,32.7673778238399,100,0.0205176153146352
-0.871962214854716,7.04903668369357,21,0.0022888064059723
3.91371470059412,28.1980311298126,100,0.0394763947639989
0.477819398953427,27.8241019117286,90,0.115865587244104
-1.6997781241749,29.435394900498,100,0.0654955079732345
0.539100634321223,27.3823812382724,87,0.115996750597776
-0.419214683366306,6.21669366614218,26,0.00211791292414929
-1.29652865407258,31.1063001390691,100,0.045223434412885
3.12246049188811,18.5666403088652,50,0.00980005303655205
-1.14456886907915,22.9778829243944,100,0.028524019370694
0.470164705867476,27.7720042892725,93,0.111981868361377
-0.0560410723523576,27.1413755344487,92,0.109621004250843
0.484115055875621,28.5321806126969,88,0.112542471471394
-0.0878428387077047,5.89941709336155,30,0.00205663903511075
4.43103942684433,8.57658050032391,53,0.0025142492636407
0.705966200853706,32.5368272152784,100,0.0309976176416859
-0.84598071774883,27.6299192590799,96,0.102352147562005
5.5110497771601,20.0404702677988,72,0.0100364279673696
5.39621840935635,8.90640818901374,43,0.00254061386381473
-0.101005324597239,27.0432595929823,95,0.104381005636219
-1.04822662924057,7.42514866482937,29,0.00236667661709245
-0.919492650029466,6.84469398526495,30,0.00223993515737269
3.80216905754276,8.86319758332913,44,0.00262685790271923
0.297056627356228,28.129764997822,95,0.110358824528546
4.06780350054874,8.73428158880602,44,0.00257939107048354
0.178392059841284,8.50910565232471,50,0.00262855083347746
5.54205597050581,21.1311175094167,82,0.0117495177608579
3.66599305352028,23.1397811297471,100,0.0219141391896287
-3.05790512771775,30.2794317024957,100,0.0398415019096118
-0.641839632968652,7.91188387288953,42,0.00247837863243265
1.05912635270623,29.1631219443486,100,0.0786308403543541
0.0982536363492177,33.8692420415793,100,0.0217359204765359
0.537624456821182,27.1955734550707,90,0.109491292564327
-0.714735573518928,26.7622194156654,100,0.0860608611981157
-0.37596504882416,5.89595988698632,22,0.00205881756077644
4.83168293436073,30.3462007614004,100,0.0253670542715309
-0.323390152092751,27.2139294586125,92,0.109594005718427
-0.49565625468621,27.7838579522227,100,0.103598360081166
3.37645581071992,32.6048761892939,100,0.0228291851263492
0.630137945103252,6.44092701008662,25,0.0021615653331448
-3.76003606193738,23.6139316175976,100,0.0237651262237964
5.74859068172508,20.6363372557556,73,0.0107013157348124
5.71639099444271,18.9351774553691,71,0.00830891600274904
0.0920007172930034,28.2195865770274,86,0.122882134987861
-0.948396304561731,7.69808461241217,38,0.00242628273868758
3.1656818205219,29.2971011628719,100,0.0454871083349962
-0.61321721703727,30.8074872119039,100,0.0527497578890465
-0.503274074814979,27.2856175045673,100,0.100143995362238
0.87494281912754,28.1642040513972,88,0.110395810981606
0.397586973809947,28.0170593643895,95,0.110091463573004
5.89987789615515,19.0241030382744,62,0.00833302265712497
-2.13588023105838,28.9070565642192,100,0.0642808795958001
-0.0156489833447311,26.8847644183388,93,0.103576054760585
5.73051936619108,18.9281299502466,77,0.00824808718117803
-0.141283831635943,6.15691988554808,41,0.00210040662584702
0.607709739802866,31.6816311720984,100,0.0402159884205101
-0.315739334362917,8.44594309869648,42,0.00261674420857649
0.451368932864773,27.312609322341,94,0.107460731205356
5.57054453248312,19.5874361166709,66,0.00934686649546811
0.300165031403593,28.4413638143414,87,0.117265633625368
0.362225382455653,27.3983361587952,89,0.115653956540479
5.75064385260834,19.4409140373007,61,0.00901122344753114
-2.72767301173097,31.2704797992623,100,0.0345254451804977
-1.22439502536944,7.41316909247087,34,0.00235891576307427
-0.626131215326288,27.1550070790232,100,0.0971647402022311
9.15078601397414,8.20827506547054,57,0.00209829791902495
-3.41790256269545,31.8489805783771,100,0.0266772189817467
4.71413929554455,20.9098320809287,85,0.0125084240505079
2.79491653614799,28.4479677692265,100,0.0553807588157517
1.40866423892118,30.3318969754661,100,0.055587976356137
-0.854468158393436,7.67923679723204,37,0.00242339527630598
0.303447225240165,28.1224922901408,84,0.125607071634671
-0.912045581527738,27.5264475752138,94,0.102617671404631
0.614373276849039,28.5451997639807,84,0.115656925824917
0.0448402011990643,27.2053997899183,97,0.104897326136565
-0.0142815045226528,8.77101775707161,43,0.00270535228595775
-0.914120112473372,27.845055381006,97,0.100635235928882
-7.6233814810343,25.4535432296294,100,0.0135475786218862
-2.26438247050295,25.0449118654109,100,0.0435538016370647
3.91815254744489,18.380779216788,66,0.00887059766728942
0.023561425687037,27.4383987593271,93,0.112608221543287
0.331530139249158,28.1069395835759,92,0.11400841191345
0.258015435074779,28.0031571671513,89,0.119222000370014
-0.229139059584461,26.4498440584168,100,0.083713313366961
-0.412235826935856,6.29389285573137,26,0.00213300926034674
0.424831409524269,18.4029714398787,48,0.010488749983933
-0.623344361470034,8.75031133709214,35,0.00270257860005057
0.393048964256173,6.29513782625255,20,0.00213605806616765
-1.27872736802191,27.7411457520231,100,0.0865758493003125
0.466984449925384,28.9203441845997,100,0.0889617573873834
2.05245249451197,18.4654265332039,46,0.0102046239105177
5.89708827400526,19.205531026418,76,0.00846038902187991
0.858269997428625,27.9577244102592,94,0.104745632345886
-0.266219285211165,27.2320042708129,95,0.106748592962066
-0.417372196200574,23.9975504357079,100,0.0399947785638811
-0.359334215493585,8.23158059289818,43,0.00255981334743204
-1.17145031156963,6.80499023763679,23,0.00223244796866306
0.673485634239308,27.143592565348,93,0.103416951379031
-0.436729494482211,28.5449793805182,98,0.101427716909713
1.76418302994935,6.47969238821048,36,0.00215153826785546
-0.800069402015708,27.4593061726452,97,0.100982984120606
-0.581777029102426,27.2765088430889,97,0.102235166659605
5.72556433688248,18.8915493055464,66,0.00828237175910974
0.699667635020918,27.7824278483657,92,0.109929424926502
-3.3099224355603,28.7582440897374,100,0.046165471736639
-0.351975899971951,5.85742199857072,24,0.00205089203676038
-3.03504090280961,21.1905057779813,99,0.0155012054947193
0.485728445214693,27.9705265271543,87,0.119776593733103
-0.467461603492622,27.0873905638721,95,0.102898054390091
0.277198288580215,27.3066238910434,96,0.10654809182741
-0.278864058631189,25.794139017708,100,0.0701672937792314
0.526221612476605,27.559667786211,89,0.115355522357972
-0.210666460393024,28.0067866720921,96,0.110295349232675
3.05041142639732,22.8145387190563,100,0.0223838029980177
0.102784780940418,27.6216855587376,94,0.112752931484995
-0.977395897230425,7.58990837363598,50,0.00239358700585239
0.142540456266091,28.2207891527517,99,0.105813427537196
-0.628583792739058,7.42571756992783,40,0.00236458874437915
3.18185054741481,30.3991607761358,100,0.0377839897073394
5.77691668423208,20.0469937073058,79,0.00968652982883139
-0.485146230541566,6.27820962607059,43,0.00212195564978868
-0.304400493678009,27.0187724492273,92,0.106344467454729
3.32478002597418,26.3785045230629,100,0.0431897269457452
1.12408950373777,24.5004506351469,100,0.0445246801786396
5.88485662297338,19.7114685625953,65,0.0092207334281822
-0.669164770176957,6.28691251989145,19,0.00213355998138489
5.82265162427117,19.063912864075,74,0.00836140241867882
0.046164136734134,27.2260465986169,89,0.114855444593793
-0.58609147099731,6.21220879863564,46,0.00210737109900103
-0.180707714309152,26.055924938516,100,0.0757989066347729
0.684150865214647,27.9366760722245,94,0.107819575379229
1.52559675885285,25.2791648213514,100,0.0529225532870785
3.75219653507046,18.2546998912154,69,0.00875921281468543
0.0405055580194278,27.4291218000461,94,0.111242585344541
-1.89215388415264,26.5800043277738,100,0.066125319394458
3.27156635283288,31.9936811157279,100,0.0265383970177155
4.83090075183501,18.4433180925988,67,0.00835870372412659
5.2467463528459,20.8981485629054,73,0.0118745199643437
0.284928868972903,27.6070309538245,95,0.110536266726804
5.17331415249275,18.1910349848427,64,0.00783840578887904
3.70714464908447,6.56907576612443,30,0.00212314225688848
-2.10237662905903,24.5166481212651,100,0.0392045338092504
-0.859069801286435,28.1795655973274,91,0.1070625432991
-3.38873637697479,30.3476435568761,100,0.0362755751328022
4.91071026983693,29.1740264605565,100,0.0279802500317219
0.838820583932096,28.3999817747182,88,0.108756328251118
0.260482735669039,23.9836708076671,100,0.0399930232916202
-0.779470611823579,6.77409869685446,26,0.00222828353029782
-0.892186590144273,8.33426508780112,39,0.00258464999818623
-0.378883803124506,7.70888038182659,43,0.002430358206128
0.333210275061156,27.5512344783358,86,0.12183043086372
5.91389787443303,19.6928947477391,79,0.00905002085504301
-0.974211574626018,6.5784524057053,21,0.00218862940935328
0.189816755680728,27.3133906085555,94,0.109443140388021
-0.456811091212056,8.79271582594139,39,0.00271283456209809
-2.62770226501747,24.9335217886703,100,0.0394052513669911
2.64887683566105,28.6162371448114,100,0.0571834554884392
-1.06891323912976,7.73363592018453,39,0.00243271209118079
3.92320188454316,26.7830582353855,100,0.0378000666652513
4.75151356146342,21.0611174233916,74,0.0129668906468064
5.87005431409775,19.2888153946511,66,0.0086621388449492
8.66218217569516,8.5228866517766,55,0.002195842125331
1.39129580573552,8.55293879167417,40,0.00263402557049218
-3.23408651574306,24.8842017247725,100,0.0342195662265023
5.50922038551224,18.3239931993582,63,0.0077814044810467
-0.737221374354169,8.18278079521695,22,0.00255829009557543
-0.534009864521097,27.7744420206672,97,0.106454329303529
5.4687591543711,18.6108989145775,71,0.00809867041571937
-4.51394270567326,24.7050481908836,100,0.0248520070979691
0.272370089984909,28.1829659096679,91,0.115224686762115
5.67760299356963,18.6152480939844,66,0.0079856600770685
-1.22906971276083,7.52091263472897,16,0.00239383143838875
5.42973331227288,21.2100755789627,100,0.0118174065695686
0.442542358743743,28.7265827562285,89,0.108158747849307
0.0448402011990643,27.2053997899183,97,0.104897326136565
0.853905857123509,28.0437945018929,88,0.11156377607966
0.264584387072566,28.143045271705,87,0.12120592869658
2.51912984703846,6.65444283458908,47,0.00216602550256115
2.90489132660383,18.7066608065156,66,0.0100255012488891
-1.09505664507343,18.3580966137257,38,0.0103939512642756
4.63529938522353,6.21836294621477,50,0.00201693847537935
0.0555051882290276,27.344297090035,95,0.109035720210771
-0.968524591920555,8.09293813548996,40,0.00252127558994934
-0.387465187146562,7.72670959864681,40,0.00243634872698849
5.26190111177992,8.82343947149577,44,0.00252891631975144
0.134167681258256,28.629480609803,87,0.114821093969512
5.4724128757443,8.13524688310704,53,0.0023514863544984
-0.77061826571213,6.52876565643649,36,0.00217311403118068
3.09940317264719,26.5958622557141,100,0.0473743475453062
3.05886379845435,18.6443201465766,71,0.00977429385036948
0.371046258628293,27.9740875773137,89,0.118323439325948
0.352782789771215,28.7639496217417,100,0.0967085438985696
-0.906850535027824,8.38458538169512,40,0.00259697569646898
-0.744479691603557,6.79314844839799,22,0.00223453923629128
0.926497885417088,28.2123950359745,88,0.108900299868254
0.666096087008618,28.1634987502403,95,0.105976582056757
0.692684461441096,27.9273864934245,87,0.116479690012727
4.19164161428457,32.4697756599282,100,0.0205298763357892
-0.256707084082662,7.7665447489615,38,0.0024475999129613
0.377522896908919,23.1253126973893,100,0.0307952970662606
0.722697495810399,28.2364580030807,88,0.112814822977523
5.47270654374606,18.6003228978388,79,0.00803109486205917
2.59516317853608,25.0338936579793,100,0.0406013296031153
-1.2810117546711,26.8730018526132,100,0.0798811536610566
-1.16646214549795,7.45911866786075,35,0.00236962323642634
2.30642940081971,8.90606095072532,45,0.0027025619607716
5.42886825299353,18.3341042782211,79,0.00774954435145562
0.646548890864477,27.904877723731,90,0.113366730023258
0.217581190421743,5.97445957722808,22,0.00207391725994802
-0.841506027839701,8.45867628370327,23,0.00262902984993728
9.16773440018111,6.31581178775455,66,0.00179935840889072
-1.11697236631538,6.51502341591834,21,0.00217434125332338
3.47613801713656,26.9321648082975,100,0.0437680657033319
3.5362006519504,22.5303059359883,100,0.0196755394064345
5.71908965633625,8.17897578286945,53,0.00234576399831679
-0.910058288256888,28.399159123101,100,0.0907558979711744
0.364484444069045,28.5484415318618,88,0.113557638707396
6.64173763431511,23.1766242983437,100,0.0131649512658128
-2.1727747026914,23.8048424622121,100,0.0321788873437286
0.209819129065895,30.0228384452427,100,0.0684109158801071
-0.953535112363135,29.0797534689844,100,0.0813337788364381
-7.32796726659347,23.3871748038661,100,0.0119592439939547
-4.09933445499629,22.2486648192731,100,0.0171802131538468
-0.136313620078525,29.4132192978309,100,0.0811146166516684
0.620299895671821,27.7410153857645,92,0.111108334654713
-6.64703662730599,29.6569684540578,100,0.0174493418180659
0.513517601925286,27.011602476813,93,0.103235642042221
-0.588924851471162,7.43233740319345,44,0.00236413482367242
-0.650742805650235,5.9721145431843,24,0.00207100183860885
3.6939132421273,29.822132711136,100,0.0365081930108357
0.832551126591849,28.2864216954995,90,0.107817589714608
-1.0159877155455,8.04031414647602,43,0.00250562409510672
-2.54584808654172,27.0239778474983,100,0.0585365512515694
-2.14565232525171,26.0494829571329,100,0.0562199753614181
5.10934639334994,22.9109438672991,100,0.0165256995915273
-5.18707999668531,25.277832314235,100,0.0229986715576542
0.217118577414839,28.4606125558679,91,0.112266293576771
5.39818229785191,21.1233059898058,88,0.0118706944688315
0.983444466275741,30.3088115341023,100,0.0593162373098033
-0.287386036886038,7.47205197943435,40,0.00237697713621703
0.913889390616209,28.0012814690178,86,0.112920261585038
0.456199119427424,27.163342555488,94,0.105305584302434
4.35493992338579,24.2589088775968,100,0.023898711129013
-2.27017149950607,29.5386489871369,100,0.0559647393319317
5.36193814906032,32.2940000820113,100,0.0171524291013198
0.200013455514947,27.4881558419399,90,0.116547481238811
0.411503777915596,28.1879334114714,93,0.111394961368686
5.6361524154274,18.6260192868968,69,0.00800919857564501
2.34690306465576,28.7587116551337,100,0.0616735095215823
4.2592336981918,31.0313557731117,100,0.0262524157255822
0.817644306034098,6.04288521603935,47,0.00207335547165629
3.89564406617019,21.108255325496,91,0.0141283272593802
-0.817414501546201,6.49891792526967,42,0.00216395045233783
1.611652358554,6.5118178387033,35,0.00216077894202932
-0.323287496371855,29.9355449617151,100,0.0698896342513902
-0.261439804012684,28.2992454925686,87,0.119600010228985
-0.807720416812859,27.3448662309069,96,0.100805945949653
4.54302782874429,25.0616142915855,100,0.0260566070021704
0.356416700221652,27.6662580940722,94,0.111531844499673
-0.106954404869451,27.3517859963242,97,0.106701057926944
0.439303020036735,28.7221759235145,89,0.108281298353667
-1.04841325162769,6.47010724714633,28,0.00216272073174027
0.0439247880762709,6.02367266218305,33,0.00207864732014439
4.50849232565464,24.6595913706538,100,0.0247047596939872
-4.42116352605841,28.5970139375458,100,0.0333454972672991
-0.306563732605369,6.28779936270161,24,0.00213306876798289
-0.312300133375727,6.89907981172305,44,0.00224814830152995
5.71726585218066,20.4331698471681,83,0.010302449843488
-0.618413868481536,27.4498415469541,96,0.10468265499707
0.185914122641138,28.0472984503942,90,0.118061198251671
3.78830004340697,25.7522574194588,100,0.0348431972545909
-2.19643813032678,28.6726592388507,100,0.0650036626889331
5.6174767982375,20.6018449200357,93,0.0105869622640039
-0.393910799885521,23.5377750966502,100,0.0347844503808002
5.7651655941407,19.4386405072184,66,0.00895429543285999
-1.06805194410163,25.182813690868,100,0.0548977592356543
-1.61385697185291,27.8312000658277,100,0.0799588278023207
-3.25319079795734,30.3574931882596,100,0.0374313814602059
-3.73630035322368,24.2665414715708,100,0.0271866439682604
3.61753653064475,8.74838898750275,44,0.00260628099691075
-0.0156489833447311,26.8847644183388,93,0.103576054760585
-0.92976071790243,7.30063918455792,42,0.00233261402881607
0.253414162376116,6.09279657811273,28,0.0020936701181854
-1.03826582494302,7.11635852388127,38,0.00229289995955257
-0.784316468692855,8.42856482110974,38,0.00261134206285683
4.16761990087488,25.8628017373137,100,0.031985880996965
-4.00227397598479,35.6791863938377,100,0.0114890301036783
2.31265292392175,24.0745588938316,100,0.0337971596675792
0.0343870556211109,27.4383255598722,93,0.1125994822743
-0.775524053886641,27.3962044987616,100,0.0978598861910853
5.86819831251422,30.9155124033668,100,0.0186339950218535
-0.299803560675021,27.5515211033119,100,0.104310034913708
-2.79073128034855,27.8083471045497,100,0.0565227914976186
0.287005077988389,27.2206744535064,89,0.113717895487714
-4.30774045695941,27.4276817780262,100,0.0349093790415107
-1.15013870414539,6.19014815439306,24,0.00210854868965994
0.832551126591849,28.2864216954995,90,0.107817589714608
-0.127215025433505,8.55130531864768,44,0.00264416938776518
2.1385996426883,30.9259186283527,100,0.0418990501033316
-1.24045261496079,27.8628505058004,100,0.0874146864549038
-0.778231823728253,7.50436645371397,21,0.00239229428997181
3.08361435661455,34.5666489762859,100,0.0155346456652276
0.562835971240288,28.5886541647424,90,0.10814409532649
-1.10120540744537,6.54595603820159,38,0.00217270953761212
9.68691943863891,25.1574906309099,100,0.00900514361799428
0.155696797275522,28.6947612129169,92,0.107296066239704
5.65650869759543,21.0570925053128,71,0.0115883642365031
1.17304517995821,30.2053283348922,100,0.0596238747076713
-0.479972567551153,8.56238955118369,53,0.00263938013128075
-0.880917383232648,6.30936150024174,31,0.00213101342924092
0.490337441868781,27.1945265108955,94,0.105419266876203
5.24643571121631,19.9373631796563,79,0.0100894078610946
5.88414482367807,19.8229420411926,66,0.00936870602791516
0.297899424968151,28.1025926213257,92,0.114311879260628
-1.07601346024905,6.49965678495252,41,0.00216227501557682
0.418812204888494,28.2892668142115,91,0.11287173143771
-0.551226021150271,30.6974168633746,100,0.0547982036294499
-1.04043759483056,6.59095121759909,28,0.00218718586278293
0.773185559924228,28.1070762286014,99,0.100409132606135
-1.52012415187215,35.0695805237431,100,0.0155831175248356
-0.559155811272989,6.2773702082769,33,0.00212595470665654
0.6636695649912,8.74058132427673,42,0.00269439462220292
0.270142236348565,28.6663129975936,87,0.113351359819702
0.655783621191826,28.6090675563149,88,0.108810322219788
-0.443697216079838,5.85570570570684,29,0.00204816791123724
3.41359630000349,18.3215926523526,72,0.00902865811085716
0.422935105930257,25.3728565306827,100,0.0614556182864325
-0.81506286675305,27.8764320960337,96,0.10346013733027
-0.809108373217115,6.69646177919217,31,0.0022094402961024
0.171632873287721,26.9673129026837,89,0.109534352960353
-0.0832972065519555,28.2019090286919,90,0.11731585956694
4.36302714138312,25.0566948200378,100,0.0271720998139019
4.90013309523139,18.6700147152833,79,0.00852581434783375
-1.97863548126318,23.3820160355684,100,0.0295164546273975
0.525530140447069,28.017050855624,94,0.109872478701578
0.564536657811797,31.3194415787617,100,0.0450879209497602
4.83518443641595,18.7776526010713,72,0.00877258457396433
5.99738000809725,25.5542716089482,100,0.0195344355823627
-0.524359772326273,27.1178651718635,94,0.10385776554497
-2.73135222700898,25.7039493650624,100,0.045423224961496
2.24270149051507,18.2473430575127,47,0.00970330751246549
0.533313634636661,27.2308112522629,87,0.113858147780914
5.95691846103373,20.1863793892639,74,0.00973811313387204
0.730414839031402,28.4969898527464,88,0.109424884516993
0.111825333147778,28.8086199718117,89,0.108565353066287
-0.690038678833244,7.19978986172056,21,0.00232356853697258
4.06248124913214,8.49256651622151,44,0.00251920832031476
0.303678835398901,27.2337156045953,93,0.10884943301292
0.69513815141957,28.5192633583499,86,0.11214260663524
0.339430671527504,28.2114290772742,91,0.114431551854268
3.2681715158171,27.8710027503474,100,0.0485860477431381
5.69912010720024,18.4751353941859,78,0.0077351574870461
-0.830995596354943,8.01947736949512,42,0.00250321080812431
2.19565214937355,29.2306556146358,100,0.0602511299506753
-4.4899857202743,25.6593966147156,100,0.0286458526382193
5.71569261452846,18.5942005527443,78,0.00785866452333362
-3.56104040041536,31.3756164963508,100,0.0286263251081903
3.22238477805608,29.6324894733466,100,0.0426947137823307
5.30226579084984,20.346226552934,72,0.0107886054259594
5.92275206553374,18.9525782309864,70,0.00817366280759077
-0.395917077034144,8.7738576156561,40,0.00270719698114518
-5.5735642150559,31.1989152460737,100,0.0191917500330631
-0.585745250799816,6.59520054997751,32,0.00218967704745637
-3.53305522282938,24.3556253448179,100,0.0288410648569094
0.277198288580215,27.3066238910434,96,0.10654809182741
1.53035304759563,6.55524493924797,34,0.00217113670128974
5.54964616650296,20.9353132395751,76,0.0114589572684852
0.353241466505071,28.5705285621538,93,0.107194052084275
-0.92546005523663,6.08908739729231,22,0.00209212058597189
-1.09734788546651,6.27626599407023,33,0.00212171834727267
5.76091843581595,19.0080586426312,66,0.00839856736685033
4.99797048969288,8.05248631670912,48,0.0023636903309762
0.951591194116739,27.7756929803062,88,0.109723193570881
-1.35829475446295,25.1930340763844,100,0.0530074720717205
2.07252352177956,31.0539976010036,100,0.0410002722751929
-1.02862631928092,7.30399554083164,43,0.00233176764284594
2.26992045282501,5.99209411383084,42,0.00204702887059147
-0.845778726752784,7.8628424640222,36,0.00246820899904178
-0.460236799856377,6.2615228327082,31,0.00212422277912127
0.192837517906857,32.8758527243596,100,0.0285025585536084
-0.757938980975753,7.43550931123875,44,0.00236358692549549
-0.251381512844512,28.26160597213,91,0.114619893852567
1.8590225356286,29.1874433197108,100,0.0661559809374136
-0.372589121452089,27.5961675051285,97,0.107410418424363
5.89645776395847,20.2827923225901,84,0.00985202076895123
3.24913717741952,18.3243344912871,78,0.0090735556535776
2.51728989381024,26.1598774168631,100,0.052267443726695
-0.224400088433526,30.2370992757866,100,0.0641186642476805
2.1666489204005,22.0759082911471,100,0.02080499456909
-2.97764698013905,26.6704633280882,100,0.0495409522500478
0.0705906910059144,28.3170030035198,91,0.114761721942129
0.765739954378443,25.3190750182141,100,0.0589972627913217
-0.842898354741272,7.34135586409177,32,0.00234809609555676
0.846932393413732,29.8072831935614,100,0.0694184361593153
0.840847948169016,6.25093638839159,32,0.00211948349041358
0.599045248397718,29.3006090313139,100,0.0810921449328738
-0.642430182752866,27.1631719276912,98,0.099000004404892
-0.163412237358599,27.3967863806625,92,0.113078465534137
-1.0017046801856,7.63772516674046,38,0.00241141200003204
0.235326803069158,27.708642583684,90,0.11792920957363
-0.055832249191394,8.39717561971403,42,0.00260448032799128
-2.93762977265975,31.6737457641534,100,0.0302426355540658
0.359624110656704,28.2280903895899,91,0.11409127899801
-0.101005324597239,27.0432595929823,95,0.104381005636219
0.710607281574483,27.8965596404712,100,0.100936585680428
-0.37223025509221,27.5091746582586,93,0.111563533704029
-0.51829909327683,28.38945783828,98,0.102578279243449
5.8123372489581,18.4727602766325,75,0.00767296378648977
-3.69466508373687,27.8460125464077,100,0.0424596324532165
4.31648127949067,6.17779346146719,34,0.002027966960317
-0.78762825039347,7.80783271130225,21,0.00246450902430021
-2.73135222700898,25.7039493650624,100,0.045423224961496
3.8174409817428,18.4596804106606,72,0.00900389069402362
-0.53569797258265,7.72261833280273,40,0.00243455973940008
0.282751740615885,29.1552927952193,100,0.0857961683923996
-0.659230180754218,6.05040650685474,35,0.00208095819235704
0.65990685473154,28.0748921747202,89,0.11386764277903
0.239818267814025,27.8472971636825,83,0.128887453658885
-2.21658636125189,23.7859975842897,100,0.0318250171211114
5.1370841400045,21.0639083786508,92,0.0120927329333462
0.408820411933619,28.5329219603004,89,0.112116465902321
2.13680313338674,34.3262477770327,100,0.0177735727777102
5.71327354997672,20.6378549692299,77,0.0107043775111544
-6.88565366937672,33.5778586192177,100,0.0111119749577198
0.463891009887799,28.6356694989138,93,0.105086805781735
5.19610991688736,21.2466485265983,74,0.0126496897051924
0.871707710144827,27.5141568894735,86,0.112595646258853
0.243990068221727,27.9749275550795,92,0.115294282606819
0.0296699378443385,27.2319733287752,89,0.114970921126277
4.58876999087704,18.79457563254,56,0.00911060988460559
-4.93181051258408,37.9965843749349,97,0.00726485235722183
0.77583983450139,27.6811740609262,90,0.110676402930425
0.575659399832542,27.5280508700566,93,0.109368555113622
2.46107385995916,21.2148450363529,87,0.0167133542586934
0.562835971240288,28.5886541647424,90,0.10814409532649
10.8805753043025,8.85024227727206,55,0.00205674226070058
3.69681386261766,5.88779986424202,33,0.00199720663596466
3.15613009892567,29.6373768139107,100,0.0434464613653543
3.97685836816507,8.13543423765559,44,0.00243769466870973
-3.81842570999848,33.9086796180606,100,0.016379224345259
5.32605603513363,18.7012919661213,65,0.00835614259659151
-0.276821942144603,27.0447469198883,97,0.101581786773793
0.458023594528628,28.128810866693,92,0.112582412485992
-3.07708967330742,27.1765442397199,100,0.0504075873497597
3.83135190580974,18.5776935338298,81,0.00910212840225127
4.52178024022373,18.9935479574358,78,0.00927786795824666
5.32748695118064,19.685645680597,73,0.00966899264029644
-0.125502451367052,27.4150912792313,89,0.117428837889831
5.55668023873613,20.8196043731128,72,0.0112914904321581
3.10512057469608,8.87706679172967,44,0.00266424082110684
3.0055509847009,30.0308446579515,100,0.0422984298494221
-1.26049581181318,27.4267360487793,100,0.0856264108321823
8.44105498961897,8.58834099599243,53,0.00222768310585647
4.53767885347671,18.1875567787912,75,0.00815849712212974
0.0956047404666989,6.14800345656962,27,0.00210493258481994
-0.68024492561663,5.91157954613871,45,0.00205064628363461
0.194947954328582,27.5653374473671,94,0.112025230577053
0.16939019030194,28.7875539081937,92,0.105398974446867
5.47101838145329,18.5179388289698,62,0.00804309557247503
-1.02888512984993,6.57306161934186,29,0.00218318701885527
3.50339467496849,21.2471152131773,89,0.0151926354381165
0.620299895671821,27.7410153857645,92,0.111108334654713
-1.62657099740665,18.4737317641237,83,0.0100028043408331
0.407429915160185,27.3724526555351,92,0.111038219979089
-1.40064518981727,26.5541902669083,100,0.0736855880173395
1.2049918577077,8.43568863439271,45,0.00260277793248867
0.530442987236815,6.3511143892178,35,0.00213964298148618
-1.6035193894867,23.2967911235616,100,0.0300242332271942
-1.31367490533679,24.8857851220568,100,0.0488280099710676
-2.53231161769578,31.6980167694427,100,0.0322222140234853
5.63626734752031,19.6833574114289,73,0.00935924687785757
2.5684689773001,18.2930751200602,72,0.00941196571091418
0.779263994453793,27.4432182512167,87,0.112574694597538
-0.652189180799594,8.69157036742735,40,0.00268238600708557
2.96314269946774,22.1954140092334,100,0.0196917257375242
-0.277537845527611,28.359973426141,100,0.102809088536155
3.32669960785235,18.6202496715878,79,0.00949994618924654
5.69807945615447,19.3038341413447,76,0.00875670299913622
-1.70348180605777,30.2738452835647,100,0.0536954987791319
3.20389553715568,8.66383712825907,44,0.00260344759457065
5.94451528437628,19.1829805838857,59,0.0085142342146459
-1.08316641514201,7.01492812824251,32,0.0022735395913837
-0.513769548510607,27.0699778258131,82,0.117771088891631
-0.782454045590093,8.45749142896408,43,0.00261562002852612
-0.53952600110361,25.8863516276687,100,0.0709609608162122
0.498780863885248,27.9535639892738,95,0.109190488604377
0.0890571611872857,33.2746581420273,100,0.0255010490225103
5.33864996118136,20.628836281378,75,0.0112095326003054
2.78250933701935,33.2309565031241,100,0.0215158987355503
5.84270034537029,20.4576104258774,79,0.0102299890390319
-0.604915501751848,26.5709223936745,100,0.0838094313602761
4.18324317029345,18.599958932671,65,0.0090357277482549
-1.26362947391463,26.6547370278207,100,0.0771998166829238
3.20010121492168,24.1165420439939,100,0.0292702526752101
-1.52834548327368,23.6639754216322,100,0.033496534869626
0.255944954072577,8.80458201415895,43,0.00271427461086148
3.66356887410407,18.205236295394,68,0.00874423495119044
5.20659792450524,18.4102065426341,72,0.00803008937532411
-0.982712673733283,27.0506210615406,100,0.0867767777093268
-0.0778019071411251,27.1875793086942,79,0.128851597333073
1.80722630042569,31.1062048151425,100,0.0421996284930727
-1.13518601055878,7.25347774081298,32,0.00232520645422059
5.86304682443893,18.7357250449356,72,0.00795220635876175
5.87347932713031,19.3895420205862,73,0.00873603894309811
0.203745612678164,5.83018603100677,26,0.00204536762694152
-0.422716849760379,27.3071536420749,98,0.103234368624372
5.74856367079326,20.9733254466326,80,0.0111868970257641
-0.101005324597239,27.0432595929823,95,0.104381005636219
0.0941987849408807,28.6896827797009,99,0.100038035681205
2.41383536851125,21.0927692920255,90,0.0162496625469025
-1.31861378763744,28.6725458345253,100,0.0813142572269271
0.701611026061333,28.2981999265683,91,0.108882697071602
0.705793019248186,30.2728761822175,100,0.0616707088920451
6.30412513296244,8.90021085017522,44,0.00247180010230068
-0.350366104276992,6.45017277453889,25,0.00216470188631911
0.413595809506601,27.3208865921402,90,0.112815391733762
0.42028575525247,27.3227356428178,98,0.103438048079326
4.92425094624569,21.0529888101011,83,0.0125310968736714
5.56172294691782,19.1905452230695,65,0.00880943665803475
2.35900521644854,6.25206212652484,26,0.00210074196020886
5.64725158703427,20.0160924750488,58,0.00998614685509105
2.05024580775263,32.9079318522727,100,0.0252693399976516
-3.96984938180557,23.3282447405359,100,0.021640940930341
0.810606701784128,28.2528367743544,89,0.109752201056085
0.348757452297212,28.7768871067228,92,0.104591032228368
-0.32804335669432,6.52736220323891,33,0.00217654963377557
0.788834677929013,27.4310411914706,97,0.100925206451555
-5.51227379636517,28.7278813814192,100,0.0243681122825204
5.48471102854647,20.5346156956004,77,0.0108269146334148
0.755190534538936,28.4473622961914,92,0.105098793762194
-0.467496842669116,6.2498791857035,25,0.00212462955340576
-1.06353991780866,29.9713953257054,100,0.0645790809040798
-0.0529144434639978,28.80265606943,95,0.102144293288252
2.55426974416713,27.1498371266848,100,0.0590619243949015
0.575911323089714,5.83495200291469,34,0.00204169196265845
0.504413895925987,27.072909017564,97,0.100231610907978
-3.9638713883415,25.4972781578728,100,0.032049667322463
1.24932519835103,6.65390101843589,28,0.0021977400803558
2.14117736015356,18.8291582108511,47,0.010897511968074
-2.86437140992211,28.5191570404586,100,0.0539418433938688
1.37011194430152,6.40777890313766,33,0.00214440869399778
-0.537964394619319,6.64928065249394,28,0.00220294670725144
-0.792264070430487,6.19331115264712,24,0.00211225521589693
-0.448093184779857,7.38024503964822,48,0.00235087921573368
-3.26498072148146,25.2324268798369,100,0.0364010497171278
5.08965472586538,18.4561931318312,68,0.00819266446266658
-2.8649405050875,27.9848817870459,100,0.0551749330027077
0.58545500489715,28.441537818832,87,0.113888626374342
-2.66134633648705,24.1136144188482,100,0.0322285078264038
-0.817190975661488,27.5233553175534,100,0.0982032316132908
-0.148638799595143,28.7762580399298,95,0.102455244987722
3.64531238911716,21.8784989237359,100,0.0169541978679379
-0.181113929655445,27.1866881940076,100,0.101124333996923
-1.09528216129525,7.75035152118403,38,0.0024369541215239
-2.39060261835272,26.4526116121626,100,0.0568175269171458
5.29266859234073,21.0384506325891,74,0.0120680049889849
-1.02823481679979,25.6938955611844,100,0.0638747834746716
0.387155406877715,27.9606534297118,86,0.122537408851581
-0.790458894020034,7.87178383699897,39,0.00246911133458407
0.790441054010304,23.4035245790574,100,0.0328979984848638
-0.0377182858530865,28.5929770760161,93,0.108250085117925
-1.80888233254769,26.9771086974875,100,0.0716602595253974
0.65738536826299,27.7268213264174,90,0.112978740553033
-1.63495855767283,28.0017734201954,100,0.079403897033571
-2.45995248341429,26.6471726542669,100,0.0573844771343887
1.05770177027424,22.5710702196867,100,0.0256373545935438
5.38939950516009,21.2323366628062,66,0.0124240687127041
-0.432147490615182,27.3461110805967,94,0.108071832338128
5.16666902896577,18.9169462461548,81,0.00864335732655544
-0.47431762507378,6.110760926039,27,0.00209683550082363
5.72899015303321,19.3567341990465,68,0.00886140868006093
-0.275051917722649,7.87945878291483,40,0.00247372860237108
2.59617852795889,5.82329605450523,20,0.00201892977082472
-0.437696736259989,28.2531938923637,91,0.113042765647747
-3.12951850141109,25.6211221800453,100,0.0404645411957979
2.32794292661626,28.8979851405357,100,0.0609935822189015
0.454053542222708,8.48679210368593,47,0.00262345843529564
0.241404547828357,27.1878203290082,92,0.109736183832917
5.50688726713833,19.579699088793,58,0.00946874139933785
-0.314390535363392,25.0328738249196,100,0.055557183269974
0.174315762716855,27.0051699862651,92,0.106789293906364
-5.3286088348303,37.9300596103573,95,0.00713387427666917
-0.688557995657722,8.20516300832133,39,0.00255338940590032
-0.363544584451724,6.18124129069233,27,0.0021107942173451
1.72618416373675,29.608799719051,100,0.062756156654894
0.628787550216339,27.2213202804704,97,0.100950289469561
-1.92471162210893,25.238388974741,100,0.0488165880782779
0.28024015115712,28.1730398231002,94,0.111398813188556
-4.37071580595621,29.8842489418098,100,0.0302144570832429
3.06843680585256,22.7953037735202,100,0.0222321173385482
-0.608715703057116,7.73275832277271,44,0.00243411378127424
-0.194788018136734,27.1709657553855,96,0.105092630729227
4.90996221956445,21.0865960017514,67,0.0128858552029148
0.331530139249158,28.1069395835759,92,0.11400841191345
0.274278339546434,28.0248381869626,91,0.116238597621304
0.809499408614367,27.3816697033889,90,0.10768582955096
0.387767507727713,28.3302397859429,95,0.107859408591118
5.49163540072359,19.1270557563957,72,0.00873019644656454
5.24277215779114,19.0315746987093,72,0.00880664854324776
0.16116939047265,21.1156661899128,91,0.0180083861671649
-0.734266278779454,27.1981865252928,99,0.097278334559027
0.613318679453299,27.5169188627365,86,0.117706411557793
0.409090291942913,18.6870312640046,71,0.0108302017926143
5.69158229508661,20.3187523897444,79,0.0101953256799833
5.37522274432549,19.6655656403986,66,0.00965595557639215
4.93765096076528,18.4023063561711,73,0.00819317927594492
-3.0080650066177,27.6982492546973,100,0.0526980903597588
-3.91729251295847,31.5184715494748,100,0.0258922774881433
0.170245756737836,28.2064318436143,90,0.116970775703202
5.66817985616051,20.7440269873444,88,0.0108126900477128
-2.66578320701646,30.2614912098681,100,0.0439200848186649
-0.476747432206215,6.13613634563101,21,0.00210434064768242
4.12534728614936,26.6365579573498,100,0.0351873229446722
2.59495586242974,18.4698451517313,61,0.00981036433721823
-1.87946838796281,27.1752566357616,100,0.0719219106396654
-0.743453799749234,25.7035845491265,100,0.0661849185857331
5.4602029664322,20.2564385798839,79,0.0103683075236052
-0.607640419842508,6.55465375490942,29,0.00218273573936958
0.646056639289435,29.5750680820913,100,0.0754397548451268
-0.748829626758913,6.47530621341815,28,0.00216628523145405
-0.916854408014705,24.5932987472231,100,0.0466830866003421
-0.867858835987618,32.8619568977948,100,0.0280415310659164
-1.05714821509994,29.1827437782777,100,0.0783395414328345
-4.93454028130506,38.1481815375495,96,0.00710873818275205
-0.731372131780769,27.2888514962624,94,0.103481865303486
-1.18866323473988,6.79339182721156,21,0.00223080851397762
-0.739293233271388,34.4483358001496,100,0.0185744339475531
5.38319808248378,19.1516768299524,64,0.00891772378794135
-0.296565169031329,27.2745810698196,93,0.109491673022237
-0.34582516358205,28.7195564938249,88,0.110408062886208
5.19264199339451,18.4760431660106,71,0.00812701742387085
-0.604016409438031,6.10753947050253,28,0.0020951660541944
-0.0444386484392488,29.9645801092346,100,0.069798125840716
2.52864584218144,29.6863928662928,100,0.0509521731602222
5.87049102880424,19.5405339180451,58,0.00905815611292396
-0.321303538250832,27.0885914053735,94,0.10524969413128
2.26876030333849,25.7931541511945,100,0.0517458135874316
4.97645016428207,18.5498483833627,72,0.00836344234696259
5.94171463112315,18.7395434286923,73,0.00789202175502357
-1.19297536836747,27.7504585094132,100,0.0882109440434881
-3.81631712327894,34.353998537341,100,0.0150102268680598
-0.917254262403199,6.47780298373139,34,0.00216265991241868
0.622228659529796,28.2952291422237,85,0.11797295895794
0.198852065507827,25.758211894308,100,0.0696221185570753
1.8045169937842,8.88576131092026,44,0.00271277728233284
3.26107519019997,8.77561737772539,43,0.00263091124721074
-0.804245323474828,23.9596111107216,100,0.0388040808398372
0.771718115821063,27.5706977971526,89,0.111346656832082
0.0962732223523747,27.9288641777252,90,0.118837642321376
-4.2431939373009,28.8482375125398,100,0.0346261979417168
0.663587882350417,27.6907345678465,92,0.110248483688578
5.48804399130286,21.0224965105584,76,0.0117112500397675
-1.10991068064627,8.4631025739828,42,0.0026135559155508
5.02967285041369,25.4013481131946,100,0.0242426262880232
-0.547616190071272,7.23246784858852,44,0.00231939481975725
-0.952906000266797,8.64347062053808,21,0.00267930206412964
5.17779798458398,18.2871885260419,76,0.00787569182062621
3.85911383492921,18.3349654670725,64,0.00885397783090673
-8.7606340446779,32.119240709415,100,0.00954377737596324
0.411302716657949,6.08229309109371,17,0.00209602953603762
5.56245299167248,19.1414946695615,79,0.00863738602448291
-1.16082516448737,6.31359324112715,25,0.00213197154080541
-0.0939153511848,5.89620787262142,20,0.00206027427103052
3.60248701768154,21.0634652147695,100,0.014267656105213
5.48854380777227,18.5107982237155,67,0.00799004151769572
0.632181526981347,27.1371273439329,95,0.101781310552315
0.659289664351967,28.5536417121227,100,0.0969453596547732
0.522785500566981,27.2824254787234,92,0.108585579213476
8.03160623592236,28.8055831389156,100,0.0132803023055393
3.47706786659138,24.5975422838954,100,0.0306347244915748
-1.06828326854923,6.73806953774278,28,0.00221714554852382
-0.808130884993653,22.1611720770987,100,0.023231609048527
-0.556633116003274,21.1350652236705,100,0.0177140981962106
-0.465591207601389,27.3484335492728,93,0.108923666366238
-0.0466439911100022,27.007184772907,96,0.102747691634978
0.427628861506836,28.3259833885144,93,0.109891839143143
-0.824499990323603,6.09698776724729,37,0.00208784267831499
-0.676570770100228,8.51485217844615,37,0.00263614846353534
-0.545657003099573,7.10702517665496,21,0.00230395636213132
1.92912881987605,8.64441057463496,43,0.00264404137091958
6.2342522881547,8.81888834077142,53,0.00245291689327416
0.716831369728917,27.1741544597119,84,0.11380541739698
-1.00826065432453,7.33913555153494,32,0.00234590794325375
0.495379381220171,28.3939725861944,94,0.107178732250028
0.905800525703693,28.0037564865185,88,0.11059760947897
5.84783313213446,20.1847771220204,79,0.009811023062341
4.85640567353711,19.0033703374027,58,0.00919561742268852
1.41011892049082,24.7985687559197,100,0.0470159791651496
2.80316629169415,27.8468359523751,100,0.0563096398201593
5.3253983987883,19.2574088776904,83,0.00896164107631855
3.47821656761756,30.8651139680576,100,0.0322349023982183
-3.57878006239567,33.916395426561,100,0.0168424952031965
5.84961305439096,19.1875786623142,65,0.00855788508440552
-0.721492826525343,6.83107525599601,30,0.00223869301977019
-1.25948885554431,26.2213176700614,100,0.0705385586520156
-1.01782382037701,7.03867625992277,42,0.00227419542403047
-1.14608759155194,7.15376469249832,36,0.00230089294929398
4.27364330317084,27.3569338944445,100,0.0351872963184801
0.760195277311963,8.87374226058037,44,0.00272922929046783
-0.813823078099253,7.68399610076896,38,0.00242433464765186
5.23167848188048,21.1123827805019,88,0.0121038301033129
5.36108761529127,18.2055794974421,49,0.0078263209005483
0.708179336051085,30.8581477110811,100,0.0515889413977035
1.94778843199758,18.5405191774511,80,0.0100431214112476
-0.705649028018515,18.3883914206907,78,0.0101077771660499
3.97196564382686,18.5541256669386,80,0.00898474135762067
-0.0286096311210147,28.8380945891968,86,0.111656096003434
2.05245249451197,18.4654265332039,46,0.0102046239105177
0.892871346552189,28.2536423265935,94,0.102540942444018
7.03332962784356,8.74154945376638,49,0.00237625006470763
0.0619189709359792,26.9717015552291,93,0.105306332851304
1.02906424407809,5.88276334967949,28,0.00204996493244203
-5.45043363664249,24.7999071756351,100,0.020416513402777
-6.46484805180091,30.6403116810942,100,0.0168297686341609
-0.400681933976252,6.24229180212738,28,0.00212205966759729
-0.425886968992098,6.732878656522,21,0.00222424948456791
0.279194636807673,28.5855674892764,88,0.113589816318024
0.0496227450095514,27.8877848716136,96,0.111059687116666
5.41592567081648,18.5483695658411,88,0.00795148148526807
0.0399298222314275,27.5647872631289,89,0.119182748148044
0.301358888845805,28.628864505293,99,0.10018964825571
-0.404382440316763,8.20167428232518,43,0.00255191304004816
-0.136056535269681,6.29759772817771,39,0.00212852005595032
0.562835971240288,28.5886541647424,90,0.10814409532649
-2.6991170594164,26.3699342694476,100,0.0515192696942445
5.41213927008588,20.469770397778,79,0.0107844603917088
5.94433710429934,18.7675321846269,58,0.00801721531521401
0.21597453011741,27.0351047990883,93,0.106042994057506
0.329039625621084,24.5623423976608,100,0.0478652929404287
-0.578754300641201,27.4446263394134,96,0.105157779299912
0.335977572316482,27.8428229474912,93,0.113453034353323
-0.886195134138205,7.17401181195546,32,0.00231028208185513
-5.83052655833176,29.6483982753259,100,0.0212359357913632
0.58745101731631,27.1075920885482,97,0.099859423106978
-0.697637443574843,27.961419069258,97,0.104191252563284
0.361652021394004,28.7487635835636,87,0.110870917585163
-0.71756782665395,28.1859988465496,100,0.0997867094089885
0.130415952318422,30.1368311769276,100,0.0662412089685653
-4.94238197208492,26.0225863351943,100,0.0265190290373371
1.32892143974246,35.8897509094139,100,0.0131364464248986
5.71868294546713,8.84479308173717,50,0.00249856690504509
-0.64833508809857,6.98959814507809,42,0.0022668201709282
0.714056772360733,28.1903478107995,95,0.105050934912385
0.326372885010031,27.1816879415158,92,0.109059525777301
7.1391419575293,28.3492546207081,100,0.0163648684092161
-0.956077390559691,26.0216255011508,100,0.0704262555246565
-0.521716236945958,6.00078857463912,27,0.00207575536065523
0.478588154203455,27.348128517258,93,0.108774565019038
-5.94619879670932,21.3758728000165,100,0.0114523644902299
4.50228468835625,18.6703390514979,70,0.00887751385864699
5.36785655688618,19.3517127057785,65,0.00920582569764617
-0.923537693437085,7.22882382750733,22,0.00232747398915422
0.673496415266293,27.8724689590962,91,0.111672905159317
-1.44427066582675,32.0205625004455,100,0.0341449395358623
1.49511125524322,30.997229797302,100,0.0455149224949419
0.422752732349286,33.8616912960964,100,0.0216989465653069
3.38879508095522,27.1902655513216,100,0.045797751473377
5.27706502772232,19.423421405382,71,0.00934185454270007
-2.89397959716719,30.5210285387769,100,0.0394467739178816
0.787386853017558,28.0697943863279,89,0.111551432409087
0.383815649242848,28.0467434755387,87,0.12073317540256
3.13534679462691,18.4675390560063,52,0.0095994221368331
-1.32922784651866,27.0701130135311,100,0.0813423315523727
-2.94490424419796,31.9381272764707,100,0.0284135261177218
3.14506558301376,26.652600025419,100,0.0470516542816764
2.30540901222507,6.11687903381666,46,0.00206768372409446
-0.85845867790242,24.7921563018188,100,0.0498574077813153
-2.40673518570546,25.9911103236479,100,0.0521084555901514
-0.543131925593173,6.58438597980438,27,0.00219009916756511
1.89091539526536,30.2051855766599,100,0.0527129739322102
1.16587302046743,8.79029086508705,43,0.0027007960937522
-1.16910133908801,6.30093085359345,28,0.00212804649165664
0.0516673723582819,27.4636786417686,88,0.119592602846029
0.185914122641138,28.0472984503942,90,0.118061198251671
5.68432189877502,18.7069850541193,65,0.00809632545517098
9.91808344804652,8.87221981911889,55,0.00214891044416894
1.15361486285295,31.253503708692,100,0.0439767099211245
-3.49647173434265,35.9141846992425,100,0.0114973847570119
4.76513968992121,18.3226240054572,79,0.00816375376920123
0.825619785145288,28.3005988659619,99,0.0982734536440765
-0.684633324205222,26.338098030545,100,0.078804247504877
-0.287665000814015,27.6463849543523,96,0.109530080654596
5.42669637092963,18.695394689349,55,0.00834288064736636
0.4319685780848,6.01981759006291,46,0.00207152930851504
2.14877137915495,5.83116329815691,24,0.00202740109192328
0.136441766226937,27.7520097417483,92,0.115854091655856
-0.220597987894551,22.0736589361992,100,0.0230172328696388
2.59614249477366,28.9234943078904,100,0.0562766815800029
0.624284469686049,30.2712230498735,100,0.0621165473950246
0.276131306429535,28.6980326616948,90,0.108962402135092
5.90764968394731,20.5749006970009,82,0.0102995093809158
3.32258088229288,18.6120827522467,70,0.00957053423440112
5.09766379234147,26.0307397141481,100,0.0254855689582505
3.18660432638174,30.6835679785731,100,0.0356875120588986
0.121325106126016,27.8039625348212,93,0.114692051794431
4.78256701040446,18.4872240856392,71,0.0084213333153845
2.2299604510708,29.181178376854,100,0.0601830571349708
0.0422953987811536,27.9356855344193,90,0.118929656828411
-0.412085040783629,27.1538575364367,92,0.107860925500495
-0.177093751321014,28.3609043391655,93,0.111333395815507
-0.00763231736495923,21.0097691980768,100,0.0172879816638736
5.91528165225907,18.7681111286611,76,0.00792540780161382
-0.84580983788966,6.92641718963384,23,0.00226150699699947
3.50457997427854,18.1576991906439,58,0.00883847401942024
5.949553607101,19.3167543678835,76,0.00855385526052715
3.63488136412964,28.2465955872481,100,0.0429888150263713
-0.0545051276915491,27.1670819332821,84,0.120688110377213
6.19161486543285,25.3101081803189,100,0.0182663927219567
3.95077708382473,26.6342610567707,100,0.0370163264233427
-0.243932831325377,30.0878837907489,100,0.0670310263866212
0.710760826051598,6.49703251525456,34,0.00216809048955689
0.344584254227696,28.5107838577218,89,0.113101048130993
1.99549707350013,25.1786616438821,100,0.0474401025341434
-0.708651270576183,27.4454522551817,94,0.105529062863471
0.353976993288753,25.1403357369861,100,0.0573736742578981
4.44981362788301,26.8954840772015,100,0.0326429164639217
-0.635251634954175,28.1775151384567,100,0.100963420359492
5.33291975896003,31.4282035005792,100,0.0195831560621518
4.06935295591063,18.1719763152067,69,0.00845720445373286
-4.00229004003416,34.3875183807133,100,0.0145960491374195
-0.234072116687787,8.74345027690117,40,0.00269945233245315
0.14897675192584,28.9965354177833,100,0.0891893627860594
-3.01910463002456,27.3401631626878,100,0.0518470258846344
5.66376849863255,19.4877202074351,80,0.00900130224892603
1.8784591396259,22.7247738137808,100,0.025117518559405
5.8217066192312,18.8325676421738,66,0.00813602682379796
5.88002854758057,18.8172283702338,72,0.0080340769965425
3.09763740901917,18.5527027708759,76,0.00954698196760642
-1.0449514961889,6.66297046851363,44,0.00219414027445065
4.02295117198539,18.4898087614539,69,0.0089438414332857
-0.99199180139057,27.0551664836083,100,0.0866942121174645
-3.30714497584873,21.0684621675965,91,0.0149075772810596
11.1193787420572,8.66499987286024,57,0.00200506456939347
-0.168832131182564,26.9800884150121,90,0.108625695697655
0.490619447650047,28.3963517206906,96,0.104953197567922
0.67308161933223,27.6938497054102,90,0.11258653314608
0.380415286669917,27.7729525056573,88,0.119710161734678
-0.761967728861492,18.30412961698,47,0.0102543202030021
5.65424342434435,18.3771683929343,59,0.00776886070128166
5.71222829672179,20.9560779084543,81,0.0111967341485119
-2.09904578722588,27.0551979723859,100,0.0668597123656435
4.98905803165569,25.6210018102058,100,0.0251190970579137
6.49835941387542,25.4042431619926,100,0.0171920299762652
-0.572631267342556,7.39461540096498,40,0.00235787076062952
-0.735719363251706,6.73566627365447,40,0.00221370208118159
-1.01494833870389,8.52160937350021,32,0.00263746278785701
4.5861798644237,8.65997386445029,44,0.00253150134407822
1.30721505142693,25.030780544867,100,0.0509650541157377
-1.02044155308454,7.23711553972427,31,0.00232343823559705
-0.823035553185522,6.74681015749335,38,0.00221632504433503
1.5091780906318,32.66111407222,100,0.0283950141325531
2.57857921330183,32.0829762088616,100,0.0290924636317008
0.753719564976279,27.543970964678,84,0.118067237452453