4.19528105616117,18.4848965286003,68,0.00883258641127631
0.399625087956485,27.6227822053229,85,0.123189722289069
-1.15648767546234,7.04790000730023,40,0.00227565765345619
-0.528695578076384,6.31585153286913,32,0.00213408862796012
0.336731754346267,27.1720630857569,97,0.103206126737444
4.66798595561741,18.1739040836154,67,0.00811454571534985
0.685546694906983,28.2324091246593,93,0.107425879000454
2.71636273897315,18.312885987014,71,0.00938521141315358
-0.986527514604932,7.95458743749431,32,0.00249159780949429
0.108271377172893,28.8348900061193,92,0.104594575221606
-0.677446645601945,6.64332936440619,31,0.00219944822760717
5.64202317411306,19.6938194069402,57,0.00951111758444413
-0.197455896516731,31.0791445928156,100,0.0492733994307059
0.517547473642049,27.3482959144211,94,0.107158594096877
13.0260550846184,8.75794092854413,55,0.00184837763977773
5.60257073194188,19.2749012553355,76,0.00880165943620734
-1.03364363094857,6.62810489336795,31,0.00219339003470938
-0.393208779357149,31.6556020196769,100,0.040895064605702
-0.816650599961669,32.0729108987871,100,0.0353280420979323
0.653380304967572,6.63526099967044,25,0.00220084996247466
5.88718272972956,19.8264359940764,73,0.00930943298730891
-5.24524977842789,31.249548747434,100,0.0204522775134622
-1.05674734961466,8.61286612824738,38,0.00265733094305417
6.09585176423165,33.1856473943487,100,0.0132608815346773
1.2690685847456,34.4452539609588,100,0.0182279412485595
-5.99307135911174,31.9393343620794,100,0.0160131198601333
-0.862876006188261,6.21884030678173,37,0.00211086768540144
0.400905380071984,25.5972801423419,100,0.0658448346538425
4.34885002467986,18.3997772429613,54,0.00871591145531225
0.531090297335862,28.6497021506862,90,0.107472150019356
5.28274640513694,19.8325356544336,72,0.00995337491401293
-0.735500768459362,5.88539698704603,18,0.00205685369416694
1.81888674668564,23.0610535547851,100,0.0275853712036249
-0.935704773729453,8.69634927104507,30,0.00268767050707598
5.94556282929378,19.5382510992096,78,0.0088243502583554
0.850292578003494,28.3620830331494,81,0.117996251923648
0.424297948621747,27.7072904348104,95,0.109833046047918
0.779379321486962,27.8959071415979,90,0.110992297167421
-0.466630480468382,8.73070158657096,45,0.00269109403792205
1.5053794062416,28.8980084022821,100,0.0755169246484867
3.98911311040733,26.8181866183297,100,0.0371719921346792
-1.10226104743258,7.60952056718931,38,0.00240356912166937
4.58450372956211,27.4393179525834,100,0.0321577643647314
-0.716268791436786,24.5753166062675,100,0.0471446697432841
-0.458453267618087,28.6834149944044,99,0.0981628036707978
-7.2318879749919,18.2538352290356,92,0.00646398419261948
-1.80166769104394,25.0616692836102,100,0.0476540417605294
0.74706932403408,27.9061709926076,89,0.112852401723955
5.10943158346384,19.0643904934536,71,0.00896927128101003
-0.547654320632075,23.0558730558036,100,0.0300368528522237
3.8028208701978,18.3495176862388,55,0.00898188313474177
5.64809486877036,27.9684249994799,100,0.0239157409149138
-1.85370756625482,24.7293294908366,100,0.0432038812649466
0.318201102115515,28.0163933456064,100,0.104972265181875
4.27718005494717,26.8644150307954,100,0.0342595742866094
0.547056535952652,27.7434718690491,89,0.116088210124092
-8.92524437839749,21.5593440100015,100,0.00773545805142253
-0.162356830331349,26.8822750238007,94,0.102189681035799
3.85066798891847,8.72759316202491,43,0.00258983541468421
1.64500506698567,30.7833592805585,100,0.0472906086029053
0.240036444587585,5.93069065052219,41,0.00205758172825223
4.43741639001551,8.64676836144805,44,0.00253686430687332
-0.452846319207696,8.54092366672807,44,0.00264005122529642
4.44482577358756,18.5599700191384,55,0.00887539666774989
0.765045524268429,27.2702996078595,91,0.105982722700562
0.703149092469367,6.00313761203178,37,0.00207094273956877
-2.70517269498173,26.9191218987042,100,0.0552286698397023
-0.498186033329175,26.7058039878655,100,0.0870760665752027
-0.284683542276266,27.2586338183651,98,0.103678795107613
0.206289763402871,27.1265573299206,92,0.108893224016608
0.932863807146445,28.2169543162148,93,0.103116483553277
1.03769239117105,30.2463982798628,100,0.0599994992967271
4.95968123665181,18.5374625738467,68,0.00838699722983478
0.290299994293462,28.3127700195536,95,0.108823907351645
0.859169781190846,28.2445283116723,94,0.103240876750308
-0.396323009287253,6.16115747376877,32,0.00210459203898095
0.200777643340552,8.15976849311769,42,0.00254265866711529
0.710963904829347,27.3165128641996,84,0.116235917783999
-0.523114796774689,8.82180000880438,42,0.00271831639796619
-0.228124742836146,28.6533694430393,97,0.10224408724869
0.908805376447698,28.1204817815898,91,0.106449388275523
0.357181981338556,27.434426441675,86,0.120326153751839
5.61650945001882,18.5251001787282,73,0.00787962418124255
5.26722566648287,18.1704953028345,48,0.00785205985533088
0.64031585589943,27.2020469468574,92,0.105870136072711
3.81603660495227,21.1875988960664,74,0.0148366710244279
3.22898066309495,18.2139828784634,47,0.00916617133599944
3.18054859548495,21.2240115066208,99,0.0153918056932129
4.46246974880263,20.6883737438716,87,0.0123510790657918
-0.961093424635801,18.6750434411609,78,0.0106370723614529
0.517578382469461,27.7591730431216,94,0.110140598903758
-5.24516730853376,22.9613108705639,100,0.016280799772321
5.41825331901444,18.3629613134487,69,0.00785079184084431
0.309235977401206,8.7903142646072,43,0.00271005153101506
0.309839295769637,27.3501968573094,94,0.109192225804955
-0.910436448788752,7.35317133646984,43,0.00234405801912247
-0.655428681409279,7.71786539602872,29,0.00243910793673692
5.32238490369315,27.0139143516195,100,0.0256760935033581
-2.09978025952007,30.3751666174134,100,0.0484732724757552
4.92351701638567,32.0215079858284,100,0.0194363894802074
2.64870114961423,26.45391020627,100,0.0529179402313543
0.704693986736242,27.5597789849929,86,0.116435176829411
1.48576035042136,5.91235784852353,32,0.00204892116736535
0.403866338927051,6.52891624286518,33,0.00217660084298935
5.50192642873993,20.5974140665601,66,0.0110454154347189
-2.76757841041154,24.2107519367888,100,0.0323765811950217
2.78601051063164,26.3787373974968,100,0.0503508042348201
-0.473197167522368,28.6105645218578,98,0.100136093412789
-2.72837446353837,31.6012740158275,100,0.031915321370952
2.45081274188298,18.3487322552906,93,0.00937249233161692
-3.93762422233219,29.4007584648338,100,0.0360022851202077
2.44761803941048,23.1459384689579,100,0.0262289147555793
-1.28537887310056,26.1347156447085,100,0.0688038493078721
5.17458438551579,18.9149477834074,73,0.00869463965697468
4.27597022729347,18.3864210465426,69,0.00863132737847249
1.59684074061731,28.4660953363624,100,0.0780228664838916
4.71647925080606,21.1702645956287,88,0.0130352142254267
-1.20372507985238,8.41826351171692,41,0.00260092144917895
2.72898114727465,8.28380092237143,44,0.00252509762157966
2.49779218257513,21.8982622610484,100,0.0193434752097679
2.27001728515651,18.1670749623003,47,0.00954829571739694
0.0565563443153726,24.2312081944936,100,0.0433251183766712
5.16087169295054,19.7716534649761,66,0.0100424859101491
2.88294563005535,25.8845585717117,100,0.0452087164694218
3.87906756034285,18.2520314175158,71,0.00866663979052007
5.42105518405856,18.8554628285983,70,0.00844646062550792
10.9575326801613,26.649435986631,100,0.00760820882714548
-0.913458787306465,8.23172556656573,42,0.0025558904400754
-0.106096979533174,26.8733547031489,88,0.108835653288431
2.19197032572459,25.4794693637067,100,0.0490712166474691
-2.10944098270671,27.7905001069766,100,0.0696585244788576
0.0541768795253608,27.8759344988119,93,0.114887710299163
4.56217734701604,18.157095598986,80,0.00807201539712431
0.168691717947887,29.3253975761439,100,0.0828278986936518
2.82908830481663,18.639673958197,71,0.00989688018208527
14.2040759697109,8.90129744150602,70,0.00175704917324241
-0.667810287758154,8.02934814973804,42,0.00250720359264598
5.02311334111138,8.45692936988712,53,0.00245122206546807
-0.0928969108984895,8.85417830325735,38,0.00273240570333958
-2.72023803743548,32.3986376683058,100,0.026393085742925
2.56343913740502,29.8343145744045,100,0.049103227209064
-0.0779219200699965,27.2096432652665,94,0.108323060843506
0.131969168794083,27.620971876747,93,0.113945277124401
0.459916249768675,29.3889452146194,100,0.0803443937424472
-0.693475819435562,8.49186152938245,39,0.00262843473945047
0.452679161369814,27.7445149964258,96,0.108465255942961
0.380656689925794,28.8895313092269,100,0.0900633854422736
0.993453818733862,27.7791203729776,92,0.104224278520318
-0.0345607019490795,27.797323633161,96,0.111033644148067
0.53250563472839,28.2061009171599,95,0.107486496516208
0.165770517859903,27.8532661173601,93,0.114566652932899
-0.791627778325029,27.6321279445349,100,0.0992047260100624
5.75162737497637,19.9630205882863,74,0.00963725187948574
0.000900382233295111,27.0437580836773,95,0.104501173185786
2.45822293460859,20.6637982793866,91,0.0147390525339244
-1.51691503806136,33.3171218414625,100,0.0238272670771973
-0.151368456852335,5.91067440606119,36,0.0020561279500993
-4.95296813397801,30.9227550673535,100,0.0228280305620891
-0.479023928433217,28.7300227351178,99,0.0972265661655384
-0.428908773585357,6.68653749249102,26,0.00221213092635107
-0.742759252547613,6.26405383691228,28,0.00212453624283523
-2.50667518349158,26.56821994565,100,0.056002610808359
-3.35040046078478,31.363202987905,100,0.0299491244726813
4.95564544479239,18.5070976857438,66,0.00836404884888938
0.786841842149394,27.8877193583562,96,0.103941228259312
2.78861008323245,26.4536825992602,100,0.0508684462264582
0.420321662680732,28.2054546345274,90,0.114993324925519
-1.09216751443998,7.60091392244186,38,0.00240168422940855
2.50999019670505,21.3382038460306,100,0.0170209880013496
0.370261951444681,28.2143604808083,91,0.114118892260591
1.24379833919047,31.3225728412931,100,0.0426823488046861
1.34335252511929,24.1493063003535,100,0.0392402825315496
5.21701183296942,18.3002157309295,66,0.0079282451676748
-3.24643261413279,24.7869546101067,100,0.0334542936913989
-0.0598615718295283,27.5674571047148,96,0.110000239407672
5.70409173969326,18.4046959566252,65,0.0077301373433559
5.05528664142626,18.237196680918,56,0.00802059359954183
1.36496689770305,25.1739855119504,100,0.0526719186529366
1.91088593427555,6.12457997318334,34,0.00208144836596319
5.61793248893445,19.7400510886719,60,0.00957709411388772
3.83406257035784,8.91219779342609,44,0.00263805554315432
1.58706575948576,30.3313224111152,100,0.0539924565515457
0.300013113399583,28.6590769058857,92,0.107209192470466
-5.23396249764694,35.159980741318,100,0.0110415442600788
-0.87188244074375,6.49959385387329,38,0.00216552903844452
0.732563830971271,28.414275104586,90,0.108184102647594
-0.554469031541743,28.1292212496859,99,0.103303094436589
-0.713977860979595,8.10678152486489,37,0.00252940927434885
-1.05483383247543,7.14608211509901,32,0.00230239008989757
2.69444809818791,8.84548906777064,44,0.00267265574781293
2.04951127402626,5.84224092748925,27,0.00202988959723875
3.09723154811506,20.9675924215172,99,0.0147240358505963
-0.39772116147619,6.06387130600403,28,0.0020877511923297
2.47644641118596,25.8735675881833,100,0.0500385006664304
3.40052697070035,30.3807923125428,100,0.0359547344034264
0.233091042455286,27.6150735312303,94,0.112158833178158
-4.62167431736848,29.7230100365273,100,0.0287959738507157
-4.07249173810851,22.0194074648365,100,0.0164980710175551
0.68426834446744,27.7449390888896,96,0.105454662645204
5.50804305983651,20.3988946290789,81,0.0105234275538431
-7.49842453022241,21.7259075971674,100,0.00963673163620802
0.0374314783746301,6.28476376447356,13,0.00213790996655299
-0.167067687942969,27.1822556027447,89,0.113766604883538
-5.27218550018443,24.0178918921254,100,0.0190591518226299
5.9397451637491,19.9502908934113,70,0.00945495750853103
-3.58784446934064,26.1514948376621,100,0.0389152877948054
0.455346417046531,27.4004940339259,97,0.105035139914833
0.352698603165983,27.4254052259332,94,0.109705123449924
-2.96905312790951,26.4925158854928,100,0.0485680427349299
-0.888123870002255,5.99601030791429,28,0.00207220452434317
5.51215831565846,19.6342011106114,80,0.00934850385155128
-3.56637843141911,25.7497265521178,100,0.0369296316558847
0.82648629960853,27.9291038432501,93,0.106511181015551
0.0454687537107216,27.6438535049316,89,0.119755854433314
-0.192367433544594,6.26702204135545,21,0.00213061491283034
0.356456677549744,28.6317812817382,92,0.107275398583076
5.08850884680305,18.3300379644078,54,0.00812759322159035
-2.22778581720472,20.360263290382,99,0.0138833707089944
-0.976168187068743,7.34024127445437,49,0.00233718514486544
5.04600521435405,18.6575816181887,66,0.00849831262315523
-0.917046965488397,7.57462299621912,38,0.00239757193572643
5.27913413528051,20.0573010935816,66,0.0103872735528192
5.41522651241758,18.4126721028315,78,0.0078553957795648
-3.63081507340383,24.9125884408367,100,0.0314679756175186
-0.53070668631758,7.20058113582747,21,0.00232479583589461
5.2514104821413,21.2261106473405,88,0.0122996392921944
0.757777720885453,27.9234637710442,92,0.108943149697226
5.40694614475552,18.5906758586314,66,0.00815133126015279
2.57759980715998,23.3751117234141,100,0.0272700030312089
0.179467159957425,18.3465514303704,80,0.0100540479148409
2.92941057161402,28.6596995420557,100,0.0523012806401371
1.29084191433187,6.30061987226556,21,0.00212980102032965
5.23986578727052,18.4183545842718,66,0.00805638189007555
5.8046974165692,20.8725317028651,67,0.0110941621312663
2.07497789786957,18.7096017673156,65,0.0104757084156648
0.650103147914125,28.3780747987622,95,0.104267059591551
-0.631843698925631,28.5280443679761,91,0.107010696850574
-0.803540466079855,7.94356327582327,42,0.0024847167902357
5.87644063449602,18.6101532165855,61,0.00786682517696131
1.17547328956639,31.1192543380528,100,0.0456674752071643
-0.779054977827075,27.5959600336411,99,0.100217493320163
2.0952862244197,22.6708230604918,100,0.0242532377541131
0.314158421136207,8.75222150212812,43,0.00269938959329141
0.605366861124711,28.5586891413863,90,0.108062426815737
5.67101315257161,20.6054689434857,73,0.010751816205493
-0.0339654529990775,28.3368851677939,91,0.114568587236384
0.896393482939677,28.2544352217344,95,0.101428857793392
-5.62747468749859,25.1855290801816,100,0.0205217121658389
0.11564996922726,28.4095850522928,94,0.109708525842855
4.37747927104671,27.1638747644564,100,0.033841363120258
-4.30198892230946,26.6545684416964,100,0.0334849591427979
4.95361339517999,18.4232797134073,58,0.00831156396359212
1.09514633826678,24.7272049430334,100,0.0477954477473439
-1.17086881270047,7.62345028064054,41,0.00240419352037247
-2.73556533572561,26.6842575274109,100,0.053277653319729
1.58855861832757,24.9399839033472,100,0.0477139509286883
-2.25084134599099,28.9431724567285,100,0.0619660317954861
0.622489740509417,27.6997638613166,90,0.113448572078152
0.162134741469622,27.2413253170425,90,0.113487068434235
0.54332943846535,27.5168332424467,97,0.105099203449799
3.21423861052763,29.8481610667181,100,0.0413561474353709
-1.31160382862554,29.9224959137464,100,0.0630115830445005
-0.864168782456329,8.39530015668917,39,0.00260098021841372
-1.11100887382231,26.2783291220394,100,0.0733087624297415
4.91619046674287,18.9167991045513,58,0.00901933852740091
0.296264964317391,28.4906250156438,95,0.106554102729482
3.41460143154447,18.8057762810441,80,0.00975021420715377
0.136025544850373,27.9019255413198,90,0.118748505595851
0.82107711572836,28.0188888391631,92,0.107526625924768
1.94767621661621,34.0357051415213,100,0.0192981216024503
0.583821443900552,27.4130674044136,89,0.113087601527079
0.437396045198139,28.6684065040044,98,0.0995635144212303
8.21658503444154,28.1502553114225,100,0.0129037582854173
3.72009723127381,5.82361301745818,29,0.00198689863089806
-0.546932586416209,26.97148281187,100,0.0909769468084171
-3.03020310004943,20.5210476283361,100,0.0135205492028793
5.30394282749713,19.7338487140297,73,0.0097668430237783
0.302081559994859,27.6459857044295,96,0.109426120835753
-0.80108061841254,27.8978694079561,97,0.10262649756451
0.450992033620735,28.0250478449215,95,0.109514292771828
0.723490933933934,28.0031238550771,90,0.111799655832314
2.13372674865389,5.97087035298886,34,0.00204900445180623
1.36506440340232,18.721349350188,70,0.0107178925474814
-3.49841458659467,27.912316264497,100,0.0451619905185839
0.421153342007181,28.5533499718568,91,0.109201394433656
5.3436955358216,19.0516959964427,66,0.00879785472558156
1.27575456187257,6.40621136915314,36,0.00214386803214953
1.05114425799273,18.2695384592902,93,0.00967992726812857
-1.68774925008791,33.5222748156151,100,0.0223229928065661
4.85531951204264,8.91148888215823,45,0.00257686774422418
-7.26283872571426,27.5681094854514,100,0.0159398749529435
-3.154929186474,30.4709541617088,100,0.0375020509180951
0.239668016910996,28.5915933708046,86,0.116389192888281
0.306275203752093,27.0539839151361,90,0.10933191592519
0.737155712036561,27.5303047631167,88,0.112944401195543
-1.41795525640467,25.3057664683412,100,0.0542239938032577
0.330018822086952,28.6431388648495,94,0.105027841460747
-1.12910174653537,8.35524801619125,38,0.00258759374492395
0.0878240532345741,27.2542317658703,90,0.113931979429893
0.15287665362702,28.6448135264051,89,0.111877279168244
5.83278378272976,20.0082564865047,79,0.00957014267667672
-1.3667579017643,34.9346008569255,100,0.0161808315422938
1.50537490598508,18.3172080782768,48,0.0100953385634436
-6.06739507948935,27.6813259031127,100,0.0213919069499552
7.794318528206,8.86562030643459,63,0.00233216674151158
-0.124828602091809,28.6540124011909,91,0.10934845071588
1.09382734495615,28.5439840097983,100,0.0864782336751797
2.37180173585713,23.7658186695114,100,0.0309608214701858
-1.4541635116205,30.1436061160892,100,0.0580558063684428
-0.855631038739861,8.03493601852314,37,0.00250994398484743
0.0962732223523747,27.9288641777252,90,0.118837642321376
0.827378635017068,27.7413707305293,91,0.108696561555221
-0.229860997699403,6.25707970885219,34,0.00212272133564286
3.07752466403349,18.2255150459215,66,0.00910586989373039
-0.581084869490154,27.3381645469312,95,0.105127453646366
1.90762768525371,6.52075867867054,28,0.00216096601313567
5.5688974018135,19.4885082090782,73,0.00914777625124288
0.139750866150455,27.1387585699678,89,0.113090143479938
0.808910052948331,28.0792885162371,93,0.106350366735043
-1.13538558370406,6.59614766880146,30,0.00218629855843375
0.423527967020885,28.3254747281072,82,0.125064192952667
5.84334059592778,20.3670707002853,78,0.0101001797193673
3.96717481622332,18.2202516549969,78,0.00851875464059237
0.455465090375096,27.8865223423191,96,0.108588387386052
-0.608918171252059,7.03611702315865,38,0.00227916408960772
0.643751816276398,28.2432352162867,92,0.109154337842471
-0.0357781934045724,28.2625449779541,91,0.115429066646441
5.40230588550519,18.7438662257094,70,0.0083186138180771
0.055977294497677,27.7240750689712,82,0.131182869825114
-0.413485465672416,7.60414816271724,45,0.00240429945622914
1.7613334200745,18.4303372473516,47,0.0102411648756187
0.230386234318253,28.375094777567,89,0.116034467646351
-1.90191119179013,29.1785596464425,100,0.0655582583020621
5.15150609699707,26.4898644172208,100,0.0260962551236769
1.54534296593567,6.35528275787745,21,0.00213723119005959
0.668577481284849,27.5989610238283,87,0.116052579866822
0.0771168019201115,27.2791534940903,100,0.102608652992644
0.772974250678943,27.8098683042229,91,0.109876492358256
5.54489905999932,19.1123763132188,73,0.00865879978153485
-0.963737574373501,27.6914473858795,99,0.0974790152182685
5.28922251370743,19.0734160890184,72,0.00882591895072247
-1.23679243322717,26.3492210624274,100,0.0729030673984018
1.30647106611752,6.65259021987607,30,0.00219580178748688
3.45934617084153,32.9747063176987,100,0.0208265399374438
5.51649001423637,20.666437817016,96,0.0107877449216104
5.42651778706973,20.707251714643,73,0.0112577643824809
5.30394001149493,21.1511856558274,84,0.012127451948705
-0.798232155951542,7.44562434335792,32,0.00237228020549364
0.657569494106339,30.4168855279463,100,0.0592952989113096
0.0316959776102691,28.2456676170265,95,0.11049977126341
0.293205283621157,28.623423750702,92,0.107899309834454
-1.17678547006272,7.68330618450947,34,0.00242227720323654
2.61405422288944,26.0074852518545,100,0.0495769341883939
5.09764949328371,23.4781958376617,100,0.0181494562810166
-0.432648112812275,30.4400753931577,100,0.0597421591110911
1.78885953926174,8.6255160919257,43,0.00264260885219262
-0.333123634988592,23.6936500968693,100,0.0365220202759753
0.426745500646051,28.2184395220044,92,0.112224550089798
0.70751629234921,32.5954047323087,100,0.030474857545036
-3.77416485119088,34.6568641822075,100,0.0142195151304487
0.543155594818382,27.2004325409754,90,0.109496896997662
0.582129162657835,27.6167747624999,92,0.111115610792393
3.90430848609158,8.61342970863333,43,0.00255805072450195
-2.81380024738383,27.5477553690396,100,0.0558137194754789
0.235669904571644,27.4022841436411,97,0.106755750626142
-0.508730077872521,8.26954376842338,41,0.00257007171166511
-0.956396414601894,6.14935535376749,27,0.00210118709905526
2.37075353143026,30.6875216422643,100,0.0425362417859723
-0.838358762379861,28.1765102217201,98,0.0999675764999831
0.126638184503498,27.435915169151,91,0.11496981974962
-0.41563815761548,27.5115550534242,78,0.133403918706388
-0.886574523705427,6.78952121029052,31,0.00222814329821073
4.72390655891388,20.8434608724006,66,0.0126477482234452
5.14611076796709,20.6964299199991,76,0.0115850827534493
4.37726760503418,32.1249475812862,100,0.0211681830331134
-1.07023736288441,6.16183771158382,32,0.00210035370884224
-10.333167804572,28.9611100382737,100,0.0084828376702181
0.266202113064008,28.2356808732972,92,0.113480679633761
0.112239489618966,27.3423117998732,89,0.116511010975631
0.736640084521736,8.50702569229153,44,0.00262861078992636
0.450101509167328,28.5764361257076,93,0.106212327897887
0.300013113399583,28.6590769058857,92,0.107209192470466
-0.548165973966064,5.91626158157462,32,0.00205768354675008
0.0477466392987504,8.80009248348312,40,0.00271569058325574
-2.5268428103235,26.9734068186221,100,0.0585679841551181
0.0565563443153726,24.2312081944936,100,0.0433251183766712
0.790110399505111,8.55756826581659,42,0.00264300749881398
-0.679213738570214,6.08120550295932,19,0.0020936618503783
-0.287873259187066,5.95557897494389,32,0.00206593783491373
5.55015319626026,19.9804066224573,58,0.0100388837718207
-0.168895111895341,27.0923644204798,85,0.117361405398416
0.876962975338827,27.7594428076459,96,0.102245036546217
-2.3777136282866,32.8155862244924,100,0.024937587056149
0.00354737587069642,29.1642233126141,100,0.0862158960784813
2.527049897333,5.96933983453252,47,0.00203565619428468
0.196939958647085,27.7624560931819,90,0.118349599175833
-0.743179333054677,6.70442917319809,28,0.00221305633103892
5.76176168285728,20.193230448907,66,0.0100505337704433
5.93013671541916,19.4205593939196,92,0.00858276721947347
-2.30208624472668,26.9502274347134,100,0.0623809411231841
0.695581403838706,28.144839670738,88,0.114086686235952
0.210822987970265,27.2424099362887,89,0.114568643443029
0.802513863602228,27.5980181885561,89,0.110934700403716
5.08224416143338,21.0324072910793,74,0.0123818916193868
0.0316959776102691,28.2456676170265,95,0.11049977126341
5.16133684425947,18.621238228874,65,0.0083739503163258
-0.713896650587942,28.3928984529791,100,0.0981035249664384
-0.573180584304275,8.55066170583971,38,0.00264600800345622
4.83917067898449,18.5147718450849,66,0.00845487494050464
-2.94323244790196,24.114526240303,100,0.0306734828262341
-0.575615181134853,8.32917976866926,39,0.00258642845518965
-0.457626344559041,27.2416125582173,97,0.103152816513738
0.713011421734197,27.8612855329796,88,0.114818665922161
0.450048006777035,27.889156441333,92,0.113580570112003
-6.24206194384405,21.56501147209,100,0.0112985697524471
-0.124978013016148,6.13873726183926,28,0.00210267991406927
-0.274644727734151,27.2524533383771,92,0.110533319534511
-0.639377310527933,6.9975259107944,22,0.00227892079961033
0.425318916080817,28.220965295538,88,0.117490844100203
15.1206432632862,8.74398127560825,63,0.0016630515483309
0.260718687797899,28.0976694870502,93,0.113316050809777
0.42467850227954,28.4166970272173,90,0.112487343117883
5.81612075738922,18.4561402834407,74,0.00765790123925718
-1.22827746658523,6.5318832266355,39,0.00216801723859966
-0.821895396738707,5.90718223303691,33,0.00205399130482206
-0.737162556123386,26.6042499661568,100,0.0831640811477923
-0.655454836793508,6.84044632594186,21,0.00224565584350497
1.67311322120038,18.2746940632505,53,0.00991059753770152
0.0567424560901005,8.61164622838167,40,0.00266346399834647
-0.953650085170966,29.9922124521393,100,0.0651401712260957
-0.19853063336153,25.1126697111931,100,0.0571590912108251
-0.643287522860469,8.14142045113233,38,0.00253816167582835
2.68857645657047,18.7075461249134,58,0.0102333744298555
-0.320244524660186,6.1959879384992,37,0.00210931962529406
-0.842621744209814,6.09630779822209,34,0.00208889021422856
-0.310044122143826,28.6368114398024,90,0.109906475143928
-3.83937445064127,25.6661858226704,100,0.0339442847552502
2.3204048889346,6.13675965589006,27,0.00207926948437964
-0.0170465918026118,28.5936165343751,90,0.111885956326983
5.60093754453438,19.372341992388,73,0.00895793917235463
4.55976666089595,18.3323144499552,73,0.00834774618278233
-0.166420638442386,8.38318567000744,38,0.00260333189827188
-0.735439998813226,6.29085707832074,32,0.00212800771472989
0.883803272997067,27.493097097536,89,0.108487706016214
0.345163046024593,27.5929508373881,93,0.11245919285335
0.402062861749718,27.2721115767536,92,0.109772835754146
3.22617729374659,25.5089620534343,100,0.0386960790966327
1.85378576294728,31.0810852962347,100,0.042185277170918
-0.839792515784861,5.94141490899171,43,0.00205598531255592
0.316386840238402,27.7698875001594,93,0.113514527243349
0.500208082987576,20.8953410295282,90,0.0170430634323505
0.372945157376542,27.2775020691074,92,0.110122054642839
4.16399772963087,18.2779711096199,78,0.00848328685098665
-0.655709035218497,8.83189550436462,42,0.00272000232293311
-0.341086261486122,28.1071302789328,99,0.105509673439458
5.14005443298791,18.1976729212728,71,0.00782438289746649
-0.540189013221302,5.94890126978711,25,0.00206678524304745
-0.927029187211661,27.1359147290452,100,0.0886016328679524
0.352698603165983,27.4254052259332,94,0.109705123449924
-0.346893387705715,28.5931394022566,91,0.109205857593757
-3.37104740692464,27.5378164260012,100,0.0467955338329409
5.0845271358627,19.2312171046779,64,0.00929103475638192
-2.74015408077083,26.4994088516257,100,0.0519102534346766
-1.5131283739124,25.6292190876717,100,0.0582327889574909
1.31669662022263,28.4915583426614,100,0.0831117259599338
0.450721066480597,28.1507083398048,92,0.112511961855578
4.844061212817,18.5661040722813,61,0.00855685243068219
0.692704779811174,27.1757654423737,94,0.102556639951352
-1.00663871586089,30.8091179698837,100,0.0510091366104859
-2.70057313327726,28.0654061366675,100,0.0580188395348386
3.74022269143707,26.363959674549,100,0.0382671099680113
1.95741734581137,24.6368063546361,100,0.0414431711628917
0.0413761379479708,30.9984868228453,100,0.0506455888792571
0.459587122235111,28.6422507585875,85,0.114649911150151
-0.905410190713887,8.54334064409422,37,0.00264129725820575
0.665800974378859,6.28410165756767,25,0.00213030202400375
3.77621002057746,18.4519814896701,69,0.00904201415157081
5.06724855196106,19.1274794836705,90,0.00894002531275261
5.66424887177076,20.7823832954508,73,0.0110625749883297
-1.21663927312968,8.26349119857612,35,0.00256441290437835
-0.654913235848863,8.42938933073441,43,0.00260942243119884
0.802513863602228,27.5980181885561,89,0.110934700403716
0.447060833785103,28.463397044668,84,0.119567715784098
0.455465090375096,27.8865223423191,96,0.108588387386052
0.278372653119575,28.7655002908278,98,0.0990473067600218
-1.35464897725639,24.4685523059647,100,0.0430174599694191
5.0568594123353,35.3525003095777,100,0.0109179993982278
5.35051245552371,19.5162039005608,76,0.00936605481063151
5.47499524122238,18.6323755338077,58,0.00820691713205121
-1.02280277498125,6.2173417910406,27,0.00211369447784425
-0.329500501429186,27.0831125862249,90,0.10970871374554
0.43981295842011,27.4737347989433,92,0.11179939249303
-2.11804407288236,29.1047367515655,100,0.0627612223493996
-0.994352131690891,6.23470665389359,23,0.00211910875748704
4.21765043577232,19.0252986424682,77,0.00957273440944539
-1.05757900103015,7.91380495099548,44,0.00247329173158527
0.860564190874729,27.6891196434745,94,0.104480165021291
0.945297375915876,6.49078043271838,31,0.00216642030009555
0.250885805534249,27.6397890003844,90,0.117467646284881
0.28359460491716,8.63724459604185,42,0.00266849360909008
0.379731956378612,27.8955645143992,90,0.117008675702478
0.897022156795152,23.4348665996886,100,0.0330050511447944
-4.09750609675193,28.9061379231738,100,0.0359940407229294
-0.0842812188291052,28.6933265195227,99,0.0999952166443336
0.804170898152543,27.8116858279317,90,0.110495454635728
4.4124923443393,35.3117633370054,100,0.0117811371192398
3.0662391362024,27.913038332758,100,0.0517986942554715
-0.650073837455765,6.85300224339486,42,0.00223778992291654
1.17750306776551,5.83981990178847,26,0.00204152348606683
4.01740146453509,19.0928299801728,70,0.00990830317032127
0.376310128304309,28.6922054967938,94,0.103808527046729
0.63486388827528,31.1067081000017,100,0.0479912244179838
2.87648747285944,18.7975650198765,66,0.010211864799283
-6.39045115642696,29.4715840121192,100,0.0187504380053139
2.99456423107105,25.1320570365,100,0.0379984954738469
4.68549896338106,24.3453100254489,100,0.0226159230778123
6.41408320622975,8.89854100310247,62,0.0024520305838606
2.8799970938012,21.1534167144922,99,0.0156030047398748
0.225738698980975,27.1144478554348,88,0.113511885826935
-3.95335959276746,23.2093313562585,100,0.0211997953645521
0.0694230242856589,28.7541642715185,92,0.106347444131385
5.18314652744072,26.3792030596741,100,0.025665751074483
-0.907793777907223,6.39867521700569,32,0.00214792043013338
-6.01177647808395,27.3353192360675,100,0.0215893917587966
0.0516704261868395,27.9311270771041,94,0.113526003081917
-1.00194109135771,8.14196631086761,43,0.00253129648462045
5.76187732390223,19.8117336319191,83,0.00932881814220056
-1.73372767626423,24.7704811355146,100,0.0445244384459126
-0.849356727381861,28.9832063927703,100,0.084166405722134
-0.666295883966992,6.05194475561122,42,0.00207818063920611
0.199967646612071,27.9794269230118,93,0.114221016746645
3.28128719732317,29.5489320557999,100,0.0425239414174643
0.446025031876241,27.228412763904,84,0.119041904022481
0.268147609241411,28.2290274692365,92,0.113530910413613
0.776739310197568,18.2496893594364,60,0.0100113981633103
0.853515215641435,27.8444053157846,90,0.109531766639433
0.134472067513751,26.9500800306432,93,0.104719854782907
1.69437363572376,6.25802371287938,34,0.00211028041531217
-3.7630842379332,28.1324903015077,100,0.0414329468508778
-1.7041864823706,21.9885277187002,100,0.0211443529834467
-0.411884688761766,27.0429507589368,92,0.105929517702602
-2.7158178839157,28.1928916312527,100,0.0575153515489675
0.408003948441122,8.59058593107805,48,0.00265093487397323
0.914067163598153,27.9441387606945,90,0.108185397073377
-1.23330197264976,6.88357709189,24,0.00224777595382144
-0.171279593562152,28.7850053614402,95,0.10221095607376
5.28077746197402,19.3243226520086,73,0.00917713275911517
0.276816050342328,28.1448723866375,90,0.116848681784492
-3.47761306714717,31.454508674726,100,0.0286480392436156
-1.1573724810294,26.8990116218555,100,0.0821936745486834
4.09359677220699,25.2919930032603,100,0.0300665587602174
0.0649202179630228,27.2467667924266,93,0.110098368274011
-0.249933548750154,34.6497224409214,100,0.0178421623812227
-0.796385151578272,27.4376212158247,94,0.104007636926886
0.767773245714586,31.3580363374279,100,0.0440177848572514
2.24557524811611,26.017392239891,100,0.0545156182981608
-2.84256593518816,28.3063746428872,100,0.0550075286204578
0.643751816276398,28.2432352162867,92,0.109154337842471
0.635803025352524,22.8000369754774,100,0.0278388852071006
2.62631751482199,6.3433735718008,22,0.00211408920538935
6.50094529568847,8.66025812107096,49,0.00239957288387758
0.163073126999331,28.6389260505992,90,0.110712606800686
0.643464369583101,27.6584925698433,89,0.114205428581223
3.01188498987691,22.2310850898857,100,0.0197351356353252
5.12282752256498,20.7668342548043,83,0.0116584229637315
5.2492011262954,20.9000346899072,72,0.0118887075099848
0.206289763402871,27.1265573299206,92,0.108893224016608
5.56566082667146,33.0257193109885,100,0.0148039649775651
0.27409805136839,26.9462167096788,92,0.105115005470608
5.92382857202508,20.0126283421375,72,0.00954258721547587
-2.91152478903629,27.6402195292679,100,0.0542687094733383
5.0504129646036,18.4692894905536,60,0.00829075163135172
-0.529733543032315,7.95573990734638,43,0.00248935562298099
-0.622055646520953,7.28186302125341,24,0.00234083199480974
0.529952689975088,27.1522722032416,84,0.116489303481957
1.66145482544013,18.9487924156984,96,0.0107882920326725
0.391062199289105,27.2707882762798,92,0.10985923011496
3.28327568294456,18.5264794436359,75,0.00940569418959888
-0.3063035353699,6.45738063417252,28,0.00216487780342218
0.932347916478544,27.6623958013243,84,0.114813067553954
0.0664038617272054,26.4389562056676,100,0.0838343230616784
4.99105096761846,26.8180592349211,100,0.0278553029386435
-1.1081722069481,31.0598067684569,100,0.046816693876282
0.531090297335862,28.6497021506862,90,0.107472150019356
-4.52246567055057,33.227173351469,100,0.0169070333988792
0.020182949665271,27.7014448968001,95,0.112020462470404
-1.67910174785567,26.0056526626494,100,0.0618675156076218
0.114279213819335,28.4740559090402,85,0.12063296198678
-0.657756382089344,8.62265649895701,40,0.00266342385661737
5.62487185139197,19.0082433316895,75,0.00844482912774171
-1.01314415475721,6.21413259190697,28,0.00211271532048477
-3.99132145393217,25.0624377979837,100,0.0297045140738569
0.383783644753572,27.7928957278561,93,0.112956567322004
-0.553442520888104,29.9523982510326,100,0.0685858863469857
0.795688293779568,27.810188996128,90,0.110659550885311
-4.81335681373553,24.5109183300017,100,0.0225764055442378
-0.0244231365237746,29.4524792038864,100,0.0804268918374142
5.28271506693496,20.6429841314986,82,0.011221929531952
-0.389409398342756,6.53636026071865,24,0.00218243900393362
2.42177921561669,23.0036076047864,100,0.025404847942097
-0.733975722611152,7.26831158541585,31,0.00233313289815204
4.15113995344403,32.3573322823729,100,0.0211202845790958
5.75734901497704,19.2686329585266,71,0.0086970973624031
1.43332806554871,5.86589440196932,46,0.00203520716792584
0.168608232071224,27.1169937221637,97,0.103270313216383
0.463602340086428,27.3057020411141,97,0.103901017298332
1.65576196444449,30.9792971347474,100,0.0447130118004293
5.62645571501038,19.7464264689678,74,0.009451069259599
-9.79221180667537,31.07837393047,100,0.00861041727264418
-0.0024012167492109,28.1828505164026,88,0.120417485229437
-0.6853737979402,27.6656461613724,97,0.104069182749787
0.759907026020055,27.6767107218371,92,0.1085480718985
0.374999631367529,28.2960344257455,91,0.113241631560273
-0.569671317767104,8.86223665027635,44,0.002727861753042
0.14825653393191,27.6106728652606,90,0.117844458504959
0.777220453299615,27.4306273128058,93,0.105368578974779
-0.0573615939296929,8.84690468828353,40,0.00272889212827238
0.282462655288571,27.3595577733354,90,0.11451519026227
0.622489740509417,27.6997638613166,90,0.113448572078152
3.84506600881377,25.9443821490511,100,0.0352611044933873
0.894061921071959,18.153578765846,89,0.00953843958194227
-0.105168255234965,5.97524082094791,32,0.0020699269564806
3.49260248102882,29.8448945685779,100,0.0384110510272736
5.44695428313006,18.2924605358527,54,0.00784118340273225
-0.114402848687794,27.3138785577593,89,0.116094291973261
0.459498910523378,28.5775642556953,98,0.100752969613983
-1.68229232524917,18.4022520614624,81,0.00987132919347383
3.65538093986918,28.9141989845753,100,0.0410314630812696
5.35124843527346,19.3897582270476,88,0.00908242186642882
-0.996157954106579,25.7758479699087,100,0.0656074436809961
-5.18046155028978,33.5744382968305,100,0.014413611382902
2.54218364608305,8.77477955735531,44,0.00265917482799786
-0.523036498887355,28.8679096226072,100,0.0893818041314307
-8.45590919603091,27.5761340790037,100,0.0122722450344267
2.60265031894822,27.9373400161185,100,0.0599499518351287
-0.749947318729077,28.2565823852179,98,0.100809297685624
-0.133617167966636,27.1006388769739,96,0.104195307745407
5.5018450496767,19.6891493195097,73,0.00950079987890388
-6.67956920424267,24.8097267394994,100,0.0156667734815804
-0.040606050675313,23.9988589157074,100,0.0402891086372944
0.0125325101663717,28.7016416539598,91,0.108607831728225
-0.306708409274728,28.6185388655377,98,0.101331721299077
-2.35465740839594,26.4075974836812,100,0.0569525518347328
0.611824461114295,28.4018662785484,86,0.115372050519357
0.204616743718616,27.3158836867819,87,0.118479525324576
-1.48204766223594,30.9778121008458,100,0.0458494480618091
-0.83050877294793,6.71506615226983,22,0.00221753467995122
-3.34745247700247,24.2278663842306,100,0.0291478811403677
-0.714458406698607,28.040131283669,98,0.102633004322779
-1.69875548564017,29.2928471519069,100,0.0674023344710405
5.08828629946256,24.8503392472426,100,0.0222929874632925
5.48563791359009,18.8812374172509,56,0.00852997822475172
-0.429688135732947,7.71216175116239,36,0.00243504033613743
-0.91767671573152,6.16665540919784,25,0.00210571556717669
0.674320799111681,28.1062139356256,90,0.112161404870597
-0.707921025849655,27.3383987492882,93,0.105535208588065
0.4170262044497,28.4617686452648,93,0.108277247665424
4.33656774475829,18.9017579647734,71,0.0093388938977062
-0.925309319808141,27.6846745638287,99,0.0981511157257754
5.5806682877996,28.7299448424712,100,0.0239237231259596
5.85799703075376,18.9292474171474,57,0.00828517266427679
5.8690027717596,19.8729061391168,79,0.00934059127790208
-0.0732818270795182,27.1036067037221,97,0.103301815145525
0.152874569982096,8.83507534288761,40,0.00272539603843327
-0.389697820329162,8.88345229951164,35,0.00274191107205391
-0.69602944649671,27.4334562042554,91,0.109069662272203
-0.891868262994148,24.2731897557525,100,0.0424259081389526
2.10539383266515,8.48892201547856,44,0.00259726617044371
-0.742466005099327,6.19220926847825,21,0.00211372265512488
0.555408202062223,28.1481874069524,89,0.115050709205292
5.93469880988662,19.9292099547786,83,0.00931630581928733
0.327143011317707,25.4782037575317,100,0.0637476040910032
0.301290130105609,27.1057847429853,95,0.104575360472568
0.895614138734262,28.1879345839492,94,0.102988130491277
2.20143840359022,23.8265860723566,100,0.0322313134257649
3.36741419338137,29.7174691427559,100,0.0405086579385612
5.94214872439349,25.2992982515037,100,0.0193148425608163
-2.21481757762624,28.6490414110547,100,0.0648211873745467
1.6234771114763,32.2411168756168,100,0.0315258148899468
0.949195597442919,27.9722617159443,86,0.1121793194174
6.73025552848466,25.8294523291534,100,0.0168561626974698
5.72867808126006,19.872443293759,66,0.00960249902165156
-0.0680234502905398,28.5122164319652,95,0.107187994462513
-2.09374186951712,27.2872694099268,100,0.0684266344403477
-1.10271567689421,8.15581097384318,21,0.00254763603092611
-1.36500761070108,26.6693962372951,100,0.0758453309800573
4.38535004481554,18.2566440340185,78,0.00832081901504279
0.269636095382961,28.470905378807,91,0.111789291156931
4.16110992330805,18.5972985195062,67,0.0090304568352472
-0.287643364504779,28.6220250082054,90,0.1103443528756
5.16285978174876,20.9670497489758,83,0.0119924320280596
0.316386840238402,27.7698875001594,93,0.113514527243349
-0.0325406344315378,25.7436976974985,100,0.0695118983434787
-0.875629728963504,27.6317553781295,100,0.0978436371219354
-0.060031475987094,28.3421195312099,93,0.111908734636615
5.88760701834983,20.1853172642362,84,0.00971962373575486
-0.577982653995911,30.3793934456503,100,0.0603275226362467
5.06493380811128,20.2259823003698,73,0.0108516776598699
0.22162674229992,27.1042583728549,95,0.105007457272338
5.19735713818649,20.9542080442956,82,0.0119302481720329
5.70392306446093,20.1806552066536,75,0.010007299730871
-2.21147823149922,28.3821602183716,100,0.0663878454111719
0.183360447800269,27.3516605828203,94,0.109959131436612
5.16300439195491,20.4619393518312,88,0.0109760807238722
0.504010430174842,18.1758057465226,39,0.0101150505032096
1.86736295191602,25.8874672245708,100,0.0578576248858376
-3.47038292951114,30.245369989275,100,0.0361943079302346
-0.0463223672978956,5.98887198348251,21,0.00207725975959529
-1.13075429624221,29.4050154669488,100,0.0737307560020009
0.516540820936418,30.4222066627696,100,0.0597857765896043
-1.01195722873469,8.56926747011539,21,0.00265812453274989
5.13875237140301,18.3173822300122,64,0.00801327536202391
-0.274482101157923,8.44381243950582,40,0.00261771423239334
0.417556530237471,27.6764901539574,93,0.112239940690128
0.723147553576745,28.020441624317,91,0.110505920624173
5.93831472323914,27.6460269375249,100,0.0221185615736369
5.85148502689091,18.7361016569439,70,0.00797391258642649
-1.09569235688638,7.12991793365507,29,0.00229996576469034
5.7726195088218,20.091956310861,73,0.00981490664992729
-0.829468899413383,27.3925844930039,97,0.0999135481665349
-0.527306774545624,27.4198522234835,99,0.102313598375319
0.751658470842069,8.55932485574352,44,0.00264249834192062
5.57203303880957,19.9332499758063,83,0.00969917892247831
2.18539347460339,8.65154469863696,46,0.00263651078186204
-6.99628073871745,25.608595151084,100,0.0156437397627056
5.90348533836481,18.8116103971438,69,0.00802904211667005
-0.688601866675269,6.61142561395781,29,0.00219380222754835
5.77165708646674,18.6789676509651,73,0.00794741525163674
-1.23928352818159,8.09855176122267,32,0.00252397458823033
2.51657669801789,29.7351412429409,100,0.0506439888567787
2.42587574766299,24.8204071192322,100,0.039948048431626
-3.42144511201866,34.1341818942469,100,0.0164049691639521
-1.19900948549346,7.3977773911931,31,0.00235742443142327
5.30157556890532,19.4950635616708,63,0.00949662739598815
-1.49408284963325,29.5382029016277,100,0.0669097616033816
-2.58236629885749,26.1781388877392,100,0.0515399339109817
-0.162356830331349,26.8822750238007,94,0.102189681035799
-4.22313405314146,26.7049194951824,100,0.0343962596995883
-0.0020736903568247,26.9359946165227,89,0.109205171800721
5.62858345248567,19.7758278597202,66,0.0095642734533915
-0.680068906221975,6.70305505476974,28,0.00221321147887314
5.61630452396674,20.6167044436464,74,0.0108310548746376
5.46761707286428,18.6559560636498,66,0.00818779455398938
0.0852754495989105,27.0990244295157,94,0.106504915381655
4.42821397416082,18.5221140589369,61,0.00878508640695732
-0.65727461889818,27.7088106179416,96,0.10575023962333
2.42519903792985,18.1532340829489,72,0.00923976276899998
4.77509069649772,18.5232299713756,46,0.00865794544826756
-0.253775725212737,27.2165212554881,95,0.106597774269557
-2.64039605655913,33.5609228959052,100,0.0202596785103683
5.61827114286405,19.4834810404445,58,0.00922060573295085
-0.282472252541332,28.125252245544,92,0.114279245703042
0.772974250678943,27.8098683042229,91,0.109876492358256
4.79766901189828,18.8873811065222,86,0.00884574561147816
0.744957503161623,28.2342185169901,89,0.111171912022223
4.99227434751362,18.7467856781709,61,0.00869587876375547
-1.06823224371285,6.74148865684068,52,0.00220611348665305
-0.259051277839579,8.89825469696756,43,0.00274075656459996
-0.323891690377536,7.01159867389522,38,0.0022752441458039
4.83816878474599,18.8133204422207,60,0.00891474968545762
-2.52406966963738,29.1710588349997,100,0.0555939642241498
0.352698603165983,27.4254052259332,94,0.109705123449924
0.984855515821689,24.4079411978304,100,0.0438669916304569
0.615534984695077,22.9266229950243,100,0.0288764576537435
-0.060031475987094,28.3421195312099,93,0.111908734636615
0.384161391894856,27.5708209078969,90,0.115835651426277
5.21803991591799,5.9272510096453,31,0.00195187218959028
-0.344840423647372,27.3374662275248,97,0.105326914611684
-1.08751823486359,6.30996783720917,28,0.0021306477175622
-0.705139719008288,5.85932775854841,30,0.00204715759495695
0.115310057559469,28.8477722994389,90,0.10652405787101
-2.63511752413962,30.9528101354106,100,0.037874948027496
4.42915517137161,18.672116032595,79,0.00886066574915006
-1.1828358735114,6.68564270880657,23,0.00220747705201034
-0.775298847547599,26.3682487037593,100,0.0785478164612687
5.3807663629759,18.810416104982,80,0.00834926769830193
0.336095321516035,27.556750954868,87,0.120385169062673
0.672217028262955,27.2972084675056,98,0.100290818118729
-0.713800204483972,27.1877879776453,93,0.103476364570022
2.85100506149826,27.0286985739024,100,0.0534121040104845
-0.751772194726006,7.75386128940687,43,0.00243859216778861
-0.100320697675287,27.8045007438063,97,0.109717899757929
-0.635598519742107,6.84946735607647,32,0.00224215549843139
0.72348378943251,28.2361336069562,89,0.111545180625275
0.0916337847558342,28.7268665051639,90,0.109185642444069
0.751387084608798,28.2325594693368,91,0.108654743082593
0.819393961134881,27.6535730217482,92,0.107347619555334
-1.55225597423955,25.3378536599087,100,0.0535390494211457
3.17513239638994,25.4524130597686,100,0.0387823993796375
-0.767511871501268,5.91016661327167,40,0.00205195757216869
-1.66230234734561,27.5562478314359,100,0.0783866968679741
0.695581403838706,28.144839670738,88,0.114086686235952
0.311675698812833,27.7697280457936,90,0.11755694930983
-0.413810065231733,8.43577067392454,33,0.00261971486183378
-0.162356830331349,26.8822750238007,94,0.102189681035799
0.70757289293198,25.0294431035557,100,0.0542867268499068
0.480746758444698,27.9354768765538,93,0.111886494596319
0.70342806616061,28.2195461325492,92,0.108410516390649
3.95080122786392,18.9626575485449,81,0.00963441958823874
3.8932485267214,18.2318535096705,61,0.00870447877390204
5.24431523383439,20.8070642125936,87,0.0115120928501525
2.48488859314771,28.0122307009841,100,0.0621177012933348
-2.55725255076777,30.8656141834448,100,0.0392667633580884
-0.326634763124916,6.59763029731282,21,0.00219660199630728
-0.983481881870275,22.6392608584362,100,0.0262210772392039
0.0420373329021775,27.0455066574936,93,0.106744307026628
5.82923255461603,19.2931878869355,66,0.00870379616423561
5.24745047685629,20.5811182823973,62,0.0114107254487512
1.31975593900484,30.6833085141438,100,0.051002582300794
5.54093413918674,8.70971429922238,53,0.0024771868104394
5.34766497733423,19.4035845236863,82,0.00915496177100826
0.921408086715063,27.7372487269759,89,0.109106394506966
-0.898284450593721,7.30411553838143,37,0.00233643163881397
5.52928977480623,19.8468893518548,73,0.00970838028093622
5.81315717735819,18.9846273014301,64,0.00834112018131267
-0.509259985502607,6.92044097119695,36,0.00225592457199144
-0.966001526318114,6.41516477947527,18,0.00215718026797279
0.368046781147022,28.6032518452696,83,0.119231486687502
5.43330695198708,19.1802835234946,73,0.00884323764828278
2.5511222166256,6.53729395574015,27,0.00215137172552426
-0.433140113259473,28.5703795120678,97,0.10212944779462
-0.90449534961062,7.01086723405795,32,0.00227450045548973
-6.94127186289416,21.9303185600347,100,0.0107229367625833
-5.44898268776283,25.3590681330618,100,0.0218087024916825
-0.570102104526877,6.5127784211908,20,0.0021787316063818
-3.43890343604731,29.261634571521,100,0.042215158230139
5.24644647872786,19.3628977325303,77,0.00922952396713074
0.185916093502442,8.87804771500551,43,0.0027352522556423
5.52054259452167,20.8691283712254,79,0.0113421177559002
3.41197397578949,18.3208314200027,66,0.00907755012637711
0.0780238418793398,27.8399318766674,89,0.120372554375815
0.606823883696045,27.9155075838968,92,0.111455624696513
-0.842008508810704,33.3984538435657,100,0.0242302283898003
1.47970504268672,28.2875777078754,100,0.0814843550527529
1.28750606373926,18.2825711007622,77,0.00980300964948731
2.8407906566006,24.7790993712423,100,0.0364024794450559
0.76324579297303,31.5621501024318,100,0.0413559608462723
0.834683217989192,22.8470140212588,100,0.0279797639232188
0.706629445286903,27.8515122534329,85,0.119041670939256
5.7704195781723,18.7500452335431,73,0.00803131990593221
-2.7007881699395,24.1787880433838,100,0.0325143215121852
-3.85689590892804,25.6745910958494,100,0.0338317186052395
4.45211811463339,30.4257111384375,100,0.0275490520175031
-0.64397965041358,18.1982595938609,49,0.0100412879537448
4.79371127578349,27.8836918274356,100,0.0304125411908274
-6.3195117435811,29.3396832597619,100,0.0192222538864166
0.391237223587373,27.6720114486404,83,0.126744761984033
4.40110893220391,33.0414490317713,100,0.0178236060269335
0.641053669970005,8.6058056726734,68,0.00263933346468722
-0.805014943036298,7.29624840142849,34,0.00233717075083122
7.97702054106942,38.0380257554271,88,0.00565288212674194
7.00576798175637,6.11328669146521,56,0.00189195043218658
-1.08382909534842,8.15029954059782,40,0.00253423310442437
2.0589415897336,18.2657861991915,77,0.00953171697130982
-0.728522702002475,27.9133821543847,99,0.10168321747277
4.60480714098864,18.5839006303012,64,0.00872796873906709
-7.12650217003327,23.4952260191387,100,0.0125391732827304
-0.0652663742392544,27.4365240443094,94,0.111288681603213
0.212621832600476,27.2936102546185,95,0.107893408898559
1.15772415438654,18.5279191171514,79,0.0102825516935615
1.90775444028742,18.3756150141542,63,0.00991891014125184
-1.17983355182011,6.78109533567494,20,0.00222883280433395
-2.18189552653912,32.0121174528937,100,0.0313563303650473
3.12388974841851,35.0833644304603,100,0.013923925020373
-3.02581144620501,29.1035026331555,100,0.0485442504167886
-3.56379237106034,28.4980958684389,100,0.0434646415762367
0.883803272997067,27.493097097536,89,0.108487706016214
-0.768895303430683,28.3279540503048,92,0.106269632533239
0.404392605963989,27.3460572019538,98,0.103842781842777
0.249028061748928,5.88642563525757,31,0.0020535766022399
0.763160314579828,27.5262730467242,84,0.117707800424217
-0.952668843463852,7.09418963680619,31,0.00229263788156886
0.472811888544297,6.02614600866823,24,0.00208205072300866
-0.525569505394547,27.3985549272702,97,0.104261187507126
-3.32047714653092,26.7446035512277,100,0.0450990095306717
5.24384872979212,18.4221660565082,67,0.00805185482499533
5.16987351701307,19.1111871207334,79,0.00892124777355734
4.40158752837162,18.6602448917381,46,0.00912965153909297
-0.976960880953477,6.69222876228993,32,0.00220661746596427
-3.94235117207417,27.8577053434414,100,0.0393033169070606
-2.9646556722838,29.3120716093644,100,0.0480882332412005
3.17258812925154,27.4701048777513,100,0.0497035214673814
-1.46291341967101,27.4563378095064,100,0.0819332442462004
4.15982116569786,18.3506597617297,79,0.00857955454301223
4.01517746266805,18.2045059949583,70,0.00852696073073903
-0.078428785908403,27.2397070201707,88,0.116367711559038
-0.793600634262588,6.37263734943717,28,0.00214550532374732
0.415344257967783,28.6131867152547,99,0.09961209958654
4.77921291054478,18.1982065931508,58,0.00813563677035591
-0.551497613201484,6.33654059503004,28,0.00213987209084948
5.1854933621673,20.0489256785296,65,0.0104906992917594
-6.54043855002938,28.3410263910148,100,0.0189005420575311
-0.590315958344034,27.9607135107676,97,0.105715299405197
-0.524690028269475,26.8410194960945,100,0.0891492773040052
5.45896397477524,19.3753554100917,58,0.00921561708625289
-0.70980811431505,8.14312706968365,33,0.00254124027755342
0.886127861607751,36.6621201224257,100,0.0113453563934941
5.46341569605173,18.6540072777922,82,0.00808257368303594
0.446378069971243,27.681592442369,94,0.110711012553602
-1.69049853336665,25.7849705970665,100,0.0585834670734032
2.01915560294034,22.5666927802171,100,0.0238037572373236
1.44043464075413,31.0144283758141,100,0.0456236107198132
-0.350445437753731,28.2938172630373,99,0.104048108584143
0.408883667054375,30.0653184185456,100,0.0669964400026536
0.443182179430947,5.84276117130635,28,0.00204620061702596
-3.35262935375601,32.472556135214,100,0.023581902749511
2.63020365666858,26.5201876915284,100,0.0537132472934499
-5.35308152125946,26.7926250971472,100,0.0251899254134361
5.62907406350222,18.4360833511822,71,0.0077808312440229
-1.56465425557256,32.9561420290429,100,0.0261047443999697
5.3114851805015,18.5344947162284,76,0.00808401076715178
0.515852788631684,28.0096425341468,94,0.110021547305689
0.790225082927606,28.1871110180601,88,0.11196139111668
5.63890429385283,19.0125818179361,76,0.00843192230642085
0.590133976028502,28.50070519329,86,0.114178982803741
-5.12593628589139,28.0784204422094,100,0.027606470431302
-1.01183813475286,28.4195418798736,100,0.0889955083865026
0.345163046024593,27.5929508373881,93,0.11245919285335
-2.09839927377161,27.2328900445417,100,0.068031386028833
-0.565793572813686,7.65807421999501,31,0.00242430790396177
1.35535743631014,5.90229656783634,32,0.00204862197696135
1.92659116003083,33.5281215871596,100,0.0218692292945822
4.53087510446921,18.2222274271515,93,0.00808797707913123
-0.498186033329175,26.7058039878655,100,0.0870760665752027
-0.44669005711117,30.0175483256362,100,0.0677956178513881
-0.669262552596921,6.42925994699278,28,0.00215759738795552
-1.21756864222184,7.31250615671029,34,0.00233626430811387
-0.768895303430683,28.3279540503048,92,0.106269632533239
1.45010502234981,31.9671016559628,100,0.0346477063819133
-1.84717838931261,27.6911802688628,100,0.0749513554189219
-0.389173416530634,6.53618843427549,25,0.00218192878897119
-0.497008460690908,27.1591530783564,89,0.110607998344089
0.171117483624565,27.9018395493568,93,0.114522220850898
-0.150547566097795,26.9164900606043,93,0.103991084184436
-2.31123992918933,32.2313260062581,100,0.0291201191889848
-0.389034822490277,8.33387489984472,42,0.00258685247103016
2.13053796318061,6.23839046114039,47,0.00209341824153455
5.57080995563093,5.91513562739475,24,0.00193811132024807
0.0381383737574655,28.7221878175738,90,0.109365001842661
3.26841823852039,25.8893904754333,100,0.0408634753051288
-0.66015926908789,6.25547048199923,33,0.00212113413797088
0.871697376652733,27.5345120899897,90,0.107902746760353
-0.609488169380265,27.2093123535062,99,0.0990346110612271
-0.524462633713497,8.3786364812337,43,0.00259708058873844
-1.24749829858525,7.96248151643778,37,0.00248683424942594
5.65514499238289,19.0542963539588,65,0.00855111260161721
-2.17389988722835,28.9133059462316,100,0.0635578715154858
5.42020372091979,18.4190321617525,80,0.00784714901668896
5.57641742000864,18.7202762677064,79,0.00810014555637905
-1.1449532271522,7.47747616658407,20,0.00238259993182716
5.26039178640611,20.8883505880068,76,0.0117933082139657
-1.35583117720945,26.184082962466,100,0.0687185112431909
0.167639305066038,28.0943724917943,93,0.113850406631146
0.190185214854198,26.947913487123,96,0.101303492426213
1.7609388065818,8.71280923634145,43,0.00266692166879466
-0.809488163081246,25.3944014783646,100,0.0600905837243767
5.5429895196363,20.8814037910707,85,0.0112557110919026
0.575471067392087,28.3350998981745,86,0.116867290395036
0.768556598894087,34.3141543468803,100,0.0191821360404105
2.58784678806298,18.4713705462705,79,0.00964622287553301
4.55629273677654,6.2281864681993,33,0.00202860484942801
5.02815095674475,18.6578524784063,65,0.00851893495431925
0.355328660136762,33.9547442526512,100,0.0212052629432535
-0.669282272450865,29.9038004690714,100,0.0688657362174468
5.17314111683568,18.5679160306978,65,0.00829681486277862
0.294531318916478,28.811795477444,97,0.0990951377500877
-0.485748492848088,6.51718582711651,30,0.00217530609497828
5.81194905347136,19.3441890248249,65,0.00879354057814946
5.64797838111384,18.4339162784019,78,0.0077234980068447
1.22149477803291,30.1164559539902,100,0.0606830448711964
1.66304332013069,8.80366717982684,44,0.00269354731198476
4.70590012689427,18.4857883560496,81,0.0084001488170241
-3.52615684720883,26.0798564341895,100,0.039203242076774
0.605393886076922,28.4322524162666,90,0.10996791181599
5.65208730555075,18.7157011505993,70,0.00809795977728689
0.778163626591305,27.8207692854206,89,0.11225642392518
3.58402568324698,18.5204313665246,78,0.00919144116491016
0.0792013096752053,27.7132947796022,89,0.120060135038194
5.22383870761135,18.1828848819963,50,0.00788270742410173
5.36107513137948,20.6563701084021,62,0.011395723665343
5.26491517788479,20.2292488061984,72,0.0106306577463867
0.24032573519938,27.3509038588179,94,0.109658800835639
-3.39762071382978,26.2680498069652,100,0.0416960832687503
3.04861967446632,29.844606769716,100,0.0432360590691325
-3.68047991143675,28.743525032227,100,0.0412790448412761
0.593557099682095,28.7674494675892,100,0.0902972587072
-2.30563153211227,33.7256144285644,100,0.0201580902469165
-0.925309319808141,27.6846745638287,99,0.0981511157257754
0.314574410157771,28.4593268568874,90,0.112896506369212
-0.48928108076185,7.39992057951125,46,0.00235623538853263
6.27962290351701,30.9442691939841,100,0.016995310950013
-1.41441047393137,26.0804265266355,100,0.0663445043481317
-1.03148319268679,6.73936159229877,31,0.00221631929774998
0.582129162657835,27.6167747624999,92,0.111115610792393
0.459916249768675,29.3889452146194,100,0.0803443937424472
7.72326440620077,28.1652477206138,100,0.0143591023529663
-3.12758849700865,24.3272123482882,100,0.0310828024290194
-3.02772670967717,26.892735349561,100,0.0499846995070791
-4.25072297464687,25.3022295387041,100,0.0289702591157024
-4.38700056916513,26.4131649061239,100,0.0320064697239627