0.843204404761313,18.359096722037,49,0.0103302967838345
-1.18689512142902,7.12451758492259,23,0.00230085416571834
5.4975001265641,19.1667586885116,74,0.00876290256199381
-2.33378345208129,27.385139217198,100,0.0642087014242011
0.237194343784979,27.8513119826891,94,0.112900462537862
1.65756268500279,8.90632052844576,44,0.00272229346370367
0.615377982749982,6.19481342122209,33,0.00210964434754391
4.76060893185316,21.0503929111835,99,0.01252317135899
2.31890836645008,27.0515078524708,100,0.0627588989178853
5.82678771959858,18.5404919573005,55,0.00785986056392125
0.436226114092425,28.6665973112052,98,0.0996025811869483
0.055977294497677,27.7240750689712,82,0.131182869825114
0.0731213105747873,27.4933230391478,84,0.125917521708403
-0.477923772857114,25.7047425797662,100,0.0676595756185133
-2.7105591928192,26.5815659012184,100,0.0529501547198754
5.22980147169784,19.4936819237305,73,0.00947258713040092
0.653671988067516,27.8332044313088,98,0.103852158806146
-3.07895374352932,28.6105054107025,100,0.0501445135633497
-0.560398787658813,6.34577800698206,26,0.00214256650803523
5.90436714030453,19.1244602257365,77,0.00834767756248675
1.47194922010735,18.7581973840947,50,0.0109971147565628
-0.344840423647372,27.3374662275248,97,0.105326914611684
-3.5587864383145,27.516789417868,100,0.0440827616563014
5.60977807597774,19.4763001195186,62,0.00918461253433006
7.00254175590976,32.3336409715622,100,0.01266800956663
5.38098616868048,18.403338165771,70,0.00791716498155856
0.314574410157771,28.4593268568874,90,0.112896506369212
-0.369535474756341,27.8992843788613,99,0.105943379466737
0.904457092711635,28.0241820616549,89,0.109342267517639
5.36680953667534,20.6404056718456,62,0.0113579532899846
-3.58939017851746,26.5290909693396,100,0.0407177205217384
2.67479549960808,18.3641883982872,64,0.00955571290705102
-3.71421593746544,24.6869406037227,100,0.029609846076644
5.12538333473044,19.1351237153921,58,0.00916459361357811
-1.52326587411033,25.4059106646156,100,0.0547946399257279
0.651222155074997,24.0538426080932,100,0.0402879250744766
3.72914505370811,28.6928151713696,100,0.0408179140117179
0.221629996126932,27.0533345810263,90,0.109856016283994
3.02984363107523,23.5502347095589,100,0.0265493662759658
-0.782782989519741,27.8469326524516,98,0.101895731491143
-3.28770233603859,23.9057667180113,100,0.027505986555152
0.270905302578409,27.8726450259159,92,0.115280155765477
-1.71607330935645,25.839500105467,100,0.0590551553552838
-1.21858891512693,6.4146840598319,37,0.00214573608290407
5.7919441144429,18.9748121456691,67,0.00832527576712641
-0.980304600181653,7.8264324006054,21,0.00246697130804743
5.85043250018108,20.9001712779371,71,0.011027184540001
4.37726760503418,32.1249475812862,100,0.0211681830331134
-1.12543003132147,6.98677224673768,45,0.00226034254942348
-0.100453105774136,18.2067021682014,81,0.0097827151671967
5.88479380259427,18.5814229126477,69,0.00777927250560799
-2.34861706608913,31.1207167229165,100,0.0384006611835384
5.84771989582139,18.7298096133029,61,0.00802698534892178
-3.88155947696601,25.2173198046778,100,0.0312912697192206
-0.726225947343016,6.38928997911602,34,0.00214650838576295
-0.6260490013184,22.892423057705,100,0.0285860997684458
-6.78109914516459,29.08834429581,100,0.0174246077797853
5.38423090200234,18.236701339335,76,0.00768505978287296
1.64405998706682,30.5540111232725,100,0.0503652173137359
0.295105216743105,27.8768755968487,94,0.112507052446308
0.695581403838706,28.144839670738,88,0.114086686235952
-0.354779848668719,6.0182894473861,31,0.00207796019455298
-0.956753402657567,5.97889678183261,26,0.00206930886768898
-1.22602717139685,7.18888018454021,27,0.00231240377203039
0.272793635626132,27.8291131735464,92,0.115254534310617
5.86199983798337,20.251076863316,78,0.00990309224994661
-0.225828408481998,28.2147984928425,98,0.106643858221984
5.41385363802494,21.062598821557,73,0.0119428260495004
5.66425456623061,18.7217834755761,76,0.00805708490920855
6.71232378556211,25.6063397362039,100,0.0166553280875176
1.91581124534366,18.2572687213034,82,0.00952312788742029
5.69659947387984,20.0343693603431,73,0.00981237914871961
2.25271828140103,34.1916188026191,100,0.0181654728428529
0.7285743418478,6.03166548512997,25,0.00208133023123855
0.264499951399734,28.1111519168723,87,0.121456236314775
0.384452499510748,27.7343737326753,85,0.123994133273547
0.227599652989693,28.5754424723373,87,0.115434880631189
0.0629429640871314,28.6220594807224,95,0.105442804096061
-6.0366790535634,30.0394841511428,100,0.0195743517837322
0.871697376652733,27.5345120899897,90,0.107902746760353
0.383783644753572,27.7928957278561,93,0.112956567322004
-0.236280404910909,37.3705164895757,100,0.00996182147337252
0.337009186859672,27.0054772718438,94,0.10366026704731
1.18628104983679,31.2304037252771,100,0.0441314923066894
3.66253422513391,21.8451866034217,100,0.0168044620267568
1.19966892381196,25.1486304735034,100,0.0534804174338597
0.0713132489520629,28.5953463108315,90,0.111794249966953
2.56586680005199,27.2753932281634,100,0.0594251782095261
0.495405973020947,27.7987755085726,90,0.115602548050923
-0.486101737630018,27.4322611180821,94,0.108444413091442
-1.13392799443722,6.81718794370317,32,0.00223095397217262
-2.86343977912781,21.9303667825683,100,0.0187703561539007
5.34419906252941,18.1690302152446,58,0.00773991939491615
0.326178016544674,27.6795842418928,93,0.113117189517923
-1.48352598005142,27.429511362986,100,0.0813786501178932
1.15960270958053,18.7546310923756,72,0.0108253311506153
6.50989508582091,33.9256596885639,100,0.0112287671776134
7.07653876699841,20.6740476776095,100,0.00895783849203012
5.34612083724749,18.2482311273738,61,0.00781299648880995
-2.28989740878768,27.7986312144846,100,0.066012921030361
-0.0112822567757668,28.2226976255711,90,0.117208808597932
0.461691065538512,27.2453579290502,95,0.105335627245209
0.535782840246617,38.5585006439276,89,0.00803086813340882
5.82883728372269,19.7366608006447,82,0.00916715798368544
-1.03383883473279,6.04865669569581,19,0.00208481690595356
4.91432310913729,18.805584021653,75,0.00872932459471069
0.437838416934737,27.1681146263299,89,0.111443964723543
3.4665240146155,18.4465671975481,73,0.00918663610604197
-1.14191236789315,8.16569386154357,38,0.00253859080399021
-0.0339654529990775,28.3368851677939,91,0.114568587236384
-0.23988480624101,27.206178995962,86,0.117818323941526
0.374999631367529,28.2960344257455,91,0.113241631560273
0.180569962857667,28.676955408929,93,0.106394251312003
-0.881019936100372,6.09523384809697,33,0.00208883377536503
-4.90539314508544,28.073948501921,100,0.0294038700961969
-4.95696338218494,25.8460856463832,100,0.0259515688030826
1.0721986980503,20.9494269891043,91,0.0169710968861317
-1.12443886622132,22.9110378966552,100,0.0280349032924368
-1.74349778791977,23.9698951638102,100,0.0356083303799795
-0.0196569271044769,27.0512951832013,93,0.106867404915003
0.59051391786229,27.9864603485697,96,0.106776143419065
0.294465909690795,28.3809859772448,93,0.110401469334225
1.34036852434248,38.0429825811858,94,0.00863814793727011
-0.0224310748665177,26.8851826760336,90,0.106904047555982
-2.81553056040121,25.1355018924991,100,0.0395916713846769
0.542210548989638,27.4808317367635,94,0.108228628007745
1.38370637675148,29.9415467839336,100,0.0619450601469641
-0.210080571031931,27.8366797776363,98,0.108157956151321
0.362871208231301,27.4759810642961,96,0.107745887480846
3.59363691390012,20.8620115064259,84,0.0140440825551086
5.26836421968293,19.7816113700223,74,0.00986806478206722
0.284295735008212,27.5157389631326,96,0.108681569634968
5.60229505944151,32.4824628835306,100,0.0159636157081053
4.37125045086666,18.3896862833844,80,0.00849479965618061
-4.78870878197605,24.1102074536956,100,0.0213206227663135
-0.908189624957159,27.6607136059984,98,0.0993441544450778
0.31290111100336,27.6562667245276,95,0.110608219654894
-0.191346303780636,27.6894248901048,97,0.109085366969592
6.18133134896894,27.6200847011279,100,0.0207606662101176
0.123937413672907,27.5670698574468,97,0.108661470348067
-0.403417345492427,24.5057171034829,100,0.0468971640421897
5.38065700657191,20.7503910846645,86,0.0112338620491372
0.841320869399599,18.3136686401648,71,0.0100135324194743
5.02807851381081,18.4478108144709,73,0.00819033401117657
0.0289860213971012,27.6451567162515,90,0.118363781572403
0.642978922008745,28.2654607433797,98,0.102272288439734
0.455160355325008,27.5553051848167,96,0.107506484792901
3.20509922775101,18.8209135569417,47,0.0102457875743891
1.48280427506013,32.9511837117018,100,0.0263107497987199
0.400142339579281,25.953457278565,100,0.0729887975853683
-2.24052313769511,31.2160644750745,100,0.0382031972041517
0.508886605651428,27.0360597018303,87,0.110608688326941
-0.633731770505511,7.48755251822695,34,0.00238214580916732
0.849593380931658,27.997852299028,93,0.105915676594073
5.76020762320122,18.4253458836541,80,0.00762677552751531
0.566594696720554,27.9323801593909,94,0.109563933531363
-1.90039547827551,27.1194660224521,100,0.0711099717579547
3.51167538199302,18.7649551562955,71,0.00970165614655005
0.627522354294501,27.3635913992868,94,0.10590489458562
0.539295042599682,26.8863552267098,100,0.0897486313620531
-0.84817103053089,5.99331387867477,36,0.00206856720490265
3.38584180036166,18.6961302777882,67,0.00970270116657659
0.101366398226422,28.2558865385719,95,0.110289766250564
0.260962045619348,26.9083664735691,80,0.119373607573402
5.33908130092959,19.913754008511,79,0.00995329364165016
-1.68379117548035,25.7965486803979,100,0.0588266941043208
-0.717859723826137,7.08940189956766,22,0.00229839932524084
-2.34540203437187,30.7256532078698,100,0.0423606792776092
2.52137200728871,19.0137303682252,53,0.0110087701066695
3.86641672123586,32.7873757783635,100,0.0203595356538324
4.08010074480336,8.34932895280792,45,0.00248285138444797
-0.151229903569899,27.0727282535231,96,0.103674057555818
-0.87223407214259,8.63059880195203,21,0.00267680863036814
0.53557305544111,27.554606130698,92,0.11133551121916
-4.58171531191806,23.702531077075,100,0.0207520803669363
5.70656410194185,18.5942864880993,51,0.008035857756874
5.1825798008796,18.6957250718496,79,0.00835654226880661
2.91816319960395,29.066378435536,100,0.0503295444402265
5.18339915890524,19.2646178403647,72,0.00918522747644271
0.349343103471695,27.4204874891501,89,0.116045633977678
0.055977294497677,27.7240750689712,82,0.131182869825114
5.52073976094642,19.1520905349645,80,0.00867838761353475
-1.6169927689439,30.2445997985432,100,0.0549568623295444
2.58412408904309,28.6342165265442,100,0.0582201068561711
5.88966290900407,19.5013702677028,73,0.00886709709485535
0.455190077048389,30.3282823586133,100,0.0617492947835467
-0.799814801026616,27.5579829341843,100,0.0986907099128546
4.01094249579316,31.2427501028882,100,0.0267213214128945
-0.112989047843667,24.0663311234707,100,0.0411267618815803
2.12280965787457,29.083309971797,100,0.0628899719650046
-0.645000610203813,8.38986815769342,37,0.00260314180138502
3.26988178111058,28.0050389331293,100,0.0485111769047891
-10.5547863223037,28.303178060271,100,0.00823046437315795
0.906622723324702,6.06464032609579,33,0.00208283632863918
5.38884394164457,19.9269408379325,72,0.00999064127540359
0.735732552885224,6.04978081355173,39,0.00207864828008161
0.000900382233295111,27.0437580836773,95,0.104501173185786
0.133224021374865,27.1197451220934,94,0.106740024061526
-1.14702954231528,28.2225279697128,100,0.0881273989693581
0.391062199289105,27.2707882762798,92,0.10985923011496
2.84372702252805,23.991495827757,100,0.0303373478096168
-6.51868987617356,29.970804248262,100,0.017591821461927
-1.14836947463778,6.91075502665703,36,0.00224849263408795
7.04758939918776,8.76797661235747,50,0.00238026062529776
-0.828059333044137,8.2658547387519,34,0.00257092117728335
0.529952689975088,27.1522722032416,84,0.116489303481957
3.01815432415218,18.5017920874273,82,0.00945095245928158
-1.19272173744323,8.44243894683542,32,0.00261360522034152
5.40699644202241,18.8475431981743,73,0.0084257878110947
4.80963587236184,21.152250166896,88,0.0128461912215425
0.369980695894029,23.3200944289293,100,0.0326159453007736
5.81551308230851,19.4335555429242,58,0.00896483207508041
2.50364893355301,25.5508561313219,100,0.0464962473720011
0.428482725234611,28.452247542461,95,0.10600078528458
5.06554738803588,18.2590651955863,80,0.00788877148641865
-2.78709884533642,27.9348633957234,100,0.0565791957873053
0.563819878133376,25.9377006120336,100,0.0718448594568079
0.774379514410277,24.215001962329,100,0.0420244266895879
0.849000250179835,6.60982169044284,33,0.00219036745849228
-0.101588341457262,32.5567119647752,100,0.031290269604109
5.44077721425174,19.7824676593675,66,0.00976852973580542
-0.573789498101408,7.98511006205454,37,0.00250005870707536
0.553374023478514,29.4401725814318,100,0.0787385188467263
0.479533012654549,27.4042829477275,96,0.105934921546527
0.402544156446342,27.944422300452,92,0.114025582204197
0.597245936988802,27.7406333094083,95,0.107848715507979
-1.85650214449468,24.9624297739916,100,0.0459755818158736
1.59484234045256,18.4740445658461,75,0.0100944965426794
-0.60770018992826,27.8297189350263,97,0.105582206974634
5.40397310408685,20.4219627755209,66,0.0108640496073314
0.0662803880071063,27.9645060651814,95,0.112157190684867
-0.27421936158575,27.3902002534655,93,0.111134934671662
2.65137280989792,19.0872297487742,79,0.0107742413774441
0.629952826209534,27.7603300706043,93,0.109793316571599
-1.35351860728436,24.4617178749101,100,0.0429373723291484
1.85515658825552,29.090353436866,100,0.0673249419678527
-0.826445166317215,8.33381753419925,43,0.00258261745379315
0.144508747094845,27.4285580138445,88,0.118918892055264
5.57722742219483,18.266444341172,48,0.00775996936867906
0.0403614324514815,25.9900845879823,100,0.0746055098549637
3.21753661723528,18.1818386053952,66,0.00896505028778906
-0.453041495437507,32.4417337134595,100,0.0321675718319309
1.49080213062799,8.01954767190018,48,0.00248994016169818
0.731914621173322,27.1849456485707,99,0.0971433320167757
0.0891074956047523,27.4781349295616,95,0.110427608497257
-0.355631624286765,7.47127250838754,41,0.002375985015476
-0.720211449775573,7.92964388430212,40,0.00248331177750222
5.24553642751078,23.7901624969243,100,0.0185218490510951
0.343711665664686,27.1897907081547,97,0.103412871238235
1.50667188337232,29.6149077661043,100,0.0655891434066495
2.74682929186135,8.86256267419062,45,0.00267454301667353
0.590689453134621,27.983784793258,96,0.106781337909999
-0.299299771911874,24.1118585974159,100,0.0415827916645764
-0.569204523647276,19.1257851075796,81,0.0116777285302984
-2.56433452719917,18.1954474438975,39,0.00954159548399731
0.205352760425346,27.3704618285324,96,0.107711858810245
2.78698047473071,25.5324471503024,100,0.0433059473558273
-0.0390327677139636,27.6050726635391,94,0.112763178272815
0.704518361885681,29.7341393025846,100,0.0719159881628782
0.904457092711635,28.0241820616549,89,0.109342267517639
-2.35300981539735,24.0866399749212,100,0.0336867880031214
-0.727137670833301,6.47123069579724,21,0.00216890548498901
5.84646068409794,18.6424456552998,65,0.00790087914165517
0.832538972881114,27.4659230205271,89,0.109284920000545
-3.25439415006991,33.9192511405669,100,0.0174850755449353
-2.78172928041149,24.8990590065145,100,0.0378594151881789
3.96141741127454,18.3553019396535,83,0.00867629229707733
2.5629484230338,29.0222421051552,100,0.0561241544902813
-2.26339726281955,26.0025791877842,100,0.0541167375672547
6.42627202605407,34.9533168168366,100,0.00985264522807415
0.400245470177915,27.5511161247227,96,0.108022033540055
1.61299277815075,18.9786337467812,63,0.0112735295781691
0.527499602550679,26.2444689995756,100,0.0781665835023684
-0.349585382011887,27.2592715426713,97,0.10432346857342
4.18735882487595,6.16426908855084,34,0.0020300721217484
0.319534911093198,30.1814285464224,100,0.0649924729865174
-0.965308999528413,7.65850940922453,32,0.00242023525740286
6.50646538198533,26.342506612506,100,0.0183346189004597
2.50926330588163,33.4667255351873,100,0.0210000571732094
-1.18491087434574,7.86454024756311,38,0.00246321893688028
0.103988416360257,27.1493430140819,99,0.101847463383269
0.496981645116241,27.4356711242434,89,0.114559399788168
7.09063166273783,8.09145895345082,49,0.00223752624390994
5.53827802877268,21.0603127311338,72,0.0117610976401425
0.737155712036561,27.5303047631167,88,0.112944401195543
-0.698754780665555,27.1169698191504,100,0.091381032137749
0.46022578648045,28.2045928551111,92,0.11197328211355
-0.0120430837489111,8.69886662882184,42,0.00268602368835651
1.01239625724723,26.4606967354811,100,0.077594834887084
5.61916051553743,20.7802905676826,84,0.0109871094107997
-0.762320232074263,6.18163177538078,32,0.00210664972813306
4.96148774847072,31.3544528060429,100,0.0214041434821908
0.594279036542674,28.7035787942589,100,0.0912100062920016
-0.796385151578272,27.4376212158247,94,0.104007636926886
5.01340096010732,20.6821369471377,82,0.0116584563443332
5.86154749036136,19.0981788167505,72,0.00838575084875828
2.72440248115657,26.2683360548091,100,0.050350696768736
0.0381383737574655,28.7221878175738,90,0.109365001842661
0.253353697799025,28.0891643705844,91,0.116047789917195
0.0457369505943377,27.8309748628871,88,0.121891647341209
-2.40744388501041,28.556670117727,100,0.0618031119435049
-1.01350329174655,6.68578984310043,27,0.00220737054932134
3.62345386328869,20.8676442976474,100,0.0137097595657057
0.300057021224719,27.9261798296908,92,0.115005293226422
-3.08719702840703,28.5198817218451,100,0.0503382732028367
-0.509721696790927,27.192421191143,95,0.104078534550038
2.58993305761469,28.9144880655968,100,0.0564394803914603
-0.289475034840214,8.36766673730065,40,0.00259751035036602
5.34504470200582,20.90784959615,66,0.0118455227291778
1.11840328026988,23.3130399076047,100,0.0314090955145873
0.828364755125428,28.0104690399184,94,0.105158456160339
-3.75159016805558,24.5591539233767,100,0.028670404348971
-0.650140911956332,8.68836052292737,41,0.00268080107952531
5.3629807493467,18.5825021618611,62,0.0081995804329208
-1.24690998799349,18.3919655268866,65,0.0101396366641125
5.74709818741056,20.2177339091375,74,0.010024735222484
3.87588549744286,31.7222438366162,100,0.0251061539854787
0.43352078599056,28.4647248346418,100,0.100470812891187
0.0356595488241321,27.5903553273417,95,0.111412571104886
0.748412132156384,27.2161616802851,94,0.102278339130218
3.20618122860935,8.62009022000805,45,0.0025913295997319
-0.494587868292306,8.8830588247558,36,0.00274035055037864
5.41227523698684,20.9248569726957,78,0.0116134477075735
-0.171098064291782,27.3871170915771,95,0.109229176650537
0.779379321486962,27.8959071415979,90,0.110992297167421
-1.07337927181506,7.13339476894731,40,0.0022951754703729
-2.75917134841779,36.0187428861978,100,0.0118964133037653
5.27597183350423,8.64997894208429,50,0.00248256453188836
5.04092703787282,26.9865544221169,100,0.0277184811391535
0.396475800716085,28.1664918384827,88,0.118323950681868
0.396475800716085,28.1664918384827,88,0.118323950681868
0.848908693110715,31.2166729875523,100,0.0457025754766956
4.39411507360256,18.1718029916411,57,0.00834763877767575
5.93598540290661,19.3478556784485,81,0.00856791109454567
-0.362784007695438,6.72751407379909,43,0.00221255187346315
-0.436908075750761,28.5063025392145,100,0.0999200657633933
-0.150547566097795,26.9164900606043,93,0.103991084184436
0.0720991716490125,21.1805962328043,90,0.0183361274416552
-7.02786476673512,21.0692381512177,100,0.00939645492464826
0.166573621441291,27.8944510752649,87,0.123003499016411
3.77580197202601,18.5739201315471,80,0.00913977263472659
-0.991373277521488,6.67338734069778,34,0.00220163089901387
5.86245491452264,20.2182229085114,73,0.00990245850127521
-1.19290168775161,25.6731123610351,100,0.062065932439852
0.2875815662305,27.3727922664843,92,0.112078972790264
0.84038779944311,27.8264673314178,90,0.109788037213561
-0.941846531448342,8.24752152226566,44,0.00255829156206274
1.10774325265111,5.92594781320286,19,0.00206106969134853
0.159852464706042,27.8646414031614,92,0.115921003148098
5.63352907549199,18.5980802868155,69,0.0079780635714989
-0.561925130148826,30.1624512878606,100,0.0644647536824344
-1.42846146536884,30.0981879304214,100,0.0590128663701036
5.26431729567664,20.6192346857839,79,0.0112409293408778
5.64451514487553,18.5337345101149,84,0.00780251334621481
-8.23338029371801,22.2498813258914,100,0.00915945095866362
1.65576196444449,30.9792971347474,100,0.0447130118004293
-0.27047377295222,27.0411062108552,90,0.109328228431907
0.237194343784979,27.8513119826891,94,0.112900462537862
3.79721980466574,18.5363834370714,62,0.00921890528870265
4.71165911292714,21.1156463404321,88,0.012919277685009
-2.54424998253352,27.5037050864635,100,0.0605985825387619
-0.34451674830977,27.0223093465376,95,0.102843739284563
0.816213401224569,28.1524277819882,92,0.106929032178124
-2.08231907972729,25.2698496609808,100,0.047727378185358
-5.32037668057939,28.3787544065124,100,0.0259907453990813
0.244803301259869,27.4354249453265,97,0.107040669564458
-0.361033566776027,8.63606042912438,43,0.0026671025659538
-0.604554514505469,27.110096098562,93,0.103834645116618
-4.16639354436594,29.0681452313028,100,0.034823226941052
2.27363880435238,8.89916880197337,42,0.00270394200938906
0.423527967020885,28.3254747281072,82,0.125064192952667
-0.702665283270818,30.0508077434191,100,0.0658372751084571
-5.18868307521546,30.6866079103005,100,0.02231835987104
0.344557424332533,27.3462458180364,80,0.128453233032148
0.926259874115258,25.0840779597125,100,0.054137270959098
-0.209437408721361,27.5748509216872,94,0.112021217498885
2.94456259507338,8.61446110399303,51,0.0025966621542848
-2.72774362657305,21.7502526702646,100,0.018286316301558
-0.949734651503987,33.8503259596016,100,0.0214260321321586
1.309033168579,25.3652200663237,100,0.0560391668031137
2.59186383676069,6.01237056759017,21,0.00205300165271697
0.964228476750245,24.9405087501319,100,0.0516492034517015
0.296397025190615,24.6926980121511,100,0.0499288946471877
-1.83322649419561,25.7819989020246,100,0.0568668246521778
-0.531428950422316,26.0577707405178,100,0.0744274511997284
1.7300362025403,8.82824766900486,44,0.00269870088758294
2.67987893097892,20.5438166943548,98,0.0140002349263553
-0.673162891735015,6.16937268484929,26,0.00210752121431682
0.783144740598917,27.5576584586945,94,0.105191463139638
1.69388311077137,18.7744498271123,61,0.010817837311255
5.91115413228088,20.0186394196236,81,0.00948325186743399
4.22584939333299,25.1558583193396,100,0.0285080021897618
-0.58179308800946,8.43839330392672,45,0.00261105950874777
4.25836860561034,18.8720242084547,63,0.009421463051547
5.43808437348893,19.844310992419,84,0.00969510406675642
5.33265530246669,18.8097629878787,76,0.00841273752488332
-1.16871001662618,8.33679007204288,33,0.00258551017422685
-3.32058650458247,28.2562122375504,100,0.0474309024342416
0.969720099270014,32.2106336240614,100,0.0336037100569217
4.74736277749621,29.4621217287473,100,0.0285703761767792
8.65922346485147,8.77260132450019,53,0.00224437109478458
0.430227056820903,6.32213492866735,28,0.00213757903326904
-0.917797434673206,25.2392480946133,100,0.0567595793565512
0.737155712036561,27.5303047631167,88,0.112944401195543
-2.92496606921232,31.0927938651018,100,0.0346028013436429
0.0481993156755454,27.9290360469909,93,0.114837985867583
-0.365977482709847,28.3907054040422,99,0.102930666395974
-1.15201938443789,7.92041881798256,29,0.00248284152345203
-1.20066969200374,6.67526717160796,28,0.00220270201076303
4.90240803682809,8.54264584460439,44,0.00248420961334008
-1.03147069509041,6.77924226811145,23,0.00222858417968965
-0.506555443313938,8.05869658906827,22,0.00252845679530037
0.767240817313762,27.9220608068683,90,0.111193169715055
3.33017732345525,18.2393048926778,52,0.00910973854017591
0.136025544850373,27.9019255413198,90,0.118748505595851
-1.17653302305741,7.67612261363257,31,0.0024223396536896
8.19566950790386,28.3498104399986,100,0.0129351541226854
-1.95866417155771,18.4275026597865,37,0.0102634962253152
5.08801841653763,8.8262211006054,45,0.00254051670385537
0.0561438097866381,28.2849556841569,90,0.116500003859099
-0.412766582677115,5.90763174180928,28,0.00205832424108913
0.81067175801278,31.0267301166529,100,0.0485943046980285
-0.347428540359677,27.4121866341778,93,0.11082356451401
-0.495267308790206,27.2478839858665,94,0.106129058130967
2.50392145747125,30.3114499449917,100,0.0450975120900136
1.36711052680471,18.3973453451239,47,0.0103055372334704
3.43505704575284,18.222069653341,73,0.00885628672391501
2.58366432940398,25.0142612687598,100,0.0405160363669681
0.379731956378612,27.8955645143992,90,0.117008675702478
-0.88531844094874,8.52366419517764,39,0.0026348623831519
-8.58638074540156,22.8634628985524,100,0.00920770736344069
3.22275233106362,8.57249456883063,44,0.00257903006105949
3.67066948370608,30.31764631032,100,0.034003465403191
-1.1323248478141,7.49082869210354,34,0.00237791406573518
-0.974518101564771,6.63645201371171,32,0.00219518664236072
12.5646119265554,8.46135947384388,53,0.00185039321866186
-5.5393527403019,27.4442827141095,100,0.0245342909342593
-1.18441984799483,6.37204909525867,35,0.00213863032109283
-0.385415712542928,27.0013174725073,88,0.110023047594551
5.70771240495961,18.4093933457841,71,0.00769726319673065
2.65403889686471,6.51982091584052,33,0.00214269991481877
-2.20361170853177,24.3890897602397,100,0.03729575576768
-1.9211064643095,27.5694282527046,100,0.0731165095685969
0.0626457831397619,27.4914986177085,82,0.129171762778014
-1.08053456648584,7.10821555778291,28,0.00229591390343326
0.537295832721604,27.2196741070039,89,0.111095210121408
0.84145757986512,6.29353808333393,33,0.00212732176543287
5.12934660333816,18.9587861530057,73,0.00879006468756995
-0.632695549435359,28.3408892960379,91,0.109512578221314
0.400268221279503,27.5693590687905,93,0.111776720980296
0.920266698440362,27.6487274720647,84,0.115034416534352
0.453505500966409,27.122955012644,92,0.106932135541291
1.86736295191602,25.8874672245708,100,0.0578576248858376
0.20938751188246,27.3965970593092,98,0.105700063534114
0.582129162657835,27.6167747624999,92,0.111115610792393
2.35268039206855,23.2520257971408,100,0.0272621286282679
0.20724599535477,28.5005607766975,100,0.101495151655539
5.48853770215031,19.4474790524367,59,0.00928364188364904
2.32832885273065,21.0374869656793,87,0.0162375454608427
0.529952689975088,27.1522722032416,84,0.116489303481957
5.68935364065019,18.3189882933855,70,0.00761474092269125
0.806441270518416,27.9247055925398,91,0.109225443746522
-1.54177655374122,23.5183241582651,100,0.0321141144391387
-1.95763725625789,26.4714892095099,100,0.0638376415832357
5.94161688852012,20.0331963013256,66,0.00960780802797263
4.90000503232793,18.7018948420996,78,0.00857599281236523
0.685546694906983,28.2324091246593,93,0.107425879000454
2.30271916714977,6.60131169876894,34,0.00216643466836281
-0.0106002605708093,27.3147616160586,95,0.108698649020868
1.32239395070331,30.8980699435314,100,0.0479108758935831
-0.629422442586842,28.4729002503732,91,0.10785966867312
-0.828301231837073,8.77709400047101,42,0.00270276443113433
0.335757703618652,5.9721279308149,32,0.00206890798136559
0.0216221381428104,25.8175737844274,100,0.0710327072617739
5.15864961889868,19.9096692468966,65,0.0102838257885185
0.672081979887785,27.138801716205,86,0.111425515124626
-0.705203557977522,7.70158001846979,37,0.00243007441660022
0.364211236264694,23.5755909479602,100,0.0352107701089221
-0.802990425161949,7.46215532064353,21,0.00238226673234323
-1.24404425130436,7.50498288794419,38,0.00237741073503651
-0.7810827139661,7.23353838548518,40,0.00232011569313925
0.346610423855628,8.2509502688739,39,0.00256749669090854
2.60720799060751,23.0019613400238,100,0.0248070745254362
0.446984642826163,28.2917379774798,87,0.117839380574277
-1.47523370188633,27.5884417767847,100,0.0822928023502765
0.109357095486339,6.22952322546026,28,0.00212024347667127
-0.882566150447935,7.13019326079146,21,0.00230650687288988
5.28171903668661,27.6289796124989,100,0.0264190330387165
-0.13973767199822,8.5058602121086,43,0.00263261059015473
-0.673165099322226,5.90459136693507,19,0.00206037566535427
5.18654707960846,21.1124807030642,89,0.0121585032961447
0.358340806785898,27.7225621589171,91,0.115625135665158
0.200922506119022,24.4536209945771,100,0.046396805023378
0.437396045198139,28.6684065040044,98,0.0995635144212303
5.6694279790219,19.653659765352,57,0.00942438519569954
5.83800980165383,19.8955763410285,75,0.00943974291343499
-0.052874618869303,5.84467620703836,24,0.00204904306630401
4.91845973171412,18.2458174581764,47,0.00818005845044754
-0.252169640140306,27.3139644269222,93,0.110325404985695
0.921408086715063,27.7372487269759,89,0.109106394506966
0.14825653393191,27.6106728652606,90,0.117844458504959
0.211695657378216,27.5183507969043,93,0.112823710498401
5.05147272781063,19.4434354295139,90,0.009409308181418
5.5799184307639,20.2633888353525,81,0.0102182863476308
1.06816917821134,6.60495587425862,27,0.00219023783879698
-0.51567591388528,27.1221643787436,99,0.0988811777419758
-0.822615207087378,6.08536762926799,22,0.00209219846396359
4.61278634127577,18.237093272965,71,0.00820324918742027
0.94075894250946,26.7435877247011,100,0.0830898488114256
0.122768876677871,25.0905646510231,100,0.0568417886560661
-0.287692250915547,27.8905423882824,99,0.106557259812413
0.527961618534379,27.3211965057884,92,0.109034775628102
5.5605313993047,18.5173872219875,66,0.007953676837024
1.83967383930324,24.2537719505806,100,0.0380239775972926
-3.46340180019362,26.7459639603535,100,0.0432152431046448
5.48714881012238,30.9995239958511,100,0.0200566982300023
5.44357754903673,19.468342012104,83,0.00915129080759977
0.70906329367449,28.2419058216598,92,0.108123532351592
2.4609171734396,29.0604065789608,100,0.0574873740771015
0.165361398696837,27.6556452784262,95,0.111475116535604
-4.02655472079735,34.2750513833647,100,0.014869628939564
0.0371390925699387,28.3817543755335,93,0.1114414862956
2.30632352118661,18.2764308361345,72,0.00949770317948801
7.00737896006509,8.33369409736841,50,0.00229184730463594
-0.0339654529990775,28.3368851677939,91,0.114568587236384
5.35399367117537,18.4444822895146,61,0.00804236757026194
-5.14014315545771,25.4258973852196,100,0.0236669895616026
4.79305375972158,19.0445713590023,57,0.00931897529812154
0.582129162657835,27.6167747624999,92,0.111115610792393
3.19715472710682,30.8451212217237,100,0.0344514306199978
-0.00604691862848505,28.6916467359196,99,0.100093898519954
0.48881441627745,27.266925352978,97,0.103165697279895
4.96825724866277,18.6528015872934,80,0.0084473842861995
0.0199816740324421,8.85001823568201,38,0.00273128679295185
-0.860268556693068,6.42849981509794,21,0.00215934575896301
1.86787637280061,6.52058947500059,33,0.00215929953352589
-1.56115168373,25.3825734296309,100,0.0541068110607345
4.53207530660732,18.5075117001811,68,0.00864058830854355
3.98634487256867,30.0583268789015,100,0.0326592946606942
0.709032905988594,27.9855941356627,89,0.11338906379231
-0.495267308790206,27.2478839858665,94,0.106129058130967
4.89771459596447,20.9128989213417,89,0.0121850183322546
-0.717164339913442,8.69723419639412,43,0.00268115002056516
0.893977175835829,27.8621909093118,96,0.102038774476214
-0.0558737666817568,6.05913504107581,32,0.0020857853583971
-0.525479164499211,27.021679515801,94,0.102228760387546
-1.08905227050292,6.56112202068783,38,0.00217589083321092
1.60360349061767,27.0051465474752,100,0.075726408074109
5.82951468246388,20.0959726188229,74,0.009748151337696
0.416664273024028,29.4825520760318,100,0.0787198532254845
-2.69591051484628,28.3376674744014,100,0.0574847412888273
0.649003666585434,27.2888392605174,95,0.103628623505689
1.62691340071162,30.4674044508352,100,0.0517064085174835
4.08015557514858,27.319737590757,100,0.0372552010339709
5.76649090186092,19.0031587338735,88,0.0082359469737357
0.225082041012947,6.35500388538358,25,0.00214606241904039
2.59934083093613,8.77501972127541,50,0.00265293355890126
4.26655972690616,21.6764922553384,100,0.0150703217147152
-1.17884449418845,6.21439452884572,27,0.00211159166674547
5.61442572802476,20.8047699068698,58,0.0113615078147715
5.49511164667522,30.1253511406503,100,0.0221124117529455
1.82752621873766,8.81054221971816,43,0.00269200905043427
-1.04322922600607,6.4156041867501,37,0.00214774583858134
4.62664992284755,29.2692744665977,100,0.0300395357730941
-0.509721696790927,27.192421191143,95,0.104078534550038
3.0729278604796,6.3511140169689,34,0.00209894765431217
1.27369840642656,32.0876441100254,100,0.0340300009757057
0.452007131174087,23.61571823071,100,0.0355495775066309
3.82178087341118,18.3716563588646,51,0.00903676031163219
-0.83167313898333,27.5990598723306,98,0.100387330406054
-0.606163672509618,28.1550442994425,97,0.104659899811939
-0.905576694510049,6.57751165512963,43,0.00217856389445122
-0.834099956582877,6.78589123007137,34,0.00222634407698715
1.62287514311247,24.4012695682537,100,0.0408061836661694
-0.947039332965671,8.36735933799732,31,0.00259801598968288
-0.927710569474901,6.66265123875936,22,0.00220584197042637
-2.11942444992908,31.6723533993634,100,0.0345810431066507
0.0986016351219204,27.8097538829137,92,0.116098541045582
0.468736324985588,27.9473441791444,88,0.118650304343612
4.99208734731131,27.437078182401,100,0.0285699219304434
2.06068986462292,25.7825347149505,100,0.0541464227393589
3.20712662161773,28.5794895023344,100,0.0483032292617216
5.35921644723622,21.2092862442458,76,0.0122743614463666
3.80864336992213,33.1766789740951,100,0.018989492789783
-1.09126311998825,6.82129107601936,25,0.00223578035480916
0.145914769486858,27.8651917735021,95,0.112078639053448
5.48833929727141,19.0550152365991,53,0.00878176014827929
-0.528695578076384,6.31585153286913,32,0.00213408862796012
0.667138335637439,28.2872348304387,92,0.108371142231
3.92076644434173,18.8431119620186,56,0.00968992564303758
-0.309723549612583,6.59596924850768,21,0.00219631310515508
-2.13226209519695,32.5132094049613,100,0.027709734638491
-1.07258781623364,7.82950212343977,44,0.00245265278245543
4.11940265904481,26.8426772948878,100,0.035832097028106
0.0744730846962037,28.595326078117,89,0.11305266709284
5.83029881336105,19.8054116952305,59,0.00946166122461291
5.40620176064229,21.1522841251637,74,0.0121156243225744
-0.791324486877949,8.70713650119215,38,0.00268667911030503
1.57577212266611,26.07825585511,100,0.0642546535560037
7.05746065634787,24.3415653054137,100,0.0138702351536635
0.435658811153749,28.7289928261392,97,0.0995639008726936
5.78005075635837,19.2001854158962,59,0.00867876407008638
4.64783249258049,18.9500172265739,75,0.00913966817349122
-0.813345894091994,6.13814510521379,26,0.00210059674160822
0.203347016113008,28.4487030888504,95,0.107671974067865
0.408672716036039,27.1336709320707,93,0.106412819985944
-4.78517521244377,31.0189190447527,100,0.0233809479440025
-0.6013037849261,29.3564320644245,100,0.0800116609951329
-0.735490548549777,27.4260708254022,96,0.102761036280371
-0.355026657739556,8.5946797092755,45,0.00265444048421066
0.158049530691265,27.9583672105468,94,0.113180885514237
-0.0616649418418437,27.7204511732229,93,0.11461813485015
9.79691627783306,25.5355319475852,100,0.00898557634442147
-0.120545123560941,28.7898847662751,88,0.110157391590852
3.71864285320714,27.5236079519962,100,0.0419405081178328
5.79699632560885,20.0971009916408,71,0.00981470281983305
1.54206261681442,31.8990168884332,100,0.03498627926071
5.56138319353353,18.235795879395,74,0.00758270402822656
3.49553448117802,23.0090400845861,100,0.0218992980124024
0.596147366436384,27.1450265601523,92,0.105603899455748
-2.10944098270671,27.7905001069766,100,0.0696585244788576
5.57739291667279,19.400859116393,72,0.00902638808541377
-0.465166691701873,30.1048161392292,100,0.0660021004237352
-0.0339654529990775,28.3368851677939,91,0.114568587236384
1.45619459141787,18.8222698453393,70,0.0109022236023542
-0.51543599019146,5.96116628021963,23,0.00207005172014959
-1.35629608156594,25.8371054713809,100,0.0631407105735322
2.56402901066568,18.4737541690099,65,0.00979431398417005
-0.851903326115083,7.65367000697581,39,0.00241620333280093
-0.27606184596849,28.6572812712814,98,0.100899024420947
0.81902056434387,27.6590355163525,89,0.110954792787394
-3.66009971092961,24.3683224140117,100,0.0281707808876706
-0.969722539963475,6.54531844632709,31,0.00217718026850555
1.58364174666628,31.992734279848,100,0.0339233724862469
-3.77563649072944,30.2646069111823,100,0.0334083642791639
-1.19294156875487,7.15108507789908,23,0.00230662176479108
5.32568079487509,26.3656486386296,100,0.0246909576275965
5.79439334224058,6.21964062928608,61,0.00196488887434651
0.596147366436384,27.1450265601523,92,0.105603899455748
0.369949604502595,28.2506941094407,91,0.113771590001318
4.69945632514098,18.5205971206379,71,0.00852272098372519
0.53010752509538,28.5552406221876,96,0.102420642873003
0.33071333080715,27.571751916899,90,0.116357919823918
0.76179903958857,28.3515986530399,89,0.109627563379815
-1.9143833470784,26.7757707208548,100,0.067823749107013
0.144133680809786,6.25003000110212,47,0.00211565888742314
-4.91788785890894,30.6409603913653,100,0.0239157267031259
4.09231679905958,18.2921873320706,58,0.00869453741544382
0.980349813099231,28.0241988991475,100,0.0962589651898013
2.0587302658671,29.2536485992258,100,0.0621960795312208
-0.469185062890085,27.7565461850091,99,0.104908737198226
-2.88990606656933,25.4077119330901,100,0.0411991655975081
-4.30774493468254,24.5660121175784,100,0.0254348305140452
0.47298092312364,28.7587757780809,100,0.0914888889308227
0.35661346235054,28.3342481633168,93,0.110473874521697
0.841405170571218,27.3261110522753,94,0.102089557712219
-0.414306542394464,8.90807072191667,23,0.00275789705691835
-0.558619291329496,28.2316437477927,97,0.104709217573651
0.683507395243361,27.2975511591083,95,0.103242616353883
-7.44544630888442,22.0203320065821,100,0.0100551194117753
0.698935108822825,28.0874031566667,96,0.104814529879563
5.15272599514152,18.2179701839728,65,0.00787747959852484
0.205917168682262,5.8997266373393,15,0.00206291356297892
5.31765539248172,29.8096659803098,100,0.0238237958500717
-0.733884363117876,8.84720732916838,37,0.00272722663687455
-5.96807587330174,28.5571285198653,100,0.021737619970351
-0.906413475178293,27.3514315624001,100,0.09105406797146
0.0270334144488819,26.9167204768403,95,0.102104997415364
-0.556315678785174,28.6230915139356,91,0.106485937863179
-0.0866269555758561,6.20648739776962,26,0.00211668599514888
0.582129162657835,27.6167747624999,92,0.111115610792393
2.44895217300528,18.3293360702549,80,0.00945577491600433
0.623230907630766,27.2901157632841,90,0.109702111655705
5.89433212298363,19.41483138228,70,0.00877301505710961
-1.01403089117108,7.33773486318441,42,0.00234003876626228
-1.22441379066204,23.4076120467079,100,0.0320154152463465
-1.24145304508009,6.56920178985146,21,0.00218391672955407
0.843523414210925,27.5153735489606,96,0.10170712957406
0.047888656303113,26.867995309136,88,0.108816060532034
0.554859786111798,6.11843653469886,32,0.00209574104827999
1.81426897838249,8.48082039535573,48,0.00260015084491481
3.20125444259944,18.5275408474089,80,0.00941026874333994
4.5472457274676,34.2304634897237,100,0.0140557016439773
0.759459677994316,28.1553868476822,88,0.112812017180629
5.95830627532173,22.7164610079061,100,0.0139137944060347
4.48251926193052,30.3767442254983,100,0.0275317041619397
0.53250563472839,28.2061009171599,95,0.107486496516208
3.01195408775884,6.18953633264761,28,0.00207281628054756
5.91364641152029,19.0649269821989,70,0.00831619767162523
5.03472805901485,18.6079015032638,58,0.00849807694917262
0.342204013619057,27.33802760829,89,0.115050301042313
0.115720998514454,27.0920114313508,95,0.105195639845512
5.16359324797993,20.9782702092002,87,0.0119561577285049
-0.0561917278381249,26.8914326100075,82,0.117031943649215
-4.30332151454231,29.383585837346,100,0.0325339462724021
0.0744730846962037,28.595326078117,89,0.11305266709284
0.871697376652733,27.5345120899897,90,0.107902746760353
1.8109103323245,24.786632469942,100,0.0441821368385128
5.84627107384815,18.5445766542683,80,0.00769941352054175
-0.866484427114996,8.05803886921361,39,0.00251434179113323
-0.877853728245095,29.8551682956018,100,0.0682715294661219
-0.515427384288931,7.56601399206715,21,0.00240869427677914
3.6705623115327,28.6146103260786,100,0.041768301261913
-0.211767620748782,25.9457201787798,100,0.0734481572494579
5.60655692422677,19.566407898008,64,0.00929898229194558
0.108424033910062,27.0649615543413,90,0.110536219854749
-0.640884151396443,8.89740136821302,39,0.00274093694121824
-0.903219666439473,5.94342128642976,29,0.00206182422410648
0.921408086715063,27.7372487269759,89,0.109106394506966
0.622138705675141,27.9052082887138,88,0.116414568846435
-0.504636252988197,28.2902994750046,91,0.111859908539397
-0.94893746716062,27.8884488086707,96,0.100987426102552
-0.354669984889891,28.041525221183,99,0.105716122675082
1.07318710792406,29.8630988573779,100,0.0664002404150226
-0.425918047753381,8.04963995018485,42,0.00251394147312336
0.554549776885455,28.2954178355908,88,0.114981655127766
-0.26482192311926,28.2460255573457,91,0.114689502070871
8.56167749686174,8.79616645484144,51,0.00225845696033302
-0.745098378264261,6.94014967591544,32,0.00226066347602676
0.706629445286903,27.8515122534329,85,0.119041670939256
4.49917343650849,26.8152369673281,100,0.0320126256946617
-0.897676625111553,7.4057643818511,41,0.00235719448397864
0.177237848545115,27.7980815000182,95,0.111901862948451
-0.962364419346568,5.96654077309886,25,0.00206737657247565
5.66909668964806,20.2702611871082,82,0.0101150534509337
-0.557423349849582,8.79204506303775,31,0.00271779192334385
-0.419850487805507,23.9419278182917,100,0.0393108815635938
-1.18269437344565,32.4126313033674,100,0.0312353902446274
0.126595290883887,26.9644022997344,92,0.106142051843622
2.51798296883324,29.9192060768839,100,0.0488365186270372
0.502644441267002,27.0041481002315,94,0.1021633008642
-0.399610313039529,28.6171473398767,99,0.099680119308541
-0.0594692962452514,29.34863211401,100,0.0825294652854853
0.605412984724919,28.5973132206744,97,0.0999067379351838
4.67192413716969,27.0029155126655,100,0.0308027927454936
-0.581929482569541,8.76787288011331,39,0.00270492404534036
-1.37115101705232,21.2001275607325,90,0.0178089894061682
2.6050626475246,18.4159211171231,79,0.00954186454248884
0.67083066698533,27.9126330942402,90,0.112947697524576
0.791800625851906,28.0736657163462,93,0.106688576595833
-1.14298167177368,6.15948563949133,25,0.0021022829380149
0.274363096787964,28.7116533107174,90,0.108701735666307
5.02616474210323,8.82445776748135,48,0.00254218599862591
0.563038265065127,29.0690328919203,100,0.0856400039962993
1.53345681909513,18.354552258644,54,0.0100979989611337
3.96169116450993,18.3494986978351,58,0.00885981775608036
0.232182098240254,27.6241106345827,97,0.108564232207378
0.866221093757961,6.07216219493416,27,0.00208718128797099
5.80050513648603,19.0540407409924,73,0.00837425946185222
-0.953454237235056,28.0979245323451,95,0.101357207899178
-0.984207436576,7.46832026008777,32,0.00237563171929845
-2.54579627330987,27.893984731006,100,0.0610383185877666
0.640162395306125,28.3516496600014,98,0.101509304419279
-3.74781775003549,24.5895723754314,100,0.0288592632945616
0.41970224676302,27.8639356019747,89,0.117964073182622
0.276816050342328,28.1448723866375,90,0.116848681784492
0.392237849193225,27.594878161204,92,0.113304216189632
-0.229771361939437,27.443605840683,83,0.126131881855503
-5.41624069981789,18.3058377652276,42,0.00795277362271156
0.565623592495026,6.08440467109039,35,0.00208789493897773
-1.21656513326628,6.88447026122383,29,0.00224564821835738
0.0807355736786854,27.5464825125632,90,0.117555948279674
4.09205712308071,24.5435753505568,100,0.0265584483686324
-0.826190736522283,6.80472608328466,41,0.00222687296805479
-0.229631633949496,18.1997038430759,35,0.0102250607821873
0.908859105665661,26.084283376234,100,0.0720223201291394
-2.10944098270671,27.7905001069766,100,0.0696585244788576
-0.374289009923519,29.9067597858754,100,0.0702974808958902
-0.320019255557853,7.2485074729288,41,0.00232564640691102
3.92897083650118,32.4104887965541,100,0.0217233031013377
2.91319341891379,8.58007213822345,44,0.00259369081399122
5.15258183375858,19.8073934694881,82,0.00994881581296839
3.28515766128398,26.9366061554122,100,0.0464075869269827
5.68427204676986,18.4824356282423,65,0.00783245804637683
0.546690870088489,22.8663313594087,100,0.0284503593973758
-5.59667835841487,31.7307972213867,100,0.017794444588347
0.30148798329711,30.6928264533256,100,0.055525322427244
0.349494500472967,31.9156173525134,100,0.0377912431530109
0.490977585755501,28.416359676112,83,0.121208866149731
3.58966610594879,18.6928817491884,73,0.00951063792504864
5.07284428380825,24.0801041126728,100,0.0200273551036825
-3.17174159635167,28.5249560041906,100,0.0490160774395338
0.596147366436384,27.1450265601523,92,0.105603899455748
-1.06816222679518,8.231165270165,36,0.00255766486969025
5.04286343010826,30.2821390585721,100,0.0242764145402123
-2.84813354129524,29.9872555749287,100,0.0443796995340358
0.752235174306684,30.7907768766374,100,0.0524960040923151
2.99359194379519,18.4698248937093,78,0.00944633243636241
0.596147366436384,27.1450265601523,92,0.105603899455748
4.11859326119334,26.8218969388033,100,0.0357858117962806
0.533268464640747,27.6410204977322,96,0.107136696593979
-1.49257589481555,21.0830662106437,86,0.017339327009849
5.51108681875456,18.4677372967355,51,0.00802498072014353
-0.829468899413383,27.3925844930039,97,0.0999135481665349
-0.720797126497034,6.60194048239157,36,0.00218828827003096
5.88150934047372,20.3911949605729,74,0.0101322602797018
3.23185680043025,18.9586137732633,57,0.0103839381603936
0.50236902961683,27.44281606727,93,0.10954762693167
-6.14108680100392,26.3891407980402,100,0.0200879810702977
-0.442650369334559,6.18414205365592,36,0.0021070671141445
-4.0224059870688,24.336182245129,100,0.0259694714030425
0.383783644753572,27.7928957278561,93,0.112956567322004
-3.09154135513429,23.5769533289279,100,0.0264454390132039
0.41565823406158,28.0253511049499,92,0.113627252609585
5.41319797108318,21.0726863522235,79,0.0118781611425008
-0.685862763127176,6.88351745788818,32,0.00224903029940242
2.04979765728233,18.863766479837,94,0.0104759075028073
0.629754555355764,27.7421846176131,94,0.108556841318107
0.332101583256835,27.7832254993952,88,0.120230211102691
4.68234644222002,26.8010455658473,100,0.0303495926024398
-1.04744154069065,8.63425174670149,38,0.00266329282173298
-1.03122027250384,24.8970295563484,100,0.0506305178911478
-0.796352212461877,5.91389861835993,29,0.00205710192222601
-1.31176407880603,23.6988622663246,100,0.0345458010305837
-0.554148142669302,8.74010310466718,42,0.00269523040129204
-0.900622080229502,6.73870154927741,25,0.00222037895464652
-1.00897298079411,6.49595394632101,31,0.0021668740314337
-0.627521467092808,28.1508617270829,99,0.102263433455539
8.190636769096,27.5393771902286,100,0.0129716620153741
2.33533607157171,18.492275628232,47,0.0101181590018431
-0.882932261212146,29.1949119444441,100,0.0802615786045975
3.38815964350048,18.4857415669722,74,0.00928673103440928
5.71360565572262,19.2653183919594,59,0.00882331518987676
0.789171544187759,26.8023899965822,100,0.0858741632356694
-0.744451587485399,28.2211721978558,97,0.1021997222269
-0.484037823616156,7.54720733385876,38,0.00239466443790928
0.453505500966409,27.122955012644,92,0.106932135541291
-0.923975879086107,6.43768310645256,31,0.00215599327264093
1.90928013970868,8.89805443635129,43,0.00271408280416142
-0.010062369005168,27.469681927105,90,0.116898691907266
1.6234380072616,24.3367036439152,100,0.0400659042615712
-0.0610729148892751,28.8572309956512,89,0.107564628653992
0.188039496922462,28.6527779144501,99,0.100372403326194
-0.810211952275978,6.42042349000378,21,0.00215812181217723
2.48578337443825,20.9951556015576,93,0.0157422860064177
4.45598297463117,18.2164253729891,58,0.00836266177059348
0.606788032957555,8.68737912836697,42,0.0026802036980663
4.14575151604641,30.1268879214893,100,0.0310352406382702
-2.22256160544894,25.291231093837,100,0.0466293853960998
4.14387147505006,18.4032015202341,77,0.00867851531693362
-2.38783589974489,25.1867304213595,100,0.0439449580774955
0.352698603165983,27.4254052259332,94,0.109705123449924
-0.388993945107334,8.52534168684407,44,0.0026362331765329
-1.28002209543122,25.2813949206507,100,0.0549600472204484
-5.19715008896813,22.4847986012712,100,0.0151935401260522
1.37575213128802,31.532903889223,100,0.0395650365653337
0.948732455393872,28.1608433066882,91,0.105364552367815
2.84941392812176,8.30469644567986,44,0.00252602826070359
5.63081414859496,25.1209999484432,100,0.0203599806354043
-2.54424998253352,27.5037050864635,100,0.0605985825387619
1.34607589883146,28.4573927921025,100,0.0828615505020864
4.69892464419546,18.2946754495211,52,0.00835422104712484
0.382588376819233,28.1907425942657,92,0.112918450953947
0.00940493996346081,5.87168892709341,34,0.00204984712338332
-2.70517269498173,26.9191218987042,100,0.0552286698397023
-1.1759925413918,7.86129863570919,38,0.00246256019899623
-0.731994711564248,27.9910100117612,100,0.100465581469884
2.01524779281595,30.8454072716552,100,0.0437301784752503
0.266202113064008,28.2356808732972,92,0.113480679633761
1.6324605364076,21.0451777703253,82,0.0171748788012059
3.12849585983769,30.8924298848392,100,0.0346300867401426
5.92377062359438,19.2762055424245,72,0.00855470030386168
1.66369609138866,28.6699670522969,100,0.0750585588669552
5.52788017699982,20.9611118871566,93,0.0113160358842017
4.68224972069821,18.4445819057867,67,0.00846039204903805
3.23920294666248,6.01779455384407,27,0.00203570894305065
-7.15593254224529,32.6464608576492,100,0.0119038053774827
5.66096567977671,18.5418297376612,88,0.00777611863866363
-0.853411103040285,6.38831573360636,29,0.00214769434156421
1.9225120410915,18.7694260459999,46,0.0108863614061965
0.424942185411004,27.8877248259745,94,0.111330338711725
-0.698222961567162,8.32496448194513,44,0.00258094880945355
1.09226017340451,25.3939209218886,100,0.0582015439276335
3.13772479185257,32.0672202650803,100,0.0267118113808296
-2.29704577641205,26.0421014527242,100,0.05409303343156
5.08134200673438,18.7678407850947,65,0.0086273186539241
0.0855667925888438,18.4523709635326,46,0.0106343316732507
1.82670456884486,29.4293681516435,100,0.0637068920944301
-0.219204224765066,28.1795857855897,98,0.106947328032994
4.53882333398038,18.4743404790585,86,0.00845911185023121
2.19019671452309,6.48185484999976,37,0.00214373351790854
5.76273911181848,20.824797294676,80,0.0109144534786391
-1.71883309836124,29.7409106106693,100,0.0610181558932897
0.860159797322296,28.2816040987371,93,0.103976212372555
-2.00573574050373,31.7460398687613,100,0.0344641256078915
3.26664833465137,6.23518057863558,37,0.00207057233570459
-0.0216274751117348,28.7620133589052,99,0.09888391668194
-0.610355910209496,8.36882046650848,30,0.00260262279453852
11.0642819136512,8.73024835705596,51,0.00202259639343624
0.348599100188721,8.90867224716864,38,0.00274708531856685
5.26180604452486,20.6223721596456,72,0.011339314943689
-7.99490889449123,30.0847294800424,100,0.0126962373999018
5.0350556882373,18.2662360884058,57,0.00806342337568402
-0.399320141338309,27.6145619989149,95,0.109633440910075
2.16235804517316,29.4435368649297,100,0.058546401374401
-1.01233270203656,23.0310777211292,100,0.0291917583016336
5.69205992234635,19.935652771631,66,0.00973563735057376
0.830324085987047,27.6158353915655,96,0.102557166251056
0.772119523042181,28.4142684019187,88,0.109853729442646
-1.03731071387248,6.33380351426719,21,0.0021390037922459
5.16411737558703,18.3981051148691,60,0.00812216055352951
6.35030210252746,29.9018953695651,100,0.0183851822173844
-0.45634870828782,6.17759368195405,41,0.00210353786781374
-0.882646705778657,27.7580153430732,98,0.100092889590885
4.01010962880738,19.0941209714396,60,0.0100155961938169
-0.805321536071191,7.08320174895448,21,0.00229686397177167
1.54347902352867,18.6406902629173,80,0.0103840233284922
0.657051709178731,6.05928690847661,28,0.002085689769068
0.543887947088846,27.5608236529876,97,0.105406715937747
2.88638851860185,18.9132496805705,78,0.0102987997431884
5.68943425267447,20.0492199210819,65,0.00992080680654815
-6.80548358145418,25.6634956545745,100,0.0163811786677658
-5.13203978974449,18.1948943725599,36,0.00804654195874584
-0.262676269525166,8.62327861796913,41,0.00266546547455833
-0.861583102010444,6.38020807977908,29,0.00214602463425082
5.52800247227086,20.8651400116234,74,0.0113888514058337
4.65232199724256,18.3388492952434,78,0.0082630325594678
-0.555969719905325,27.9764784218999,99,0.103913559204852
-0.219870249612326,5.83591637112756,20,0.0020489114626453
0.700513134544059,28.1106420773337,86,0.116905435995347
-1.72331990338724,26.5465103095718,100,0.0684962729165916
0.533761381236369,28.1575107365988,91,0.112692816461232
0.183412517402208,26.9236489478045,92,0.105111474523127
5.84755489765497,19.4560201925988,64,0.00891722211452837
3.18919625037151,28.8478668421267,100,0.047516291108519
5.88668610292065,20.1307448106036,74,0.00973571775264505
0.272450560261045,26.9663500060432,90,0.107804509424949
0.958008103960618,27.6271638414661,90,0.106682948594474
-6.08046204365908,24.2185596973538,100,0.0166272856194217
5.19332514670605,21.0485395305485,87,0.0120504495482674
5.24274115783736,18.7967766321363,62,0.00856518180559236
-0.622604551086572,7.04303769581296,29,0.00228526503131854
5.63429495930818,20.4243989135511,64,0.0105985171335425
-0.154230237985919,28.4141219507862,99,0.103837090899134
-0.460637441725211,27.28513862758,96,0.104766073128028
-0.497008460690908,27.1591530783564,89,0.110607998344089
-0.311195392379075,8.28360644595406,38,0.00257677891518433
-0.549401841850505,8.84707675600121,36,0.00272969656166489
-0.733725766674698,7.73920764061234,38,0.00243821936705906
-0.726111665501324,5.87627623485767,34,0.0020484806398955
5.69640775761183,21.0612185890586,80,0.011416789973865
-0.592003099429899,28.046385611744,99,0.103244476912163
-3.62552452144722,26.3746201125654,100,0.0395954075773805
-3.57452572489038,24.2420629820523,100,0.0279511949545796
0.479175965587984,27.4704902118854,96,0.106572409046926
-1.35629608156594,25.8371054713809,100,0.0631407105735322
3.87572827427166,21.0624550528846,91,0.0140359370188045
1.40452297540466,8.76098433213336,45,0.00268677600764287
0.448701647946254,27.7304520893497,95,0.109655885677667
-1.16805930476106,7.4061643246999,23,0.00236420419015614
0.143845438867141,27.5439921129183,92,0.11464819859667
-5.88633030936689,24.0854854669576,100,0.0170050169701886
-0.504329097219811,7.00857916535143,45,0.00227020613230344
-0.984526423902098,7.38511701577777,23,0.00236160001880869
-1.18656787246798,6.74999560844013,25,0.00221978832796536
0.314574410157771,28.4593268568874,90,0.112896506369212
-0.0719603921425741,6.67853017389694,33,0.0022079286115903
10.6156191877402,8.45749211220699,53,0.00201858047521896
4.17646334439435,18.6164662806857,49,0.00919881886580937
0.145724530361105,28.7446349653949,95,0.103064841271814
0.617981371619509,27.6424661674259,81,0.126091302735655
0.10074993644277,5.84396095314448,35,0.00204427264753546
0.819857493639686,5.82434851981472,24,0.00204249381636516
3.8771677364993,19.0666370961279,53,0.0101442105754423
0.435756576173266,28.1209252972006,92,0.11288819137284
2.42785477872628,34.4022545201393,100,0.0170705544873643
4.06243252755924,18.7136898572044,70,0.00925223834750632
-0.637074705670162,7.73613335357417,42,0.00243589568430486
1.83874004492619,24.9058368041399,100,0.0454207938156154
0.14386094725307,27.469725446623,94,0.111420907083244
0.0820550582174688,34.0981676589508,100,0.0204888422364139
0.162376968303493,27.3735931770581,93,0.111542886597206
0.194265098975232,27.7330655711132,94,0.112928424000583
5.56565431049764,18.5710252712596,79,0.0079311249183079
0.0316959776102691,28.2456676170265,95,0.11049977126341
0.791879605839421,30.0896505870612,100,0.0645415044268322
0.0780892416926097,6.19555476006229,33,0.00211144711506342
11.7349417273947,8.63254384341413,55,0.00194608393865916
-0.75014967235908,27.3288101437184,96,0.10155169397895
0.0490464269901655,28.5727921308834,93,0.108580957363945
5.82090251684729,18.4927931029356,65,0.00774883701399353
0.815851639127511,27.4802409730747,83,0.117484364767138
5.37004977256075,19.2558634927142,75,0.00898546333959599
-0.0139926906021138,8.64452978538372,42,0.00267106156546538
-1.18415973038063,8.4521891755681,40,0.0026108684155641
-1.05195583890002,6.86502823118667,32,0.00224190946742688
-0.394990592210409,26.2669041779191,100,0.0793719409009832
-0.263000941316561,26.9599983193398,89,0.108904009018442
5.07810995798039,5.93101190004469,48,0.00195151302269821
-0.573200379163647,6.61582290851975,41,0.00218963497560929
0.565622309406285,29.2728123855495,100,0.0818767649868876
-1.10806407043362,6.86866742495764,38,0.00223905628717419
8.24735072311119,8.70530423299042,50,0.00226824487772778
2.87102433925384,8.51933882135716,42,0.00258095981936876
3.56130972099866,8.67329154070153,45,0.00258892216101293
0.610986016422153,27.785278017061,88,0.116549118265543
0.37570812499079,27.7660358946024,94,0.111716620041881
-1.0983043686618,8.59866471472132,46,0.00264722603375465
0.720606487920692,21.237615296165,94,0.0182840019036971
0.560950817492275,27.3321350214181,87,0.115000512660165