0.0275088582046317,27.9982911637272,87,0.123144505973305
-0.99319543728299,7.62725276085806,37,0.00240962981495416
-0.469459177625204,27.5369926773372,99,0.103879639700314
-0.393304282366889,6.71931844922032,46,0.00220927901007415
-0.87976225033259,32.5319328871262,100,0.0307783285736444
-0.743649344557371,6.21327615888939,21,0.00211779977831808
-0.536032619004716,27.5481375662811,99,0.103237939809798
5.87481471493529,8.7688567735398,48,0.00247076233740724
-1.11346781883305,27.9750154366109,100,0.0896558938756984
-0.36334360957636,6.19130239886769,39,0.00210739703986224
0.264584387072566,28.143045271705,87,0.12120592869658
-2.21288896540822,23.3998692516062,100,0.0288170580258099
-2.81077441011648,30.0060890117428,100,0.0446391738877617
0.50845667717384,29.7774146458639,100,0.0722999421002043
0.154921417032108,28.4306626542797,89,0.115616992620375
0.331530139249158,28.1069395835759,92,0.11400841191345
-0.777196843016498,8.05801307972,42,0.00251336694373651
0.331039862907227,27.9215064772801,92,0.11475496437942
0.661776424007014,27.8036251712547,94,0.108198561928871
-0.708244981673151,7.57216337424909,30,0.00240356264226809
0.542408761082941,28.2975455570502,88,0.115133445073132
5.77226641513751,20.5826751352833,81,0.0104934542327131
2.07792004822005,18.8068915689515,78,0.010526326822242
0.643854657145512,27.522656923332,94,0.107179017270791
5.4007165774253,18.560000148047,64,0.0081312895290849
0.334941670918376,27.6305314619149,87,0.120971492119428
5.68044248389561,20.5273985174449,72,0.010620943308492
-9.56265946379521,26.240894756441,100,0.0096180701855726
0.624360410026429,27.8763012101322,90,0.113752017258483
-2.11520917010141,31.354101602278,100,0.0376290370668164
4.99795257932883,18.7153286056405,78,0.00852310396241773
-1.51611629075013,27.9990381414044,100,0.081842449641397
-0.919588921825336,26.3829575148145,100,0.0773278564229527
-0.603944590459647,8.42499469315359,63,0.0025951565007883
0.0378616033502883,28.1576845472101,89,0.119185031083196
4.54843568632919,32.2878315252608,100,0.0199266629954778
5.79127366542309,18.6352283374636,76,0.00786416612142509
5.5222821698888,18.4325352140692,79,0.00780049489695886
0.183320162475354,26.891700859916,93,0.103363401661764
5.24960728018753,18.5962727055632,69,0.00825089881176109
1.06127898847142,8.64692735427065,44,0.00266228659790145
0.334941670918376,27.6305314619149,87,0.120971492119428
-0.874511314935304,6.6585832716998,21,0.00220595578605244
-1.13172996314621,7.7775627798786,32,0.00244656857527112
5.55679692928714,20.4058940105776,66,0.0106427007019781
3.88466391781483,18.4556231577461,72,0.00895598617006114
0.079276619238592,30.5828897287253,100,0.0577544433119258
3.48252590392698,8.8568907747338,48,0.0026385633987396
4.37631758271952,18.3065322405351,75,0.00841428471940938
-0.777254019000309,6.06798332035063,31,0.00208528404860491
0.582361656416194,29.720353506734,100,0.0730115456988943
4.77147476114092,6.3054581507074,34,0.0020336796893207
5.80705762448139,18.5583815478009,62,0.00785138800333562
2.52744520479714,6.56261631413667,28,0.0021564729459179
3.05669542091123,18.187508673378,73,0.00899884415677588
0.884856155580904,27.9391138995327,92,0.10649587090714
5.40112574306665,5.9951591567139,27,0.00195733608147851
6.01323288204625,8.72591060488879,48,0.00245085641710086
0.586668888585687,35.1764508158252,100,0.0156844165596659
0.98538680417519,6.39149752735945,28,0.00214766647282976
5.45881782383973,20.8122387731454,72,0.0114170825119651
3.56023070369328,22.5386399918174,100,0.0196439462611948
0.592469117019649,24.5996731987456,100,0.047870229584814
-0.663339423098732,26.2723844254298,100,0.0777274499089764
0.852703718690135,5.85880527437942,33,0.00204484320353444
0.385075614050189,28.778414048779,91,0.105368534806685
-2.80935869306693,23.4421495329368,100,0.0267939778342469
-0.452533123173183,27.2105502073322,97,0.102783607087278
-3.66556056405747,28.904151446052,100,0.0409416457664205
1.11028992531161,30.3141699827173,100,0.0583068959243017
0.281973639565909,28.0934765847971,92,0.114489244303783
4.99367941465715,8.77211267482387,44,0.00253400344892613
0.373009970552638,26.938887826429,93,0.103189993309597
6.65458490555663,22.7698101414486,100,0.0124832856483797
1.44074224936375,18.5724137576472,77,0.0103136427872389
1.25876526845141,8.89123462890868,43,0.002727423234987
5.53402129724424,20.2181013263447,65,0.0103687225935126
0.683249582758934,8.80968726397358,42,0.00271348823149438
2.18812975976422,18.4847478334877,72,0.00991990296827089
0.533870526850775,32.0764918616561,100,0.0357725416116375
3.8389471512692,18.5098684633568,77,0.00902636357387774
5.79717691237085,19.5637237453169,83,0.00895600192227389
0.0881338241822993,33.4772005824128,100,0.024126716327596
-0.178086029894304,26.8785967540475,89,0.107546609618463
0.377253810107584,31.6750588244641,100,0.040669308117488
-4.26286940601553,28.6531432595954,100,0.0348429954691555
0.388492562722992,27.3424974166012,92,0.110852259524051
5.95718549458959,19.1371888660129,80,0.00829888926378109
1.02912541643306,8.79230354460132,43,0.0027035482929599
1.07211139531918,5.84085522468548,32,0.0020402018439772
-1.34879765243987,27.6224652515563,100,0.0849093465965941
5.77460735347537,20.8351413452911,84,0.0108680185577805
-0.900652602393562,7.89345753203898,40,0.00247265037024949
5.92489826341739,18.9577017310097,76,0.00813813093054274
3.56039620974723,18.6070589834919,81,0.00931817002840347
-3.87085182382635,18.3429238582641,42,0.00903483110393317
0.76530146879376,22.9979372669785,100,0.0292925624519981
5.88488121277377,19.9988506744754,73,0.00955566847764389
-0.422631759400301,6.22443479616483,32,0.0021167122383214
-0.813239544456552,28.1059302382423,99,0.0997781538007155
-2.02274931308242,27.8498846002291,100,0.071466123648479
-1.08894276237394,8.05918024469767,46,0.0025074710167214
-1.23213623581411,7.18455771368068,36,0.00230657003004626
4.97514794098857,18.5363273923486,78,0.00830516408047874
5.48653629330981,20.8231465799758,73,0.011384622909144
0.277112661584357,27.5550420110254,92,0.114004987905848
-0.796641388125148,5.9844708715986,22,0.00207327587458188
5.33797951528676,21.2076411545316,74,0.0123357272086755
5.12063134988608,18.8813478612415,81,0.00863108772979786
5.51678429634567,20.2368785388093,72,0.0103448205960699
5.23314331421779,20.898418780989,79,0.0118108921385539
3.28196102154784,25.7117284385646,100,0.03953717800718
3.1755661434463,6.61258890555658,28,0.00214919628905805
4.36791177216605,18.7400408797137,77,0.00901909664386
-0.780400465023389,28.2567402837696,97,0.101353590217976
3.69810296696527,18.797011706856,70,0.00963975064116721
-0.793525787756728,27.9607514293646,97,0.102663222119402
0.0532154639680799,27.1518745148729,96,0.105185373205544
0.707907363564306,28.1559173106214,92,0.10882612461249
-2.65122299720985,29.8340479001701,100,0.0480261928078735
-0.0949055940720995,28.4819823514676,95,0.107580864126692
-2.44645393388975,32.8128842948199,100,0.0247494366550355
-1.02181290943577,6.53940894362139,28,0.00217691623977108
5.95604410302668,18.8985211448018,66,0.00810992420923118
0.326040440142044,27.0465947977212,84,0.116673286232593
0.369259969933573,27.9167659770605,92,0.114410761579521
0.377584820457431,32.5994719495844,100,0.0307744837375738
-6.51612614436841,30.2458615469437,100,0.0172273182305468
0.685255908956051,8.29493528281272,43,0.0025739317497023
0.806071409862802,27.5181003164758,88,0.11150145230598
0.0220060166171769,6.64205440946591,33,0.00220043720255224
-0.496789227246235,27.0387247878766,98,0.0987720282842374
-3.00126626553087,31.2866197738535,100,0.032635100091582
0.25096573751339,27.0963934745278,91,0.10930195103801
2.70132771320941,28.3646112058037,100,0.0573014733344476
-0.68583846383697,8.62111271689346,44,0.00265990193983163
0.227565998218723,28.3136558958892,89,0.116856964630661
-5.05213054810451,32.5576742579922,100,0.0173968841625118
5.81111410252089,19.1512118030962,66,0.00853718972692416
-0.986155233002152,7.9030410604909,23,0.00248445329903154
5.03052327669216,19.5984602562833,73,0.00982505280700518
1.03667952823501,18.5331229787976,80,0.0103104058545283
5.24331924834807,20.2304474607814,72,0.0106584438296538
-0.622627331447472,7.97542427785325,21,0.00250730778021842
-0.0449829306788014,28.4174971014171,89,0.116110976909439
-0.672380593118401,18.4656975994173,37,0.0107147564410267
1.95566995821829,28.9892878771884,100,0.0666749051602588
5.43901020714009,18.5427752090338,73,0.00802455262447581
-2.87694106496115,26.8058606746486,100,0.0518360149079972
-1.01564941982032,25.7733757892811,100,0.0653949400094535
5.93942136834618,19.1090832898722,65,0.00838378281456286
-0.0996688634380622,8.70481036964141,43,0.0026868750655872
-2.52955733115688,22.8889677730917,100,0.0243765043472484
5.28411926023155,18.4248682656948,81,0.00793852735828996
1.80644910846155,18.5995241519965,73,0.0102834573034219
-2.01843283486724,31.8042569890943,100,0.0338724844528108
4.50105235337296,27.9979603277993,100,0.0331354419620947
5.77232504002279,18.8910277735924,72,0.00820443027082618
5.73020653536372,25.6059605367717,100,0.0209106446638404
5.29127342921428,18.9179367708743,72,0.00861466152463905
-0.921533125560502,6.43989224847631,29,0.00215738475106085
5.76480549432409,23.658027947878,100,0.0164471146035117
-0.615590996117088,6.80667136262529,25,0.0022367630000919
3.05299868311216,28.0635584544356,100,0.0519137068310147
0.402488395183848,28.4132119984629,90,0.112769134676138
2.68350798565905,5.92635454382934,21,0.00203524544849291
-0.31588040438282,27.6639971365812,97,0.108228815368398
-0.589937699878891,28.7912357532203,100,0.0899772012892769
-3.37240623250193,32.111125450983,100,0.025422208094514
0.471626214629203,32.0221393627572,100,0.0364477310998212
5.91894189400352,19.0653982762025,65,0.00834713182675285
3.43204242206806,18.6884055697939,46,0.00985991730946125
-0.0937370282699201,28.5283712319952,88,0.115542067620045
-1.12734777035736,7.19595091330102,35,0.00231093164335279
5.09916883711801,18.2939666668783,78,0.00792172319066536
0.0111023306182377,8.70609952676609,51,0.0026815376354827
-0.662054007256424,7.69801299579783,48,0.00242309773709132
0.452186740564321,28.2651346471782,89,0.115358786189077
0.79397157013888,5.8702794485343,19,0.0020532466386026
5.51402592060459,19.1194349987614,73,0.00869379530202025
-0.71055408642619,21.5897925847591,100,0.0201058021227297
0.284435432429547,30.7277093478719,100,0.0549493592495481
5.82528217999833,19.3493792441667,74,0.00871941342491972
-0.338975514697949,5.90317257740037,32,0.00205603753720087
-0.860874150733913,6.27566823101365,35,0.00212278696636226
0.209077482782426,18.2212948264352,73,0.00988404292221995
5.3315178722934,20.7830970357117,79,0.0114513261163958
-1.05175594071769,6.64601284104186,33,0.00219590612217043
-0.679131120823192,6.21443238754297,28,0.00211529940630187
-0.00874981739488379,28.7101486157404,90,0.109628331907893
0.201170139454288,27.9768889663095,88,0.121140977106096
-0.648195694775874,7.21439275285129,22,0.0023265916568619
-0.199410641973787,32.8368540391219,100,0.0288204854250294
3.45456734569148,8.87829581307032,43,0.00264909753731799
6.33018037204978,33.1539326201158,100,0.0128230077813364
-0.145109926439595,27.4914753745828,92,0.114171156483634
0.298777088578508,27.6712713591776,94,0.112027819551792
5.28797423365584,20.749484660731,72,0.0115419229826176
0.520246860739582,27.4391813472662,91,0.111734506200707
0.189870248041127,6.06295668464729,28,0.00208810979185674
5.53503034723008,18.4472481873137,55,0.00795793607297289
-1.16285035033268,8.182937446764,32,0.00254654676614376
-0.742500664300684,30.5634432953671,100,0.0563245965492274
0.512968726310806,27.0457819166989,88,0.109539800617545
-0.35070251020689,7.23026061886032,41,0.00232147224121776
-2.89438211790918,33.8607769506703,100,0.0184253876147933
0.398716665505227,27.6140738492022,87,0.120176939073133
-0.664716133925868,28.4744413623525,87,0.112121844047198
-4.0724824246083,27.7907070663827,100,0.0377485448250399
-0.715032304885663,27.7277821302523,100,0.100704112399513
5.37025900528056,20.5451763978817,84,0.0109092408990502
-1.15601345063041,8.32954567028812,31,0.00258515310257307
5.19196604035843,20.4662644206719,83,0.0110079891916475
0.394867703949732,27.0763500108898,95,0.103380905658609
3.49000953360187,18.6163873758603,68,0.00949231419144793
3.2839931745279,18.6320464705594,73,0.00960028760163019
0.806435300247093,27.993117886071,91,0.109066349858708
0.272233068027118,28.7582136288758,88,0.110136038298497
-0.473836699841806,6.41896031577897,28,0.00215658210561394
-1.04684761240507,23.9399469919189,100,0.0379169985697729
-0.355152216216334,32.538178352501,100,0.0313470532939369
2.92627492012521,25.8802912566209,100,0.044666334830012
4.89617447733399,18.4459284866899,79,0.00823577132009631
-2.52405534092145,31.1362272386374,100,0.0370405702148072
0.280797710612616,27.6547658266311,88,0.120156532427211
5.52355705304115,20.8453363975283,87,0.0111940056631772
0.457825867677714,28.141180194854,91,0.113778931060374
-1.21706596851474,7.8403191848343,29,0.00246233034685146
2.60447486595961,19.0501041474593,78,0.0107387936056185
4.51239596602439,18.5263406333378,72,0.00865029571345191
-5.09578201987757,31.0701816904653,100,0.0216612777360816
-2.19891861624314,33.6047453970565,100,0.0209537536610726
5.34001598050427,19.2043931615112,71,0.00897201404708831
3.84400763529182,18.325745404555,72,0.00878711681513909
-1.26489601031734,27.8152917553378,100,0.0869332934024484
-1.08324521864525,31.0680367440996,100,0.0468208792371485
0.610879242245079,28.1106012038136,89,0.11446419242825
-0.169711357746192,8.53358056853144,42,0.0026406959007183
5.06591829516299,18.857965630895,58,0.00881652277872624
0.977412506948912,27.9719506129421,95,0.101331567858013
5.03084866347186,19.7377274760218,73,0.010050066911789
4.48764254905484,22.2194075076336,100,0.0161628800243308
-0.363965346316518,6.49916678624057,25,0.00217452067287045
-0.334382113479461,27.401060182353,92,0.11205017927797
0.491298253341083,28.0210254213913,94,0.110279034838923
0.204631743880901,31.5071928866528,100,0.0430368940731727
-4.41029029076678,18.6058223123622,81,0.00876314066294074
1.75744164081181,6.32771886276547,32,0.00212367451722365
5.70375556401475,20.4173208613013,72,0.010411710634861
-0.735704163844336,7.35425501475373,32,0.00235195324630941
4.47779929685675,18.7292948604742,78,0.00891710410373389
-0.977834451221119,25.0521253078818,100,0.0533382781823147
5.13332178170871,18.9207370973325,67,0.00878082550752832
3.82066856663452,24.2334912557285,100,0.0265540502503082
4.1400539073485,18.3169144807337,75,0.008573747279498
1.25480908474368,28.0741036726406,100,0.0867990864013264
5.88672380289234,20.1875161217987,71,0.00984828808772826
0.0406703043480777,28.1030578021945,87,0.122532021676305
4.6485412280073,8.83682937782859,44,0.00257176527930965
-0.516555386641102,5.97849485924544,42,0.00206516769351849
-0.425128409923075,6.86534858198146,40,0.00224260997643467
-3.08279402483095,24.1061489798875,100,0.029846028177922
-1.02241521640943,23.2831935978825,100,0.0313432433093255
-0.523752884586223,8.64528777787701,38,0.00267216795590757
-0.753941447240028,8.56361021137092,42,0.00264502836348949
3.30619062529013,31.0656364888831,100,0.0321542576157081
-0.971999485864794,6.93620502041251,32,0.00225783227933968
5.58639401558737,19.0270317883031,80,0.00846367692848616
-1.26973131722282,18.9651211187551,78,0.0111789207924947
1.48277997444912,22.9056293417266,100,0.0272794196009555
5.23993411545766,18.3036479327825,69,0.00789855758764704
5.82466092285272,18.9736434058281,62,0.00833215484076487
4.10811771760443,18.4662001475053,65,0.00888538802126293
0.299922687767292,8.85616631739248,43,0.00272863492573132
-0.680490063161392,18.3488182524555,73,0.0100857130760351
-0.558660478420234,6.57968583282406,27,0.00218905814327883
0.773185559924228,28.1070762286014,99,0.100409132606135
5.05480321827603,18.3096821618567,72,0.00800741732288761
0.449100459786678,28.3977494566117,91,0.111228046747762
2.58158881083591,24.7916136639903,100,0.0384790307458639
5.54978231709645,19.4789787201168,72,0.00916058644139596
4.11202688470323,18.4135585344825,49,0.00893109366276007
5.271443041604,18.4815178195724,84,0.00799563627887062
5.09680820159887,18.2129012752114,70,0.00787594987387605
0.908594015867522,8.67507832838307,43,0.00267283071308827
0.645268068075773,6.35047887705594,34,0.00213935761608927
-1.87917217045153,22.1268943892963,100,0.0215912962447458
-1.73380955480687,26.6988419391129,100,0.0701348098030774
2.07645146719125,32.6741142590436,100,0.0267548147511861
5.84804056605184,19.8526922978184,73,0.00938637979839786
0.727666485437347,8.48901586413991,42,0.00262526861580187
0.158565045238199,27.9882303606719,94,0.113093124634786
5.38746412012778,19.295267880131,73,0.00904146253738007
1.37182422093131,19.1029278815344,78,0.011455953309309
1.65264184701977,31.7213944189669,100,0.0363199863982989
3.66469770829807,29.9445272160895,100,0.0361387709557597
-5.84392670055342,32.0853739779215,100,0.0161561790744769
-1.22163780595057,6.51007890592965,32,0.00216701018389166
5.35442594519701,19.568059928614,64,0.0095467542340513
-3.97282120357915,33.3223905634653,100,0.0180152523945219
5.84532157830122,19.7294333341141,74,0.0092085275181432
0.276037479228274,28.574491434496,91,0.110060275784229
-5.71220116531377,26.9233090698033,100,0.0230361940440729
-1.15406584501565,28.7578884696453,100,0.0830781859689813
0.646548890864477,27.904877723731,90,0.113366730023258
-0.753944169027525,34.07184375648,100,0.02039106659826
5.86444151019444,19.0396237119384,76,0.00828407667414065
3.64216129126538,18.8143185848578,73,0.00967931938480447
1.40745694758197,31.5323701093177,100,0.0394334789543425
3.18831908174488,19.0500652052881,80,0.0103409295815825
3.91195661844148,26.3519929998851,100,0.0363871645834973
-2.20898034208311,25.5515148773548,100,0.0497131434784277
0.0237722340748545,27.0858594689075,95,0.105232435456291
1.92411268602895,8.38071309969797,53,0.00256809316563538
-0.177260344866597,6.29842852366237,47,0.00212500523009125
-0.64638090132841,27.7912143281283,100,0.101794522709774
0.593967417004438,28.8799250184005,100,0.0885619959287609
-0.0344192348054914,27.0052215052501,90,0.109469733057362
5.26413859751854,21.0930410854012,73,0.0122368145232892
5.41075359479436,19.3977269718372,64,0.0092414407820716
0.360442243222288,27.1113475806755,96,0.103164563814172
5.1951372460783,20.7699804594691,72,0.0117128451629075
-0.800886214862186,6.1869681062653,25,0.00211052259357508
-0.58501291724107,6.85920391282227,39,0.00224100391789474
-1.0877552936482,31.823913415586,100,0.0373315054732163
-1.61168254722116,26.9422631596094,100,0.0749454887519083
-3.85821474687118,32.8422336441668,100,0.0201624443907674
5.56801870868367,18.5830124750436,73,0.00798153012390563
1.93714364834453,24.1593355949092,100,0.0365529269113052
4.83540038012295,18.1794504176534,88,0.00788524979374461
-4.18969875477323,32.3064030088751,100,0.0211801191574394
-0.490680768275203,30.0643564233387,100,0.0666866358452785
5.6791110032425,20.8941212249741,73,0.0112367142653805
2.33671215235244,29.1548503432347,100,0.0587038344452636
-3.11279920412665,27.5305769831935,100,0.0507617972382443
4.98971976684164,19.5349816773151,79,0.00970639981138452
-0.349470516184482,8.64931243151318,40,0.00267293110793659
1.22907412931224,18.1570972157955,91,0.00946235575232187
1.52021211469009,18.20030624553,73,0.0096296806236842
5.27572099092242,18.4726015080797,71,0.00806577249916041
1.16777879059582,29.2514707743855,100,0.0757721521199805
-0.632471690295294,27.2306504034381,93,0.105278026154923
-0.352649009467176,27.44335769786,92,0.112359760164113
4.94816527952424,18.1940004106278,75,0.00791510079858516
0.277112661584357,27.5550420110254,92,0.114004987905848
-0.243270933970354,8.35845409785488,38,0.00259660221500575
-0.850854814763817,28.2494989729815,87,0.111411895505532
0.304918680457183,28.685050391454,91,0.107844083044333
2.17959534622055,8.47334505033271,42,0.00259240671329413
5.36063952323903,18.3232691323575,70,0.00783636028084178
-0.999766761299388,6.42217769670961,32,0.00215176972316048
5.74603487085571,19.4680657251401,94,0.00879018720177542
5.37671663121641,20.9445335868028,75,0.0117438638862673
0.0378616033502883,28.1576845472101,89,0.119185031083196
-2.58651707600543,25.9613938361783,100,0.0495037988841827
0.531794011467498,27.1359085853108,93,0.105153528381559
2.40401983303842,26.9387289211348,100,0.0604911998329496
4.92724676109457,20.875992199018,74,0.0122891809095697
2.2885119437728,31.6521623281297,100,0.0338874942007563
-0.993221532726955,7.77505967701239,40,0.00244294526621901
-0.965639835506115,6.88033334086877,32,0.00224602143191775
-0.386675220270177,5.91050157592994,27,0.00205937063019941
-2.36457890889748,28.8902990619095,100,0.0604185627689851
0.678768989423024,28.1995322674473,91,0.110178609928935
-0.960284858701602,6.40969269076822,27,0.00215196372922056
0.463539981665573,18.5030381008833,72,0.0104284276830097
0.193934138593209,27.7519273988604,90,0.118335370181025
0.690970651195526,28.2976831040851,89,0.111496060846212
-0.677465394710926,5.97173129865941,34,0.00206649841090667
2.16291699696375,6.29861505447604,36,0.00210914477660814
-0.665385703120366,18.8374881277339,84,0.010968308675519
0.997196604406519,27.808817638053,90,0.106403934330908
0.264584387072566,28.143045271705,87,0.12120592869658
3.37512796873333,18.3883562881551,75,0.00913009093719141
-2.69148025254294,32.8315785536515,100,0.0238952203469512
-1.64062931229969,32.2745514469029,100,0.0311817704800702
2.93526954168347,29.4986765000232,100,0.0471742184066051
7.46639404179237,32.037420611124,100,0.0120353512092961
5.29764352770101,18.455461225073,78,0.00798501235411329
-1.3021355429033,24.8577757928582,100,0.0485028886498939
-2.25787732175852,27.6626875318219,100,0.0664962969545379
0.28252451798164,28.2323144979226,90,0.116029208501631
-1.06156162457034,6.35804618074612,22,0.00214309406910563
5.85452769432516,20.4856411856946,83,0.0102170207778396
-4.69312272284673,18.6154236514926,37,0.00891969613901666
-1.29073042158782,32.5341578329472,100,0.0299372643054979
5.34885234388607,18.500193818339,69,0.00806189421886557
5.1047964862306,19.6249188041715,66,0.00986223793510225
-0.83011623051011,6.94961195942519,21,0.00226764515591911
5.25284913937873,19.5752144162665,79,0.00951913392786326
5.03532080094836,20.5172717800771,64,0.0115487760411092
2.9821151894183,18.7423771127646,78,0.00992579534915747
0.0711564596452403,27.3358796780545,90,0.115180008028028
-0.926873814043544,28.0283962480633,97,0.100119766303738
0.303768997936549,18.863859279233,52,0.0114749881999498
-7.95039050140617,18.489668023436,79,0.00625641317787452
-0.649467390604598,27.1979026298387,94,0.103489471119813
-1.18786088074704,6.3878767712202,21,0.00214814852520817
-0.511058727171873,31.9330303923691,100,0.0373947908360434
-0.739552942783559,6.6008517591927,28,0.00219177185617717
0.50221876540258,28.6170042643591,94,0.103902475975436
-0.890763371216632,7.99302160873898,43,0.00249538109398942
-0.193214995562845,6.80684650635762,26,0.00223800944514448
5.87477296510148,19.0757207086049,76,0.00831952070465708
5.57121366348361,18.8703508366863,64,0.00839099109435373
0.238118393298158,27.6257918213367,92,0.114769263863235
0.435994780121862,27.9272965864441,94,0.111167244624868
5.71870380740905,18.7615761813636,76,0.00806397131305686
5.46812643509134,28.1380750115969,100,0.025076453918847
-0.202355043695602,6.14130508509528,33,0.00210085209375334
-0.796691066772112,6.54409915247668,28,0.00217980786122256
-4.2778781010884,25.5133590566177,100,0.0296614741399708
0.327673846077237,35.4484180383747,100,0.0147986557575168
-0.991877510799411,6.54408615406414,31,0.00217672533355225
4.01920877100832,22.246390240513,100,0.0173666801062307
0.535395422575397,27.0277209980835,90,0.106582593017553
-4.11715983543191,27.1934228293386,100,0.0366327482332521
4.78865382001897,18.441246259547,50,0.00850568635473412
2.40043068796064,18.8530406455427,69,0.0105584750505676
0.195514723177811,28.8289809772196,89,0.107807914750866
0.0285167208914711,6.27760811205681,27,0.00213013054591951
0.122363302984431,28.2000961366035,92,0.114537052642932
-3.95331313587759,29.5993572299837,100,0.0350253483700202
-2.6325247975239,31.771397725293,100,0.0311327139056883
-0.317088110563527,8.26019718552187,38,0.00257067916551158
-0.79138017232444,27.8832870194313,98,0.101752495074209
0.248684566979311,28.04880548981,92,0.114968609193334
0.186407770907129,6.22001207525707,28,0.00211829261807764
-1.18530316855666,8.23340171538828,42,0.00255259746522827
2.42604820038742,8.59919274438446,44,0.0026163421216886
-0.509039562547667,6.49494539443714,34,0.0021688281542186
0.185047581577506,5.84622572579351,33,0.0020454251730917
0.258608168703226,27.090225168377,90,0.110346830389011
-0.536032619004716,27.5481375662811,99,0.103237939809798
-0.783698456191643,6.60414286133004,38,0.00218732619508775
-2.08048355519013,30.8332381590016,100,0.0433609786749527
5.23907800256957,19.0796263564707,66,0.00892334473821137
-0.773834410920372,7.97498516427956,32,0.00249898302391986
4.30576438395872,18.6310279304959,78,0.00889384228643745
-5.20993469175588,32.9984323168671,100,0.0157641163633397
-3.50705372002895,28.3977937827691,100,0.0444675274221351
3.73461573687706,18.3909703995381,72,0.00894980478680622
-0.909452376579143,8.14440433500375,38,0.00253625870310878
5.24516194667397,21.2022220280501,72,0.0125070058448206
-0.563181607314512,8.62195896370054,40,0.00266405273286991
0.815857528951955,27.5177648596886,97,0.101167515969944
9.76825155026709,8.68161119937526,53,0.0021300264572489
0.0445916707321028,23.7061549311518,100,0.0368084360652658
5.42281836517446,18.4932547434246,69,0.00800211080829644
0.326451671968873,27.1786968057498,91,0.110211903017994
0.0557863917161264,25.6060532040672,100,0.0667113166609355
0.439865282657461,28.9045552212022,100,0.0894214675052223
5.61887675575199,18.3001955943125,58,0.00771091680269059
5.59174427774248,20.6519164577109,84,0.0108058005584872
0.225208942768458,5.93931888065696,21,0.00206772990459647
0.330597425913443,25.3629481197378,100,0.0615318888575417
3.38627875851506,18.152395832796,77,0.00874665226551493
1.16777879059582,29.2514707743855,100,0.0757721521199805
0.646548890864477,27.904877723731,90,0.113366730023258
5.1779047445828,20.0156858770269,66,0.0104314064083846
0.909259042641316,27.5768500192241,89,0.108593818847664
0.819010065364248,28.4254205088375,89,0.107641677290261
0.966637128680028,27.7234673470375,91,0.105771221901197
5.4974964885422,20.1030993602204,73,0.0101407384396633
-4.385810726684,25.1968979228974,100,0.0275976023596159
0.207860469604167,28.7275720035135,91,0.107587680741955
0.546903713118231,27.6278166897182,91,0.112935800623323
0.926438315625536,28.0675235626565,87,0.111088367485935
-0.780876050520119,5.90460838324277,22,0.00205844225038281
0.610929877593996,5.93843904512574,29,0.00206277753580107
-0.200656716631687,27.4247982682111,91,0.114524700493046
0.103745271867509,27.1498567671671,92,0.109675301162246
0.396122841027734,28.4128218391995,94,0.107966170415791
-0.955399916165064,25.0483796361869,100,0.0534018341742145
0.779263994453793,27.4432182512167,87,0.112574694597538
2.02965357505557,18.6633844512467,77,0.0102752785866183
-0.975436451106315,6.27773629765972,34,0.00212269190974398
-4.13804888163263,25.0821715605159,100,0.0287789276299965
0.265568244677706,26.9420488476975,90,0.107337240251649
1.12706071889027,29.3804311295102,100,0.0741882666357098
0.626875014651986,28.4950269559678,91,0.107577043091117
0.452186740564321,28.2651346471782,89,0.115358786189077
0.252614710284352,27.5187913270967,93,0.112586210886979
-0.424676841861883,6.28755892677437,36,0.00212718488429401
5.45546172751088,18.453393676484,65,0.00795731345032156
4.61143184949378,18.8282937027681,77,0.00897180061720093
4.95316485758423,18.3893289138326,72,0.0081731490532246
4.8812717986044,18.3968590062415,77,0.00819657070417181
2.76755887379798,32.0182482884612,100,0.0287017053707659
0.292293004675229,27.0968143251809,93,0.106714755713129
2.59982386375129,28.4935523001949,100,0.0586169620944919
5.74545918455603,18.5219832964879,49,0.00793443378796268
0.374989361071716,28.1234449669034,95,0.109765017696716
5.92679278907085,20.6541460305723,64,0.0105965862019408
0.611160929678596,28.2940090727836,91,0.110353224495083
-0.21325521422075,6.29298203294139,32,0.0021306695007516
-0.21407992050941,28.3628330489006,100,0.103109471782565
7.86146270836354,29.4055524926856,100,0.0134973695486421
0.192891126812531,27.2509043130098,90,0.113498212320752
-3.06672677311665,29.4958256435248,100,0.0455006723956766
-0.856422313806269,7.84894222366424,29,0.0024689751562932
-4.29479842942508,27.1385940497245,100,0.0346398268372262
-3.28394704924308,27.4851265346401,100,0.0480151350531632
-3.72185071100772,28.5137548496198,100,0.0413582822892611
0.704517525981442,8.88699434616991,42,0.00273508625616684
1.65783690789452,18.7792178079415,29,0.0112318569090938
0.767045062935865,27.8712894334841,93,0.107648893001928
5.80868764568428,20.6793614399252,73,0.0106927660384714
0.413508833778933,28.5102102349607,93,0.107606054011736
5.50034039513557,19.4854517304477,74,0.00919891247301686
6.66309505168124,26.4102551602535,100,0.0177294966975818
-2.23346942940484,26.5588217700088,100,0.0602930196519189
-0.739152387300362,7.53051344293336,40,0.00238785660609789
-0.670742678833607,6.60876567994785,21,0.00219723053066675
5.4895465173541,20.6474119713999,73,0.0110649610522272
3.55958155293101,22.5356698742328,100,0.0196335311799788
-1.20441791601087,8.16502719443116,39,0.00253683320525218
8.07332747947222,24.6330766267152,100,0.0116958205305932
-0.783844500494188,27.8907994677374,99,0.100844205021265
2.99013491625645,23.7826411736793,100,0.0281874029072715
-0.171532337035445,8.34432103130825,36,0.00259443494247697
-4.10359818625742,23.0214376568661,100,0.0199345493968308
-0.0194128126409197,21.9678165859819,100,0.0224045623000962
-1.15053226715872,8.04976658771147,33,0.00251244265111987
4.37481376591393,30.9341523649919,100,0.0259856270669186
0.679746396233311,24.9567937164114,100,0.0531947751606107
0.886197154382768,28.1968982610496,90,0.107538274856453
2.47350859473741,29.8442301264845,100,0.0501215160275357
-0.82262684585192,6.62167256528024,18,0.00220023570895307
0.824378794057021,27.6491420754566,87,0.113306947808758
4.29270684794222,19.0033308819337,66,0.00957938722314388
0.861579962875985,27.5504793895987,91,0.107067647245758
-0.0612775447650392,25.1959076536125,100,0.0587933412993005
-0.178283003608347,27.0497090560725,99,0.100086470525844
0.385093852061102,28.1459962482789,89,0.117227992039786
-0.98520696105652,6.89987467983129,29,0.00225149013792201
1.75307512157376,6.118121282203,35,0.00208230389646728
2.49992540759921,8.90774900025269,44,0.00269697864006153
-0.357404064602995,7.70390421430202,40,0.00243103900435242
-2.36602725181848,30.2550369525614,100,0.0471045557064126
4.39787856803818,18.3168775307272,62,0.00850795124220193
-3.6296566060764,29.2863674335397,100,0.0398304697797541
-1.61755874725917,22.0798630390272,100,0.0217666857234991
-3.44946820068096,30.4446795661414,100,0.0351197426196432
1.88864178197289,6.08379089831387,35,0.00207372046207535
-1.06524439185769,8.25171107427289,21,0.0025728820030601
5.58801090776079,21.095667039479,76,0.0116959357072142
-0.974124452604484,8.03401485112779,37,0.00250834899348131
-3.13630057623342,26.3590257080388,100,0.0454669117515623
6.07235030478217,25.5420517009381,100,0.0191743329311084
0.648493366903803,28.2807272304042,90,0.111141777079434
0.393721808740333,27.0733264699544,88,0.111398048848336
-0.164566715075898,6.28539770512372,36,0.00212745647068608
-0.652842425497974,8.73882734409182,44,0.00269256043301767
5.6198632343418,18.539261464082,78,0.00786268187670875
5.72555004160811,20.6982328008253,84,0.0107076086043887
0.0570408886822144,5.88264310131068,34,0.00205185956513698
6.36864085296788,27.7028302048198,100,0.0198075974626192
5.59595510982692,18.2506454069817,65,0.00762897775831591
2.26820467661423,6.53215551919928,33,0.00215389392776823
5.37755713573661,19.9827087546065,92,0.00989214510122929
0.879183035604328,27.7506548128413,87,0.112534156084722
5.20701586414845,18.5376196902977,77,0.00815369182049891
-1.1471028982382,7.35483230822876,28,0.0023500137365795
-1.92605925223121,31.0868531268806,100,0.0416401008888783
5.59619897518006,18.6182404460326,52,0.0081399150252202
2.92760254849213,8.81357776189972,42,0.00265614738919686
-1.51452023065755,27.9309484096344,100,0.0819696897899553
-0.370582821053954,8.53474109544969,38,0.00264304330358392
6.02033534400573,29.8037761063068,100,0.0200324924394328
5.2196118805081,18.5992264310902,69,0.0082760790759372
-1.30010890971401,30.5086300660428,100,0.0537634992577908
8.25769782551267,30.8725072133325,100,0.0114733727657084
5.50354786075109,18.2935336569167,73,0.00769047602442218
-2.65122299720985,29.8340479001701,100,0.0480261928078735
5.83926143680566,20.8915302178903,83,0.0108843810546303
4.64947659417158,8.79314236957842,44,0.00256074852137627
0.124086151941536,6.3711525439656,46,0.0021397694222303
0.074147643827798,6.64429535382214,33,0.00220087346589487
2.95509737494713,6.67319488880211,70,0.00214792005250923
1.94313159116651,28.6265065996938,100,0.0701144275261423
3.23544404423372,28.5881045664299,100,0.0478527595228041
1.32973791395527,28.3410039019346,100,0.084037989132026
-0.659492572877309,27.5587280658141,100,0.100730889658052
5.25996415706409,18.2331779718053,73,0.00777800214945174
1.50803807850742,30.8966882989752,100,0.0467526738821537
1.9766490885796,30.2953203350883,100,0.0506767645102238
-0.0118772934708814,6.23514427054736,32,0.00211959171338454
-0.224585700471199,26.945541993029,93,0.104276006479443
5.45308118222632,20.520139374605,82,0.0107841372095549
-1.05758964284387,6.21484167346734,22,0.00211512242151336
5.9027643233116,18.9631301966718,77,0.00815528249980762
-0.774315680621687,23.3171817321106,100,0.0321037678346634
-4.28287961577602,26.6269630394679,100,0.0335936991168255
5.79533911361412,20.7971121006683,72,0.0109183657437917
-2.22988391060257,25.2365305150445,100,0.045950687835222
-0.874178047894144,6.43974790675957,29,0.00215775181523355
4.14264446228752,6.1451952920849,33,0.00202860776474837
3.92154162403672,8.66589442148287,44,0.0025697651552641
-0.917111012990305,35.0095719674095,100,0.0161705532400131
-1.15525624504425,6.43818094907828,36,0.00215154217622381
1.19836646737649,30.0566630427316,100,0.0618927426415435
9.24977035438827,8.86037761732906,54,0.00220803261119718
-3.51658306531727,30.3809739506351,100,0.0349449513778414
-0.274006357852254,27.5557898794304,99,0.105603571907231
-0.731497065829211,6.74209760084748,32,0.0022189968635402
0.260123792743387,28.1673915610282,91,0.115441504563155
0.692806398013126,27.3255075710102,90,0.109075217379592
-0.203756896551072,27.1341612412575,94,0.106710440979889
0.0117571886659845,27.139793825953,93,0.108440855138173
0.354121774988607,27.3185240457227,93,0.109637843637222
-1.50935184137884,28.4151298910939,100,0.0800900744798441
-1.56558242482544,27.7896980061789,100,0.0809247040709234
2.80750529361727,18.4230546219292,71,0.00952722579278994
-0.298632422780506,27.220690279339,90,0.112353493133136
-0.398146748584908,27.9010422423238,96,0.1091571330616
0.908388852255995,24.5930912583742,100,0.0467138253746933
0.706719937711333,27.3685395573702,90,0.109370867287329
-0.642627294991163,7.90947542945276,30,0.00248517154016411
-0.621222644706484,27.7404037372305,100,0.10202501336346
3.56305055561481,38.1563695014422,97,0.00773478307224553
0.562835971240288,28.5886541647424,90,0.10814409532649
1.89135219165043,28.8432511914983,100,0.0692397667723933
-1.11315197506296,6.4705494932184,30,0.00216122026163028
-0.327379632334133,8.18751810766695,41,0.0025499578587563
0.758650012862275,27.6177633397061,90,0.110670535879771
0.335792938899026,8.86966851287575,40,0.00273453129192585
-0.821025274952442,6.99449603403138,21,0.00227740677828894
-2.56676922332119,24.6051314811761,100,0.0369119202411069
5.31222286860545,20.4090477990989,72,0.0108866267876716
-0.350271631706095,6.62137386170498,33,0.00219560454911942
-2.79657927045175,28.527822188376,100,0.0550473065739317
-0.593748608791925,30.877109989585,100,0.0516821645598366
0.548300737511569,27.2490211100747,93,0.10665027978592
-0.607583086193468,18.7453399752482,36,0.0113675487202847
5.09509909908124,18.4639699898217,65,0.00821897730790711
-1.14852276082652,6.26570538507386,29,0.00212094908721978
-2.00136302505031,24.2487307651808,100,0.0370966027983804
0.638571643037676,27.2643272455061,92,0.106779727705751
-0.0482181108630808,27.3395585979467,89,0.116611656434848
-0.858361918085087,7.95260571199659,49,0.00248205883785775
0.342214478730236,27.6603628722658,89,0.118224821217747
0.182700610701899,6.08970085430642,28,0.00209321456375999
5.86683192931837,18.9669674530459,66,0.00826250128009232
-0.0826890007487423,30.6532054314864,100,0.0564878175487669
1.70685634030411,30.7004577749935,100,0.0479029519332291
1.05878446858499,29.0984068611138,100,0.0796646634654066
-3.50869456201442,32.9543757944474,100,0.0207675637761184
0.99508447967273,27.9052309512941,94,0.102112412771133
-2.62131145644434,27.7531447397786,100,0.0595807040601571
3.19875223766542,6.06785949039904,27,0.00204589237322786
-1.13271048767158,7.47344703241131,32,0.00237503762012931
5.08421142029433,18.3411583731379,70,0.00803974339806765
-0.264640681161483,27.1944418394947,94,0.107346253520861
2.86468871049918,18.9750162292144,80,0.0104088233005708
-0.908693352011506,8.56581597875996,34,0.00264942808803531
0.25096573751339,27.0963934745278,91,0.10930195103801
0.880696385872648,27.794378870442,91,0.107745895904362
-1.51058169553164,20.5158966659526,100,0.0148949466614
-0.55834635287257,28.564284536867,93,0.10518534029026
0.097682061700534,27.124019928693,94,0.106905805375936
-1.75401711598602,30.6122311186615,100,0.0486723366503977
0.59228561198677,8.4442880231418,42,0.00261458646368982
5.30518556696666,18.9666956382121,68,0.00869876573817639
0.572878964119182,27.9109693548849,93,0.110721571240189
2.5000537888275,8.90328244461204,43,0.00269646975603103
0.199056504829787,27.4682034512098,93,0.112421472224336
0.40607200957052,18.5452012291026,70,0.0105424742031036
-3.31782537008985,27.0399337826325,100,0.0463316840033487
0.806071409862802,27.5181003164758,88,0.11150145230598
1.96379027913154,6.11607224809651,21,0.00208459447671098
2.29807628717807,27.7856855276796,100,0.0658420500379979
0.254912542274536,27.3324528972698,96,0.107002320464919
8.39683651643264,8.80178276080987,53,0.00227287908010648
0.663401831511679,24.9687102156669,100,0.0534536224976658
-0.590536325197884,6.0128101356404,28,0.00207725979204158
0.656110598021223,27.5685200960905,96,0.105073322742684
5.37312482596199,20.5836478171616,66,0.011193851504403
-0.243748583725324,5.82328366345718,28,0.00204318581364332
5.85961563886245,19.2998731374583,58,0.00874637924446383
0.883964102020784,6.38973803302892,32,0.00214634829898402
-1.23264791419106,7.53534672516559,24,0.00239256093922922
2.73905454563975,21.596641686738,100,0.0176526997890886
0.385093852061102,28.1459962482789,89,0.117227992039786
2.8740541747378,6.09885280960914,21,0.00206244038678131
-1.15516232518519,6.44937209728682,30,0.0021565513729601
0.343457689058398,8.67110226966991,42,0.00267751820883414
-0.617393775482189,36.3308048906066,100,0.012192776126851
4.48465216436603,8.84929588470514,43,0.00258553624322357
-1.09377837673498,6.89359756317625,36,0.00224547938762503
5.89754605174077,19.3566615073732,59,0.00877887340323899
-1.00456556855021,33.0972828453629,100,0.026091715824841
3.23335510367856,28.6349402094597,100,0.0477231208284807
-2.85464648032499,24.4316984872636,100,0.0335438405870891
0.293324726257292,27.2597590225608,90,0.113009499188046
-1.38099516174725,26.6639127977657,100,0.0755188337829886
0.462062039719432,24.6613983110569,100,0.0491316930859961
5.22887843084914,18.6318670618207,71,0.00829714284298586
-0.0356093861305313,28.8243358678443,90,0.107183090815375
0.857414568913886,28.1914382689385,90,0.108164313315144
0.195514723177811,28.8289809772196,89,0.107807914750866
0.097682061700534,27.124019928693,94,0.106905805375936
5.84859780119155,19.3686183380659,54,0.0088784993171495
0.84666827821113,6.04733837667971,20,0.00208566247014238
-10.0789367343048,34.9960800603933,100,0.0061579399937898
5.46650781221351,18.3978402288583,72,0.0078407043236345
5.24368663225575,18.786288329083,84,0.008392646942786
-1.08914783537155,7.88194914907503,32,0.00247243765793189
4.1420431226963,23.4947219018712,100,0.0216807035355868
0.00212352810686334,27.0748214710419,89,0.11211451181411
0.293324726257292,27.2597590225608,90,0.113009499188046
0.229487469312925,28.0498346814566,90,0.117796257452352
5.09136193881561,20.5365708025283,62,0.0115375274723425
-1.44599195626177,25.0778789312655,100,0.0506612099357105
5.45675243543799,20.2620128891594,79,0.0103814847492532
-4.5865989794254,28.1507492728084,100,0.0322354910696211
-1.04427407504942,8.12960484390308,32,0.00253466941808768
-4.51330765004775,32.3787878817886,100,0.0197319520352654
2.59282580716142,29.8731070659437,100,0.048376083044308
5.74694220093997,19.9657890750245,62,0.00975929451616281
6.4018532340976,8.63036509403439,53,0.00239801763741371
0.216743267201329,27.5555176861677,89,0.118463183981007
7.22349506932308,8.79042593939273,49,0.00237149087670547
0.308912965112972,27.5595371301728,92,0.113798665331646
-0.82795061798945,28.3580038373398,100,0.096774686006704
0.794286140798271,28.2044266784778,93,0.105823795867555
1.52412628345004,18.2436372959234,81,0.00963185498414195
5.5789668728654,18.2408908502175,73,0.00758282870584187
1.85469080538717,30.7959176280694,100,0.0455513718124265
-1.20439216463097,7.07386354598207,29,0.00228641246991779
0.562835971240288,28.5886541647424,90,0.10814409532649
-3.62494124889734,27.3760626095641,100,0.0429616156084498
5.27660320244816,18.8845098128341,72,0.00858183833695869
5.53359644936646,21.0930871618583,74,0.0118022613596857
-0.46718058818721,27.1728940314413,96,0.103166467387378
10.5596448243819,6.4594533701242,57,0.0017356790348607
0.615536726957284,28.4417009984713,90,0.109687304608204
-0.877534655532315,6.14225889134136,34,0.00209738131712105
-0.919185823453889,33.1647667050835,100,0.0257245690949126
-1.57989224659068,24.8504674035975,100,0.0465944455297274
-0.243725429640948,28.6503825233619,93,0.106573964919611
-0.344590344622648,27.4723699615187,92,0.112727382370668
2.64300214385069,8.7671633854871,45,0.00265273056350316
-2.12899397323661,26.7220491521253,100,0.0635672889726275
0.0147679766283489,27.8042766973579,97,0.109836248755217
-0.971150147235242,8.46025169730884,32,0.00262162838332521
-0.029637619098287,27.4655980382234,96,0.109189287517355
0.0560202851093813,26.9133724617404,95,0.102013927311704
5.07794936040941,18.3245096428071,84,0.00793425897002365
7.92944716024075,28.3233969227494,100,0.0137003707955953
5.24693383748376,18.9263598299225,83,0.00857902793169503
3.2053298076914,18.7374351873504,84,0.00972584060956781
0.324263652905344,27.5989248027328,94,0.111421184455515
6.03302289128917,8.82420847493404,48,0.00247214649233115
4.98020543556397,19.5019873657836,89,0.00957116584103997
3.19472841377306,18.8991961683495,78,0.0100780602959932
-0.493008402475593,6.21489704844544,21,0.00211950607435336
0.344286190627572,28.6063512127883,91,0.108995032843354
-0.011074253767373,27.2283764199634,93,0.1098703865686
-0.87324199439843,6.11438281994764,24,0.00209648368311254
5.22003140165389,20.2882303865999,72,0.0107874704337131
-3.05667818268891,26.7256472729655,100,0.0487000905572579
0.32366137914615,26.9323817490816,92,0.104509299762122
5.13631540827886,18.4197398368938,75,0.00806942408220931
5.09205818915502,20.7174691595176,65,0.0118534733617304
4.66082303068985,24.9248693317662,100,0.0248468692940403
-2.36862861983505,26.6597319211825,100,0.0589796067643483
0.52568807367732,27.6079228691584,93,0.110600929047787
0.0410989252591689,28.7342475096662,91,0.107934961301138
-1.18873783823019,8.04734593075415,38,0.00250812426750998
-1.10302804624563,6.11595049088225,33,0.00209084686891675
0.338288981153671,27.6313276041367,96,0.109071507916637
0.722511224508598,8.63614363836979,39,0.00266718453079606
-1.09976432330565,7.34127343992916,38,0.00234203371859817
0.485227477644994,28.4095374485498,94,0.107099859054198
0.87494281912754,28.1642040513972,88,0.110395810981606
5.35784104033514,20.6544121038439,79,0.0111799588126592
5.64056745082742,18.4053977721351,71,0.00773814889161407
0.493892761486721,27.972942262996,90,0.115508008107096
5.78539013949795,19.6975511799505,84,0.00913930712562714
2.5371794325407,29.2314764905465,100,0.054897278818473
0.0673583675466716,28.658135348114,90,0.11061229751218
0.208248359265491,28.0137088232633,90,0.11809700264298
-0.842245047109417,7.02133985912145,22,0.0022825232513465
4.7362705824082,27.7859224870664,100,0.0309224815233205
0.655709468864298,28.1793637609795,90,0.11195499886476
5.5398775206798,18.8596376687044,71,0.00835282247883221
-1.43824992924129,31.5412549743527,100,0.0391970802842138
-0.266154812984308,6.26793677595531,24,0.00212927964216861
-0.928594362073326,6.17034986430902,29,0.00210456391824524
5.37194875456738,8.23711833628385,49,0.00238228635909004
5.64310653929415,19.8960644870845,65,0.00973808402496742
-0.798181949769815,33.7138934401848,100,0.0223255665932327
1.03894214437392,5.83528844697823,25,0.00204238873348692
-1.92940936172823,25.2087920238552,100,0.0484048701434786
1.65783690789452,18.7792178079415,29,0.0112318569090938
-0.899607836915074,6.21660995337885,26,0.00211505868258936
-0.574403563532446,27.4931569121022,96,0.105636538681012
-1.30654189162262,31.5445247902429,100,0.0397224673731752
-0.833036832817904,26.2625127327591,100,0.0760406215452636
-1.31946062763105,23.967532864512,100,0.0373093976094981
-1.38525417819618,34.3600819047664,100,0.018499700085312
-0.72232169268479,8.25486627286936,32,0.00257047950830541
1.07726014712246,5.98793093570609,27,0.00206952377501252
6.08325128182245,33.8370166177186,100,0.0121040605888131
-0.184499332738185,30.6642587770196,100,0.056205105323483
3.72075023269182,5.88338277695232,28,0.00199771858950079
0.031539880726777,27.6954985081992,89,0.120055750045523
3.55081454271548,24.0052945674271,100,0.026754015755914
-0.0666729661306766,6.33144504285866,19,0.00214437045475671
-1.29305610577396,24.8051938311549,100,0.0478185503585434
0.99508447967273,27.9052309512941,94,0.102112412771133
5.72327156650442,19.4095953224289,70,0.00892163617204088
2.36790694111074,24.5907693616106,100,0.0381622091598302
-0.422860785531435,6.464794323251,34,0.00216315596355249
5.52072909425934,20.639504782244,80,0.0109250397160393
-0.531965348960522,27.1318971560999,89,0.109698175098663
-0.768249807422768,28.2598944402863,99,0.0995011360181693
-0.793100724395212,27.3132027888881,100,0.0968021516197793
0.118259250033381,26.9019353051692,96,0.100651794753163
0.806641119716355,27.7845441060335,89,0.11163765001829
5.59735023657982,21.0668780772116,73,0.0116693431899241
0.0281152119021841,31.0507940523124,100,0.0498130204148182
-1.2054023288695,7.34686768591074,33,0.00234470276158716
0.248082412686584,27.6494439330525,97,0.108608285534578
4.36141060602877,18.4758038413271,80,0.00862000341773885
5.20701931847142,21.2452569109072,82,0.0125023088178476
0.187544550305937,26.9350803691626,89,0.108767335007934
2.04375262812365,18.2692391628987,65,0.00965397046832848
0.352840853445433,27.4367021506021,91,0.11356247766768
-0.645452698486336,6.63175277235335,33,0.00219631277411335
-2.58516722737488,26.4857810038246,100,0.0541243707524879
0.668948211581648,5.86679638246666,33,0.00204748588571491
0.121192706114543,27.1060017097495,89,0.112535736759253
-6.42948348620733,35.5304938003018,100,0.00908621921314382
0.382181042054282,27.559077526244,97,0.107085161804528
-0.50673464365445,5.92394509114426,32,0.00205929746293893
5.17154690554067,18.3826255239197,61,0.00809127283453569
0.555962487566124,28.0141876537633,91,0.113205557701543
1.83939043359126,28.9695089690353,100,0.0689055139567366
-0.133567487069908,26.1961022173551,100,0.0787928309009399
6.17446535019547,27.0427288569693,100,0.0205359994812824
5.30028918785266,19.8947640805042,73,0.0100241847017679
-0.613107029920773,5.94538444983235,21,0.00206747648297955
0.345499571920091,31.3229195301447,100,0.0454470580741307
4.3570267714186,26.5315047960491,100,0.0326233761154082
3.05539645261539,8.70013075464383,64,0.00260562967038265
-1.17475361228683,24.5907255876003,100,0.0455015302779271
0.496983553006224,27.5801961266568,89,0.115915473568735
4.29430358848728,18.5794224852939,81,0.00880327404020037
-0.0377182858530865,28.5929770760161,93,0.108250085117925
-2.60108868137963,28.6576247545441,100,0.0578004687264651
-0.722010351162708,33.5701293935941,100,0.0232483715095446
-3.21945478885993,27.2854313372326,100,0.0485497229926448
-2.736998892212,27.5216491779942,100,0.0571184366232568
-2.27172016628223,27.4437127866093,100,0.0656338612143284
-0.313392268346088,6.04797162304788,31,0.00208369056924809
-0.398838497058872,8.09987161390947,39,0.00252862667743027
4.2472483551876,26.555994738914,100,0.0337338978337511
-0.666172417094025,6.72444918942055,22,0.00222069965055544
3.83425175447393,23.2825898415232,100,0.0219459543808508
0.0524143764492272,28.1499640777593,92,0.115113063987104
3.07246891489797,18.5901559708001,69,0.00969048722731647
-0.706821647717008,27.2696311226512,99,0.0985164128982126
3.34764765979483,26.6489012052779,100,0.0442918836633351
0.189598396119899,6.45646398398769,32,0.00216309193030283
3.83810071658612,18.7991109462955,73,0.00951890291714709
6.10022315810982,8.5361703006598,63,0.00239307800734421
5.2559949956037,18.4512931786141,78,0.00800810402507474
2.34817831368367,8.82327837987699,46,0.00267767180823843
-0.337331981722995,8.4043323899357,44,0.00260426241699267
4.94287370699657,18.5805229575213,73,0.0084200152447652
-0.849331312868768,7.75933862508778,21,0.00245213053729572
-3.90894410663184,32.9587402209573,100,0.0195444593925038
-7.04075934427436,29.26754338366,100,0.0162731299628251
0.268347295680163,27.8925790230018,90,0.118008126604048
0.870511624442557,27.6928137159747,91,0.107675584334153
-0.222216270982732,8.78213261785177,38,0.00271177206517102
-0.96446819877881,8.47029072059308,21,0.00263199488311922
-3.77021252499077,30.6072672672209,100,0.0315893969441884
0.91403672968576,27.6301661708892,89,0.10881562971437
-0.870750409671159,6.60241632596314,28,0.00219107674820406
0.256803999844117,27.30175093666,92,0.111358927285818
-2.34143478670372,30.7881637694384,100,0.0417532621639987
5.19594646490629,19.9027355555264,73,0.0101485148740567
0.660974824715177,27.7308002262963,93,0.109231108446376
4.50945387791102,18.5217491436508,80,0.00858647812802238
-0.277798905269912,27.0926394723239,90,0.110266804524638
-1.07804416426553,7.92695102784228,21,0.00249041881750083
0.00932610260774047,8.61479107377188,44,0.00266150887554279
4.62162793563796,18.4360939586357,73,0.00844639232616841
3.45185120474567,26.7009092258877,100,0.0431729820816695
0.552424262827216,28.6632859830207,95,0.101528438260059
-0.904707234145007,8.4555482068003,38,0.0026171145373284
5.65744856725863,30.5206202187784,100,0.020416475688044
-2.37953319937306,27.3846531922252,100,0.0633299822065773
5.74066173733727,18.8152252564805,74,0.00812436761240566
-0.864712000744105,29.0201718194052,100,0.0833899020024045
3.72869213642905,25.7723537110101,100,0.0355018158963284
-0.635669168886591,30.0785065868618,100,0.0656971293728476
-0.88022498311082,27.6350710422363,99,0.0987464484010839
3.65591384741097,21.2048233810374,88,0.0148424036992626
1.93955336297034,8.71470518759962,42,0.00266345276593227
-0.688533598996713,31.1712638102511,100,0.0468793270635306
4.14798693836906,18.3536424022803,48,0.00882603753271592
5.89221408292186,19.6078028635719,74,0.00899779489107297
1.31608741522717,18.7213599682542,75,0.0106757293023355
5.70506317295535,19.176219199018,73,0.00860746247515585
2.96005198125961,18.1837012135299,48,0.00924918940977572
5.94303628138432,19.9640112682061,72,0.00945297211154256
0.591930172940815,28.4715151056959,89,0.110817786142924
4.00041961205628,18.5609707211503,80,0.00897671814956159
4.82599566890397,18.2306765744499,65,0.00810117365277329
0.846453596541281,6.24659373419308,27,0.00212084474289039
2.31388373866737,32.1432787259236,100,0.0297699232100567
4.98419120785035,18.4072562974304,73,0.00816854053983461
-2.17033711520942,26.8479428035512,100,0.0639462818239343
2.82105555563228,18.9121551816022,80,0.0103150848266616
-0.596518918711523,6.140142671601,33,0.00209924068073532
5.24656668641312,19.1518974559612,66,0.00901875611801673
-1.95993125861714,23.9568553878591,100,0.0344987986383929
-0.772246035036591,8.81090353340613,42,0.00271287582703411
5.74265764691391,19.1572210455357,84,0.00847177706875571
0.250151533651363,6.49234878781707,46,0.00216359876294709
0.569639728144498,27.5188258795113,92,0.110586024765419
3.73167272760518,30.2198835540405,100,0.0340256408328097
5.58191486160593,18.9775518140109,72,0.00846176788334762
5.95715449543221,20.4271273626005,79,0.0100447334848746
0.0701632438654231,6.25641374896258,32,0.00212370921801928
4.88619652814398,18.4609134866833,66,0.00835129032473664
-1.57112940725627,29.0775017057388,100,0.0722086806498283
4.55202902257581,18.5504214348951,64,0.00871739019233075
-1.18881050875621,6.3475220937799,32,0.00213513643123531
0.386939908544488,28.3409039693685,88,0.116539194934744
5.57050970143238,18.8735736022212,76,0.0083118852498151
2.23811160756901,25.2741676849851,100,0.046289728330605
5.36214340188802,20.1864707040841,72,0.0104432533945818
-1.17780493931172,6.39501797493529,29,0.00214598385479531
-0.565252291829172,27.3866796754815,97,0.103672992836806
0.982220883489255,27.875551351015,90,0.106769589132234
0.186750296507004,8.77158528420382,43,0.00270525711685024
-1.24152234341363,7.59294340423505,32,0.00240127140970285
-0.158364825305623,26.0681708102758,100,0.0760967752516076
-0.114252578914499,27.0224102582013,89,0.110893244430839
5.06696545017652,19.797480272418,73,0.0101112959023153
-0.19695331757602,27.0194678682766,90,0.109309164231204
0.0241492664289883,6.52903171259395,32,0.00217786865593026
0.36119245990682,28.5762758453336,91,0.109376373643799
0.248994900766163,27.6053860513292,84,0.126127937975949
5.7244108767763,20.9814567004252,73,0.0113248693060318
0.308559268348391,28.079431733549,89,0.118429833969164
-2.61295911962034,31.3756393356735,100,0.0343883828296233
-0.901360254516864,27.5236070529192,97,0.0997263165693274
-0.319872794503504,8.18791529837039,41,0.00255009107865943
0.327847083638124,27.3987064795352,90,0.114647120739554
-2.2068912543218,27.5717622858239,100,0.0673166588229272
-0.679020425655012,8.08456058553508,30,0.00252857958918713
-1.62409003370003,25.6103235708562,100,0.0568011604661936
-3.43330619697154,28.6685174000992,100,0.0447621661184208
3.74456085870709,18.8455234389769,65,0.00973654803037887
0.0466590034076179,27.3156196437198,92,0.112348517592843
-0.943319112945032,8.29128418105709,45,0.00256888559398073
2.13555067350649,29.6389228931134,100,0.0567480585397514
0.374828904431128,28.136562173888,86,0.121694453970434
0.212565896001874,28.1148337759059,90,0.117501961670179
-2.91459545031052,32.1190023249327,100,0.0273789255651737
5.46378035261395,18.9136158749066,76,0.00844496184237043
0.614547129601231,28.5976136771178,89,0.108449041251989
-1.14128871324178,7.74810215939005,34,0.00243818183130406
-2.44244994479437,27.2745755850034,100,0.0616875293887789
0.201301264141586,27.1357632358314,97,0.103435800291074
5.19740503553933,18.9845450762145,73,0.00877118684562277
-2.12166295549608,26.6895340768879,100,0.0633900818206824
3.8117219705856,18.2896218389934,66,0.00879925247566991
3.30019082732199,18.5724609143029,70,0.00951713868008288
-2.77630282463591,31.7526746848046,100,0.0305323427309444
1.01292801692083,29.4363496381723,100,0.0745823005127314
0.439311662717071,27.9880016026967,90,0.116143150999675
5.87540699063104,20.0160040464232,66,0.00965539248415049
0.383815649242848,28.0467434755387,87,0.12073317540256
0.57829255316614,27.0983372976605,88,0.109679954195969
3.14692285758028,18.4282475958136,68,0.00938214897920858
1.19452552051606,31.2744396960716,100,0.0435201682585216
-4.40546646746163,31.9422612479661,100,0.0217562025071642
-1.1727651614264,7.35495147472819,34,0.00234640396665633
0.381882241800404,27.2020471848177,90,0.111341667263274
-0.457611736504092,27.1875457920548,89,0.111554021824759
-3.58439858330303,29.2729486753477,100,0.0404173551650162
5.14127148594241,19.6452215531545,73,0.00979081321376554
-0.637283475299911,6.09560599994632,22,0.00209533888736395
5.26358046481847,20.0912280369438,75,0.0103649177308494
-1.57308333197397,31.2363592218039,100,0.0420750584708779
5.16021979339713,18.3311078283002,78,0.00792693228523228
0.689876964290324,28.2641315362849,90,0.110628583235489
3.87774784986407,26.480510728143,100,0.0372518144475479
-1.12076675231543,33.0871023719183,100,0.0259964437037562
0.0191546503298011,5.99361402765139,39,0.00207041803516231
-0.777363084037948,8.64003835036659,40,0.00266695311047134
0.11506431087725,28.5331288191083,91,0.111536435721093
0.423446737144443,28.7346451580687,92,0.104787191105459