0.42920924010139,28.6817350332309,90,0.108009560982846
-2.80228353219207,10.7898409063195,100,0.00323429579790577
-2.06139955152167,18.2370288126494,79,0.00946291096504133
1.73717621719428,18.8740918394278,27,0.0114432793733492
-2.79711202082715,31.9252524520973,100,0.0292046970961166
-5.98512289425839,18.2644631406843,57,0.007433797900011
0.743023311297925,18.7153633937363,80,0.0107411310668803
-3.42064170502031,18.3739643247391,57,0.00923274853901476
0.253844075080352,18.1579039533208,54,0.00994826059528926
-4.96332459689037,18.4026806431852,46,0.00836121408575369
-1.24181085832567,8.20558469006321,12,0.00256418334816319
-0.898863021587033,18.2317580516938,25,0.0103161065881446
-4.91364105465675,18.5055521177459,85,0.00825943310187397
5.85046030038476,18.9447391542476,72,0.0082079704412791
-0.843837873009193,7.69412790514418,79,0.002402544959035
5.05427811592599,18.2118686124657,61,0.00795817098795749
-9.72278398024368,18.5418403156704,43,0.00535949740649053
4.92706951865396,18.6026724955697,69,0.008489107916399
-0.844317492046833,6.88606552326807,21,0.00225391914514222
-1.37396615228567,18.417784128901,75,0.0100535288412739
-0.189872828425783,18.7668042801312,69,0.011044142424963
1.26056138368731,8.91017804036722,73,0.00271052216621772
-0.107067171392786,8.83090429631142,43,0.0027220811325177
-5.82821928350472,18.7970694091163,56,0.00815472769727217
-0.742946049940926,7.4995375589343,32,0.00238520188842364
6.6723655452873,5.89108391780683,19,0.00188676029292097
-1.71057976998568,18.6804510158178,52,0.0107165180062397
-0.325065594164879,18.314931176497,86,0.00992668164721967
-0.639616746748031,5.88000282959212,50,0.00204296473051765
-2.48802641483666,18.6036891792221,78,0.00994100568745354
3.85291779974458,8.88101330479003,44,0.00262884757499112
-0.413729249672586,18.1601167670835,98,0.00952527173671598
-3.96291229660143,19.1070990009138,48,0.0101998576175695
-7.58104174657376,18.9434247426196,88,0.00681660715351555
-1.30336774621932,18.3716453908932,53,0.0102090723244689
-0.956161278263195,31.8924657529117,100,0.0369466413890971
-3.77567578544625,28.5625866887215,100,0.0405702213348427
-1.85215983358392,18.5759412186672,51,0.010454980823575
-1.00617670938626,7.66417517425625,32,0.00242110439231552
-0.232782930738301,6.02984686385667,14,0.00208783640951675
-0.178040742329036,18.5498712549423,27,0.0110700035846721
-5.56303977202559,18.4349544655333,42,0.00800620060900416
0.50263337398595,19.062975514975,83,0.0115123784357403
-8.24200754109,18.2550420944833,63,0.00597333580486531
-3.83937805470379,18.4358674218755,42,0.00920137645621555
5.67721823615428,19.4546799085431,65,0.00906601972175839
4.19549966745494,18.7350847737259,69,0.00920049118517207
0.061712219053231,28.0065452213182,89,0.120106800341336
5.18294817815563,11.0407674637489,100,0.00312800967832597
1.4268841555796,18.3098909019679,48,0.0101045633389046
4.86856736199685,18.496586395775,81,0.00830560604727078
-3.32214614332192,18.6922697590924,51,0.0098904540729034
-6.64164860939085,18.3036703112278,74,0.00695605944405231
-3.23481149016551,18.4967276461351,49,0.00961917516575173
-8.23155209283523,18.253725621304,38,0.00606929799815918
0.889439697261012,18.2845550009254,45,0.0102139915696071
1.2694537988885,18.8654971481646,31,0.0115559074796153
0.778670405034339,18.1522289819844,93,0.00951727068879742
-0.951768644979066,6.089593316264,49,0.00208025075628445
-2.73424031807229,18.491061639854,62,0.00976779670071341
-3.20668429010811,18.6184480528172,48,0.00986067373777193
-12.2446495408916,18.5406063192335,73,0.00408152310959333
-1.07471862162944,19.1087752375756,51,0.0119386470132823
-11.1833972664197,18.2368128189489,83,0.00440724938806244
-0.770655805876624,18.5130475077579,33,0.010847924322656
-0.033352031690383,18.3414237399874,53,0.010327491656551
3.88182058969824,18.2184236617306,29,0.00894027710708794
-0.121888291890488,6.39432044928051,34,0.00214987043645877
0.0378616033502883,28.1576845472101,89,0.119185031083196
-10.2634023118004,12.8034551567308,100,0.00292418879429881
-7.08284342426212,18.5330795904307,87,0.00681281664139086
3.507136548053,18.6546021779973,48,0.00973111861948005
-6.47299716414912,18.4769761845665,42,0.00740384149589672
2.04799653314291,5.85876511188368,66,0.00201692602564215
2.56627497526579,18.446973925077,70,0.00969790134280809
-8.2195151019784,19.0653825920727,50,0.00663004840382332
-3.66735500752906,18.5115553870429,45,0.00941025766534699
-6.854844889464,18.8385345914323,43,0.00748508401600944
-1.01429293117395,18.2323004125765,51,0.0100254459808547
-4.34725964019778,18.3518675114356,37,0.00877749268857161
-0.0584512358006629,18.7461861861387,56,0.0111621412890704
0.711288949688563,8.83592276474965,27,0.00273172195872192
-4.04660463187613,18.507816996893,69,0.00895556192687795
0.138208749191278,18.626415720024,88,0.0105260938771269
-1.64758996382384,19.1381324773693,88,0.0112984030382507
-4.66306651297618,18.5252668703447,86,0.00844555331439783
0.973704853820317,6.32927104490029,33,0.00213322135653047
-3.35368600343836,18.567496677662,56,0.00960413707082118
-2.85168365779917,18.4503241470976,45,0.00979447690419838
1.74224633703963,18.3173094611405,28,0.010222549871908
2.83132900711186,18.2548245013152,43,0.00947862256594013
-3.75115473759403,18.5090433245173,45,0.00935141702487925
5.1367345976633,18.6261854667373,70,0.0083630782786557
0.305392717757763,6.73942654033019,50,0.00221177727919265
0.455464367321852,6.35503385578597,43,0.00213709385226137
-4.12434212452792,18.448517834681,51,0.00895973396943617
-10.2464373701125,14.214136272774,100,0.00332078295273048
-0.0939422247349241,18.3852876786526,84,0.0100904694179523
3.9662122191164,18.4606010975672,52,0.0090740996187356
-4.24569388330812,16.3341940185853,100,0.0062189206399888
-0.914258548087897,7.78458002144757,17,0.00245997029162801
0.393257992566001,6.36066960237418,69,0.00212661890272969
-1.77032669474636,18.8566056460173,67,0.0108910608487235
-1.21756957950892,18.5777288581827,64,0.0105299762254683
-4.32780873256629,18.2314593370812,34,0.00863829969651258
3.507136548053,18.6546021779973,48,0.00973111861948005
4.75288280689095,18.7925551120326,65,0.00891012558766029
-4.79157436615498,18.4282814898982,40,0.00855865335276136
-0.644303069824779,18.2509125423185,97,0.0096735712613943
2.82624268843909,5.90826180432969,20,0.0020291313740542
-4.16028596756109,18.4457363640469,65,0.00882140644856629
-9.59524337717103,18.4123973069281,43,0.00536048616697557
-6.69320949154546,18.244641508647,36,0.00705323380359619
1.35012193010925,18.1603285189345,85,0.00949384239144656
-1.91057286973619,18.5251500509294,55,0.0102866069837444
0.547747231898086,18.4678551495281,53,0.0105555796011569
-0.924806305589898,8.15690296324105,38,0.00253925047946685
-3.13857838966943,11.3794854463839,100,0.00343171172727751
-0.898863021587033,18.2317580516938,25,0.0103161065881446
2.05800347215812,6.58089584524596,22,0.0021730190581729
0.335795674173787,8.66043174190516,80,0.00264771163820098
2.82737952545219,18.7669791832222,69,0.0101522247278407
-0.872621397438771,6.15657707966115,43,0.00209619578075327
8.40335721162138,6.01049271365834,85,0.001793810830158
-3.49902281552406,18.6370970846984,57,0.00962196317595524
3.91474491454676,5.97819975575359,12,0.00201493675663107
2.98863333774479,3.6224603966298,100,0.0016492093452161
-2.63847515080947,17.7793299135136,100,0.00843829328425379
-3.0089618811647,18.1666550456015,69,0.00902203432308269
-0.912932584168415,18.5039538967966,47,0.0106390709318675
0.268697514100676,6.44886153261267,73,0.00214241503251648
-5.30403193696878,18.4216425218158,45,0.00815396810095986
-5.7498703173285,18.9852332978254,50,0.00849289873952854
-0.308777052415847,18.3827056054976,39,0.0105553288185583
3.78811146183202,18.8961337486679,79,0.00965961053909491
-0.752932941318854,18.7195451434818,50,0.0111063705031453
-0.683550391924985,6.17893057236195,44,0.00210132329031821
1.47706709978747,18.9395988458604,30,0.0116715623632951
3.18080893357723,6.20571273206972,21,0.00207434354750394
-1.54828115809484,18.1988825658509,33,0.0100040772853723
-0.731072243444594,6.15606964407254,22,0.00210637309377142
0.713307253579591,18.239080726725,29,0.0103203781094002
-10.2271676648792,18.4894447950357,86,0.00495229885551686
1.23249940983637,5.947060472876,57,0.00204770693037566
2.41635468417351,21.2108543760432,87,0.0167595867059
3.21040070512211,18.533175661353,47,0.00971624882031862
0.0378616033502883,28.1576845472101,89,0.119185031083196
-0.0716341097505774,18.2955447350334,53,0.0102345161384201
-6.22939670937971,18.4431168852479,41,0.00754675138107567
-5.85209381710155,18.8389605469094,91,0.00795864990880106
8.38156095917649,6.75423509209513,50,0.0019169682778868
-2.69424736782227,18.5722420015905,89,0.0096762918582026
3.43855571113374,19.0486268357519,70,0.0102683382315389
-2.66547566935048,27.4176101417001,100,0.0581308685453557
1.19349064815831,18.2249823090983,27,0.0102162994440063
-6.84147632493819,19.0108299405938,70,0.00751673517767566
-0.861958729217768,8.16877365668025,23,0.00255273284594326
-0.328132425147676,6.19861317767631,14,0.00212009090421849
-0.283936866194202,27.0231619493518,90,0.108885161429548
1.6042330350081,18.2892822808752,78,0.00971846982576478
1.9499007574722,18.6158198646733,68,0.010311316375439
0.139378592177455,16.2572371604236,100,0.00691691082322453
-0.825231951830966,7.01607785219504,45,0.00226961884447466
2.25197463758846,18.6157877652535,50,0.0103679912842807
-0.935518204227655,18.8910928520377,78,0.0111062172092445
-1.97293167608108,18.4539500999354,73,0.00994129833724965
4.89003160082403,18.400180495359,82,0.00816160128893557
-22.5212963252189,18.435038929723,66,0.00165682793960878
-4.93507317313678,18.4670577434638,54,0.00840996721108388
-3.34096005431848,18.582698453348,49,0.00970362522109167
-0.105959782166149,18.8226762904532,34,0.0116268545121676
-0.8588615432067,8.06832671507554,45,0.00251320758725716
-3.8778753264707,18.8650260541975,53,0.00978754124599412
-4.49893127999857,18.4080811263626,53,0.008635316454856
4.6839284840339,8.47705488643344,49,0.00247839671964119
-7.53926163943825,16.6686902678383,100,0.00520793892342032
-0.85706970168544,18.2292096028761,45,0.0101100482455935
3.31361025544211,18.3092733492329,29,0.00943209374922572
-5.72398478532984,2.31404216515468,100,0.00143817824905891
-4.18615885843704,18.2043785965253,62,0.00848321648219933
-2.82380536695262,18.3318615817323,46,0.00958921261594003
-4.84736400496189,18.9234107367261,84,0.00887448036805682
5.75639967864473,20.5021695690629,74,0.0104610178473188
-0.283936866194202,27.0231619493518,90,0.108885161429548
-0.931892011353487,6.09935656303396,35,0.00208834183471395
-0.967705361713701,6.08363378060921,18,0.00209248183141234
-0.360338619803817,8.55804824162276,72,0.00262574776803941
5.80505692449714,18.6669092747685,76,0.0078904598773498
0.182865517085334,6.71008496049499,38,0.00221187252720424
1.74224633703963,18.3173094611405,28,0.010222549871908
-1.46615122579101,19.0619423351223,59,0.0115769999239911
-1.20261494814825,18.6397530282171,34,0.0110152749805131
-2.40495874243954,18.5687074349237,47,0.0102316539357475
3.99639887816478,8.46368996650149,96,0.00248301008576534
-0.181710977474092,18.3364189787201,67,0.0101671320372862
5.06462221365945,18.4804011801732,94,0.00806767452258097
1.73717621719428,18.8740918394278,27,0.0114432793733492
-1.80509537316769,18.9706009143316,52,0.0113118643721022
1.48270707576641,5.86059509880269,51,0.00203158047268218
-4.58380756271381,18.4016863358373,82,0.00836152791411235
0.767589686410494,30.0281752083178,100,0.0658509034536772
-12.8301235104395,18.466524123481,76,0.00382593999254715
5.70585773410182,20.1157287498399,62,0.0100350533139932
-5.87244700467006,18.3378110838274,73,0.00749724937035798
2.19158169573848,18.6723155739991,29,0.0107480324842583
-3.12121117244486,18.4559061795865,89,0.00925898631885375
-14.1234589753981,18.4144090105214,76,0.0033645606162906
4.6118648464827,18.4779657281978,59,0.00861207358561824
8.38156095917649,6.75423509209513,50,0.0019169682778868
1.62485208380897,6.50201679918739,68,0.00214335909223936
-1.17260873427256,6.23312487721871,46,0.00210681025947426
4.95884606325149,5.92379139483609,18,0.0019664035258405
3.67321074835613,18.9230237330803,59,0.00998152306162534
-0.991482259279274,18.2057179453898,63,0.00986066278926433
4.73713193061067,18.8574131550025,56,0.00909006285538906
0.615250940591279,18.7446856516711,48,0.0112118911166313
1.66246996798992,17.2926125798543,100,0.00804113185056
-1.32987224294337,18.2683824760754,55,0.00998079751643741
-2.12960214747003,18.2296785455871,66,0.00954170251950296
-2.90394005892036,18.9860284634996,32,0.0109525219526431
-9.45325069190548,16.6851059844764,100,0.00446088378517378
1.49992195050739,19.0143550038799,65,0.0113742266807015
3.44346550377546,6.03596349541948,47,0.00202510742756214
4.97213093825954,18.3446927203448,65,0.00815077781787287
-6.75213296536992,18.5322536399066,68,0.0071264557601379
-1.07824668335284,34.4652766562325,100,0.0182892351531019
3.30348111467239,18.3930598741825,28,0.00959137463322022
-0.343951444170481,18.2492240114037,48,0.0101822549901292
-2.40495874243954,18.5687074349237,47,0.0102316539357475
-0.927506680629099,6.07558402544043,81,0.00206408620218996
2.84094685030248,5.886538064978,15,0.00202692026696987
-7.02404055736168,18.2056847183596,59,0.00669488284671652
-0.0218313405106823,26.8943030930485,88,0.109451876760555
-8.84145077958141,18.5298126587642,69,0.00577875318919692
3.89640850900783,6.18059479223756,29,0.00204485097618505
-2.59854525115411,18.3265718345626,67,0.00949999136581334
-6.64164860939085,18.3036703112278,74,0.00695605944405231
-1.22887662042581,18.2325143721355,98,0.00953076123525679
3.87766042969041,6.29603709459625,31,0.00206571005583282
1.42030277993613,18.2229951134582,83,0.00960486149974016
0.194537748783589,19.008946931718,55,0.0117921938457665
-1.23483889239789,18.2700435246663,55,0.0100083273731163
-4.12072072757443,18.4475684742026,86,0.00868821271771704
-2.46293815663586,18.8620087659631,50,0.0107581076177587
-0.678871619511634,18.7398186475539,58,0.0110665844886386
-1.7296661791938,28.4325007724894,100,0.0756481792769091
-4.78780973182708,18.6104780523435,67,0.00861321693464069
-0.142537219924031,18.7616989185958,45,0.0113349271108863
-1.76983270796174,26.0474351402077,100,0.0612625707460156
4.0890383644164,18.4461452064514,69,0.00883664157019505
-1.16818911620404,7.343269544127,41,0.00233998808496666
-5.59060894333788,18.2286063361215,74,0.00755609695802569
4.08059204871886,6.3312191381728,37,0.00206273244988839
4.60509538502517,18.2147809213631,27,0.00848449922163145
-5.94939064327229,18.4407604796714,62,0.00761953506581214
-4.84588376574824,18.4528997794199,67,0.00836117777171305
2.84046072746751,18.3848864877355,78,0.00938346746695906
-6.45821329836008,18.6172023562673,42,0.00756076935011948
1.2694537988885,18.8654971481646,31,0.0115559074796153
0.904010067182772,18.9147208624548,30,0.0117982457985809
0.263706356722983,18.3123578166768,46,0.0103357452115359
0.0706580562948085,6.03430972659557,14,0.00208890072131001
-3.63022285831255,29.0754319888439,100,0.0407269093762309
-0.776097946391208,7.67584114080776,21,0.00243277344477706
2.68075650293383,18.1906166223164,46,0.00941545734591139
5.39837203282601,20.4390179852731,65,0.0109131302819015
-6.2701085653707,18.759442452807,50,0.00780896749148786
-2.74021375707306,18.5311577435925,73,0.00973140095543682
-0.899119977032872,7.28350055929009,35,0.00233289146920214
-8.09958407062715,18.4577236666679,81,0.00613382904339351
5.426046230705,18.2647652555544,66,0.0077498218739217
-1.71646301213646,18.8698429068171,65,0.0109658272196549
3.91474491454676,5.97819975575359,12,0.00201493675663107
-0.671968701853755,6.047579788396,11,0.00209078992338969
-4.18720193273392,18.2330779888752,41,0.00867791285523385
-0.687428149132847,6.22283092449988,21,0.00212001794174185
5.08203810183426,20.779323147058,95,0.0115765397826652
-8.90755772008594,18.1793356811709,82,0.00548893291134845
-0.395379472009698,8.80209924984521,98,0.00267302483486552
-3.04770202512844,18.598507824496,55,0.00985341892285126
-9.22632567080062,16.6183894743987,100,0.00451614725517682
-2.90394005892036,18.9860284634996,32,0.0109525219526431
-6.47601138884795,18.615057167151,56,0.00746650105481842
3.40093564911515,6.69200664546395,31,0.00215654988898469
-3.25818793889761,18.7187587898264,90,0.0096059934850979
3.51057931956255,18.6024976185652,65,0.00948322141719539
-1.06939720528936,6.46263572409295,17,0.00216616807990757
-6.67938291591982,18.703711899546,81,0.00727402869620484
-2.33747519857809,15.9423046505113,100,0.00635220261015182
0.266862117827782,8.1486657335775,92,0.0025077889896157
-2.44439132376519,18.6199500540153,48,0.0103010576376237
-5.60365395618899,18.3569232188856,37,0.00791553212120638
1.16133063230392,6.46835885688093,65,0.0021440599407365
-2.13749959327841,18.5422289749439,96,0.00981221462703904
-6.49481900215367,18.3654424183585,48,0.00724355471065011
1.29312969066543,18.4510031449668,64,0.0102537114545846
-3.42619942709746,18.9296444800983,52,0.0102445197545597
0.181545739629914,19.1157674652587,87,0.0116120855744961
-3.63608082562939,12.0268725732759,100,0.00365164555721925
17.4314910717375,0.652182133574555,100,0.000948685163972014
-1.46739711635226,18.2535631870187,54,0.00992441303660986
-6.87940606237225,18.2978489817819,38,0.00696934074879729
-5.3136843973971,18.6792542150737,69,0.00830944182271165
1.92164070692146,5.86289809035542,30,0.00203450287726608
4.89016381073773,6.20765819604671,23,0.00201616104959278
0.805023163903627,8.8414380367562,42,0.00272107534703891
-1.71323385895799,18.2484460958682,29,0.0100865531815496
-0.452920979002085,7.80041384897855,39,0.00245433276348446
-5.30406269619558,12.4219868359724,100,0.00361788625746811
-8.34673499481775,18.605049876568,42,0.00623262802362071
2.07621294216872,18.8335035720653,42,0.0109996953665077
2.83538906446914,18.2608886276545,29,0.00961472857847281
-0.0923197328416248,25.4716024679975,100,0.0640210185773802
3.45067905906869,18.5195441275442,69,0.00934794455113738
5.62050519722574,19.9053379268317,74,0.00969110673200539
0.200269507634147,18.7704295454081,29,0.0115628504167371
-5.05950473616578,18.366716008003,40,0.00828874723172674
-6.67088981994716,14.4962207896237,100,0.00429137774981971
3.13961933661805,18.7202902326085,51,0.0100588346584494
-1.98190204752283,18.6362245733961,78,0.01023229697323
-2.13599145937413,18.2880755815293,71,0.00959611347072495
5.26939334707287,18.2569940883638,73,0.00779976661870909
-3.36273274889691,18.220532228514,89,0.00876791995532309
-6.47299716414912,18.4769761845665,42,0.00740384149589672
5.70520780826999,19.0599119009778,86,0.00836724173523801
-9.33707468917144,18.2416982139738,97,0.00525437848311253
2.85486631689604,18.7956110579507,67,0.0102106651258726
-7.10293942336086,18.3999958710464,96,0.00664593981203024
0.33976667585751,18.6349810143859,55,0.0109122394278017
-7.81454245106424,18.1805556497005,84,0.00609445276426328
-2.9318046425078,18.4072921600565,42,0.0097018120866673
-2.17436880780067,18.6369688676678,55,0.0103932840094516
1.00649934844639,18.240730800614,50,0.0100534687115343
-24.4658731414373,3.43485293060902,73,0.000830959471425071
-9.44945493538,18.3693723221994,52,0.00539116485998033
-3.37401884580334,18.79922863865,87,0.00969885292389436
7.10488318842708,15.3004369760231,100,0.00458391712779767
-10.1850705146014,18.2510868437993,48,0.00495560708818438
-0.611780246995781,6.01623999499303,28,0.00207779637403623
-8.18079145972933,18.9528131437837,52,0.00656226787990248
14.8105207056119,-3.42029915093046,100,0.000827960593642389
3.1352156775472,18.5442893983982,29,0.0099565826465222
3.5950166849667,8.78691902024767,99,0.0025802808989016
5.67621475726472,18.6971981843775,33,0.00830564793501995
-1.67978495828606,18.3620466580361,52,0.0100849891206846
-0.589773958614366,8.89855592204144,42,0.00273948540374513
10.7122447425674,8.90022585213478,51,0.00208214874645238
13.8913523944265,28.0346978384074,100,0.00492851775338275
-0.67127328792734,18.4893362549262,28,0.0108714431254337
-1.57051204971352,18.9472370654074,66,0.0111823200258208
-9.73859623433511,11.3256036141997,100,0.00264432468261731
-2.62987952325709,18.4412001911768,44,0.00990546850880274
-6.02222810048687,18.541014012368,84,0.00755088742999083
-9.64868347401959,18.5540953173454,69,0.00533273731893855
2.25180722566548,8.66027440036457,44,0.00263818445542382
-6.29496410716807,18.6153999221111,61,0.00756927475434645
-3.45157435864439,18.2233854581196,50,0.00903321770975387
-1.15989126768315,6.56365981896438,26,0.00218134341685323
-3.68148546759381,18.9197082811885,61,0.00994972910558981
-0.283936866194202,27.0231619493518,90,0.108885161429548
-0.136621844257156,18.5943830996602,47,0.0109296517227672
-5.78957394378811,18.4823473374626,55,0.00781960395963226
-0.809006986446546,5.92204162349476,36,0.00205556719587983
-0.574016152028003,5.85373136887867,27,0.00204808601200405
-1.32987224294337,18.2683824760754,55,0.00998079751643741
-4.18720193273392,18.2330779888752,41,0.00867791285523385
-0.286334020851667,6.12333049789885,59,0.00208585586186052
-0.42581797802112,5.91069919141705,70,0.00204119800334398
-3.24431124308917,18.5808301019485,43,0.00981812082450731
-9.40186125487945,18.424395193527,50,0.00545405097329299
-0.0218313405106823,26.8943030930485,88,0.109451876760555
-4.17724288754884,18.2125482326251,62,0.0084999660216998
-2.97130490005084,17.9659161587576,100,0.00857287350795925
2.27343602544201,18.4021588410565,28,0.0101684249619169
-1.59131627413189,18.1753763557332,53,0.00975142069834065
5.86788644934233,19.8021075721745,73,0.0092951800949384
-13.39882107131,18.7829332992595,78,0.00369487730358896
0.496434489229177,18.7788753020242,27,0.0115825574041194
-3.61545765629689,18.2553719315949,39,0.0090789287078255
-4.32045248452492,12.0116202984563,100,0.00357426730683711
-0.283936866194202,27.0231619493518,90,0.108885161429548
-7.18228316471855,18.1838248395699,83,0.00647507047306281
-5.05950473616578,18.366716008003,40,0.00828874723172674
-8.91641410255384,18.9773338711059,45,0.00610399424338981
-5.55715278690636,18.6236119959082,78,0.00800533860815342
-10.0882861866247,18.2226422858132,81,0.00490973447485658
-4.13372725376274,18.5393862932111,80,0.00885852748975107
2.71238746213189,18.3456762410055,89,0.00928471324254434
-1.1024379450361,6.52387635130589,20,0.00217675571659152
1.73717621719428,18.8740918394278,27,0.0114432793733492
2.83538906446914,18.2608886276545,29,0.00961472857847281
-0.802476022011331,8.46587126927543,60,0.00260603207368679
-9.41284106746016,19.080404210268,69,0.00576350341054136
-4.94116505489159,18.9048072405364,37,0.00915468194551698
-2.24029837956226,18.4274811722442,55,0.00995860581776819
-2.02979719173457,18.3762872305527,90,0.00961674157302335
-9.50635816829322,12.4147748738128,100,0.0029510276998742
-6.04348646305868,18.1656463497329,62,0.00726590088685517
-0.697536714033929,4.20415586010381,100,0.00175424751235566
-2.89763658200504,18.5556740035361,56,0.0098531120387781
-13.0066226908895,18.2900793159272,91,0.00369303126093044
-1.44712886637488,18.5413242851803,84,0.0101775025834486
1.02473006705036,18.8719759819239,52,0.0113690802098677
-3.40549212762324,18.6645588865315,74,0.00957146245175688
2.88796635634261,18.1788546544382,29,0.00944377545877629
-0.985530731472199,18.3539078887454,80,0.00997391282751081
-4.28920863707641,18.1640659938456,62,0.00836586174351144
-3.45326112764457,18.3777373968597,57,0.00921975486417896
-2.54347771131286,18.9565786887215,50,0.0109095039153692
-6.51983246567789,18.4118885070861,42,0.00730463504174679
-19.1528581304285,10.0094666400948,100,0.00143798274787766
-6.78709424227064,18.6923598192926,84,0.00717185529790646
-2.77323564961893,18.2066626988448,50,0.00936306645589034
6.36646033536396,8.07527511622525,76,0.00227005966505126
-0.0865456767316398,28.3971407139925,90,0.114999575458129
-5.6301213688938,18.1873662927785,70,0.00750846483293811
-1.78515517753733,18.9524199432513,34,0.0115134713402117
-0.669944449496495,6.73908205504281,54,0.00220801632293017
0.507188825272702,18.5943565418013,79,0.0105337125711871
0.197025139735815,18.5858037803598,33,0.0110774532188983
-1.88607711254506,18.9543769770946,81,0.0108825272268762
2.92543334641785,19.1287088303207,75,0.0107277505566652
-6.16105762665558,18.2800063126096,94,0.007139818192791
-0.183486148593946,18.2246774460113,31,0.0103201386179018
-4.48300513035658,18.367634228396,53,0.00858908736614345
-2.16228781281248,13.1394906325078,100,0.00432327237840313
-3.85314684270256,18.7253262642451,53,0.00956822587729383
-1.0851137030236,19.0319022589249,53,0.0117184384824815
-0.33718511217723,6.3910817418101,35,0.00214830982649385
-0.660472867701171,9.33654365858031,100,0.00282884277612291
-0.294719683496288,6.36047779608848,52,0.00213460634356851
-7.11232154943355,18.4058048422365,68,0.00677087991399381
5.83289689632609,18.4780284481572,80,0.00763543744872812
-1.70975773846988,14.5891397763963,100,0.00529176676554494
-4.79157436615498,18.4282814898982,40,0.00855865335276136
2.86492015690397,18.3930410245293,65,0.00950069306850022
-0.704266750178522,18.6007482365033,29,0.0111044952009028
-5.94450375276848,18.4855657152002,69,0.00763118113150493
-6.60743603538371,18.1601462419242,48,0.00697008133438608
0.702507148857859,27.4346399100728,89,0.111401990222647
-2.72207401658016,19.0460609472174,52,0.0109627493128344
-8.05696225790936,18.370903731205,41,0.00625070153133491
-2.36027777136427,18.7592863638531,62,0.0104692973577483
-3.90553079499783,18.5069932182354,32,0.00935838673224817
5.73593951252366,18.5672804433392,56,0.00795041437912905
-0.396034245580603,8.74254874902231,44,0.00269554830886372
-10.7200635584188,18.2604242138265,71,0.00464907946223495
-5.17005433508765,18.5327384662878,89,0.0080938024069642
-5.39682586590736,18.4259775099677,34,0.00816654341376925
1.12131707429735,18.3813237190083,47,0.0103383660086276
0.461333354866261,19.027461326353,50,0.0118836261425413
-0.481343916715126,7.25294268465323,88,0.00230078410404453
2.9272912026672,6.76086824888687,79,0.0021617155969387
0.82434411568642,27.9223279767167,88,0.11255841877362
-13.1535949078901,18.4539342033397,40,0.00375353702995941
-0.463581777262387,18.9996693032621,33,0.0120564335461098
-8.54778305626668,13.3017413818318,100,0.00339046870179025
-8.17132983218858,19.0018276483446,72,0.00652057350895196
-6.70177587386803,18.5556784963852,61,0.00721978937106687
0.435467572680738,18.6634272465691,31,0.0112624898075426
1.12876386849804,12.6033313446382,100,0.00409871753018318
-2.54446441436835,18.2648754883355,73,0.0093663276946033
-0.918829700655668,18.7327164629937,49,0.0111141844860448
-1.00609576725874,18.5749209250743,48,0.0107586028726725
-8.15650386221026,18.2666232054479,98,0.00590715795580597
2.34298225266467,18.433866158486,46,0.0100134316756591
-6.92298683259065,18.9958962144772,49,0.00755726563864142
2.74150672490411,18.3698831586538,72,0.00946050224869719
3.76255186947458,17.100342632244,100,0.00715028233082044
-3.67450890802539,18.2069739910983,60,0.00880221360974245
-7.1845546776632,18.970306524799,47,0.00733850975127043
8.97297192928457,6.35414285086566,89,0.0018087425806953
-2.66591118419264,18.2666540996914,79,0.00926233987496849
4.70658862067251,18.5628292390964,78,0.00852417975585158
-0.59317971164713,8.70977168418704,17,0.00270466586351696
-4.65762704340262,18.5744503834031,76,0.00858819722686624
-1.17260873427256,6.23312487721871,46,0.00210681025947426
-2.45014443413409,18.3210471026796,54,0.00967872373428321
-5.11339755677655,18.4879229999984,51,0.0083328592879335
-8.02032976125998,18.2289474227844,62,0.00608984958988447
3.0983387348329,18.8870731977771,30,0.0106341916509863
-0.737069879367702,6.80193392700459,24,0.00223544380109818
3.33906249545551,18.3374471391591,29,0.00946495660265926
1.25764702866516,18.2316790285832,34,0.0101408525001731
0.435467572680738,18.6634272465691,31,0.0112624898075426
-23.0266427060121,11.0740251442587,100,0.00121663720053031
-0.367167168344217,16.7327753712797,100,0.00746946246667633
-11.7333710205985,18.1981011807308,63,0.00419728647706552
-2.07667040699817,12.618544832564,100,0.00405591999688863
2.27854136843238,18.2779879788182,67,0.00955736143537387
-4.27236548784636,18.3677101339602,35,0.00886673107411454
3.8603654266551,18.7381290526264,48,0.0096307106696269
2.483033604634,6.13062779839142,27,0.00207475001387083
-4.48703813887047,18.5244780633618,49,0.00884098602834939
-0.580431393050218,6.78158796820325,65,0.00221195163156208
-1.32092995633866,18.2165238820846,56,0.00987495120892606
-10.5153255150597,18.8804755114481,84,0.00498685650877247
0.469344118287591,17.5139978141441,100,0.00853339763350158
5.06537138076363,19.4683851903481,82,0.00950580029770899
-15.7646127366235,4.39860709115408,100,0.00123621778080988
-7.40572063635021,9.47935310993693,100,0.00248361245538325
-7.88104298217536,18.7273328580699,67,0.00652997169226011
-6.60661508476784,18.1533706553583,39,0.00700815009892107
-2.62250061519865,18.8769171309711,51,0.0106841612624795
-6.19968523967798,18.297274961358,51,0.00735800287649088
-0.717281303733416,8.37529611061497,39,0.00259728564244507
-0.752936776249176,6.8687978116578,34,0.00224441517533583
2.1090995324245,18.4703543811716,47,0.0101793651078749
0.87093309730134,6.00888709401954,33,0.00207260472549112
1.73746193811072,5.94538788044891,28,0.00205328621784062
-14.3958282094018,18.8238251678277,78,0.00336003824508742
-6.30390955855903,18.5252866017884,94,0.00728861792394151
2.50500642868144,19.0108131672746,68,0.0108335275761343
1.73717621719428,18.8740918394278,27,0.0114432793733492
-0.949052471112118,18.5747413439845,69,0.0105328928489097
0.829152359913454,6.51679411721402,33,0.00217167677058975
-3.01093737510079,18.3341040719382,45,0.00950272415095553
-1.13401098136037,6.8900815793426,45,0.00223976060035427
1.0515212651882,18.3744059582052,70,0.0101003330082858
-6.06392448229151,18.2990799996871,47,0.00747345040586736
-6.69320949154546,18.244641508647,36,0.00705323380359619
-5.60365395618899,18.3569232188856,37,0.00791553212120638
2.83538906446914,18.2608886276545,29,0.00961472857847281
0.646548890864477,27.904877723731,90,0.113366730023258
-2.17436880780067,18.6369688676678,55,0.0103932840094516
-4.15794948781217,18.3390257687525,78,0.00857176945611827
-0.900812082313079,18.6799644061239,42,0.0110854659875225
-0.219921153743644,18.2086396148853,51,0.0100784123027258
-4.05731363187277,18.4007372002803,85,0.0086682283959282
4.21079243948723,18.2334404109749,87,0.00833151316001043
-7.26354401918038,18.7843201991948,92,0.00688465941088757
4.2343785240914,18.7399064919088,68,0.00918867584385336
-0.437838685458545,8.74252734451088,75,0.00267295549561751
-1.95685266777656,18.9249412993013,45,0.0112249028119652
-1.76726889364113,18.8030986036785,49,0.010992140963976
5.56447702861097,18.3584863989558,55,0.00783289919538565
-0.827364725630103,8.27623102446414,89,0.00253769786453578
-1.20261494814825,18.6397530282171,34,0.0110152749805131
-5.5181271616578,18.8368826053496,44,0.0085331747970659
-24.8881193344433,18.0233957171499,98,0.00137570016474345
-1.94473035906837,18.6054821655894,46,0.0105316425011425
-6.59828745310735,18.5461073770759,77,0.00719890503684527
1.05479529532093,18.6224215692015,50,0.0108261100660047
-11.3438698078927,18.3471124457538,67,0.00440911421948725
-7.82941326780007,18.3762345992581,62,0.00631448832583007
-3.92324930187039,19.1047708765059,63,0.010073682711722
-13.8477351621722,18.2925685994698,92,0.00340808211304761
-1.76726889364113,18.8030986036785,49,0.010992140963976
-6.79857073916081,18.1579771754481,55,0.00681315906945582
-4.3951996888886,18.7886301895234,52,0.00928238338533119
1.50314599968067,6.10846396167671,11,0.00209448854116441
-2.84243806403248,18.5416840172857,75,0.00967731020681792
-4.06190706863128,18.267571554532,42,0.00879983596530673
-7.61291376176275,18.4135801732808,38,0.00658260019181761
-0.270639682462465,5.91669539737123,32,0.00205872684040438
-0.321830182562257,18.6391254425803,81,0.0106211353215595
-1.03155730028007,18.1942501491371,27,0.0101920465692082
-3.41708148092993,16.1335370618809,100,0.00628470877460605
-2.41918399375633,19.1093016380497,55,0.0112549491050459
4.45476071931203,6.22485107751594,19,0.00203757684909375
2.8454724144074,21.0333683053947,99,0.0152631006233549
5.11617658380908,18.5115864063751,79,0.0081704549166575
-12.8428798515651,18.3814741937096,40,0.00385050132566153
-0.950522358602587,18.4235141808232,29,0.0106638137317392
-0.322090413720998,18.4263179709043,29,0.010761665959599
-7.66613261463164,18.8639266725338,52,0.0068576682695862
2.89872283875884,18.5486741835916,78,0.00963136924491663
-7.46944221517154,18.226354997079,90,0.00630817341171191
-7.78294070492001,18.9489210566075,78,0.00672474518120107
-3.55746818596944,18.4384420282675,50,0.00931570366181936
-6.31196440171952,18.3551837615706,70,0.00724076683457764
-5.30186437553991,18.6025588030381,36,0.00845066626957876
-6.20075394242207,18.399429774492,76,0.00732728909522556
0.461333354866261,19.027461326353,50,0.0118836261425413
-6.98195127089756,18.2159167390934,51,0.00676677787310819
-0.0229358358493678,6.69293482822053,67,0.00219443342742406
-15.8738752214747,18.2509715487057,86,0.00282615134025885
4.329118646421,12.150019200292,100,0.00362996705370883
5.64685485716122,12.9920277919796,100,0.0038039980085619
3.59939385631657,8.74726683556823,50,0.00260280802718114
-0.430447145870635,7.72014632689644,19,0.00244708324273594
-2.86283194703684,18.1822262702491,57,0.00921828641469209
-0.4387688658529,18.6441535273524,55,0.0109232168560507
-0.0464835797669279,18.2273965929124,83,0.00980257440742439
-2.46293815663586,18.8620087659631,50,0.0107581076177587
1.73717621719428,18.8740918394278,27,0.0114432793733492
-8.59901154519947,18.7370062274044,98,0.00595608350594569
0.843275685775778,18.6013455485775,49,0.0108392059467977
7.1687734715511,8.71033913070643,92,0.00233508925574018
-7.00737943670407,17.1434050749379,100,0.00575121637361184
-4.06082388187499,18.6781351583682,55,0.00932656360833272
0.58821049049218,18.5661427185433,31,0.0110198002865093
3.68643735932448,18.9570626306306,67,0.00995271272157218
7.67523737466683,6.10727226308315,33,0.00186447087900523
3.97426557252156,18.4953243590434,79,0.00890344438355515
-1.20228306029192,6.38040898872052,29,0.00214283080163603
-2.12960214747003,18.2296785455871,66,0.00954170251950296
-1.76726889364113,18.8030986036785,49,0.010992140963976
-1.77604276851504,18.2759616081207,34,0.0100671672891479
-1.65563727420896,32.065387519453,100,0.0329847648375518
2.56155248718126,18.2881719756387,52,0.00958716687902717
-0.635311985212224,6.2986359252269,64,0.0021157289658299
-1.52925427395942,18.5427989930746,65,0.0103548737005602
4.5564548681915,18.2755970124049,68,0.00830932277405472
-4.77521854809227,18.3848440021181,37,0.00853200731635199
2.25476556952457,18.1674132286409,71,0.00934097872395321
2.13932760432476,6.33879933173438,57,0.00210795693895618
-0.806300344344589,18.5252135673512,97,0.0101613179749419
-0.928918663277957,18.2300499208366,65,0.00989867415009223
-3.96291229660143,19.1070990009138,48,0.0101998576175695
-1.10493896794074,6.25879138758892,51,0.00211020551278298
0.610879242245079,28.1106012038136,89,0.11446419242825
-3.60949061768346,18.1915636985901,92,0.00857397771800733
1.44346053418914,6.57890138405713,90,0.00215089688165188
5.10183017557323,18.6368488985259,70,0.0084020209692421
-5.63764166747231,18.5694617972266,53,0.00804368901257714
-2.61473667446446,13.3672801431377,100,0.00440892618882668
-2.42091089979752,18.6400149970099,68,0.0101427365079274
-21.4640321518608,14.1067159045978,100,0.00151562803635158
-0.249082121117513,18.9502311410581,80,0.0113161797527005
-0.283936866194202,27.0231619493518,90,0.108885161429548
5.23332361946014,21.1247360801783,74,0.0123351554462776
0.918611922921762,18.6711652809977,68,0.010752428813499
-7.99880759345476,18.6457140554654,77,0.00634889341221091
-24.4851174936675,18.5168544087064,67,0.0014400103742035
1.75756088759392,18.2467229430578,70,0.00966847972706349
-2.6661385324604,18.3621862494844,87,0.00935092986651039
1.37872240802251,18.7272390877997,27,0.0112445753929707
-4.39925543388443,18.5820960032458,78,0.00875987477920214
1.92553831928977,6.08585622144096,24,0.00207824228139491
-14.7529801381186,18.2892693898199,92,0.00313112562538041
3.68658361591825,8.73053438945952,20,0.00261454563919341
-1.1360198012192,7.88280294880599,17,0.00248120906854352
-0.0814849367591732,6.40480169169023,33,0.00215245307389541
-24.4446793527271,13.6720226895568,98,0.00123521277963856
-0.646106015307705,18.3415811749721,50,0.0103154169410875
-8.80659952974601,10.4949374035189,100,0.00257039334589053
-0.601600291726678,18.2039722874662,81,0.00974415164366882
2.27353457784857,18.976341833829,30,0.0113621774175642
0.435467572680738,18.6634272465691,31,0.0112624898075426
-0.0288180519005428,18.4206849311398,48,0.0105456498059783
-3.45915521684197,18.7500611197868,35,0.0100623606640475
-0.843643531886859,18.9247432226119,62,0.0114059377135464
-3.02998801170073,18.2283022159701,89,0.0089465255088242
4.17388299416222,18.4963043214083,29,0.00918069292341222
-4.09384979761947,18.9565954658488,32,0.00998470095127859
2.8301765476892,18.3350777554058,27,0.00976957618384962
-24.3954040480122,13.6609133788145,61,0.00124411240235273
-5.95894701806673,18.5336799194406,56,0.00775113598258839
-6.00744906613521,18.9722830378353,69,0.00813643666804205
-0.864398802072555,6.91504750252407,50,0.00224521830822591
-0.447672857792146,8.71514407665216,39,0.00269125224141543
-0.262744009216038,5.91627270976764,15,0.00206589614712951
-7.61667331656319,18.7509547677404,46,0.00682538265233916
2.63770596908437,6.55265390349814,13,0.00215882868118734
-0.742342976922506,6.14984454937246,60,0.00208839516233529
-1.5042615345214,18.3092073984883,71,0.00985172672927168
-1.09864488720369,6.30222865568182,31,0.0021276649712813
2.37175067162371,18.4011753767878,67,0.00973530260568305
-0.588995218485475,6.91410613395236,58,0.00224300664516871
5.70143722158738,20.5776321835148,88,0.010497776486905
-5.21513868774115,18.4115086266897,50,0.00817020067949177
-0.225790315041725,18.7918100844074,54,0.0112858584180607
-0.93164377335026,6.67955277251019,17,0.00221174027273806
-5.26995545735289,18.5794662332517,67,0.00822878145055746
5.81317113194922,19.9822500525035,74,0.00959947400739619
1.29312969066543,18.4510031449668,64,0.0102537114545846
-5.65902303636304,18.7459702599319,77,0.008083185233875
-2.68012927500467,27.9628111128036,100,0.0584986537543658
2.83538906446914,18.2608886276545,29,0.00961472857847281
-1.4787678774877,18.5283057518122,48,0.0105272757723075
1.37257486597036,18.7305207318199,27,0.0112543010006723
-4.45381771986914,14.2159308428189,100,0.00463109102779087
-2.70399654454734,19.0094832851199,85,0.0105189946619017
0.48078165966964,6.52074050599797,20,0.00218079254972547
-2.73696338546988,15.1138323360068,100,0.005559006383232
5.21500937436426,18.4138053617022,70,0.00804173571561555
0.073182790353526,18.679623473306,80,0.0107286513927325
-0.876032568677686,6.59098551332245,10,0.00219735800041763
-2.59092713859407,18.2578118842379,80,0.00927302682378733
-2.96387501626619,28.2654374232738,100,0.0530533978636681
-6.66694560821744,18.523426607685,73,0.00715083320879214
-2.48802641483666,18.6036891792221,78,0.00994100568745354
-4.62144925824007,27.5720297365671,100,0.0319056273712893
4.99684195359602,19.3334651198266,73,0.00944355713425936
9.80166223979992,12.6026416549529,100,0.00295160887416767
-0.892521594129449,7.45946640710174,12,0.00238589580104233
-5.70760245821155,18.213439992825,74,0.00746504368496298
-3.11579722652617,18.5246082429826,66,0.00958021365027417
-4.2298898559312,18.5200433089183,91,0.00868426109861836
1.70855377166847,5.96600062705136,25,0.00205879304585574
-1.4545798980235,18.5666126352796,81,0.0102556927069093
-1.71440802221732,18.2936703893376,85,0.00962663093070987
-11.604533043608,18.2368734523809,71,0.00424999242618455
-0.311353016246599,6.25388663762298,65,0.00210803477213838
1.19341054107117,18.4341637444094,31,0.0106050256785242
-4.06190706863128,18.267571554532,42,0.00879983596530673
-3.07317797720443,10.5738627675298,100,0.00314269052109741
-0.213902016036644,18.8871453024164,53,0.0115232525842369
-5.82218592820099,18.8420384589615,80,0.00805511185672637
-6.11139831262335,18.7555951980089,87,0.00770042990721176
3.6036736765597,18.1699179720941,45,0.0089039976349817
-2.24029837956226,18.4274811722442,55,0.00995860581776819
-1.0914803609909,8.49064900005352,89,0.00258925176235476
4.65457302280229,18.4628882698798,64,0.00852551364737309
-0.898863021587033,18.2317580516938,25,0.0103161065881446
6.14736257592565,5.81892091875886,30,0.00189553799973992
3.61199955267034,18.5772978751774,76,0.00928168627211093
-9.22077258735366,19.1047029532911,56,0.0059452850467284
-3.68148546759381,18.9197082811885,61,0.00994972910558981
-9.01657416954876,18.7155183716347,70,0.0057855720192063
-2.82017208594466,18.1719269538695,75,0.00907135819414138
-6.3255565130944,19.0398974279062,54,0.00805609133229895
-0.853516452668947,6.02368631516521,25,0.00207896725943622
-14.9098759025899,18.335094177809,79,0.00310701067186158
1.9358691415097,18.6430467942995,28,0.0108197476752888
0.890882449833584,18.601054520679,51,0.0108054807187387
-0.738486536616764,18.3034340545535,54,0.0101835134526272
1.74224633703963,18.3173094611405,28,0.010222549871908
-1.99183168586026,13.3774571343887,100,0.00447130732962681
-1.76726889364113,18.8030986036785,49,0.010992140963976
-3.05763270915497,15.0247262079164,100,0.00543401194690345
-0.586432384490748,8.26661418307184,76,0.00254586310243878
0.0116366244640758,18.3149232099687,54,0.0102634400617791
0.844951047472398,6.06420425026429,27,0.00208582970280381
-0.593088818973956,6.22372928686859,34,0.00211490516344689
-3.41218103844349,18.405013291109,40,0.00943715640402313
-4.05757292803654,18.2920860964457,49,0.00878475839828953
-0.609792541635162,18.8122294453142,65,0.011153573732996
-1.4065832589055,18.3379797996782,65,0.00999281711097602
-2.2526863400184,18.8133819845329,31,0.0109963515175064
-3.15089273364049,30.3588837266734,100,0.0383621356878776
1.12930101465502,6.72390297926351,65,0.00219556726569787
3.1597331099821,18.683904196613,28,0.0102136357674049
-4.03826687848859,18.6702310337775,76,0.00915054006333268
3.58391847967405,18.6494495949507,71,0.00946051632772373
-0.396092596364358,18.8636714834707,55,0.0114267363302448
-9.11750014929628,18.9464737878552,47,0.0059452045962226
-4.22443970238557,18.6907867193192,59,0.00919590742864482
-24.9248853762001,9.42621074120225,90,0.00102986499483638
-8.22663071522479,18.1533859321987,41,0.00599086508670011
-3.3979045336166,18.6368040059905,52,0.00973360141559839
-0.455667002012383,18.0464644541948,100,0.00939510833519537
0.815265635698551,8.33606311813596,58,0.00257335327628572
1.59167762205464,18.3544803499598,77,0.0098509709600307
3.30440979730427,19.031312524596,74,0.0102893712361505
5.40359829436237,18.2369535011702,62,0.00775634626509371
-0.21806768480355,19.0920042751021,73,0.0117442605996805
-3.25641874521025,18.7121646580135,38,0.0100999118584598
-9.02245284109626,18.6708218555953,77,0.00573166533620008
1.92001661979169,18.6798988479293,45,0.0107084253810126
1.80007850119779,5.91144899887738,53,0.00203568796572585
0.756998923999614,8.23398485638893,98,0.00252204885228878
-2.39402204089764,18.7964751600356,45,0.0107178578722509
1.21216520091734,5.92766666501512,12,0.00206333702844774
-16.6746407336741,16.0314792054163,100,0.00233706134666465
-1.29741617638532,19.0539553774557,37,0.0119257062211842
-6.854844889464,18.8385345914323,43,0.00748508401600944
-2.57700156760245,18.7504803772911,65,0.0103042005365839
-3.83599010000342,18.4894909935042,60,0.00913697439432338
3.31872474851438,18.6745225867704,79,0.00959594978550609
-14.2348354783555,17.2170611974423,100,0.00306908516995216
-2.21018092891134,18.4852026702832,86,0.00977556321468539
-4.34017658590275,18.1908757958488,43,0.00850672921299044
0.0459710728388175,18.7770481189939,84,0.0108902118268755
-12.8906950231979,18.3230404687118,78,0.00376154529828426
0.456686340253928,18.2557971359673,81,0.00985473980057734
-1.17700732179309,6.4036503147851,24,0.00215000905903082
5.03520699007303,18.2977244152988,73,0.00799903636286168
0.700075389097021,18.5721080394558,27,0.0110645172817065
0.155944492948386,18.5482482450753,48,0.0108158322673369
-0.457261623242698,6.65110904824967,23,0.00220614402470714
2.09374270473986,18.3353701958043,28,0.010118705239747
-4.87601932940194,38.4961781974857,96,0.00678524722213413
5.79521213075555,19.9689437925933,73,0.00960857028059491
1.2694537988885,18.8654971481646,31,0.0115559074796153
-0.804055118839892,18.3577286830903,87,0.00994390134470548
-0.995173616644586,6.58789470781413,22,0.00218987815984742
4.8831319759574,18.9838805160235,80,0.00896431551651329
-6.34968190747646,18.8711634139974,42,0.0079213654866024
-22.9786959052315,18.6670999500085,64,0.00161328417223774
-4.86983950720215,3.41075257991765,100,0.00158367556227857
-0.319476696092547,6.33520160477508,19,0.00214466534814462
-7.14819362035153,18.8525447104302,50,0.00723828952141282
4.32412609104858,18.7776219193047,49,0.00934482437960711
-1.1360198012192,7.88280294880599,17,0.00248120906854352
3.77267366614274,18.2584782418694,69,0.00875296364846513
-3.73725271179245,18.2469844569629,81,0.00866536965164954
-2.48377375961021,18.6078024039628,78,0.00995062886672176
-3.69187174034965,18.5529346476884,55,0.00937423366959574
-3.11197469633262,18.6230830683878,66,0.00975335219347092
-0.283936866194202,27.0231619493518,90,0.108885161429548
1.05479529532093,18.6224215692015,50,0.0108261100660047
-2.92856251756958,19.0668171779819,77,0.0105798524501427
2.07106695992052,8.82342314482079,43,0.00268868789911216
5.08203810183426,20.779323147058,95,0.0115765397826652
-24.541037227578,13.649177575388,99,0.00122692445572357
-4.92192367548096,18.3915213365853,63,0.00825751394816955
2.22672258960941,18.3825763122888,79,0.00965211104752083
-0.552219773407888,8.67658654525326,15,0.00269718650351848
-6.50903288886317,18.3734928427051,48,0.00724187557742474
-0.956783076605234,18.5363117672605,29,0.0109086179156431
-5.77372950472361,18.2028555311388,49,0.00755165743306422
-7.91543462760793,18.9271453778165,49,0.00674431275812045
-0.608899411718767,18.5679036318079,53,0.0107598868243745
4.77532194175406,18.8026770388447,71,0.00886036358041204
-0.321341653433967,8.1074543957994,90,0.00249864986339718
-1.32041295875333,34.8366088293077,100,0.0165836599597157
-0.908138035468572,18.5624636401682,57,0.0106504351082023
0.988038190317381,19.0885108011949,86,0.0114366852480744
-1.99548984846007,18.3909191198249,47,0.010073549303217
-4.76522555041325,19.1401896692491,53,0.00952698342137623
-7.84346672214346,18.6838607492101,56,0.00656835234461431
-3.30892697703884,18.1678539371951,30,0.00919019250567238
-3.16951399070326,18.8538859634939,84,0.00995231158158212
-1.00994268196511,7.239087684312,34,0.00232237341230427
-0.580008561055797,18.7394402079242,71,0.0109236415177088
-1.44161640336835,18.4193815463833,49,0.0103063172693736
-4.64919857266634,18.1588837409026,53,0.00819996889966717
-2.24795259189546,18.3959201013099,56,0.00988665040871306
-0.600491095856168,8.4829794683294,38,0.00262757945058098
-2.31206065272218,18.6762195167902,46,0.010502971793476
-5.81458984246946,18.3700300118199,37,0.00778249837381543
-0.588885471937487,6.51772034263298,33,0.00217347156223693
2.02405901308138,5.819504294953,11,0.00203278582356273
-13.5504750381028,18.8754573717429,43,0.00370974114289465
3.31361025544211,18.3092733492329,29,0.00943209374922572
0.980486026067611,18.8515987218467,52,0.0113332539216134
-1.11432786321036,7.62384166821851,54,0.00239753621802516
3.87766042969041,6.29603709459625,31,0.00206571005583282
1.59049955940589,6.18888102924389,55,0.00208933299074414
5.7415218998842,19.6910549402655,100,0.00904012590999922
-5.88831870461281,18.5740654860232,46,0.00790983867014486
-10.4500762769852,5.20322292630974,100,0.00158105106579539
-1.78586031781025,18.4464423763868,54,0.0101907056553201
0.606326972506439,18.5098936235278,61,0.010546717345891
-4.51249136891585,18.2080861839064,53,0.00835094861112239
-3.42475834097951,18.3297021201888,46,0.00925239679150229
-1.43310889394674,18.8157853178662,83,0.0107440265486031
-0.878456820992877,6.23183442288729,43,0.00211057875703282
-6.28695661152813,18.8154019200074,69,0.00774269876798992
-2.96229589821699,27.750350678486,100,0.053508863840068
-1.37051145264987,18.6533694781501,87,0.0103880882698868
-0.58730619722515,18.6243249214158,55,0.0108617199409601
5.86306312826914,20.0284286173707,74,0.00961266931765857
5.86082207947665,19.5413589302037,74,0.00893890017727442
-2.84866871135532,18.6705235869114,52,0.0101332416244796
-5.76861930532413,18.4369373765456,90,0.0075760233861844
-10.2969408232641,18.462729964327,82,0.00491497338159792
-3.72245868561193,18.678902005058,78,0.0093569044638464
-0.883823959749216,18.1710722563694,53,0.00991262875299723
3.33906249545551,18.3374471391591,29,0.00946495660265926
-0.645112659735696,18.402730586603,73,0.0101957075827487
-1.84708389307175,17.1830536740091,100,0.0078532206955862
-1.54772481343798,18.3230822676817,47,0.0101037836291851
-0.503312580913376,18.8518174648816,78,0.0110958307290635
-5.06708476769033,18.268605318107,40,0.00815694571684541
-4.93507317313678,18.4670577434638,54,0.00840996721108388
2.63610264699945,6.37717809097336,96,0.00208761829589704
-0.42320302973422,8.54514987877763,92,0.00260830140503492
-0.548537130461775,6.25554767787342,66,0.00210700354095536
-1.06344328238966,6.233526654236,20,0.00211958839511281
-0.430768317472862,18.583904422028,66,0.0106660479710596
1.79189401642619,18.9014496938391,71,0.0109301980567227
-2.67921609482914,6.9022977341997,100,0.00219127037244278
1.95208198779852,18.7219054521441,31,0.0109482279333586
3.93481737234553,18.3874453364683,67,0.00886238109628442
15.3252463656247,-11.3580087254716,78,0.000561257522244985
2.91567771433455,6.66754168784818,20,0.0021711997758601
-14.0918398158596,13.4383696051257,100,0.00240096028342504
-3.2990475754,13.1401193834579,100,0.00421059754612415
4.85418456180685,18.4681403139125,65,0.00838965942390457
-0.410208256561426,8.49762816749539,90,0.00259727732261072
2.13559768515788,10.275286536102,100,0.0030890188428135
-7.11593380307698,18.2428312819119,69,0.00662465669047178
-6.44330136161623,18.3134149649384,82,0.0070532797672387
-3.12121117244486,18.4559061795865,89,0.00925898631885375
-3.69828783457002,18.3938063472452,81,0.00890388282462226
-2.97407771031327,18.7158449978352,76,0.00990252838404525
-2.09677039801137,8.21953319235962,100,0.00249941310157355
1.6600233583559,18.4019750320272,27,0.0104346783299902
2.36159958164451,6.2820540609573,55,0.00209363035122539
-9.8378728074815,18.2701914619431,78,0.00506398671116192
-3.54973667937926,28.0487685436799,100,0.0443718736761943
10.7099053523125,12.7008637435321,100,0.00282135237166879
-3.53368944472205,18.6656701827534,51,0.00970436737980634
5.63007504895691,21.0567162544169,79,0.0115207067019973
-8.311610085805,18.4590311542183,77,0.00602100196633675
-0.587302132775054,7.41127532075467,92,0.00233292301891064
-6.15264833429407,18.2637220505658,60,0.00730629099737066
5.68163157797635,20.4922201024396,80,0.0104729227208652
0.319622024046926,18.4617341521569,59,0.0104982700824641
1.28784243361801,18.4690854428378,71,0.0102174241617579
2.18482423971132,18.1968058288284,80,0.00933919037836261
-0.321477396885644,18.2420382177623,29,0.0103698608905116
1.24224698357698,8.85113902422755,96,0.0026778927113024
-0.539054258455277,6.59758326104177,28,0.00219233582752616
-1.16029407887084,18.9873166482024,50,0.0116287557778371
-0.326968743768952,18.1521661203164,64,0.00983536176835069
-5.60485503098117,18.551057911389,94,0.00778847671962873
-12.9340761399158,18.5479800261448,93,0.00378460943110047
-3.48524338769629,8.88137734548959,100,0.00261586348081394
6.7050834845257,5.95819731622742,82,0.00187335295672985
-17.9005468961806,18.4360809519748,61,0.00240232089773398
1.39231479830603,18.4270001672499,48,0.0103472172558499
-0.632911901952268,18.4670972540391,53,0.0105428052122079
-4.10056441614078,18.7990376335064,90,0.00918787766889659
-1.32824519714865,15.5740969688916,100,0.00614858618258329
-1.48092497755006,18.729160345861,80,0.0105832491994658
-0.373990995169245,8.8857550230455,47,0.00273366150490855
-1.9435520488874,18.4544670397912,48,0.0102076551146223
-6.27817686088254,12.3867991930236,100,0.0034629073415709
-4.56946041008284,18.7115401752865,74,0.00885756086102629
0.332208584740329,8.91168833679352,57,0.00273375886818621
3.5517336637032,18.8694646770379,67,0.00989435214478596
-0.931783017474259,6.5178729804488,14,0.00218003441772678
-2.17436880780067,18.6369688676678,55,0.0103932840094516
-0.878446222454021,18.7769747508505,33,0.0114290330543208
5.70836100048584,18.9433844795304,83,0.0082430406633087
1.2694537988885,18.8654971481646,31,0.0115559074796153
0.792104426850333,18.7815870230305,28,0.0115249263215937
-12.6392079250879,18.6824361676519,97,0.00392771528774157
0.0179670475814142,5.88946399642194,52,0.0020455750974193
-4.52160458846306,18.2012798857259,63,0.00826715096505358
5.61700877073259,19.031251099331,65,0.00855282617854058
-4.8042412767241,18.2387701880324,62,0.00814507499991616
-1.0375280073229,6.52251328379211,32,0.00217146522994512
-1.09856871854948,18.1676459299403,61,0.00978727006449641
-9.74471230883806,12.1846394959407,100,0.00285212240166989
-0.918829700655668,18.7327164629937,49,0.0111141844860448
1.01112731792109,18.6265440168917,51,0.0108338946175572
-8.5548271627192,18.170162639485,61,0.00574372753709606
3.62122230053013,18.4096316848145,53,0.00920411379024711
-0.185299120563719,6.5547679884833,11,0.00219297810578017
-3.04361210751956,18.3900136526795,93,0.00916014120173211
-0.425397142809043,18.5533200854138,52,0.010762031825222
1.9358691415097,18.6430467942995,28,0.0108197476752888
1.07504721967844,18.4392108055819,31,0.0106460807533586
-18.1857852310743,18.4711321471702,75,0.00234028803584884
-0.283936866194202,27.0231619493518,90,0.108885161429548
-5.59653091590999,13.5071289516696,100,0.00404428425721174
-9.95200257360909,18.8542218481328,42,0.00539753798885614
0.404385310591211,18.3374391552309,43,0.0104093769345002
-0.279702752477896,5.90402115433788,33,0.00205592736411554
1.50610949721057,18.1983387165178,85,0.00952009713370874
-0.588266012987207,18.8330276384743,51,0.0113823138662835
9.66924154104817,5.88480754743821,38,0.00172070059753257
-5.62646274110183,18.2056379233533,76,0.00749688958563213
4.05941065944886,19.0792666536032,48,0.0100702098797888
1.04960736538662,5.86819597495166,20,0.00205045566700034
3.70117379237295,18.4856428171907,55,0.00925913662351784
3.10618251935191,18.4184363341777,65,0.00941479243124238
-2.61180548361258,18.5634568098023,76,0.00982596049837514
-4.79157436615498,18.4282814898982,40,0.00855865335276136
-19.6119816610766,18.1529789448353,61,0.0020581167931465
-1.17447240283022,7.77387325834928,32,0.00244509228848674
-10.7707685331752,18.2623336067044,33,0.00470922030780365
-7.84519015912636,19.0066993355458,69,0.00676815176807435
1.75088400262545,18.2664200371665,56,0.00983989666332585
-4.8900817069009,18.5282386139297,45,0.00858968276638467
-0.872086155780951,7.88447972473675,29,0.00247750232233619
-11.9739578196983,18.7749527827272,70,0.00427647945711532
-6.88922356668155,18.7125274520572,51,0.00729068808017259
-9.34093321100772,18.6354563610497,76,0.0055288622472454
-0.413487800258473,6.15279478138549,29,0.00210425142575875
0.0378616033502883,28.1576845472101,89,0.119185031083196
2.50500642868144,19.0108131672746,68,0.0108335275761343
3.61755329476615,10.6867104339736,100,0.00314512870614234
2.5570498383262,18.2293504642812,76,0.00927534354692842
1.65783690789452,18.7792178079415,29,0.0112318569090938
-0.853198259309641,18.6489161780761,51,0.01091753361792
-6.1883049571209,18.8021778475961,68,0.00780867811111715
-3.42619942709746,18.9296444800983,52,0.0102445197545597
1.73717621719428,18.8740918394278,27,0.0114432793733492
-0.534438821265458,6.23500092686091,59,0.00210623576060611
-2.82380536695262,18.3318615817323,46,0.00958921261594003
-4.82911906306861,18.402860317634,49,0.00843296481359389
-10.8410575168995,18.7831140420263,79,0.00479060683909602
-9.36609569389277,10.4415044792808,100,0.00249331923596167
0.843275685775778,18.6013455485775,49,0.0108392059467977
-3.174706520141,18.4570853558417,60,0.00948606345782111
-4.46558794403264,18.3714203362494,51,0.00862075858898548
-7.42947262735191,18.2513964985916,73,0.00642066636333246
-8.40733538898039,7.64870687411748,100,0.00204444370269877
-5.05005187441212,18.7762092912311,91,0.00847158035817631
0.120787371646783,27.650838751794,91,0.116824388495056
-6.27609765878146,18.6691186672414,80,0.00753094738665766
-1.14876859088995,6.61133435201654,31,0.00218876342714902
-1.39933217134805,18.9045344033549,76,0.0110275918442334
-11.7423569405303,18.5539810310039,84,0.00427699647620073
-3.57463833449477,18.7480766364818,57,0.00976288792046324
-3.08623182478803,10.27192896483,100,0.00304127428575236
-9.74685393491022,18.3364253562145,54,0.00520767763172119
-0.600411427869772,18.5512118112259,84,0.0103801157078784
-0.766538547505777,7.31111243005826,44,0.00233537830648401
0.441121638372502,18.3481265363787,59,0.0102569535728583
-1.23006551275693,6.45310049444751,17,0.0021625253885808
-1.23362619469127,18.7104301140083,56,0.0108979855608711
-6.03889837595643,18.3053880658424,65,0.00739735146316274
-8.10573882552197,18.2134334784397,37,0.00612054696057456