-1.95866442294169,31.7274211006134,100,0.0348617230759095
2.5032705885044,18.7952916094897,65,0.0104320205414479
-0.283936866194202,27.0231619493518,90,0.108885161429548
-1.64751983670045,18.7255153561222,78,0.010539994607511
-4.45259554099547,18.6710384910425,74,0.00888207275733987
3.65246626288779,18.5928662719369,61,0.00941228003457061
-0.809006986446546,5.92204162349476,36,0.00205556719587983
-3.00869534353339,19.0033620671296,34,0.0108914458951587
1.73717621719428,18.8740918394278,27,0.0114432793733492
15.0758291055796,25.3534896212735,100,0.00410727522881825
2.25733128692491,8.7922584894811,45,0.00267292174101029
-3.2628923684033,18.4695580954478,91,0.0091868637164815
-0.00544374134279345,8.53771313625445,54,0.00263366122967535
3.37614027536077,18.6060245512904,73,0.00950044226779062
1.48270707576641,5.86059509880269,51,0.00203158047268218
-0.745532660963817,18.2577821742703,38,0.0102581841655043
-1.10088030412978,8.1832785598657,32,0.00254754394031216
-1.29741617638532,19.0539553774557,37,0.0119257062211842
-0.404774599365507,18.5538844092079,87,0.0103743445695768
3.0673323120135,18.3106146850632,66,0.00924864982471859
0.208773824639659,18.5964017079315,51,0.0108835557332251
-2.62837076579168,18.5747578295882,45,0.0101473388315233
1.40036393421012,18.2789892303637,43,0.0101029013157683
-1.02190725093099,7.34442109817353,15,0.00235635107575811
-6.60661508476784,18.1533706553583,39,0.00700815009892107
-3.2990475754,13.1401193834579,100,0.00421059754612415
-0.568977126596596,18.6986702473598,76,0.0107784937733827
-10.9878417598258,13.1582813308914,100,0.00288341874832146
-4.93959862806672,18.4645448252347,54,0.00840347185362007
-2.29162038985434,18.7707610111636,88,0.0102470297425212
-1.06939720528936,6.46263572409295,17,0.00216616807990757
-3.02746290023917,18.2508352984801,77,0.00908048068600225
0.311566783904529,20.4764251093836,99,0.0152826910775591
0.767599158161285,28.2022421339438,94,0.105191253409036
-4.13847982765995,18.3416443495797,39,0.0088848898294753
-1.57051204971352,18.9472370654074,66,0.0111823200258208
1.18152350905837,18.4918630700417,55,0.0104622053359206
-7.80796391525898,5.41519358549017,100,0.00174006822644462
-7.66613261463164,18.8639266725338,52,0.0068576682695862
2.96005198125961,18.1837012135299,48,0.00924918940977572
2.17827741942728,18.5910388256328,66,0.0101851202966442
-7.79495311090062,18.3296784870845,88,0.00619913309017516
-9.24061619938754,18.3069075565612,99,0.00533403955634437
4.45476071931203,6.22485107751594,19,0.00203757684909375
5.52096265092324,18.402531566997,78,0.00777308115237818
5.7260865558523,18.6793024319197,69,0.00800659956083486
-0.00915065661726028,18.8597006860393,81,0.0111075668846004
-3.45915521684197,18.7500611197868,35,0.0100623606640475
-9.79213604121501,18.3082017600188,77,0.00510862503054097
-1.88707626546117,18.5847582625501,52,0.0104476732316377
-2.60026052719664,18.5103077576422,53,0.00995994019562514
1.4874105390701,18.9379786138263,32,0.0116363083668302
-6.92635820443057,18.2639790203151,36,0.00691645322804348
-2.93651805733117,18.3384482078603,67,0.00935387010126096
-0.430447145870635,7.72014632689644,19,0.00244708324273594
-1.15521157373074,6.2216904304393,32,0.00211101651882769
-0.569173253059793,6.70778861095585,33,0.00221242225156818
-0.609353794966206,11.2452398947202,100,0.00349206356244384
-0.770655805876624,18.5130475077579,33,0.010847924322656
-5.96489869975539,18.6539497252489,80,0.00773663668060295
0.034386736733116,6.21432631372622,12,0.00212453663689313
2.09374270473986,18.3353701958043,28,0.010118705239747
-0.283936866194202,27.0231619493518,90,0.108885161429548
5.34610980556043,8.80262877105943,48,0.00251564485602228
2.43946806940701,8.25195728628525,63,0.0025146111059502
2.81492909639643,5.81833692243888,21,0.00201282485480638
4.93462955127113,18.8313456459395,81,0.00870394103134106
5.24786714084572,21.0827157230673,73,0.0122414838245513
-6.15712392277799,18.2284262596825,48,0.0073312603840364
-0.953391786539849,8.6078795900705,42,0.00265462049688308
0.0459710728388175,18.7770481189939,84,0.0108902118268755
-4.06190706863128,18.267571554532,42,0.00879983596530673
-0.283936866194202,27.0231619493518,90,0.108885161429548
-4.0328785967784,27.7816200379528,100,0.0382095779803307
-9.54703066482277,18.3292151480141,80,0.00523817424530521
-2.69424736782227,18.5722420015905,89,0.0096762918582026
-0.283936866194202,27.0231619493518,90,0.108885161429548
1.74224633703963,18.3173094611405,28,0.010222549871908
-1.1309184109128,7.62896666190563,34,0.0024100759147663
-5.79008142485224,18.7035397811095,78,0.00793087836486367
-0.918829700655668,18.7327164629937,49,0.0111141844860448
-1.38671248153364,18.6423661194704,47,0.0108094635511034
-0.354539036050748,8.68100788781627,18,0.00269754209252939
-5.8449151927318,18.6058084986672,48,0.00796641567095423
1.25764702866516,18.2316790285832,34,0.0101408525001731
-12.9418380459953,18.3189453963786,77,0.0037432507687097
-4.17724288754884,18.2125482326251,62,0.0084999660216998
-1.07824668335284,34.4652766562325,100,0.0182892351531019
4.9205807227984,8.75600424239564,44,0.00253470655869404
-3.02248301328266,18.9322591515191,51,0.0105415147881318
-0.611298141734047,18.5588468538602,52,0.0107516332690693
5.88574525470757,19.6478728261766,74,0.00905778002487008
-3.3979045336166,18.6368040059905,52,0.00973360141559839
-2.2526863400184,18.8133819845329,31,0.0109963515175064
-1.62122660469969,18.7779017579444,66,0.0107949006130123
4.75288280689095,18.7925551120326,65,0.00891012558766029
-11.5529011478784,18.62535504923,88,0.0043769036197243
-0.226654438150778,27.055850794738,90,0.10987782803427
-10.9145210743838,18.2566445312885,79,0.00454182226594024
-4.10433999616426,11.9645938812684,100,0.00357845986451033
-4.49893127999857,18.4080811263626,53,0.008635316454856
5.12153729280467,6.19560127822009,30,0.00200187831568327
-0.297462790065964,33.3298255294779,100,0.0250658239849676
-6.69320949154546,18.244641508647,36,0.00705323380359619
-1.68492497339939,18.8049333266903,84,0.0106206059875537
-1.02465310957752,18.2399553726284,90,0.00965997372975041
-12.6845032571544,18.2503726537647,44,0.00386747983655413
2.27353457784857,18.976341833829,30,0.0113621774175642
-2.59580822626154,12.1345510333884,100,0.0037883403800753
6.36646033536396,8.07527511622525,76,0.00227005966505126
2.37175067162371,18.4011753767878,67,0.00973530260568305
2.34298225266467,18.433866158486,46,0.0100134316756591
-0.283936866194202,27.0231619493518,90,0.108885161429548
-1.71137027306045,18.1543405760905,58,0.0096289389863767
-7.14408749240205,18.4736012740996,42,0.00693160810210176
-0.322090413720998,18.4263179709043,29,0.010761665959599
6.43174712704154,16.1572224641523,100,0.00531202014014984
-2.68682162259515,19.0919742325073,71,0.010855410924647
-0.688356414281237,8.69076664910951,15,0.00269991726062506
0.265334320560832,30.6555514387649,100,0.0562442273018695
-4.3247084233157,11.3252158039302,100,0.00331077526799953
-0.0914016492056096,28.6863639700038,89,0.111232344146222
5.52938293949739,20.8613044870849,74,0.0113799156567992
-0.454352355352678,6.38424489006015,34,0.00214698899484373
0.385694016123714,18.4487394299707,46,0.0106106596991005
3.71739756005003,16.0355804063494,100,0.00611373369772762
-1.32041295875333,34.8366088293077,100,0.0165836599597157
-1.22708622373714,8.30768649991581,16,0.00258833985008371
-0.699603634918277,27.6662541186588,100,0.100720523544484
2.85486631689604,18.7956110579507,67,0.0102106651258726
-7.49014297124171,18.2087268075537,57,0.00641543108144264
-6.04644102412725,18.1806590152927,48,0.00735434633578211
-3.0089618811647,18.1666550456015,69,0.00902203432308269
-0.552219773407888,8.67658654525326,15,0.00269718650351848
-4.37811016579003,18.2430849969856,61,0.00842618478516995
1.34538344329727,18.2774143197461,77,0.00977892873795114
-0.515459000469332,12.7286360703697,100,0.00418126151150894
-3.20041796738602,25.4571859719835,100,0.0385755878666569
-3.41218103844349,18.405013291109,40,0.00943715640402313
-0.841253797050437,6.15686320039971,67,0.00208599081570271
-0.505583575567065,18.4193983141042,48,0.0105147043374965
-4.74867766413655,18.3616626679655,43,0.00847509135132519
0.993321554271605,18.3115880563733,81,0.00988303829924278
-8.80290107252155,18.6552801704478,50,0.00594736514351752
-0.950522358602587,18.4235141808232,29,0.0106638137317392
-0.249955027783012,28.6006783483202,98,0.10193417176033
-1.89372577930725,18.1885733679228,53,0.00967608389460254
-1.25560643231602,18.4757179235453,97,0.00997352104536173
-0.474950285416037,7.77345222006904,39,0.00244770703238766
-7.58104174657376,18.9434247426196,88,0.00681660715351555
9.59006993362941,31.771380926939,100,0.00853535985480646
-1.0927014208064,6.80789039874107,23,0.00223394623401699
-4.6187617393843,18.7054071544593,60,0.00892353939438995
-4.22443970238557,18.6907867193192,59,0.00919590742864482
5.28172235308838,19.9461285524863,73,0.0101269398648197
0.531068383665446,28.3753833850962,88,0.114319926515153
-5.27323169847443,35.2132062612077,100,0.0108980609437236
-4.62144925824007,27.5720297365671,100,0.0319056273712893
-6.84621041232286,18.5830230105157,42,0.00724339396062917
-1.56638360330072,18.1296476480745,100,0.00934069936895375
-0.247908071974416,6.57020666634072,34,0.00218497863877642
6.73457093916544,17.9280368393444,100,0.00649671745384111
-5.55249713591063,18.5958904327277,29,0.00830028102980381
-5.2797603683986,18.5970644708311,53,0.0083401625924361
2.19031704193794,6.15147705263596,47,0.00207592870405847
1.89819662197768,18.5291499094038,75,0.0100916343905731
5.67474372002,18.3936722504106,73,0.00769003173469962
1.40992382814633,5.91390969953325,19,0.00205560828938252
-0.579950156363978,6.11312033206144,35,0.00209328574359155
-0.0303335792787626,27.3800693555456,90,0.115828668195127
-5.18220143854072,18.7504414709259,70,0.00849164705085101
-0.534983918542716,6.77756109025174,22,0.00223259861968013
-1.37819926203175,18.6578095708977,86,0.0104054497223384
-7.02404055736168,18.2056847183596,59,0.00669488284671652
-5.50974517051133,18.6102340906038,41,0.00826860916185144
-1.13495022809556,7.86652855745197,18,0.00247661194130277
-3.42619942709746,18.9296444800983,52,0.0102445197545597
-0.404802382198683,6.44228021613565,30,0.00216059008647888
1.01202309340594,8.88717838503595,49,0.00272598375364171
-1.39926970537385,18.1693208527249,76,0.00957926248315001
5.6202326037444,19.4954076769371,71,0.00912616146061927
-0.61010470122694,6.24932663653274,10,0.00213061594624607
0.42920924010139,28.6817350332309,90,0.108009560982846
-0.178040742329036,18.5498712549423,27,0.0110700035846721
-9.77360167076249,18.4785275143618,54,0.00526705264139839
5.03672566198782,18.7747034099137,71,0.00862554706390454
1.74224633703963,18.3173094611405,28,0.010222549871908
-5.9736776406971,18.6720759889605,62,0.00785999884345366
2.68622862855761,8.2914630170027,58,0.00251957184894525
1.44499508528963,8.07158982153158,72,0.0024886821139185
-0.678871619511634,18.7398186475539,58,0.0110665844886386
4.47739701046543,18.3760188187337,73,0.00845898990960843
3.31361025544211,18.3092733492329,29,0.00943209374922572
-2.48802641483666,18.6036891792221,78,0.00994100568745354
4.09506612143353,18.1537630937642,65,0.00844554705967296
1.00649934844639,18.240730800614,50,0.0100534687115343
5.20872487423822,18.2676351162759,75,0.00783889576073002
5.87901240137942,19.8743115973221,72,0.00939366306218995
5.90701403558104,8.33791499943814,47,0.00237161348497921
2.25476556952457,18.1674132286409,71,0.00934097872395321
-0.940606891259356,30.4561578113579,100,0.0570797048607507
1.73717621719428,18.8740918394278,27,0.0114432793733492
3.30348111467239,18.3930598741825,28,0.00959137463322022
0.307421015133716,18.7119165304788,51,0.0111351692608726
-2.40495874243954,18.5687074349237,47,0.0102316539357475
-3.04290040716808,6.91414160292242,100,0.00218368743517619
-0.844317492046833,6.88606552326807,21,0.00225391914514222
-0.626170706476504,6.50268072576005,28,0.0021725860522898
0.415073713268984,18.1585942846385,27,0.0102129880087545
-0.817178129596751,18.2861522451013,42,0.0102615668901839
-4.62144925824007,27.5720297365671,100,0.0319056273712893
-1.15508819141592,6.79160027374069,28,0.00222734626601421
3.7553195516053,18.3601881057959,52,0.00905195839597786
0.646548890864477,27.904877723731,90,0.113366730023258
5.56557782774737,20.2317654228183,75,0.0102474267672758
0.227565998218723,28.3136558958892,89,0.116856964630661
5.32396838426168,18.5739580966891,66,0.00819006415048638
3.32029985308689,18.3571138540071,49,0.00933238678010964
-0.0782392821275733,15.8187420181968,100,0.00645457880841475
-6.23213082754103,18.5496988950638,48,0.00761932781232598
-1.80509537316769,18.9706009143316,52,0.0113118643721022
-0.0921368221762424,25.8937574669558,100,0.0725665179848221
-2.75911319079561,18.2010480621558,75,0.0091463750433292
-1.07834860628939,7.68674280078215,13,0.00243680154096487
-1.32436461254733,27.6197045212467,100,0.0853731907984753
-0.670109748458228,5.99511866503886,20,0.00207694187434577
-0.00620593598658792,28.3679867731596,90,0.11550231529343
4.59218351784101,18.6492037329991,77,0.00872976022005777
-5.8468109437594,18.3932682332702,59,0.00765529098789426
-0.283936866194202,27.0231619493518,90,0.108885161429548
-4.48703813887047,18.5244780633618,49,0.00884098602834939
-5.21145461012171,18.2590074499204,83,0.00777828480525226
-5.96809247992745,18.2715294278317,63,0.00741941062019599
1.94278668537752,5.82313255559005,43,0.00202161750823626
-1.71057976998568,18.6804510158178,52,0.0107165180062397
-1.13763658806368,6.14026261608481,21,0.00210041720241401
4.05941065944886,19.0792666536032,48,0.0100702098797888
2.57046740074897,18.7875719838656,77,0.0102522381787251
-4.36727422936397,18.8059504195401,31,0.00951725831775814
5.44248605090453,19.0247553862261,80,0.00857595865372082
3.23867044325169,8.76662635390921,76,0.0026069223019825
1.23213959177272,6.4384254734028,14,0.00216096618542884
5.46580380608316,19.511799559649,72,0.00928599121316915
-0.852126844323865,8.49818534964627,20,0.00264162517795679
-0.830186103053154,7.85049529568011,64,0.00244846026140972
-0.178040742329036,18.5498712549423,27,0.0110700035846721
-0.878988614852332,28.2421820813218,99,0.0978594125824098
0.610879242245079,28.1106012038136,89,0.11446419242825
-2.17436880780067,18.6369688676678,55,0.0103932840094516
-0.694194221411014,8.25886419860478,32,0.00257177915085257
-3.83937805470379,18.4358674218755,42,0.00920137645621555
-12.8428798515651,18.3814741937096,40,0.00385050132566153
2.34298225266467,18.433866158486,46,0.0100134316756591
3.6299527614879,18.5452638022021,76,0.00921957321869718
0.496434489229177,18.7788753020242,27,0.0115825574041194
8.80314642164172,23.2112565280917,100,0.0091727387796907
2.19158169573848,18.6723155739991,29,0.0107480324842583
-0.519420700555782,18.285991288197,34,0.0103889514839911
-13.4077950996656,19.0567654644646,89,0.00374407500234392
-0.183486148593946,18.2246774460113,31,0.0103201386179018
4.44387067555445,18.5233001859368,70,0.0087073103282503
1.47706709978747,18.9395988458604,30,0.0116715623632951
-1.15195424173963,18.7797793939194,57,0.0110618431028459
0.35262261532964,8.84075343231475,43,0.00272402303740715
-3.41218103844349,18.405013291109,40,0.00943715640402313
5.43396838607693,19.0786642934508,85,0.00861604189779754
-0.0873125982505192,6.5919089062756,27,0.00219301665837037
2.51651231490533,6.19161966261869,53,0.00207423222471595
5.45521132706459,19.1332049336365,78,0.00872304612638895
-3.01093737510079,18.3341040719382,45,0.00950272415095553
-0.484589948981463,8.68563890115857,18,0.00269804061792289
5.70775157698434,19.1050156168977,71,0.00852872505749165
-6.66694560821744,18.523426607685,73,0.00715083320879214
5.6858455127557,20.0307123276249,65,0.00989639107987406
5.6973203943635,19.0120842123748,66,0.00845537663584465
5.75639967864473,20.5021695690629,74,0.0104610178473188
-0.966658811317902,6.32891472015729,29,0.00213503553827429
-4.39806123861566,16.9314635586562,100,0.0067247748635018
-2.05856294453318,18.7426432396825,31,0.010942426204292
2.30856845545577,6.37854862998931,63,0.00210954293387177
-6.27944450025498,18.4887581242108,86,0.00731123700770347
-4.79157436615498,18.4282814898982,40,0.00855865335276136
-3.12489543241993,18.3921645449178,60,0.00940474711715727
-0.178040742329036,18.5498712549423,27,0.0110700035846721
-7.0277359011662,18.4207628267003,58,0.00688645470582708
0.923222130401531,8.51733338473663,60,0.00261821298285646
0.310481157980735,27.3545620201751,89,0.115551941352513
-11.3438698078927,18.3471124457538,67,0.00440911421948725
-12.6979727427199,16.4649545056595,100,0.00332209647303229
-4.93507317313678,18.4670577434638,54,0.00840996721108388
5.57328443569306,17.4133862625303,100,0.00666133500113139
-1.87612449481166,18.2152061933203,52,0.0097402537798472
2.41756086311537,18.162616880581,67,0.00930156340127559
-5.46379173823931,18.7264626522946,50,0.00838939547837243
-4.10855006167292,18.5285731722279,59,0.00902691853262735
5.78298707153495,19.1693995045514,74,0.00852573378544726
1.2106481267407,18.3322862703787,33,0.0103661804272624
-4.12434212452792,18.448517834681,51,0.00895973396943617
-7.84346672214346,18.6838607492101,56,0.00656835234461431
-1.20121437785645,18.985000549041,45,0.0116779500513898
-1.84400039059336,18.0176698280794,100,0.00907464669155234
-0.699072120676285,7.63125535132889,32,0.0024163822455863
0.138208749191278,18.626415720024,88,0.0105260938771269
-0.0878146928466337,6.11591254903813,12,0.0021054059137075
-4.8042412767241,18.2387701880324,62,0.00814507499991616
-10.0354263499813,18.2597017430979,79,0.0049578523680522
-9.44209861690477,18.177736048108,70,0.00524042018231367
0.435467572680738,18.6634272465691,31,0.0112624898075426
-4.51249136891585,18.2080861839064,53,0.00835094861112239
0.0297558273632893,26.9989886089065,90,0.109345119919331
0.120787371646783,27.650838751794,91,0.116824388495056
5.38140552123736,20.2712807272884,63,0.0106646255699942
-5.90346155145792,18.5455612010061,56,0.00780435111419447
5.26939334707287,18.2569940883638,73,0.00779976661870909
-2.48377375961021,18.6078024039628,78,0.00995062886672176
-3.82981181074187,18.9341263870605,77,0.00971234555395559
-0.4256151177541,8.89731635462945,41,0.00274113499042489
-1.98690862025645,18.5541502823441,52,0.0103444017615323
3.5517336637032,18.8694646770379,67,0.00989435214478596
4.56420899651566,18.2970770318944,77,0.00827087883061093
3.1828348363121,5.99364365172683,37,0.00202871433282362
-3.35611609739683,30.0863325637751,100,0.0382913319415707
-0.726292824354294,7.96978009891107,32,0.00249813570675082
-0.0923197328416248,25.4716024679975,100,0.0640210185773802
-1.01842444328383,7.39076208108117,13,0.00236810551608447
-2.67451449210834,10.76791745984,100,0.00323378076483936
1.73717621719428,18.8740918394278,27,0.0114432793733492
-2.2490708821039,18.4475814822694,72,0.00982547918387976
-13.3413201129857,18.2719764745661,82,0.00358364218751319
-9.11750014929628,18.9464737878552,47,0.0059452045962226
5.08720881927199,18.9333787298676,62,0.00887411252962464
-1.76726889364113,18.8030986036785,49,0.010992140963976
-1.82577403849796,18.4336230100895,52,0.0101714568950038
2.48861242771855,6.49008543988487,49,0.00213346870218108
-5.4367663516729,18.2147348517641,86,0.00756919714008025
-2.54347771131286,18.9565786887215,50,0.0109095039153692
-1.56187792422111,18.488178602516,57,0.0103204858556089
3.68643735932448,18.9570626306306,67,0.00995271272157218
-11.5641056721424,11.4749927871512,100,0.00242636881321412
3.30348111467239,18.3930598741825,28,0.00959137463322022
5.16688143908929,18.7171433835875,72,0.00844508366536435
-6.62175425651345,18.170178219144,49,0.00696547506801428
-6.78597269377103,18.8222163654426,62,0.0074154107235139
0.224076722447452,28.1562333930456,92,0.114439599816967
0.523979579736902,6.23164489440893,25,0.00212082440312834
5.4119164712011,18.508232455957,77,0.00797648464250352
-0.747908255748996,8.4203312855969,40,0.0026081799119274
0.197254166259459,27.3556943898525,94,0.109944704304229
1.12836604477406,19.0115846283424,42,0.011807694913435
-7.87132885855742,15.740542232105,100,0.00457101003282339
-21.7064138927272,18.1592973657288,71,0.00174429654772047
-3.05803948194169,18.7121435107873,48,0.0101257112694085
-0.283936866194202,27.0231619493518,90,0.108885161429548
0.662570201324223,18.8521270224128,53,0.0113889976566834
5.65860842957276,19.7835873393623,66,0.00954478502136102
-0.936975081829796,27.7889398547204,97,0.100158761636329
4.10577451943518,18.7534006548995,52,0.0094418859056179
-9.73933175906137,18.235553085692,50,0.00517038085202593
-0.530378052695434,19.0478936928107,56,0.0118403028386496
-5.03181278419415,19.0215602953073,47,0.00916926444089213
0.0378053732649613,18.6617637149595,82,0.0106686336638909
2.27854136843238,18.2779879788182,67,0.00955736143537387
1.50839676888189,8.6980371427856,43,0.00266877007027178
-4.24045539984587,30.7588567163781,100,0.0275644069000912
-1.13041668427942,8.21767923939269,38,0.00255200895618223
-0.991482259279274,18.2057179453898,63,0.00986066278926433
-11.368778515938,18.9247147667932,74,0.00459957201467465
0.061712219053231,28.0065452213182,89,0.120106800341336
-7.6510563268179,18.7279189806547,50,0.00676328523350527
-2.9318046425078,18.4072921600565,42,0.0097018120866673
-4.05411233360604,18.2996191094444,85,0.00852795987214931
1.73717621719428,18.8740918394278,27,0.0114432793733492
2.88796635634261,18.1788546544382,29,0.00944377545877629
-0.283936866194202,27.0231619493518,90,0.108885161429548
-0.792665550754444,18.5936721373282,66,0.0106363681468927
-0.971034810883419,8.14987500176833,34,0.00253947840440943
1.29312969066543,18.4510031449668,64,0.0102537114545846
-2.09692645063898,26.2558894922586,100,0.0592584263969724
-5.67608627603092,18.3429049467139,37,0.00784821077813831
-1.95685266777656,18.9249412993013,45,0.0112249028119652
-4.85294388407942,18.760612538789,36,0.00901929528541746
-17.3803999871448,18.6727043907597,79,0.0025296704259502
-1.04272953711835,6.07886894437062,72,0.00206756902873587
-11.0119847402551,18.2499601724589,54,0.00454666506795158
-11.4234720107723,13.4785390966109,100,0.00287969766912462
0.0378616033502883,28.1576845472101,89,0.119185031083196
-8.174842871734,18.3090423562495,70,0.00602505985898763
-1.03136082131267,18.4916985328705,49,0.0105649129790801
3.88182058969824,18.2184236617306,29,0.00894027710708794
-2.65797609434042,18.5117297871171,60,0.00986396615843628
3.73899525480224,8.6466292935691,47,0.00257213430331057
0.551693598969576,5.92564046422573,36,0.0020577160259853
0.700075389097021,18.5721080394558,27,0.0110645172817065
-12.3186300587355,18.3649388733681,52,0.00403178171187552
0.120787371646783,27.650838751794,91,0.116824388495056
-8.02032976125998,18.2289474227844,62,0.00608984958988447
-0.0716361900037401,18.6687577365254,70,0.0108215991931971
5.79808796105725,20.0140689894754,72,0.00968083728641211
0.0362500562140412,28.6420924678183,89,0.112207613043421
-4.30007661741354,18.6401170777762,50,0.00913903954028024
1.74224633703963,18.3173094611405,28,0.010222549871908
0.247050352216966,6.53444620244393,27,0.00218105368691748
2.37175067162371,18.4011753767878,67,0.00973530260568305
0.267182341488575,27.4598592799835,91,0.114501769557766
-0.789297018855783,6.61106209675013,42,0.00218677761642048
-0.864398802072555,6.91504750252407,50,0.00224521830822591
4.72040515803756,21.1730549371445,74,0.0132775697436014
1.73717621719428,18.8740918394278,27,0.0114432793733492
0.549014913903587,6.06732502065106,29,0.00208734729076068
-0.935518204227655,18.8910928520377,78,0.0111062172092445
0.743023311297925,18.7153633937363,80,0.0107411310668803
-0.192300581103864,15.6906441869995,100,0.00632666019242368
-0.702922240147834,18.3655317075796,67,0.0101767192282498
5.84721863764177,19.9023569165299,77,0.00942198760967398
-0.483969716569414,18.3951472359709,78,0.0101479511812526
-1.89161996865962,18.2291046021254,52,0.00976017524610124
-2.33673821815152,18.2435054330902,63,0.00950913085700239
-4.078263962737,18.674224742107,33,0.00950259535391691
-3.99505457717558,18.2172051825928,48,0.00872076898781653
-1.62421865529585,26.6482135237503,100,0.0713749933708435
5.42806238063974,8.85494510225712,44,0.00252522736405791
-6.54889871201014,18.6735323044253,62,0.00744031182269765
2.51213393991397,29.4917089446629,100,0.0529934411939363
-1.72270791733207,18.3258034826957,90,0.00963454334443425
0.120787371646783,27.650838751794,91,0.116824388495056
1.86591139764802,6.4243639709242,28,0.00214260264429951
-4.91871340115807,19.0168011853808,58,0.00916432664102933
3.465590190201,6.48839969262547,28,0.00211635984803947
1.3661270985833,18.2743533323522,45,0.010083123464761
-0.850082554618603,8.82814312455213,41,0.00271752233942314
-1.83631157556764,18.2924154399711,64,0.00978135134104779
-6.97085462010278,18.3145346643551,53,0.00685244485625444
4.48350308078257,8.81751689503525,94,0.00254410182691986
-1.51611629075013,27.9990381414044,100,0.081842449641397
1.00649934844639,18.240730800614,50,0.0100534687115343
-9.4585620892959,13.2144524849012,100,0.0031857923137561
-6.94336604854953,18.3378704800036,80,0.00676563352798467
-5.17352795309083,18.8542697152657,85,0.0085257431004142
-4.3596674674158,17.9291457816924,100,0.00783980999443289
0.347690526165837,8.84747655772975,44,0.00272520458700473
4.6382493723195,18.2528383305199,62,0.00826885976765315
-1.39933217134805,18.9045344033549,76,0.0110275918442334
-0.232782930738301,6.02984686385667,14,0.00208783640951675
1.28784243361801,18.4690854428378,71,0.0102174241617579
-0.75548934359106,7.43151098288877,14,0.00237956193178389
-1.3401479279086,18.2283464178786,79,0.00967215706018839
1.10147709197226,5.88029433638799,53,0.00203841998667724
3.0983387348329,18.8870731977771,30,0.0106341916509863
-0.53839225346736,25.472712567098,100,0.062909267031919
4.75288280689095,18.7925551120326,65,0.00891012558766029
-1.29741617638532,19.0539553774557,37,0.0119257062211842
-12.1518469231058,18.880082822293,98,0.00418358417977301
0.331712719498944,18.3022880672892,67,0.0100923944286566
0.610879242245079,28.1106012038136,89,0.11446419242825
0.194537748783589,19.008946931718,55,0.0117921938457665
-4.0504404089187,18.9863412058976,87,0.0095446422211662
-9.38408534195715,18.4759464046563,71,0.0054304820812489
3.8643135277036,18.1629283239958,76,0.00851128398674368
-1.44721925102868,31.4163789822755,100,0.0405934982112747
-0.823229864623331,6.12269456664655,19,0.00210065109854178
-0.185299120563719,6.5547679884833,11,0.00219297810578017
-0.664033896839932,24.2169066103725,100,0.0423314898476694
5.07204194020385,18.2277710258307,33,0.00814795033894718
-2.01763285420479,28.0748109566791,100,0.0713396175516645
2.09344739056553,18.5875336622698,56,0.010321507469797
4.50841463858896,18.5712858732083,52,0.00887075537555978
-4.76522555041325,19.1401896692491,53,0.00952698342137623
-0.307028840394636,18.6667579709619,33,0.0112569906411814
0.445562186109724,6.14113131696843,14,0.00210853710515513
1.01112731792109,18.6265440168917,51,0.0108338946175572
-0.674193229170822,7.68668231647974,12,0.00244159614672194
-1.52406266115566,32.1316770971175,100,0.0328294707507794
-0.937848403660164,7.54841757577107,56,0.00238100259656742
-2.70399654454734,19.0094832851199,85,0.0105189946619017
-6.62689068712962,18.5440539450981,50,0.00731922124847504
5.21500937436426,18.4138053617022,70,0.00804173571561555
-0.742398393275859,6.49864802839928,28,0.00217102317612186
-0.443825021063157,27.1822529509455,93,0.106849041714075
4.58834020233238,18.2874715582912,79,0.00822971933081938
3.29534960692449,26.5070186736327,100,0.044259081618061
2.74388653731893,6.18792139911778,15,0.00208479934403678
4.6118648464827,18.4779657281978,59,0.00861207358561824
0.901651010571148,18.188673358467,39,0.0100834467811976
0.523845482438479,27.1863563819275,91,0.108332077213062
0.61576336162852,27.7215291529251,88,0.116283363420279
0.435467572680738,18.6634272465691,31,0.0112624898075426
-1.20386188819876,7.13112404397126,16,0.00230580607774789
-0.588266012987207,18.8330276384743,51,0.0113823138662835
1.04510194809588,18.5371662949373,48,0.010668770896173
-5.979956772701,18.645852540116,54,0.00787499727871311
2.71447398721074,18.3272239096747,78,0.00934869939509454
5.35638882573454,18.2891659256852,80,0.00773895441048292
-0.00723888344696444,25.3977318577717,100,0.0626177845604583
1.91518660638472,18.5173203677338,48,0.0103436475650413
1.07504721967844,18.4392108055819,31,0.0106460807533586
-1.30381678099082,18.8457169984175,55,0.0111881205970997
4.75288280689095,18.7925551120326,65,0.00891012558766029
0.972917469539691,6.31852340901111,35,0.00213021572558251
2.07487762173115,18.4471387986041,60,0.0100168946231647
-9.59524337717103,18.4123973069281,43,0.00536048616697557
0.393844723948526,8.68447900829065,48,0.00267663006073852
-1.10881471179303,7.56748428882235,13,0.00240809030430997
-1.65563727420896,32.065387519453,100,0.0329847648375518
3.30348111467239,18.3930598741825,28,0.00959137463322022
0.0148578616883294,6.12786370711377,77,0.00207925850007907
3.55377579587473,18.5628566404394,53,0.00949756218484987
0.100031449136755,18.5489168992108,33,0.0109974356498024
5.80718374185842,18.7845361481469,78,0.0080121233792458
-4.05757292803654,18.2920860964457,49,0.00878475839828953
5.91907560295785,19.5932935829908,74,0.00895292628089948
5.23241462839345,19.7507840527104,73,0.00986596205422953
-1.24966526549963,18.2159845895566,38,0.0100711493073464
-10.0633115995863,15.9083113047672,100,0.00393633151700343
1.73717621719428,18.8740918394278,27,0.0114432793733492
-3.37966776283225,18.6924693956233,44,0.00992167523939636
8.01065268988229,8.78957698396347,61,0.00229938062196168
2.68348724730968,18.7728428412945,28,0.0106950739668535
-4.2715199707416,18.4478345257912,58,0.00880599468503961
-4.22312764157757,18.5774556704409,28,0.00928294970789515
0.702507148857859,27.4346399100728,89,0.111401990222647
-15.8637854082053,18.6876631789428,100,0.00288421224925821
-3.53485738827399,18.6443299075046,51,0.00966673260532523
5.85260386483805,18.9082516404353,72,0.00816260585973619
-8.34673499481775,18.605049876568,42,0.00623262802362071
-0.968189217653224,18.9447992007461,77,0.011230752157942
-1.0229224095465,7.44268549628186,35,0.00236762286117298
-1.11432786321036,7.62384166821851,54,0.00239753621802516
-0.283936866194202,27.0231619493518,90,0.108885161429548
-2.21018092891134,18.4852026702832,86,0.00977556321468539
5.04332414916606,20.4780798098811,65,0.0114485756576218
-6.79857073916081,18.1579771754481,55,0.00681315906945582
-2.79123269333132,18.6066717387799,50,0.0100665464005495
-9.93673749127004,18.2336316310979,79,0.00499424380429228
1.02473006705036,18.8719759819239,52,0.0113690802098677
-2.58491237915752,18.7757271844785,46,0.0105564028648223
-4.06082388187499,18.6781351583682,55,0.00932656360833272
5.58715699967077,20.8227128558184,93,0.0109940697120106
5.05427811592599,18.2118686124657,61,0.00795817098795749
-5.92377034350059,18.8390421868076,42,0.00822422311847838
5.91512953133373,18.8436896429432,76,0.00801244202005607
-9.31553845755987,18.9646782597427,76,0.00573299190724927
-0.0364697839449125,18.9993965809128,28,0.0121603428288035
-0.915481236925782,7.56424496405125,40,0.00239402294133831
0.227246981278133,18.6086510525389,30,0.0111653293386131
0.0378616033502883,28.1576845472101,89,0.119185031083196
1.3397350728427,6.63967039407623,47,0.00218459511242797
-15.1096825424061,18.8264963942672,70,0.00314633587470822
3.507136548053,18.6546021779973,48,0.00973111861948005
0.789452275614097,27.460736996823,92,0.106557163938025
4.73713193061067,18.8574131550025,56,0.00909006285538906
5.92995429628465,19.7780070851837,73,0.00919929825529776
1.38930244554269,29.7203675075106,100,0.0654127815063796
5.02661005748245,20.4321628962106,73,0.0112791793728535
-6.24227594694284,18.9037131747647,67,0.00788617288364602
-5.07329468119237,18.3645021535664,40,0.00827627749802431
-0.467851519076772,6.64140292190929,25,0.00220312266322611
4.33808662027714,11.3499847171624,100,0.00331849516367097
4.60509538502517,18.2147809213631,27,0.00848449922163145
-1.12712566482874,7.00325436762508,58,0.00225719979034465
0.689525642059239,5.90221054996178,66,0.00204008675104101
5.46652757732699,19.8796571791672,72,0.00983385501619434
-2.54446441436835,18.2648754883355,73,0.0093663276946033
3.37211568155397,18.4254156248193,62,0.00930173150232649
5.28088783350562,20.0010798520722,77,0.0101759599330084
-2.89532183343854,18.9661135956055,89,0.0102767437888093
4.07641035953809,26.9828783110004,100,0.0366439516338899
-9.71074864445603,18.7605029674022,71,0.00540181461277985
-0.283936866194202,27.0231619493518,90,0.108885161429548
-13.0168340763952,18.2278957048672,96,0.00366649274099591
-0.136082931854546,36.6227831728937,100,0.0115361234778092
-5.55913919319842,18.2183522055168,51,0.00769880834188827
4.9188401779627,18.2869094962755,73,0.0080603746518786
2.27565134963891,6.0367756821886,23,0.00206318867423979
4.65457302280229,18.4628882698798,64,0.00852551364737309
-8.4802342880995,12.5517537846367,100,0.00316259923414741
-4.49349747251652,18.1866350066907,56,0.00831321402236356
-2.68012927500467,27.9628111128036,100,0.0584986537543658
5.70585773410182,20.1157287498399,62,0.0100350533139932
5.83549082935466,19.9153366748342,65,0.00956102783090215
-1.76983270796174,26.0474351402077,100,0.0612625707460156
-2.85168365779917,18.4503241470976,45,0.00979447690419838
12.1051548731179,12.4853190612232,100,0.00254547109427157
-7.8659004748826,18.3339174082971,46,0.00632338344878386
-6.60661508476784,18.1533706553583,39,0.00700815009892107
0.0157878706988566,6.00106218328795,32,0.00207482465897697
0.0459710728388175,18.7770481189939,84,0.0108902118268755
-1.08922776660522,7.03783714388352,29,0.00227997475808552
1.74224633703963,18.3173094611405,28,0.010222549871908
1.76199366331173,8.60972855335758,43,0.00263903664729161
9.42386491532675,8.41173286058842,63,0.00210839960018911
5.19311663078283,19.1281379833319,64,0.00904678896279202
3.40093564911515,6.69200664546395,31,0.00215654988898469
-0.283936866194202,27.0231619493518,90,0.108885161429548
1.03703137557001,18.4356349557133,31,0.0106475425935894
-2.82962974585946,18.4590911501137,67,0.00961463321927954
0.596233073605154,8.63303873948867,76,0.00264144924743839
-6.69320949154546,18.244641508647,36,0.00705323380359619
4.99684195359602,19.3334651198266,73,0.00944355713425936
3.0171207450142,18.2711780131591,65,0.00921886482704818
-3.49837273752768,18.6751759927732,52,0.00973488919501364
3.67024136225758,27.237858930577,100,0.0420870632465828
-3.10817779567134,18.5370173945909,67,0.0095966695128084
-4.13775922624134,18.8712925857549,53,0.00960235406734235
0.996966790304622,5.96881889093854,20,0.00206965267440074
8.38156095917649,6.75423509209513,50,0.0019169682778868
-1.7296661791938,28.4325007724894,100,0.0756481792769091
-0.472734254625008,6.02420030981231,28,0.00207995083555041
-8.14910760212348,19.042661882933,32,0.0067441706801883
-6.09123487397134,18.2939736430881,51,0.00742739829532914
-1.67568099266081,18.5002888991469,55,0.0103267131540481
0.646548890864477,27.904877723731,90,0.113366730023258
-1.42340574148621,29.0083624596988,100,0.0755116846930833
-5.5257627043281,19.0740667296871,54,0.00876813083918844
2.54261621081394,6.18967065050652,46,0.00207631438963197
-1.1360198012192,7.88280294880599,17,0.00248120906854352
-9.41266582921488,18.6099763917093,38,0.00559018120365096
-1.21599949321727,7.33487999698296,32,0.00234240895834311
-9.00565451541007,18.6057094297326,38,0.00583200623060953
-4.06494523494946,18.2554439970507,39,0.0088031256983804
5.10024153946814,18.1584556068259,28,0.00807380058087933
-0.883441314105716,7.70839719313781,40,0.00242825495634375
-2.28519293579805,18.6032933971927,71,0.0101078912757944
3.69652729576209,18.8968717543313,48,0.0100275621536933
-0.997442697355152,18.4897150796197,48,0.0105796268891931
0.615250940591279,18.7446856516711,48,0.0112118911166313
-0.199489874825795,5.90560149191851,28,0.00205849979653374
-6.78709424227064,18.6923598192926,84,0.00717185529790646
4.21912898550982,18.8828200031542,81,0.00930977349788319
2.13932760432476,6.33879933173438,57,0.00210795693895618
2.88796635634261,18.1788546544382,29,0.00944377545877629
-0.0205150213788164,27.4036208687601,89,0.117497322262494
-4.46558794403264,18.3714203362494,51,0.00862075858898548
-3.57911572403107,18.6309042137494,81,0.00934491319412728
-4.29001304747453,18.4110527295135,52,0.00878648369228531
3.507136548053,18.6546021779973,48,0.00973111861948005
4.32894637410182,15.9780220231138,100,0.00588749426860643
0.0378616033502883,28.1576845472101,89,0.119185031083196
-0.788844446392717,6.46262213598192,29,0.00216298554399446
5.79073463911268,19.6910246320372,78,0.00917549400706546
1.2694537988885,18.8654971481646,31,0.0115559074796153
-2.80523603316005,27.137373171278,100,0.0546617561370661
5.30635460266211,20.0195799291272,73,0.0102197276900145
-0.263595796385647,18.6724876330219,67,0.0108573418735525
-8.35221913780013,18.6196576093061,92,0.00605080261573078
-1.85215983358392,18.5759412186672,51,0.010454980823575
-3.96291229660143,19.1070990009138,48,0.0101998576175695
5.70715788800113,18.4620340258521,65,0.00779316051907615
5.70143722158738,20.5776321835148,88,0.010497776486905
-4.37528692326704,18.7656421655261,79,0.00903554922794309
-3.88530667739105,18.5848187832451,54,0.00930678245874992
5.69826680737213,19.5056677521408,72,0.00905905733687776
-6.47042904725999,18.6255600608274,47,0.00753209665634982
-1.89389974005527,18.4629230873136,48,0.0102442078508376
0.0378616033502883,28.1576845472101,89,0.119185031083196
-8.76133081324111,10.5847882767172,100,0.00259647491259662
-3.63022285831255,29.0754319888439,100,0.0407269093762309
-0.94245444939497,6.10687991929908,10,0.00210065843338097
-0.838949643722962,6.72036286062106,33,0.0022131662244558
-3.04737422640529,18.6353805506652,66,0.00981316768997925
-0.149282023835004,27.3028618989057,93,0.110679871713125
1.57311183806766,6.12869336326252,52,0.00207952485765047
-0.0571599807937277,6.14287689136334,43,0.00209691356089043
-8.24200754109,18.2550420944833,63,0.00597333580486531
-1.64975599102609,18.2531867571888,87,0.00955682147554285
2.8301765476892,18.3350777554058,27,0.00976957618384962
-10.883989794116,18.1994824243903,55,0.00458270545571153
5.23950163379419,18.2055876699844,73,0.00775885976677338
5.46853931106277,19.1264323818729,72,0.00874869878882441
2.86683833910865,18.8012544141646,80,0.0100803378713304
2.51715408215735,18.8229119446641,57,0.0105676562340864
-0.770655805876624,18.5130475077579,33,0.010847924322656
-11.0345334730247,12.1806026148001,100,0.00264869660395129
-0.764889104465489,6.55381334008775,36,0.00217821119655201
0.256709003842861,26.8990569218117,89,0.107611494134278
5.69322638563326,19.8571857195545,73,0.00955304696944252
5.51121652179147,20.1642784287004,79,0.0101607780878365
-1.23353618294061,7.38583126199504,37,0.00235092325010608
0.425005525914046,6.22552530567793,14,0.00212501191589476
-2.37505732484236,18.1858186186574,81,0.00923739791992754
-0.430040781445176,6.39559360940434,73,0.0021314702444254
-0.345428286995026,7.95732401097781,38,0.00249385250671986
-0.469753798902925,8.78591855677945,38,0.0027115747188485
-1.0536569618739,6.16633664996377,36,0.00209960597812261
0.646548890864477,27.904877723731,90,0.113366730023258
0.435467572680738,18.6634272465691,31,0.0112624898075426
1.60010937814505,18.2350883069456,50,0.00988884299861935
4.45307988361232,18.3077471259899,73,0.00838222507087311
0.537502872374112,18.3280880170841,81,0.00998294760835374
-0.910021209800511,8.73296632393886,44,0.00268802875255861
-5.77372950472361,18.2028555311388,49,0.00755165743306422
0.378939068211194,28.0770556843792,89,0.117769358036814
4.05941065944886,19.0792666536032,48,0.0100702098797888
-5.80443822607713,18.54136025091,60,0.00784605521224579
0.843275685775778,18.6013455485775,49,0.0108392059467977
5.48386586760635,18.6049490451381,54,0.00819318692015575
4.19715258298961,8.58883377994423,44,0.00253586622795842
6.2390595340858,8.72119321557353,51,0.00243150397136176
2.92543334641785,19.1287088303207,75,0.0107277505566652
1.90996114450059,18.995093287481,30,0.011606659516815
0.197025139735815,18.5858037803598,33,0.0110774532188983
-5.7498703173285,18.9852332978254,50,0.00849289873952854
-1.57220282612966,18.1903439260363,63,0.00969001914030257
5.45188164173702,20.9908541914129,83,0.0116108745915615
-2.80391085565375,6.71882664462501,100,0.00215162788867097
-5.49428451044952,28.6273872990239,100,0.0245850350538861
-3.73725271179245,18.2469844569629,81,0.00866536965164954
-1.29741617638532,19.0539553774557,37,0.0119257062211842
-2.62250061519865,18.8769171309711,51,0.0106841612624795
0.00592115893894518,18.3385442075977,48,0.0103753070792856
1.18760646171039,34.346499639957,100,0.0187370983179336
-1.62366633308288,18.5103974237565,61,0.0103012635508077
-0.492644322233423,6.90934044267116,16,0.00226384878833666
-1.3007617723195,18.3446956598938,64,0.0100444449980763
-10.0221620571269,13.6226080791404,100,0.00319403864126791
7.5833790627177,5.8519240574157,57,0.00182309276748338
-0.879619822382832,6.55541041907559,36,0.00217763905763583
5.71442892311169,18.4763788676525,71,0.00776812236892256
-3.82564864606278,18.2398212683146,52,0.00882548625400962
2.8454724144074,21.0333683053947,99,0.0152631006233549
-1.42875197701288,18.1642279937391,35,0.00995279471067704
-0.145300201449935,28.6286693854409,90,0.110974655191468
-0.903064813484698,6.36894113856669,19,0.00214806503099661
-0.656396266725924,8.75153762281742,31,0.00270553679713624
2.71358926321673,18.2173927698706,69,0.00924485489548454
-5.62646274110183,18.2056379233533,76,0.00749688958563213
1.92834293777219,6.01865655196836,11,0.00207117479134563
2.07919565790336,5.91444251266328,32,0.00204045908645677
-4.80800542396528,18.6051736172293,78,0.00851117413823816
-1.75043178469462,18.2947314549497,71,0.00974820237085811
-3.0162272043662,18.8842994490433,43,0.0105391833499852
-3.84037143631696,18.3514871840547,45,0.00904283649103834
3.88670095093109,5.92358772562938,52,0.00199017710081298
-2.62250061519865,18.8769171309711,51,0.0106841612624795
-10.9837375846481,17.5792962184463,100,0.00423259332812571
0.909866860317507,18.3130494939549,85,0.00986225208622538
4.75613670578488,18.8645881687989,71,0.00896366544192067
-3.56803162082507,18.7503187073019,76,0.0095931856921355
-8.98473991501976,13.4142343079696,100,0.00334065602626794
-3.90255641992003,19.0530931633863,52,0.0101097593741055
0.535395422575397,27.0277209980835,90,0.106582593017553
-0.171741423127104,28.5618929021059,91,0.110847349236137
5.7415218998842,19.6910549402655,100,0.00904012590999922
-0.178040742329036,18.5498712549423,27,0.0110700035846721
4.77969536570472,8.70805735643722,50,0.00252786509495955
-0.906414838313662,8.33476167354821,40,0.00258394074900256
0.435467572680738,18.6634272465691,31,0.0112624898075426
-4.50027933127169,19.0702608229564,42,0.0097432882854738
-5.04747953668185,18.8643232262482,52,0.00888711266821057
-7.66972590320725,10.916692523304,100,0.00281022620390071
-0.361236147108606,8.54761020861615,41,0.00264446987903109
0.339716003585136,18.262292208533,59,0.0100952869667537
0.971064012359355,18.683977521407,55,0.0109210801821727
-1.06344328238966,6.233526654236,20,0.00211958839511281
-1.95685266777656,18.9249412993013,45,0.0112249028119652
-0.0218313405106823,26.8943030930485,88,0.109451876760555
-5.67428738561333,18.3661601691749,52,0.00778482750591525
0.631670196534729,25.3553859128396,100,0.0603162112862337
1.13192764573741,8.76525867968285,18,0.00271268390737869
-9.95200257360909,18.8542218481328,42,0.00539753798885614
-3.04575598206308,12.0937203831925,100,0.00373423912175276
-3.58763629948429,30.6450342344814,100,0.0327636089336263
-4.35038101438068,18.8419796482732,48,0.0094362950095797
-5.58286004994364,18.4228522644728,43,0.00797115021896833
-2.33803817959404,18.7789419767162,28,0.0109104220360083
0.30695393606638,18.2906769509683,77,0.00997100266835196
5.90791248726919,19.0185615089975,66,0.0082920583800068
11.0170750537949,8.3405668465968,53,0.0019660523413034
2.90314024237836,18.4451703386499,76,0.00947045826023559
-3.11002692095786,18.3612753775855,80,0.00918927487449693
-0.174091806091183,5.98360562557323,28,0.00207313176208332
-0.826220492014305,8.0249078939604,45,0.00250273083315992
0.478631032445799,27.7273561258896,90,0.11563351981051
3.4060216237981,18.6407636249997,28,0.00996819252773745
1.6600233583559,18.4019750320272,27,0.0104346783299902
0.637475186742739,6.34089705202721,47,0.00213159462216101
-0.611780246995781,6.01623999499303,28,0.00207779637403623
-4.06190706863128,18.267571554532,42,0.00879983596530673
-2.82380536695262,18.3318615817323,46,0.00958921261594003
-20.4386309792618,6.92490256526627,100,0.00115477616986662
0.958714339512386,23.796331561755,100,0.0365716568609611
2.87043837699643,8.64211440813487,46,0.00261018203538884
0.194537748783589,19.008946931718,55,0.0117921938457665
-12.8428798515651,18.3814741937096,40,0.00385050132566153
-1.66352153573986,10.4977751585901,100,0.00318311099463931
-2.81060307865703,18.6734963508621,55,0.0101301680924799
-1.00994268196511,7.239087684312,34,0.00232237341230427
0.0149751017260502,5.92542136533143,13,0.00206876073556132
1.65783690789452,18.7792178079415,29,0.0112318569090938
0.327974322015616,27.7176469248415,93,0.113260738143005
-2.35894943471582,19.0740045574579,45,0.0113403018091577
-1.13172457393678,6.35687326583434,54,0.00212757172510017
-3.25641874521025,18.7121646580135,38,0.0100999118584598
-6.02222810048687,18.541014012368,84,0.00755088742999083
4.99684195359602,19.3334651198266,73,0.00944355713425936
5.7009403493677,18.4906548311901,73,0.00778152540818868
-0.854424847043913,6.28666162348492,26,0.00212904893324878
-2.00671825223503,11.7012408808578,100,0.00363539394342812
0.0394822307596101,19.1000566780301,47,0.0121416958646791
5.25315851318063,19.2173082976567,73,0.00904861452473575
4.25376340237883,18.2571759371734,65,0.00849376150930289
-0.256099805249169,6.10692028970087,29,0.00209592271746186
-0.219921153743644,18.2086396148853,51,0.0100784123027258
-4.06190706863128,18.267571554532,42,0.00879983596530673
0.490733827008226,5.9281743138511,17,0.00206653838633526
0.291791260264211,18.2336439597465,78,0.00985448221337956
-2.53058104658155,18.7314502613552,54,0.0104103961752372
-2.10633054156516,18.6371659185794,88,0.0100785021830031
4.62872775071858,18.7159997504029,70,0.00885257662414103
-0.933321839526176,7.12307610345958,30,0.00229967869411968
-0.299356149713262,18.3744723749298,48,0.0104395800659739
-0.651215924444337,8.31433595830154,40,0.00258126883595073
-9.34093321100772,18.6354563610497,76,0.0055288622472454
0.122363302984431,28.2000961366035,92,0.114537052642932
-2.53189163719635,18.2547002056298,62,0.00945206380535913
-11.7498260852902,18.7756052344936,98,0.00432323823241243
5.47430371776641,20.0841168507836,80,0.0100651639145207
0.46261212725012,27.2301261891472,92,0.108538633711924
0.0378616033502883,28.1576845472101,89,0.119185031083196
0.061712219053231,28.0065452213182,89,0.120106800341336
-3.4525903347178,18.9748161524678,62,0.0102051403187385
2.25197463758846,18.6157877652535,50,0.0103679912842807
-0.394000302869147,8.21333218946532,21,0.00256939716340405
-0.770655805876624,18.5130475077579,33,0.010847924322656
7.12377850110489,6.42848963719073,47,0.0019390674185565
-0.894373596656874,6.15718876221316,27,0.00210319733040978
2.02405901308138,5.819504294953,11,0.00203278582356273
-3.49902281552406,18.6370970846984,57,0.00962196317595524
-0.105959782166149,18.8226762904532,34,0.0116268545121676
-2.44439132376519,18.6199500540153,48,0.0103010576376237
-9.9598032337956,18.5718672074958,84,0.00513370613041983
-0.343951444170481,18.2492240114037,48,0.0101822549901292
-3.07967060399429,18.4785145139735,55,0.00962270999762177
-1.00617670938626,7.66417517425625,32,0.00242110439231552
1.44197157426513,19.023469426278,55,0.0115491584004591
-4.93507317313678,18.4670577434638,54,0.00840996721108388
4.81489962040562,18.4059946156004,72,0.00828597598212732
-3.17711622950999,18.9702963354436,49,0.0105325387060302
1.01112731792109,18.6265440168917,51,0.0108338946175572
-1.19243496633487,27.6761031707156,100,0.0880500635305348
-3.20302479663078,31.6762521793228,100,0.0288062255321702
5.55467174519761,20.4766375720126,73,0.0106851684121662
-2.44574472727178,30.9913703339328,100,0.0389401886675548
2.37175067162371,18.4011753767878,67,0.00973530260568305
-0.789367419935035,6.31241268275965,27,0.00213412608150925
-0.704266750178522,18.6007482365033,29,0.0111044952009028
-1.16818911620404,7.343269544127,41,0.00233998808496666
-1.44161640336835,18.4193815463833,49,0.0103063172693736
-4.51249136891585,18.2080861839064,53,0.00835094861112239
13.8475235359243,27.1348143206568,100,0.00494602413302334
2.7523190492832,18.166049056987,29,0.00949010561022601
5.57220195075318,8.89521393298671,51,0.00252041270615652
-1.71057976998568,18.6804510158178,52,0.0107165180062397
-0.770655805876624,18.5130475077579,33,0.010847924322656
-6.87940606237225,18.2978489817819,38,0.00696934074879729
5.9562967924976,20.0084007887372,76,0.00946561953375082
3.0983387348329,18.8870731977771,30,0.0106341916509863
-4.82454079503454,18.6443074489259,89,0.00847249682274098
-5.22970358302287,18.218329761684,59,0.00786556579983487
-0.758235287037146,18.3859412906391,48,0.0104104717849816
8.39173906718829,8.53524647972359,63,0.00221672402657218
-0.678871619511634,18.7398186475539,58,0.0110665844886386
0.750482006090785,27.7745860066853,87,0.115317224606809
-1.66711674172651,18.7847047841252,28,0.0112531897893436
1.74224633703963,18.3173094611405,28,0.010222549871908
-2.95515797456616,25.7858235935893,100,0.0435895196904534
5.89328250295698,18.9927991132686,72,0.00823174352136631
-4.56946041008284,18.7115401752865,74,0.00885756086102629
-5.81458984246946,18.3700300118199,37,0.00778249837381543
-0.982082732605391,6.72628020168385,33,0.0022131148470117
5.46542627643068,18.4200043146225,78,0.0078303179153505
0.839901773972911,18.9670181555897,29,0.0119597852091818
-8.05376000307732,19.0239791634159,54,0.00669966679940262
4.96100290636421,18.1953147261123,67,0.00795908525629194
6.94805025731036,10.6711052061949,100,0.00282743866878711
-1.32041295875333,34.8366088293077,100,0.0165836599597157
-1.13810855238893,7.13414443177502,30,0.00229986248278482
-8.6759721965299,18.5949131478267,71,0.00591232396230235
4.60117956054439,21.0314243534734,91,0.0128504680562338
1.4268841555796,18.3098909019679,48,0.0101045633389046
-0.918829700655668,18.7327164629937,49,0.0111141844860448
0.42920924010139,28.6817350332309,90,0.108009560982846
3.03999207693082,18.3449399156351,78,0.0092163827355276
-2.62449226559656,18.8235221916599,47,0.0106191803914156
1.12163623211932,18.3159372369827,49,0.0101862254183683
4.6118648464827,18.4779657281978,59,0.00861207358561824
-1.08665931435692,6.11575356102969,50,0.0020835598142649
-1.00609576725874,18.5749209250743,48,0.0107586028726725
-1.0512819726927,6.52723055860837,28,0.0021741684059167
-1.18274134029797,7.89946968471301,30,0.00247664534668348
-0.0923197328416248,25.4716024679975,100,0.0640210185773802
-4.58697003095714,18.2922937854338,49,0.00844552191879093
-5.2952555817464,18.3103106872315,100,0.00768279866918365
-1.23937878675219,6.41256052135429,30,0.00214830741778071
-5.10144639470867,18.464194750786,63,0.00822841182434112
-3.68363498646883,31.3697390157264,100,0.0279487606720818
0.195107060320623,18.7541046292404,30,0.0115102740941578
-2.73578283394045,18.8155965597494,32,0.0107055954974314
3.48215360108001,18.8073517639915,53,0.00997016835027727
-1.12691369473529,31.847765699484,100,0.0369503331544001
0.589207879403304,18.2711807012666,50,0.0101815034292708
5.85300618635538,18.5173777920551,76,0.0076883828843642
-0.766538547505777,7.31111243005826,44,0.00233537830648401
5.01219979116576,12.5566657706889,100,0.00371397891802906
-0.372876249244339,8.56459508031844,62,0.0026343493250672
-1.46739711635226,18.2535631870187,54,0.00992441303660986
3.30440979730427,19.031312524596,74,0.0102893712361505
0.0455317283942622,26.9989942162565,88,0.111775134704054
-4.79157436615498,18.4282814898982,40,0.00855865335276136
0.82434411568642,27.9223279767167,88,0.11255841877362
-2.49555160868348,18.7691734875648,53,0.0105158691955113
-0.85706970168544,18.2292096028761,45,0.0101100482455935
3.9402509864108,6.39797172343987,47,0.00207555742661812
-1.48310988074525,18.5470768965651,58,0.0104543272673176
1.88615141962109,18.2194956845223,50,0.00976355417002745
-2.48802641483666,18.6036891792221,78,0.00994100568745354
1.93685590651625,31.1363225969599,100,0.0410195750052075
5.02550986518195,18.4493202568227,72,0.00820069375337449
-1.68127693773816,18.3051509145701,56,0.00993577024450153
-0.463581777262387,18.9996693032621,33,0.0120564335461098
5.80777584750006,14.073630111299,100,0.00427845320462497
1.25764702866516,18.2316790285832,34,0.0101408525001731
0.189614925568879,18.1693114976753,68,0.00983570926014499
2.39154180000651,18.1919868698143,77,0.00927516046964516
-6.0026066152716,18.1867511383099,53,0.00736225557505064
0.890123793216311,6.48684502153736,79,0.00214381619552559
-0.227248011004893,6.51045467206444,77,0.00215281315949763
-3.70144537777815,27.0893620920824,100,0.0413266057978507
-1.53723123060083,18.8460691281091,56,0.0110941851775317
-1.08404381465463,18.2354496384187,55,0.0099768627154038
-2.58039449738367,18.261025235096,85,0.00924013919913644
5.12743849329312,19.9743442104533,73,0.0103418301893543
-0.686170331077648,5.90001298419733,15,0.00206114538042873
-7.43702220907835,18.1823521067035,78,0.00634151246057163
-1.23188652490293,7.66510688998725,36,0.00241602988075493
3.8603654266551,18.7381290526264,48,0.0096307106696269
2.92447771303056,36.0678326815412,100,0.0116547667484949
-4.34725964019778,18.3518675114356,37,0.00877749268857161
2.88541054893357,18.5360179759594,28,0.0101024100779505
-4.46024206967718,18.233097158847,81,0.00822396743598452
-0.446605205550241,6.22051354215276,11,0.00212530223330078
5.65304592104871,18.3282639001944,62,0.007696127301808
4.18846729412709,18.4296493529809,78,0.00868062484996209
5.47718015798286,18.3236440679756,66,0.00778415123179854
10.2834521984634,9.36780440180142,100,0.00218504063622634
-1.0704345821519,6.68935182948082,36,0.00220315028799946
-5.59653091590999,13.5071289516696,100,0.00404428425721174
0.370543461793793,31.7853697548595,100,0.0393126110104176
-0.623985321146681,7.31937540922031,98,0.00230915746300584
5.82366875919642,18.7707381834388,72,0.00802225283222496
-4.93507317313678,18.4670577434638,54,0.00840996721108388
-2.92010763982043,18.3457555640844,48,0.00954449909284218
1.75692180215189,18.6719220228836,30,0.010937178241006
1.02473006705036,18.8719759819239,52,0.0113690802098677
-4.96332459689037,18.4026806431852,46,0.00836121408575369
-1.06397532877803,6.64967801541075,23,0.00220136683779682
-5.83255232461108,18.3345763861318,55,0.00762329311571359
2.89259034587769,8.82020735732259,44,0.00265795677986358
0.483419447464638,18.8128460943946,71,0.0110977876158936
1.65783690789452,18.7792178079415,29,0.0112318569090938
-0.298926864856569,25.4135739573137,100,0.0625727190283349
-11.1152840181245,18.4154848768529,73,0.00452544490979556
-1.1024379450361,6.52387635130589,20,0.00217675571659152
-1.30002170404232,31.8616587510578,100,0.0362391836924905
5.44155991189379,19.3050695961688,74,0.00899931620453056
6.00882222343553,8.37571541117232,48,0.00237252175077628
-0.283936866194202,27.0231619493518,90,0.108885161429548
5.05772740993831,18.2461794027419,69,0.00794717258310878
-2.36027777136427,18.7592863638531,62,0.0104692973577483
-0.922164442198787,6.58811477074514,34,0.00218485124562347
-0.392396084450166,7.01910380865313,73,0.00225861381661231
-0.953215659737294,8.44528727007976,21,0.00262543904174549
-0.250923466411856,27.0799861964036,90,0.110201174330103
5.16768483627376,20.0391462064318,73,0.0104067963052167
-0.956161278263195,31.8924657529117,100,0.0369466413890971
-0.99953196704087,7.78527161901416,32,0.00245011324253806
0.702507148857859,27.4346399100728,89,0.111401990222647
-1.53806335102873,18.5454079043831,89,0.0101059827060003
-3.72245868561193,18.678902005058,78,0.0093569044638464
-0.861958729217768,8.16877365668025,23,0.00255273284594326
-3.77567578544625,28.5625866887215,100,0.0405702213348427
-24.6630425701408,8.16715602699141,91,0.000993913823084268
5.51764990670462,18.4540406369443,65,0.00791510069563145
1.87434252261757,6.46943408021546,35,0.0021481200111011
0.615250940591279,18.7446856516711,48,0.0112118911166313
-6.43442608815596,10.4068659472876,100,0.00280932126939148
-1.03155730028007,18.1942501491371,27,0.0101920465692082
-3.95619095163044,18.3205249935431,45,0.00892238879101695
-6.02952131273791,10.0680271039327,100,0.00275592633272937
-0.898863021587033,18.2317580516938,25,0.0103161065881446
-1.20606008085743,6.57823620565775,38,0.00217807197302454
0.767589686410494,30.0281752083178,100,0.0658509034536772
0.848493508945704,30.931998214231,100,0.0498740100355783
-1.21995618811537,18.4348115549827,28,0.0106330077965191
-0.941887774166152,7.12833433280815,29,0.00230127694533757
0.155944492948386,18.5482482450753,48,0.0108158322673369
-3.31811427572547,18.6721495748148,61,0.00976084111666441
0.170388774272404,5.86261417462548,33,0.00204846930784785
5.75923644896423,18.6352053990552,81,0.00785611119626473
-3.14112225813095,18.9176570064307,33,0.0106320487234222
2.83538906446914,18.2608886276545,29,0.00961472857847281