0.085157638504026,27.3272367062591,84,0.123557362595332
5.75564607865391,20.5627730316463,79,0.0105046408499349
1.64976992072925,18.2783150633392,77,0.00969413925827783
6.67830806913814,28.3869290777523,100,0.0182557866021573
-1.20577475952987,6.91674292308217,30,0.00225211695833947
5.62109498320966,19.0815599952261,70,0.00857777009345924
3.10471277049181,18.8938007486889,81,0.0100953880872512
3.74669904859311,18.6270258188133,77,0.00926703438943225
0.706090757943292,27.7169243486208,94,0.107291648340866
5.77570061453516,20.9882983115452,80,0.0111735605459425
0.158565045238199,27.9882303606719,94,0.113093124634786
4.56536077441823,26.3793431871081,100,0.0303586652307398
-1.63045444726522,18.3293200621774,81,0.00975449891316809
0.963583664539014,29.7417366572541,100,0.0696098785623871
2.14153889852803,6.08897600707374,27,0.00207374879673902
-0.833927265326034,28.2473479174546,87,0.111787833877742
1.5022294067842,21.2251333710428,100,0.0174838782639959
4.61581693728442,18.5275107703809,73,0.00857447705632563
1.98902702698101,29.3037773289405,100,0.0627425206392704
0.819010065364248,28.4254205088375,89,0.107641677290261
5.79295596397742,20.6630354331717,73,0.0106867946917246
-1.97258683345072,25.7543105378722,100,0.0548509262326505
0.274424403961522,28.7671568976246,91,0.106416920470084
-3.86391514403541,30.1526209733165,100,0.033243259123687
-2.94827208924007,29.4720510708163,100,0.0471964499708199
-0.919185823453889,33.1647667050835,100,0.0257245690949126
-2.40329088326061,30.9876406861764,100,0.0392908553179013
-0.987080820923244,7.28300511765948,31,0.00233405507452801
0.384241828886635,27.4469353496572,89,0.116005423604883
-0.736240614791805,7.73938922779161,37,0.00243883548133264
-0.675812282773204,27.1262880781633,98,0.0980596896423204
7.25571299337563,31.6561628582518,100,0.0129958159249102
-1.57112940725627,29.0775017057388,100,0.0722086806498283
5.00520639876322,20.5674186146242,85,0.0114086409081088
5.23961627204988,18.5264569911842,70,0.0081637535777036
5.25838363542652,19.2555623003173,72,0.00910670391332409
1.73291099737486,8.66120541218093,42,0.00265431422563685
-0.366348518556477,28.3550298374012,87,0.11793782649529
0.499952814149337,28.3097763940916,87,0.116929776930847
0.99508447967273,27.9052309512941,94,0.102112412771133
-1.12185686258314,6.24554766362027,42,0.00211149747806722
-3.40526327497183,27.5773082931209,100,0.0463447162743363
5.67377076172042,18.4964257599626,73,0.00780686801776153
2.36790694111074,24.5907693616106,100,0.0381622091598302
5.94303628138432,19.9640112682061,72,0.00945297211154256
0.693975238753535,27.3345840954165,89,0.110375719314555
5.55897147068782,19.8034907946072,72,0.00962182219592006
5.83096720371605,20.7052131597773,90,0.0105141594329906
5.8292761997937,8.77715039439254,44,0.00247841440343034
-1.1349123371269,32.5309108267629,100,0.0303077222541498
5.40132391660824,20.0847132771272,72,0.0102302206863013
5.69675893289855,19.503162116109,71,0.00906524148999624
5.77460735347537,20.8351413452911,84,0.0108680185577805
5.38777312128724,19.9183257234711,73,0.00996820948292673
5.57116857202168,21.0745183204279,88,0.0115209426810985
0.13685251120411,27.2534050415024,94,0.108823557820373
-0.314352107687635,8.27390536921174,45,0.00256961518574271
0.498780863885248,27.9535639892738,95,0.109190488604377
-1.2159744799115,6.92682087334378,34,0.00225210352962936
-0.821328015062725,28.3340896548445,99,0.0980471890795219
5.83984662560479,20.6885025757773,72,0.0106777248122269
1.18277602079251,30.883146554661,100,0.0489430647875136
5.58978362471489,20.7201308353637,73,0.0110568024936172
5.84394034785953,20.1895540277605,76,0.00985150439600679
0.59102580494146,28.4710078166546,89,0.110838528810972
1.11616638517016,18.7025199309444,79,0.0106463502496511
10.1176778093587,8.74872726828451,51,0.0021112351307398
-0.853386043298853,7.68969239785106,29,0.00243060365701423
0.388492562722992,27.3424974166012,92,0.110852259524051
0.256765007039583,27.8939196787868,93,0.114051140319934
2.23811160756901,25.2741676849851,100,0.046289728330605
-4.64445310490797,26.622824460273,100,0.0302978822454992
0.797415735282503,27.3166516272301,89,0.108301954194428
5.41031861958463,19.9088547838081,62,0.0100388593471766
-0.725138662509189,7.20993598502543,31,0.0023201694198877
0.294887527797608,27.2135031163175,89,0.113539387712793
-0.273823761617102,28.6802080782781,97,0.101556917170993
5.52529059817317,19.4309817416312,64,0.00918281917816301
0.189812707060826,28.3020637316887,95,0.109512734234237
-1.22487190108334,8.26904322561873,32,0.00256768864138694
0.388492562722992,27.3424974166012,92,0.110852259524051
14.0114693511482,8.88564673349138,53,0.0017774767846821
4.44007639286368,6.47200278629885,34,0.00207678037513693
5.61716070691538,19.1448861482058,71,0.00865589190378759
5.93580527984343,19.7207981973377,72,0.00912396205291648
-1.18805528626138,7.50039176879797,31,0.00238108592962377
0.520246860739582,27.4391813472662,91,0.111734506200707
-0.985223074226379,7.08452714684704,29,0.00229124844812867
-0.0676085186654038,8.69609358046189,44,0.00268378387157685
-0.99096886548316,6.37002231235046,29,0.0021429094542781
-1.01644135585919,30.1171805644296,100,0.0624085714531179
0.320926721202114,28.1191143486244,87,0.120911742330459
0.283568267915598,28.0804929969285,91,0.115881774504484
-0.144534000997571,22.819525816532,100,0.028295963953684
-0.745308105027057,25.3774356642762,100,0.060147673077368
0.257170792578692,27.2092575411285,88,0.115045508847195
-0.029637619098287,27.4655980382234,96,0.109189287517355
2.16953686421444,29.5187575155793,100,0.0576193906401547
5.12232564339948,20.6673824754109,83,0.0114691071783365
0.600580091132802,28.2152188810372,89,0.113804477460885
-1.2458913371381,7.72120884629945,34,0.00243028762922735
-0.48542660041763,6.33171914865784,28,0.00213923545800681
-0.0826890007487423,30.6532054314864,100,0.0564878175487669
0.0466590034076179,27.3156196437198,92,0.112348517592843
-2.89859574328543,20.4270663160817,100,0.0134102666776846
5.22326764944036,18.349323881732,78,0.00790763924873884
-0.779402901041233,32.2459517396918,100,0.033631303184149
0.264584387072566,28.143045271705,87,0.12120592869658
-0.972264347599088,6.80050449336557,36,0.00222716802306443
5.85292969149472,20.205371432071,72,0.00990392749034469
0.552135614968864,28.1048195749628,91,0.112800781427124
-0.907837950100459,7.44993743995461,40,0.00236772542790721
3.53997021734615,18.5561371159326,72,0.00932685739515356
2.62258732843945,18.684549032197,78,0.0100209896073067
1.50441417713992,33.4848186297914,100,0.0228368134856858
0.498256897384866,25.3198021248587,100,0.0602114209043813
0.590454535717381,27.1810227901377,93,0.105126756027722
-0.98499247016273,8.51430046782398,21,0.00264357860068965
5.66541242327392,20.3922304822328,73,0.0104075667951906
5.54384897462498,18.342860923854,75,0.00770803677464291
5.354216323838,19.2592299757091,79,0.0089715760431629
-0.942597054586063,7.83774574478408,32,0.00246348110035931
5.40821463277247,26.7195170132779,100,0.0247198577578755
2.28823863575967,18.6212127787365,47,0.0103933832449053
0.242440567771912,8.58414366216337,42,0.00265416690570943
8.02263001058087,25.9850236050758,100,0.0128561533193611
5.71956757422088,20.5854198084828,72,0.0106664446937526
0.732824010645617,28.1782789375802,96,0.103750073291253
-4.38991882651036,25.6489042163347,100,0.0293540941367028
2.15903284055758,6.40609056293029,33,0.00213135235479149
-1.19810012003279,6.32975540546967,27,0.0021338291096241
-0.339503760873113,29.5323419921709,100,0.0780709672793074
0.097682061700534,27.124019928693,94,0.106905805375936
0.334941670918376,27.6305314619149,87,0.120971492119428
2.5447041663273,26.6659223768954,100,0.0561630734734981
0.283914558121141,6.63282123860883,33,0.0021981539483097
-0.31765107389404,5.979729807314,29,0.0020716706695291
5.6934971530827,20.1338019527504,71,0.0099870026097804
4.77799322552817,18.3575673653587,65,0.00829531781424849
-0.421105579703583,8.3345099658992,22,0.00260029770748842
-1.62989013322796,29.1612734375752,100,0.0701870634781552
-4.86261016267173,28.3125671725902,100,0.0296299126374578
5.28807148394067,18.2883653203512,79,0.00778788611550972
-4.83936295265413,25.6868419202012,100,0.0262822986656808
-2.71663260166799,30.4653778976674,100,0.0415581842672965
5.56290651341675,18.3042756767914,63,0.00772305645462126
-0.602244246818558,5.91743293268454,33,0.00205721450683727
-0.595692042355093,6.5516545898735,32,0.00218076777216164
8.71700628293408,8.8181317806708,64,0.00224251947707198
5.85837835714879,18.7448430810618,66,0.00800446889982008
-1.74670868337536,28.0721618411244,100,0.0769439048277427
-1.02779800991037,6.56877872217146,21,0.0021861454999455
-0.688692348039088,8.32216752872013,40,0.00258297494177831
-5.63010620911774,18.4366784689089,36,0.00799863216795945
5.12772337006112,18.4867436100444,55,0.00829354849002278
-0.898059387505971,27.6137038836533,96,0.10132961999004
0.870848202919646,5.9180248738823,27,0.00205818962902179
-1.75401711598602,30.6122311186615,100,0.0486723366503977
5.74430213685941,20.7299261079949,83,0.0107464962984764
4.02522967209581,18.3454440923543,73,0.00869914961433933
4.84099043899471,8.74232130958178,50,0.00253248495608492
-2.36457890889748,28.8902990619095,100,0.0604185627689851
-0.413331492222355,6.85265107066341,44,0.00223797521283393
0.432452886380469,28.2852479228055,88,0.116716051755063
0.393721808740333,27.0733264699544,88,0.111398048848336
-0.523752884586223,8.64528777787701,38,0.00267216795590757
-2.54821105755764,27.7893465234191,100,0.0609772916288638
-1.14904250713352,7.77940577796419,32,0.00244677533258708
-0.306568916443102,31.6828461736954,100,0.0406509176709156
4.05486107222438,18.3459686234466,73,0.00868182112947479
9.19848460554729,8.88890330185727,53,0.00221846307163171
-0.142185478472903,8.79168149527856,43,0.00271098868202216
-0.82795061798945,28.3580038373398,100,0.096774686006704
5.04123623740932,18.3486567553061,72,0.00806424154855792
-1.15126962334894,6.59654238193137,32,0.00218524970973889
0.374828904431128,28.136562173888,86,0.121694453970434
5.61600221644168,20.3869197604939,65,0.0105478689125472
3.91114260528984,29.9869200517442,100,0.0336512589941578
5.33064336436587,18.6695173357768,65,0.00831224473616992
0.431474460065132,28.0996865067034,100,0.103691102879619
3.16820991750473,8.79780429507326,44,0.00264024330011526
-0.88914988885572,8.22604899715038,42,0.00255472119111386
-0.150086714507743,6.20064812766768,17,0.00211952159224175
4.84097320576415,18.3889507910941,78,0.00820612444833602
0.584674641924491,6.78073460281058,28,0.00223000059606268
3.08419468516414,29.0349121011302,100,0.0480982597117237
4.11755392641237,23.4819750611341,100,0.0217234637597079
0.606139989695885,27.9119544338293,94,0.109039623935773
0.467819166612209,6.2534321324246,27,0.00212441856008843
-1.21203361395604,8.27045264050556,32,0.0025682591357248
0.276037479228274,28.574491434496,91,0.110060275784229
5.8043699801461,20.8968873824515,89,0.0108702907893085
0.0975635472114211,27.2537046988508,96,0.106614210949106
-0.69313780321552,6.85934479501075,28,0.00224587445411382
-1.50403201630614,25.0240805759825,100,0.0494741838332668
-1.24105261874594,18.2588781955636,72,0.00981869944589316
4.80950943238124,18.3129641492274,66,0.00821005445981354
-1.31513012143786,18.215828940522,79,0.00965582395626331
-0.114252578914499,27.0224102582013,89,0.110893244430839
-1.61157425923565,23.7963400586906,100,0.0344571550020445
-0.84751089166688,31.5379643262925,100,0.0414291264302232
4.77486256304707,18.5017993697008,66,0.00848181010428667
-0.180707714309152,26.055924938516,100,0.0757989066347729
4.40992668181364,18.8210026000812,73,0.00914291825748221
-0.71846032708224,6.56924902212365,44,0.00217786214944188
2.43291898976842,30.5774637881263,100,0.0431071838853799
-0.590536325197884,6.0128101356404,28,0.00207725979204158
1.73388855704298,29.5929093393219,100,0.0628691087860397
4.42689736203502,18.3339940640101,87,0.00833564268431076
5.91894189400352,19.0653982762025,65,0.00834713182675285
0.615536726957284,28.4417009984713,90,0.109687304608204
-1.77864137765783,27.7552359283328,100,0.0764771497560993
-1.81256120328946,30.5850151332014,100,0.0485310801970804
5.43763747162754,18.5768377072669,73,0.00806653611676626
0.593967417004438,28.8799250184005,100,0.0885619959287609
5.30135174512248,18.397210400489,72,0.00795082533459997
-3.00858044393464,27.4555282419242,100,0.0523090389994646
-1.21567145518352,6.64312095655808,32,0.00219400607143018
6.4534385457012,28.327998090569,100,0.0193177973425926
0.471626214629203,32.0221393627572,100,0.0364477310998212
-0.298632422780506,27.220690279339,90,0.112353493133136
5.66299456463664,19.2467510176205,66,0.00878890205869992
2.6285627753821,30.1463312855782,100,0.0453885178861942
5.77857427300173,19.2258824427217,74,0.00860124435368746
5.32302457839273,18.7557860871061,70,0.00839314819644781
0.25096573751339,27.0963934745278,91,0.10930195103801
-2.97707999612538,26.8532630924083,100,0.0505560809989729
-0.215594056330907,6.52878211083098,18,0.0021842595035987
0.25096573751339,27.0963934745278,91,0.10930195103801
-0.440751711081406,8.76982516217146,45,0.00270213875445574
5.55682631893651,31.0843030755041,100,0.0195436626424553
0.280797710612616,27.6547658266311,88,0.120156532427211
-0.629334750530541,7.49365088976847,41,0.00237961766692898
0.966006428139761,18.2057289243829,42,0.0100742491664657
0.959917195875277,25.0560868713512,100,0.0535008228611883
2.91929077869674,28.0678387278603,100,0.0541537454277692
-0.600199110453902,27.9562195630053,100,0.10235141217979
-0.986649601320918,34.0008338248375,100,0.0205892046238889
5.48747431721419,19.1236790161286,69,0.00875210153869123
3.59114796547129,8.47942358479904,45,0.00253838039504758
1.35455853981774,28.9456600803038,100,0.0774485057714917
-1.4583729768042,31.2189974379044,100,0.0429140065484659
-0.621827280226061,6.35239543947236,22,0.00214538004373245
-1.53848407944818,28.5028586410356,100,0.0788667592079418
2.29608795555422,34.3844504313038,100,0.0173234117678966
3.95846152668817,22.0898469081678,100,0.016983884032564
-1.89692193387264,26.0525675898139,100,0.0596281823834108
3.2681715158171,27.8710027503474,100,0.0485860477431381
0.331039862907227,27.9215064772801,92,0.11475496437942
1.96750332137485,30.2691868269306,100,0.0510978431183266
5.54214676982757,18.9236159140592,73,0.00841768985827525
-0.273760454343475,25.6404492454803,100,0.0670788099532419
0.582354600657982,29.686338495858,100,0.0736857942434066
5.07560245220205,27.4922108935464,100,0.0279338038988031
5.51280041902577,20.6149984739437,73,0.0109769576569514
5.33797951528676,21.2076411545316,74,0.0123357272086755
3.43622915952044,8.88440870047502,54,0.00264390346142408
-0.57785512325235,5.86894268556644,21,0.00205340549939623
-1.66381364748019,25.7705964849186,100,0.0586852792325483
5.04074630127281,18.4206061088144,73,0.00814759455822564
-1.22323142482719,8.31435399176092,34,0.00257813102166917
6.94107651360765,27.0097628026503,100,0.0170054870047435
0.50221876540258,28.6170042643591,94,0.103902475975436
-0.520647383656789,7.10680759548454,39,0.00229453388619801
4.9658948517527,18.8990657636198,62,0.00892207084793584
-0.27088397503478,7.46844164859502,38,0.00237732735445026
6.66320833416454,8.32836772841118,53,0.00231410623342466
-0.943983404428221,27.5490966661415,99,0.0971861170861769
0.252614710284352,27.5187913270967,93,0.112586210886979
2.73905454563975,21.596641686738,100,0.0176526997890886
0.253845992368737,27.8094775345164,90,0.118090011656571
-0.771482645648031,6.97227485354826,36,0.00226528851233527
0.421368397964875,8.88292745893428,43,0.00273556843374827
-1.05864438138729,6.2749785923289,39,0.0021191458996403
3.04608842799856,8.8268483749778,43,0.00265401545077741
6.20518611525727,31.0748139962115,100,0.0170263715193515
-4.55258671309681,34.3243240722649,100,0.0138124301182865
0.572878964119182,27.9109693548849,93,0.110721571240189
0.162078512218403,27.7123298330219,90,0.118351004769208
-1.42745948254617,27.5591199502463,100,0.0831261100829751
5.43613606198338,18.5591222279209,81,0.00799476238045284
2.47603275535385,6.05520703151213,47,0.00205239928463263
-1.22732936590839,7.55621195639093,34,0.00239176470079371
5.81545016329875,20.0219775307004,74,0.0096548926064009
-2.49832389251009,31.1530153972357,100,0.0370666416668139
-0.00454601905141999,6.21472026430665,28,0.00211742092656153
-0.881379108675118,8.3974317783065,31,0.00260676328453644
5.95388649146592,20.2718473603429,65,0.00995534226482693
-1.0057711469975,8.40456875748089,41,0.0026002766366466
-0.621222644706484,27.7404037372305,100,0.10202501336346
5.47579602922007,21.1795704015832,74,0.0120583633329478
5.52558897090838,20.0083427581346,76,0.00993038187117101
-0.0512469275753915,27.3199671256983,93,0.11115312723494
-0.918890865879406,8.42980880669163,32,0.00261420334348091
-0.0215347596858042,5.83457210058607,18,0.0020497037766656
-0.200656716631687,27.4247982682111,91,0.114524700493046
-0.979534289980696,34.3544685586797,100,0.0188598967517783
5.1051887935688,18.1642075837227,72,0.00780053665575754
-0.161703144858385,6.43763106798311,33,0.00215890403362208
4.11110877464145,18.4578610919107,78,0.00876995500940468
-2.3464375038049,33.4471336815382,100,0.0214550724738675
0.0704181736876492,27.5808137535093,90,0.117860660887577
0.920011681186632,23.7571877232862,100,0.0362441863738847
5.56241375327664,18.6942627888958,71,0.00813174465990275
0.603403854326345,28.203066649212,93,0.108909391954599
0.328571803907819,28.6807545035313,90,0.108925693722238
-0.520726887379613,7.35975611870562,37,0.00235192943778906
5.37740986437786,20.7642672101037,88,0.0112379122931269
4.3557395610585,8.86077420513642,44,0.0025954408057346
-1.14321985779663,6.6040748049517,33,0.00218639047233519
1.51413602134013,18.3745571164816,72,0.00996108408175335
5.05818812141651,25.8410041182207,100,0.0252732014424481
3.55540694370218,18.341060042793,72,0.00897862210066807
-1.35191800394679,23.8831994300487,100,0.036293088775783
-1.41247491815558,31.7961814936569,100,0.036523165122083
0.0378616033502883,28.1576845472101,89,0.119185031083196
-0.698776207114831,18.3203374168299,93,0.00983109883622545
-0.574403563532446,27.4931569121022,96,0.105636538681012
-0.793100724395212,27.3132027888881,100,0.0968021516197793
0.267817008971258,28.265732516138,94,0.110664229558316
0.118259250033381,26.9019353051692,96,0.100651794753163
0.225885017214011,27.012799827854,89,0.110230886016687
-0.618661693026293,28.5302686409238,98,0.099687506699756
-2.81041289529061,32.1821752850668,100,0.0274198429302951
-2.31872917769563,24.3556661479708,100,0.0362758839534018
-1.46813839383549,32.3684372311349,100,0.030891565686094
1.83357373842675,6.25280879445811,33,0.00210753881835011
-2.27245833391696,30.0452366130459,100,0.0504161179698964
0.56798760052528,28.0949133680286,89,0.115231068130869
0.50845667717384,29.7774146458639,100,0.0722999421002043
4.65144783455535,18.328711855661,73,0.00828459376233326
0.356769143902411,27.5717496174725,90,0.116115880402725
5.47058715474617,20.7522986303848,71,0.0113038657720746
3.59275995409184,20.927996312299,85,0.0142088377131407
4.82093737788689,18.2319296513548,63,0.00811912554381086
4.07687123679968,25.2935725208359,100,0.0301980020331586
-0.76066886100587,8.55856638009635,31,0.00265130562231371
-0.824120317071407,26.4805134745535,100,0.0800860552061559
0.129171745373969,28.2783300839564,88,0.119166032970674
0.10065802693004,27.600412367054,89,0.119343692564529
0.733708744652617,28.1132429894683,91,0.109855871479489
5.88595660433984,19.3287906020884,74,0.00863945025901215
4.31561956605565,19.0158910771947,81,0.00944593054600516
-0.281924727680055,27.6582207546512,97,0.108439914976582
0.0117571886659845,27.139793825953,93,0.108440855138173
5.79400844959574,8.19326655868105,53,0.00234411326599574
0.254912542274536,27.3324528972698,96,0.107002320464919
-0.614227930412179,5.91778139277682,21,0.00206230867448568
2.49949524161305,31.7759629747659,100,0.0317726949470949
0.00212352810686334,27.0748214710419,89,0.11211451181411
4.65857833369867,18.3920887383541,61,0.00844822230088607
0.684150865214647,27.9366760722245,94,0.107819575379229
-1.09171946905651,6.50354571453514,29,0.00216852108456887
-1.17270934594573,6.83951241398294,32,0.00223519080132309
0.912965446320141,27.6567182397224,90,0.107801214696052
-0.410315336563757,27.561402515321,100,0.103527613901341
5.80369422868734,20.0700777460248,72,0.00975742934296316
5.51112908688348,18.7474125842406,72,0.00822806100688324
3.84713362375907,19.0274713768054,66,0.00996643004675168
0.0941838757323444,31.3183453601068,100,0.0457425626685815
-1.15831174590662,7.27706262459528,31,0.00233072595956633
0.472841453264859,27.4443964354,90,0.113657880349217
0.87802312269897,18.7617747389909,32,0.0114061351762183
2.60788741954835,30.1121777568846,100,0.0459372695821198
5.85020244385601,19.5431813850601,67,0.00900771894189209
0.0115857187103579,6.54228108658787,31,0.00218103001690344
4.74672436520664,25.371775685726,100,0.0258867481952448
-0.722542503169945,8.31155937103205,44,0.00257723380477961
-0.486598322326669,6.21182830824431,21,0.00211893757264137
0.0177016279443905,28.3578198641158,90,0.115634887686651
0.900400941321787,31.0442532117412,100,0.0479769972263622
-0.88022498311082,27.6350710422363,99,0.0987464484010839
0.692806398013126,27.3255075710102,90,0.109075217379592
0.751898915436614,27.7767547487226,91,0.110211187536653
2.21950561749395,8.65004925736763,44,0.00263645714262093
0.632013486665554,27.4011185406275,91,0.109743597345694
-4.49910497895927,27.6046157701411,100,0.0331029375170439
1.48950772906048,30.8453176333078,100,0.047563833006327
-0.970790750882209,26.8478614327475,100,0.0842434276764471
0.477819398953427,27.8241019117286,90,0.115865587244104
2.51318286429302,27.0264980868263,100,0.0591230569391622
5.24612142512836,20.6205637218046,83,0.0112170346222054
2.97216339522869,26.4790000626647,100,0.0484371023791436
-0.783844500494188,27.8907994677374,99,0.100844205021265
-0.946185085213704,7.56217679016806,41,0.00239264179643156
-1.13271048767158,7.47344703241131,32,0.00237503762012931
4.86840651084771,18.3303362221425,70,0.0081672370550534
1.97343077859668,6.42733832599111,47,0.00213261728263956
0.659537883508668,28.3083956074427,92,0.10827265737772
0.593967417004438,28.8799250184005,100,0.0885619959287609
-1.37471675360292,32.7319578376406,100,0.0281572913514743
1.33800513961971,8.77407766805165,43,0.00269316118402757
4.56851291467274,18.3193253855614,73,0.00832498311050592
0.649132828657659,28.5505873013829,88,0.109919353524224
0.383815649242848,28.0467434755387,87,0.12073317540256
-3.58439858330303,29.2729486753477,100,0.0404173551650162
5.39162829033393,20.6031190875038,82,0.0110070440069249
-5.84392670055342,32.0853739779215,100,0.0161561790744769
-3.00126626553087,31.2866197738535,100,0.032635100091582
-0.719735719510455,5.93815609133643,29,0.00206210889878435
0.579589198904675,27.9269211831208,93,0.110604319483215
-1.19414059250332,6.55154609264375,34,0.00217471747426503
-0.539451950699273,24.6876325360595,100,0.0493491687999861
0.562835971240288,28.5886541647424,90,0.10814409532649
1.65396877188971,31.0918706443364,100,0.0433395470639378
4.71810644597802,18.276414809123,66,0.00822163413882291
0.420706079675245,8.81422387971283,42,0.00271689919774399
0.573730468130066,8.80588294211654,42,0.00271343442675014
5.73900888774267,20.2498882851279,73,0.0100938899960284
-0.304382589569786,8.35354997793333,43,0.00259172467879292
0.331530139249158,28.1069395835759,92,0.11400841191345
1.81126852793435,30.1131165755864,100,0.054786532537295
0.838618372405705,6.27543355165342,36,0.00212246118073509
-2.6325247975239,31.771397725293,100,0.0311327139056883
5.50498335615273,20.3368977567906,73,0.0105128699267408
2.11819518072985,8.84702396181241,44,0.00269303687605515
5.73803858143841,20.5402277821027,79,0.0104906206738559
5.44800607255753,18.7323672991683,66,0.00829751506875359
5.47108531969919,28.0859267434757,100,0.025072547029865
2.99013491625645,23.7826411736793,100,0.0281874029072715
-3.65811217841844,22.1051534135228,100,0.0177256977329269
0.136441766226937,27.7520097417483,92,0.115854091655856
1.24049242593722,18.7435366167117,78,0.0107098190581694
-4.40586416314861,28.9772804962412,100,0.0327244460577992
4.14275881769633,18.1830517117478,66,0.00845089249713289
0.779263994453793,27.4432182512167,87,0.112574694597538
5.35885347515518,20.2834952679423,73,0.0105999057455493
0.821990967584067,27.4984531598527,90,0.108597909750628
5.59916894976791,20.6467870438263,80,0.0108342405077771
0.194947954328582,27.5653374473671,94,0.112025230577053
0.084841205172721,28.6049338465699,99,0.101406663791044
-0.837906342081911,6.54098136739358,35,0.00217553838660342
0.148413101771871,27.1090395687305,98,0.102157301119688
0.154385660444592,28.9093693351209,100,0.0907159572412971
1.7926103454021,6.26513702528355,28,0.00211279836499426
0.243244778024006,24.6113339072612,100,0.0487281227466465
-5.5735642150559,31.1989152460737,100,0.0191917500330631
8.25158228749371,8.69259870351823,50,0.00226538404685403
5.54725107198873,20.7164949750157,81,0.0110107523464448
-0.890507577083466,6.61541749782615,27,0.00219404677422965
5.70675520110315,19.393368733664,79,0.00884385778293068
0.348148471878105,28.1015022433257,90,0.116550994863637
0.248684566979311,28.04880548981,92,0.114968609193334
6.35501545087319,24.2670079117478,100,0.0158213590865989
0.158565045238199,27.9882303606719,94,0.113093124634786
5.72825517612209,18.6970037237502,73,0.00800018841088424
-1.21758470344028,27.2858157157623,100,0.0853634123176744
-0.0724436483030749,28.0575970069643,97,0.109351693131109
0.77049839155832,33.2300597525335,100,0.0254330363238867
-1.09688983469441,27.5451952712589,100,0.089253448375004
3.45816245793131,18.7241094271695,73,0.00964813584521543
-0.196850650528569,28.8100105662767,95,0.101626803098355
-3.84235544979665,28.5084052927342,100,0.0398668068979831
-0.569329071824218,8.13220862285073,38,0.00253639957023537
2.17978620103466,5.90301288653212,33,0.00203617874420384
2.69142445413075,33.5811213156013,100,0.020055410540744
3.73250909967157,21.8406045269731,100,0.016644300996774
0.550059336096179,27.3125799587569,93,0.10747385597117
6.38002391032799,6.36126288938813,47,0.00196635743928622
1.83847864361027,23.8525095755842,100,0.03407051788692
0.611160929678596,28.2940090727836,91,0.110353224495083
0.437515996302628,27.9298662622321,95,0.109924773724507
1.70171157555305,18.7249321316682,77,0.0105297666436364
-0.556634339031834,8.61230779769253,42,0.00266005505069987
4.90458517758604,18.9525876827008,80,0.00890313657420116
-1.31178346999932,27.3647364055189,100,0.0842581544905877
0.0788162575809568,27.2940937007963,90,0.114562469506768
-0.85899007655716,7.64991100408332,32,0.00241933623159709
5.43854519598668,18.6639526707064,69,0.00819881872753203
5.58736867828205,20.8880463040908,71,0.0113836794121327
-1.66173240053461,18.1861410828486,86,0.00944556323777103
-0.63962733407622,6.27677452272418,40,0.00212224518531016
5.75836830562348,19.7339113781232,66,0.00937091131382784
0.435509535502284,28.7471675639459,90,0.106660480706504
1.69556355793684,33.7857399309787,100,0.0208874293956613
5.23871713808547,19.9133578458618,72,0.0101302834925154
0.530922854365625,6.41423636201491,33,0.00215305340930143
-0.768249807422768,28.2598944402863,99,0.0995011360181693
-0.153898939870509,18.6504690113962,73,0.0107454195366378
5.83440306272699,18.6093353204998,79,0.00778580194906504
0.264171799925874,31.9917104556232,100,0.0369937297606603
1.21746295521258,31.3497879825806,100,0.042457053061726
0.199056504829787,27.4682034512098,93,0.112421472224336
2.32567494506251,18.5265935331899,47,0.0101889739394053
-0.926873814043544,28.0283962480633,97,0.100119766303738
0.59299605996169,6.29924706233379,20,0.00213596711926964
-1.68587962873134,32.6879266630652,100,0.0277468437381811
5.23250521311588,20.5698655241809,65,0.011370847716622
-0.485902234003019,27.5548423550241,99,0.103831616116109
0.0686591531314703,27.8800154077438,94,0.113558076252945
-0.835481535770805,27.357991276956,99,0.0975392371607722
5.60381279189071,18.3740927863662,72,0.00772143534720862
-2.37344490919763,35.0490927611247,100,0.0148810566751563
-0.948354845371741,28.1758437187053,98,0.0980454148347392
0.432122848764213,28.7201076203532,88,0.109584345103114
2.85230884359931,18.6973695488563,66,0.0100388393007792
0.308050287588625,28.0284019470977,96,0.109602980020954
3.49073157237107,18.1972207554694,66,0.0088433442597496
0.594364078244994,31.9175909109807,100,0.0374415643224752
0.318474853334213,34.445505241609,100,0.0187423750658227
-0.31118712663616,6.06932743587046,30,0.00208818354956761
-2.27172016628223,27.4437127866093,100,0.0656338612143284
0.964516877973014,8.81185252216192,42,0.00271068607986739
-0.870946450803964,6.63782357127977,33,0.00219590661115768
0.0704177851406506,26.8907613180267,92,0.104736396616931
4.09555913504631,27.3576436894755,100,0.0371357774924816
-0.937773271844693,6.82081824452449,32,0.00223374044091463
-8.01979621253333,25.9049359600267,100,0.0128130812018726
-1.06296930606997,7.64831194076898,32,0.00241666614362176
5.89746678916421,18.7147520150318,66,0.00794033445939527
-0.730609566349308,6.94694394445485,32,0.00226222646774509
-1.0426825539614,8.09114339449043,32,0.00252496726140588
0.806071409862802,27.5181003164758,88,0.11150145230598
-1.50935184137884,28.4151298910939,100,0.0800900744798441
-1.15112234694318,8.48641519920208,37,0.00262253978179199
2.12659939000712,20.6317297317989,87,0.015062694922875
-0.70622642411522,8.72988233189497,42,0.00269100454451456
5.13750433927559,19.1869065288921,66,0.00916263264497272
0.646548890864477,27.904877723731,90,0.113366730023258
-3.33865750124815,26.5355240269563,100,0.0438497531071431
-7.94069532722216,31.9033154553097,100,0.0111989543959755
0.0147679766283489,27.8042766973579,97,0.109836248755217
-3.05462221331195,31.650546514093,100,0.0297702396594045
5.3757258283539,19.0550488963451,71,0.00873756549814728
0.501109794321671,27.7810812774827,84,0.124092022290336
5.6908720320161,20.0470421661471,78,0.00978965497166753
0.179399021330361,27.3942729352388,95,0.109274829112925
5.74100543791096,18.8993511296653,81,0.00817825190009248
4.01392562038054,18.5341930239435,66,0.0090410742737912
7.53140518642766,27.819036631029,100,0.0150094158158839
5.4465681926069,18.4619022749927,66,0.00796726569150073
5.86397678870986,19.4174072662072,72,0.00878846884519405
5.80102690186615,18.8597595753997,71,0.00815132201632869
4.14289557757843,18.4787726311301,72,0.00882649941696102
0.264584387072566,28.143045271705,87,0.12120592869658
0.425027755054843,28.634746850155,92,0.106610171787371
4.1713455396155,24.2376521021624,100,0.0247332016398037
3.02578774972254,30.8408287325872,100,0.0357981995096202
0.357756673158903,27.0825245163729,92,0.107119355510693
0.142176654325414,8.56221513153632,42,0.00264849157782778
5.40180080720749,19.5250317312456,73,0.0093569221739094
-5.87871004698127,35.1659784306829,100,0.0102229108445846
0.046164136734134,27.2260465986169,89,0.114855444593793
5.88685122292427,18.6178051859327,76,0.00777622959532485
0.62673109103883,27.4132105520243,96,0.104226179314545
4.19490678455462,29.8691315447754,100,0.0317159384355859
0.735096880267863,27.7274598667679,89,0.112876201262904
-6.11173361401131,28.7581083473022,100,0.0208079007859083
0.76092182778926,27.7789213292655,92,0.108852095194728
5.93111147438291,19.6644706254583,72,0.00905255571928044
3.38693326521054,30.8870822877713,100,0.0327567445711885
0.593967417004438,28.8799250184005,100,0.0885619959287609
-2.38502844193171,27.096592296808,100,0.061827470559434
0.232242194365748,29.1836808394189,100,0.0854423537379934
0.173177946889523,27.2403918512988,92,0.110908545791313
-1.1861513696128,7.48072313436521,43,0.00236981846657838
2.25052315906238,5.90353947398303,27,0.00203746373977342
-0.739152387300362,7.53051344293336,40,0.00238785660609789
-0.326045845620858,5.94778098634405,32,0.00206438057378407
-5.16108268064781,18.2594925599347,36,0.00810824527633903
-1.07947222773596,7.46077251645472,32,0.00237278795217226
4.84220040962598,18.4291768324711,73,0.00829107370366315
-0.814998513261776,6.95389424066942,32,0.00226304682290648
-0.458775777120285,25.2394192684509,100,0.0588741025390981
3.33837665742366,8.6438826638157,51,0.00258764068144823
-0.800349068194903,7.55220611541232,32,0.00239694201776364
0.097682061700534,27.124019928693,94,0.106905805375936
7.89730327569547,6.02050860692818,33,0.00183963611771619
5.33498750151597,20.9868074414862,73,0.0119159889897273
5.83648003462837,19.9694580076143,61,0.00967626551350943
5.47667299596385,19.7744226295112,79,0.00959771248694641
-0.400850312300712,6.19487552384442,22,0.00211553867757998
-1.12076675231543,33.0871023719183,100,0.0259964437037562
-0.329617800324207,28.3717636191228,90,0.114021359467517
0.909259042641316,27.5768500192241,89,0.108593818847664
-2.20898034208311,25.5515148773548,100,0.0497131434784277
0.965928653338084,8.79642423939989,42,0.00270635220825688
0.130486992628029,8.87480375718194,43,0.00273446217276559
-0.460500528461917,32.5529317811477,100,0.0311283346067544
-3.59112730088752,31.4099104047303,100,0.0282563404750237
1.22593679878954,30.4194938953363,100,0.0557146340544441
0.908388852255995,24.5930912583742,100,0.0467138253746933
0.0147679766283489,27.8042766973579,97,0.109836248755217
-0.158364825305623,26.0681708102758,100,0.0760967752516076
1.98180227050385,19.0489344596778,71,0.011162558796352
0.100527176907273,25.9694068994173,100,0.0741283132375467
2.47773998166882,25.2157855578406,100,0.0434054111508017
5.6659262423625,19.9464999762533,73,0.0097137585865194
-1.15170578544105,7.94772458428504,38,0.00248400700962635
5.0614609242862,32.0204940476666,100,0.0189326469592622
3.40169023293142,18.6474215319646,71,0.00957241285369572
-1.17532720012187,30.4397585911892,100,0.0557687967638768
1.66328228031062,27.8444602123125,100,0.0789403716267304
5.59695908017728,19.2771112972287,83,0.00875548305580703
-3.92175049515699,28.2900248276024,100,0.0392696057345928
-1.20733184743629,6.8606852404984,32,0.0022392315632706
0.288055337471397,26.9052517353967,96,0.100021191191217
-0.457722466313365,6.31193510318984,21,0.00213865833668926
4.00741854941729,28.6328248216447,100,0.0376566236235112
8.87321738606077,8.86614838644931,67,0.00223639434737042
-5.94456523182116,22.3956675542366,100,0.0133135774771306
-0.616187796107472,8.88207685887034,22,0.00274960078593848
5.11296259484405,18.2853745151399,75,0.0079213878272975
5.20356691072107,18.7446781060529,71,0.0084609718870727
4.57807490552175,8.79712176448298,48,0.00256344387591326
-1.1046517547422,6.20000248431059,21,0.00211224342221852
-0.698277525813745,7.85515367292554,41,0.00246468165462882
-0.491248502692441,6.90915155673351,22,0.00226074451759794
-0.16859378645916,27.4049124251097,97,0.107093270861517
-0.184423718719116,27.0431786520003,100,0.0989684563566885
3.78609270621168,30.3874970920098,100,0.0326610659262049
-0.463896692241066,6.09290891602739,26,0.00209390645438031
5.06256405671888,19.063136534642,66,0.00904673595333623
0.650298640339353,28.8555203361044,100,0.0883978670802464
-1.9308107872156,33.3219195504944,100,0.0230159673558152
0.452186740564321,28.2651346471782,89,0.115358786189077
5.78403846883951,20.6658711203326,80,0.0106236763839069
-0.186591021291018,27.8841249142441,99,0.10710835154463
0.610878068863196,23.1619699493945,100,0.0309049547185208
-0.377096670637772,26.9052086523239,100,0.09126427714955
4.37141153342475,6.12510910699888,36,0.00201584681124933
-0.34582516358205,28.7195564938249,88,0.110408062886208
5.10439147677442,18.4702733323141,66,0.00821382305406029
-0.0156489833447311,26.8847644183388,93,0.103576054760585
-5.32863373094113,23.6766212773744,100,0.0179191123332348
-0.298632422780506,27.220690279339,90,0.112353493133136
0.18027247821135,6.68731270301809,33,0.00220961018111772
-0.923791351947285,6.29754061503029,22,0.00213243560091027
0.916597215108473,18.2915360137693,52,0.0101501920199445
-0.541523396974257,27.7941090762937,100,0.103106032301505
5.65108719424643,20.9099090812368,73,0.0113049624458237
-3.18510064222421,37.9790367485867,98,0.0081158447250931
0.849611097930964,31.1248310962501,100,0.0470059699142099
0.382323351186858,28.1094763227448,89,0.117525461138267
-0.578944476739283,6.83022747701466,29,0.00223994523617203
0.302236547716819,27.6664967710699,93,0.113246817696186
0.163806246569696,5.94006254235824,24,0.00206668930416228
-0.704362771691489,25.5542112968684,100,0.0636153003417543
-2.04122901735515,30.7213057404649,100,0.0449486358839869
0.394117943413796,27.4381784065583,92,0.111915579241489
-0.247843152708133,26.0615856222892,100,0.0757508796032763
-1.32252052908206,30.397532190094,100,0.055300986255647
0.276157221016848,6.12005465586263,28,0.00209882872984186
4.10519699490329,18.9506759081456,67,0.00962911358207158
5.8492942652047,19.8097879011526,74,0.00931609989002632
0.411796697898945,21.1553254912559,95,0.0180051033199233
6.29426784200191,34.2426097700417,100,0.0110814691732085
0.40788919862413,28.4780674215762,90,0.111758629447385
3.31572487784677,30.2477462133742,100,0.0376074676398655
0.0117571886659845,27.139793825953,93,0.108440855138173
2.70381171321007,18.9911573997523,71,0.0106394424193471
5.24842635228064,19.0581574529561,73,0.00883071084487657
4.09843432133555,18.3787426786158,58,0.0088171106410987
6.53126070036663,8.87936608143895,55,0.00244277946197775
-1.2331169824418,7.20579420630831,30,0.00231444598637473
-1.92605925223121,31.0868531268806,100,0.0416401008888783
5.88753617672023,19.5422439694279,76,0.00889919561144676
-0.0126435173952979,28.781299173208,91,0.106978455567808
-0.810635380971341,23.6882731192527,100,0.035750359219306
5.86031030889351,18.7723114148486,61,0.008067588146827
5.05809191174635,18.2519326095594,76,0.00790989047733327
-0.48515574842004,6.44579710134755,22,0.00216470181852157
0.797797189735022,27.6138308326901,88,0.112376096953952
0.108519911943551,22.4631186209188,100,0.0256065912088849
5.70911827427007,18.6722497456012,66,0.00803003261655218
-0.698441721834118,6.65802374443122,21,0.00220718871384526
5.67601320819356,30.1964920314611,100,0.0210209683360123
5.70075568996447,19.1820372486992,74,0.00861118007595233
-0.678228560930355,7.64772214385074,43,0.00241401795139864
4.88619652814398,18.4609134866833,66,0.00835129032473664
5.31926547314445,20.1986253147967,73,0.0105029678042014
0.876787775575407,5.92522136160756,27,0.00205948414471078
-3.1115360107078,30.5044374577674,100,0.0376376055761704
3.44662912183284,5.87841573448134,27,0.00200511453181093
-0.597400996515238,8.61572253775153,39,0.00266277782464988
5.71232399715664,20.6377086430356,80,0.0106711070496307
-0.789380363512266,32.6163528395441,100,0.0301793317948245
-0.649467390604598,27.1979026298387,94,0.103489471119813
4.84606079963801,18.7173384491539,73,0.00867331549961354
0.250867016308339,22.0441168683225,100,0.0228295874448136
-4.33283059192111,27.6437891025239,100,0.0348168757839308
-0.77482636024264,6.87180986939144,27,0.00224841700460412
5.05169447377581,20.9197096331173,75,0.0121794665828709
5.5167824360326,18.9296807663117,76,0.00842399212423566
-3.78080928116392,28.0970551291773,100,0.0412351926138592
5.66013838892598,20.0976653232129,78,0.00989989302567598
-3.37634126629545,30.0948493608082,100,0.0380376960149314
0.247193798437412,27.7440008946996,92,0.115262497597575
5.39972008198264,18.3698040921073,76,0.00782807958824585
1.07548225364504,25.0242011930049,100,0.0523384089208042
5.89483109462951,20.1978480223451,64,0.00992284538912932
4.04352958730167,18.4047667706293,72,0.00878148645115015
4.45613872117956,6.08910810486086,47,0.00200206727513407
-3.49274406134447,26.8043248239214,100,0.0430712899852404
-1.08324521864525,31.0680367440996,100,0.0468208792371485
-4.29479842942508,27.1385940497245,100,0.0346398268372262
0.503139737002074,28.1542542581248,94,0.109409077418724
-1.09241377252135,6.28493732882199,27,0.00212616211497845
-7.08005518322151,25.5204942840906,100,0.0152654854042128
-2.82797132323983,18.3826972845508,39,0.00974268464952403
3.54822605063018,18.5419299483235,49,0.00950205715306748
-0.535863320746871,28.5697611239055,96,0.102143400695262
0.773185559924228,28.1070762286014,99,0.100409132606135
-0.715032304885663,27.7277821302523,100,0.100704112399513
3.31753425166987,28.4202251485902,100,0.0471264579820542
-1.09236653965021,29.8991813408487,100,0.0655845785997794
-1.13831008732117,6.20768804660775,32,0.00210849079847506
5.36785655688618,19.3517127057785,65,0.00920582569764617
-0.432147490615182,27.3461110805967,94,0.108071832338128
0.189248479424983,30.1776637831733,100,0.0653481425080145
-0.536032619004716,27.5481375662811,99,0.103237939809798
4.65072479186934,8.69203137588085,44,0.0025355700045021
0.562835971240288,28.5886541647424,90,0.10814409532649
4.50621390613986,29.4606341610141,100,0.0305203360036852
-1.1268188688391,8.43421842848158,32,0.00261246858086472
-0.364058212249948,27.262486502721,97,0.104253120160905
-2.32381615109116,28.87349183336,100,0.0612528015963907
-0.0417486079974199,8.50478279083396,43,0.00263244478315246
5.4974964885422,20.1030993602204,73,0.0101407384396633
-0.919588921825336,26.3829575148145,100,0.0773278564229527
-0.924790199002471,8.12928738477591,39,0.0025316069639922
4.06500936233765,18.2717698008857,66,0.00862194143709991
0.295640879367742,28.4354436931286,93,0.109671751242859
4.98966281941117,8.76194167159199,43,0.00253240997488414
0.207860469604167,28.7275720035135,91,0.107587680741955
4.54565702673896,18.6423901076298,78,0.00874499577920882
0.0729932728071512,6.48987879801323,20,0.00217560989457205
0.183320162475354,26.891700859916,93,0.103363401661764
-0.331294038704083,5.86958141237123,20,0.00205489184661941
3.16373600264305,29.1252497643276,100,0.0464944208594632
-0.00874981739488379,28.7101486157404,90,0.109628331907893
3.25023548671944,8.58872036071069,48,0.00257934796242483
11.0826799650997,8.77816243050836,58,0.00202556061892766
-0.730172187133132,26.2325344859985,100,0.0764127615958885
0.334941670918376,27.6305314619149,87,0.120971492119428
0.631257457718541,27.1651650563634,88,0.110083658733564
0.148395643778881,27.8132060274947,90,0.118689739497601
0.591930172940815,28.4715151056959,89,0.110817786142924
-1.14128871324178,7.74810215939005,34,0.00243818183130406
2.99085865991696,28.2110272063807,100,0.0527187324998428
0.507721274417869,27.7129685071808,90,0.11519723285887
3.00714557794779,28.3137745750768,100,0.0522228229209238
8.88884483762842,8.81244936088461,69,0.00222385885499187
-1.06509095684172,6.97117952485332,34,0.00226331461948229
0.639155516266062,27.7086097545905,92,0.110707465896286
0.260123792743387,28.1673915610282,91,0.115441504563155
5.49773474997303,20.8343246869127,82,0.0112735038562183
-0.383014302311448,6.21632524733332,36,0.00211349532902568
0.248082412686584,27.6494439330525,97,0.108608285534578
5.79215026502585,20.9769053664001,84,0.0110810679178444
-3.04499186251812,18.4294680646606,39,0.00970579622823695
2.5729848322215,18.7203738770148,77,0.0101238545396134
-5.24734126640523,26.8269241796395,100,0.0259703895742712
0.330597425913443,25.3629481197378,100,0.0615318888575417
3.6702049248599,18.8011004553009,93,0.0094555981085804
5.1951372460783,20.7699804594691,72,0.0117128451629075
-0.0377182858530865,28.5929770760161,93,0.108250085117925
-0.38748813241956,30.5550893865058,100,0.0577767692559145
-2.61614668122828,29.3783748485112,100,0.0525018869178418
5.81463126051555,19.5716912178839,84,0.00894234540412506
5.98071380560696,6.34511149658254,39,0.00198604390709269
5.47875948369868,20.1427230042814,72,0.0102361223022113
2.40001131208602,5.97327012264511,27,0.00204731721058205
-0.742500664300684,30.5634432953671,100,0.0563245965492274
2.59516317853608,25.0338936579793,100,0.0406013296031153
-1.56741578571277,32.1274966292581,100,0.0327238258297204
0.0192986106097507,27.2283365590864,96,0.106361097383276
4.09640290959504,20.9616923590065,87,0.0135162138486435
0.413508833778933,28.5102102349607,93,0.107606054011736
-0.265713816969209,5.9719059253667,32,0.00206904671929581
5.82432997102532,19.3597371718661,74,0.00873367801335629
0.281973639565909,28.0934765847971,92,0.114489244303783
-0.283810289164001,5.90526316505592,32,0.0020565710000847
2.30611399897147,8.87517149793427,51,0.00268969187884262
-2.53719098868018,33.0551217910808,100,0.0230868023284824
-0.263980340070174,28.790241959504,90,0.107138210312203
-2.51507427401176,28.1743421374527,100,0.0612571153042327
0.324263652905344,27.5989248027328,94,0.111421184455515
-1.55126331905375,26.4520996802352,100,0.0699639149882683
-0.0350463210826812,6.31599250166866,19,0.00214132883712636
5.1751746899248,19.7658069920799,88,0.00980205725739003
-1.46898936507338,28.0559867662878,100,0.0826660959395255
-0.764864993997331,6.78132245320077,34,0.00222593823607442
-0.565252291829172,27.3866796754815,97,0.103672992836806
-0.264640681161483,27.1944418394947,94,0.107346253520861
-1.99749993656712,25.2115162875604,100,0.04781938975054
1.66108175726142,18.443048436961,79,0.0099738241943343
2.68795125040136,33.8067579005061,100,0.0190565791005532
-1.14150254423024,31.3512753828107,100,0.0427635432882524
0.354335039657778,28.1107003685454,98,0.106510043936755
-0.831695866739247,27.432961665854,98,0.0992443858659418
-1.24525778790251,7.41037702708774,40,0.00235466262981915
8.5395325391448,8.88064423363442,55,0.00227486010597307
0.801508767006427,8.67529604922967,44,0.00267348441672915
0.813449910552534,20.9491326025105,100,0.0168520757896582
3.90811374577633,18.1565731595515,76,0.00847782160938283
-0.702187243855756,7.76223578278268,43,0.00244102563266823
-0.277358216841766,6.39931393724325,40,0.0021478031537812
-2.87964480206235,28.3933056431899,100,0.0541229436434528
5.83189484292832,20.4203359432327,74,0.0102376163532518
-1.01415100470593,7.16841063168098,38,0.00230455891953449
4.74864839711239,18.2511553541351,78,0.00809033297020928
4.98020543556397,19.5019873657836,89,0.00957116584103997
-0.422631759400301,6.22443479616483,32,0.0021167122383214
0.331530139249158,28.1069395835759,92,0.11400841191345
-3.22633343075419,21.0507802602638,87,0.0150619350913709
4.20371577861857,23.7286579391243,100,0.0223962030041117
3.47177600250491,27.0113752610269,100,0.04409853266
-0.926873814043544,28.0283962480633,97,0.100119766303738
1.65592391801821,8.82490427905859,42,0.00270106016453245
-0.925251608216917,8.69621996342019,34,0.00268488867703145
5.36825842693833,18.7470282091534,65,0.00838307445997927
-0.246329522973773,34.5315199351269,100,0.0183639993286406
-0.766402423311512,6.51903523723135,28,0.0021749631924746
-0.684300115218133,6.56778085452924,22,0.00218827723589058
-1.09511873905137,27.3100532570519,100,0.0876878598209884
5.71042092489558,19.0999307108408,71,0.00852003765581094
3.34372008182796,26.7758881571121,100,0.0449247531470514
5.82657545319456,18.4624504782787,72,0.00766946764861718
-0.3687543589222,8.87123548622651,22,0.00274833176859788
0.10733863586576,27.1942022879031,89,0.114188422700693
-0.178283003608347,27.0497090560725,99,0.100086470525844
5.41075359479436,19.3977269718372,64,0.0092414407820716
-0.856984838599676,8.11753582360631,29,0.00253582415759672
2.57500568186784,25.5377860746903,100,0.0455994840472057
7.82117586486888,17.3936315610469,100,0.00553579493448874
-1.62409003370003,25.6103235708562,100,0.0568011604661936
4.81685070003751,27.5485253364124,100,0.0301197212464158
5.04891909629536,20.2842228158541,73,0.0109765014955943
-3.518223745651,24.8748474487626,100,0.0320539393835526
0.660974824715177,27.7308002262963,93,0.109231108446376
0.754333818481604,28.002622064048,91,0.110010884952031
0.7742952408178,27.6359464136025,88,0.112977902629148
-0.848662214630425,6.06035552894966,30,0.00208376916087196
4.98971976684164,19.5349816773151,79,0.00970639981138452
0.228708570558082,6.63050819175416,25,0.00220168732611498
2.57551698429597,28.6704882622039,100,0.0581761406942486
0.227565998218723,28.3136558958892,89,0.116856964630661
1.66220574287534,8.64794251862473,44,0.00265101110255537
3.61641781701484,18.8817889973992,58,0.00995917317006446
4.3623647530963,8.60504104127952,44,0.00253079816084131
1.96561341626439,8.69687459533561,42,0.0026578964949508
2.96062326935463,25.8575817306087,100,0.0440899230432627
-0.831434711050399,7.29639847387491,31,0.00233860789697569
0.396122841027734,28.4128218391995,94,0.107966170415791
1.97096955671951,27.2882796975405,100,0.0708516384735128
5.48489954382335,18.6269942730694,64,0.00815286033845563
5.8350384470006,18.5803296834042,76,0.00777098042549818
5.62705051099396,19.6239819909588,62,0.00937936312579306
5.24840128824962,18.3184004689869,80,0.00784237322660444
-1.07543677049887,6.41515285102454,20,0.00215520940386997
0.10414690200195,27.9463884774382,95,0.112118966405009
5.95386482838699,18.9825793008088,64,0.00822503384062487
-0.970279046442247,7.36297032237875,36,0.00234950632362211
-2.05576944436058,23.0716483803697,100,0.0269779306486182
5.61382968208941,19.578523473716,82,0.00915588201877868
5.43472406273067,27.4067010357848,100,0.0252246078208922
2.92527563631151,18.6410425287571,70,0.00985511009821551
1.000800975926,23.6953101513784,100,0.0353887862841173
-0.516381721625638,7.16837847791949,39,0.00230807229176057
4.6822658188104,18.5458579593535,66,0.0086057870479724
-0.298632422780506,27.220690279339,90,0.112353493133136
-0.140844150084008,6.29928998071762,33,0.00213156740511914
-3.46250548564953,30.25866447917,100,0.0361825804298929
-0.956456563424748,6.48710163371303,19,0.00217122535563127
5.46558228374278,19.4541201182944,66,0.00925470191087464
-1.86796407111241,28.1691829496536,100,0.0741558034178563
-0.41553369623278,8.90306758856892,39,0.00274434397928461
-0.493736403417748,24.0962338020837,100,0.0411183950699639
5.15973563187665,20.7305385777664,72,0.0116862411494577
1.31011721119239,8.79605999732777,43,0.00269979616117927
0.30837195504904,8.75187541041442,40,0.00270150713118953
0.652355617912463,8.90236407246718,44,0.00273848520505166
3.70724819262554,26.9347020607634,100,0.04081107297159
-1.41580615273538,24.3529357941288,100,0.0412989755172019
-1.18470140803441,7.05271484170133,34,0.00227946693027183
5.35817431074713,8.33963290441834,44,0.00240903478661499
0.372103921100472,28.0422377703027,89,0.118032775263983
3.78975491196952,29.5229189142959,100,0.0370035512857836
2.48227982484865,19.0140638932178,86,0.010645640743535
2.51275792119972,28.9444714731086,100,0.0575097629103146
0.615536726957284,28.4417009984713,90,0.109687304608204
-0.802928238574563,27.33833788324,96,0.100815436135804
0.300165031403593,28.4413638143414,87,0.117265633625368
1.56361834628733,8.88442747377974,42,0.00271986612378299
-1.17474885643812,8.33387947604149,38,0.00258132011316752
-1.07439063513707,24.9768786661259,100,0.0516133532326462
-1.02181290943577,6.53940894362139,28,0.00217691623977108
-0.334825170200295,30.6533378984863,100,0.056151566201588
-0.431662812878466,8.48675640631279,44,0.00262565200125221
-0.977834451221119,25.0521253078818,100,0.0533382781823147
0.866176638184565,27.5036605573256,95,0.10225866910276
0.521444593478016,28.7965934984455,100,0.0905157705444199
-0.167981719196138,27.8677059689776,99,0.107189640961957
-0.344624910912298,6.14021950333595,33,0.002100300640562
0.0165448724882212,6.66973909989669,34,0.00220565138703462
0.966637128680028,27.7234673470375,91,0.105771221901197
0.264584387072566,28.143045271705,87,0.12120592869658
-2.36862861983505,26.6597319211825,100,0.0589796067643483
1.89091539526536,30.2051855766599,100,0.0527129739322102
4.81986544251306,18.2842386955428,82,0.00806120221901517
5.549076663733,18.3142715465658,85,0.00761395555154854
-0.751727643315711,8.10439776221531,37,0.00252845304839591
-1.45614304173815,31.8851472749566,100,0.0354443812444711
3.05299868311216,28.0635584544356,100,0.0519137068310147
0.17974900111141,6.30926344565435,32,0.00213392140667151
5.40112574306665,5.9951591567139,27,0.00195733608147851
5.51965604265487,18.5669735578099,73,0.00799674291482991
0.383815649242848,28.0467434755387,87,0.12073317540256
0.419932065856361,27.8706155197334,90,0.116585025206691
5.25946737385105,25.7978411217658,100,0.0239116639146689
-0.768249807422768,28.2598944402863,99,0.0995011360181693
0.735549294933245,18.4727319245672,83,0.0102159616488602
5.52906213346904,18.444941220217,64,0.00790275621135302
-1.10714237458651,6.92800944907576,34,0.00225363931670401
0.87494281912754,28.1642040513972,88,0.110395810981606
5.32475852109343,19.2659022827222,73,0.00905519778901113
0.930949226608671,6.17311192876362,39,0.0021006532998079
0.303768997936549,18.863859279233,52,0.0114749881999498
0.610879242245079,28.1106012038136,89,0.11446419242825
-0.049467823857725,24.8458131685031,100,0.0526420506653862
2.63248981467161,8.59820018485715,44,0.0026089528577065
5.64219666898386,18.9357186961581,69,0.00838221294510367
-0.821947403419553,32.1107954675527,100,0.0349218646354594
-0.652139305025064,6.5793955908844,34,0.00218510932232018
5.21229135439427,21.2356871333383,74,0.0125997148128132
-0.369463824540721,28.7414373447539,100,0.0969719692863623
0.543132198676475,18.878622942095,84,0.0110762424114943
-0.17678842659456,28.8341486051493,91,0.105498435452906
-0.869484193357088,8.67052465933935,39,0.00267493832313665
-0.318166483193931,32.0771012654583,100,0.0360026257499702
-0.450980885458126,8.10889872688813,38,0.00253126618748819
4.48316575189283,8.86627920722298,48,0.00258659834558884
-0.798079379959804,27.5768119526052,94,0.105054954478094
-0.693467863512875,6.67371386668651,33,0.00220461964928886
0.203481255734378,27.154366913548,90,0.111830952221421
-0.933522263148071,6.01235794512669,28,0.00207492157740152
5.02239600375503,20.1252309712034,65,0.0108141741139602
3.15374070949228,8.42546546596956,50,0.00254067462988589
-0.417195201152668,7.77366371410761,43,0.00244567183082361
-1.23629462195285,6.41606295558106,41,0.00214396805090388
5.8381903583402,19.5764568319313,74,0.00900714035017323
5.14932874372779,20.4775696131557,66,0.0112949537704392
0.319973548667582,27.8357973788881,93,0.113584344807283
-1.28679111550928,27.8133735616914,100,0.0865117597806972
-3.30450283664983,30.3450911753431,100,0.0370503796619272
5.14754494101482,20.8735602194091,74,0.0119580280353664
-0.892853826672429,6.27216373286461,26,0.0021259126221299
1.69050586868143,8.78716026972106,43,0.00268904550684529
-0.656999933005874,8.69947757130018,41,0.00268380274190494
5.86817165318176,19.6419338381186,73,0.00907495675165914
-2.87811021815785,31.0225114087647,100,0.0354884496859253
-0.0764082361276968,6.03897341418205,41,0.00207806037616622
0.286626013601116,27.0075916883173,87,0.112209987631751
1.67291715934423,29.1724240296642,100,0.069353579193472
-1.01654542963127,8.33074701517972,29,0.0025888335237221
5.80037480388037,18.7429955612741,65,0.00805233034533238
3.44397001177851,18.4526635667361,60,0.00932112736792691
5.62044175712327,19.6117314305497,71,0.00928982215466559
4.17728890485102,18.6230274233659,63,0.00909130284038471
1.97318304516236,18.8348591602195,67,0.0107561664822537
-0.813368644921834,6.21591127621043,43,0.00210800293820892
4.71025115490545,18.4409878337793,70,0.00841548693641989
-1.97713482067473,26.7639234036147,100,0.0666038081980526
-2.24534795627677,25.4648527437753,100,0.0483436522101032
0.0296699378443385,27.2319733287752,89,0.114970921126277
-1.96360840797051,18.252118988357,44,0.0098530046899766
0.587990695127187,28.2258085791701,94,0.107762726831165
5.71870380740905,18.7615761813636,76,0.00806397131305686
-0.49049113048309,8.43847240236004,33,0.00261995930418407
0.125838833876006,29.7922181524727,100,0.0732840802765353
-1.07848865460435,6.09450531861889,20,0.00209268636913729
-0.708651270576183,27.4454522551817,94,0.105529062863471
-2.88188220913871,26.1552272338557,100,0.0473558614354477
-0.200656716631687,27.4247982682111,91,0.114524700493046
-1.23236342225898,33.9971124528075,100,0.0203795892460107
-0.951540711989031,8.01127586991805,32,0.00250609396026724
-0.264640681161483,27.1944418394947,94,0.107346253520861
1.28534372346715,24.8556330677094,100,0.0485749186961967
0.0415240124740355,27.4701751260985,88,0.119679460177879
0.373009970552638,26.938887826429,93,0.103189993309597
-1.11851752489655,6.29456422559847,34,0.00212461548660134
11.0067939184898,8.59962746874573,53,0.00200658132077369
-0.132607570959827,6.25975290041254,39,0.00212114879203378
0.454525764633093,28.4482361519124,95,0.105795888832197
3.05703646575603,27.7051767332413,100,0.0518919106362883
0.116735658163163,6.03873636142422,28,0.00208361068297406
0.520246860739582,27.4391813472662,91,0.111734506200707
-4.91845179670956,34.1576400790823,100,0.0135617354812701
-2.09976629587651,26.0728118881898,100,0.0571151858563735
-0.46718058818721,27.1728940314413,96,0.103166467387378
-0.932868176585394,7.17264160616983,43,0.00230367414514762
1.75944523000404,24.2122597618712,100,0.0380059446250341
-2.16966724953446,29.1414138380228,100,0.0615486430512489
-2.2464359262276,30.7212694997693,100,0.0432390037231196
5.36635540415187,18.513105978345,71,0.0080524179743047
-0.357625579951015,6.76156629310948,21,0.00223052499162758
0.865597103750212,25.342238228568,100,0.0588387343729703
5.78478578212413,19.4906704452765,73,0.00895005874496621
-1.57913751348443,27.337248270593,100,0.0789313442741265