5.04725119447934,18.6753912343571,73,0.00847059335213086
3.38415948715594,18.4641701225347,70,0.00928864077806941
-8.98473991501976,13.4142343079696,100,0.00334065602626794
-0.354146687208857,27.4113300224522,93,0.110756259777987
3.35479384256313,18.2152544372411,60,0.00899275744553235
-0.218806967521673,8.55898916573087,30,0.00265586191206097
4.52194106996161,18.776666377848,80,0.00893827968743624
-1.00661660907993,7.97755615278032,32,0.00249703482321016
2.43470661983042,18.2993967297442,71,0.00949148766943959
-2.05957408740981,32.1017823317225,100,0.031128326510457
-5.65035563250395,10.250501423116,100,0.00284118769999637
0.483295795493908,27.1397642292065,88,0.111668261370435
1.88615141962109,18.2194956845223,50,0.00976355417002745
5.60479124071238,19.5737776018112,73,0.00923389617885063
-2.48802641483666,18.6036891792221,78,0.00994100568745354
5.86684033746857,20.8827286232203,74,0.010938480332651
0.164443935834705,27.3846371996828,92,0.112928150214896
-0.664033896839932,24.2169066103725,100,0.0423314898476694
-2.73906906068494,18.4262275936978,35,0.00990855607731633
-1.25560643231602,18.4757179235453,97,0.00997352104536173
1.65783690789452,18.7792178079415,29,0.0112318569090938
14.4005477583305,22.8115837245765,100,0.00411902734531161
-10.712166580262,10.3631914828376,100,0.00232108461068502
-0.171741423127104,28.5618929021059,91,0.110847349236137
-0.880909239460021,27.4335518823866,94,0.102459913064209
4.4726992519093,18.5889148383667,73,0.00875794984389212
4.05816160091981,18.398387665742,81,0.00869450528508157
0.208773824639659,18.5964017079315,51,0.0108835557332251
-0.70775936407345,18.2716824662986,64,0.0100239114733504
8.80314642164172,23.2112565280917,100,0.0091727387796907
-3.21258480928517,24.8413528974313,100,0.0340815440426112
-0.975018080917757,7.63230673693885,37,0.00241102573864858
-0.0115076993383847,27.6693853137683,95,0.111882616085286
-0.927066787722102,8.22955821663978,39,0.00255713132621438
-1.78200760113507,30.6675116495357,100,0.0477287431185001
1.74852842833463,6.56716920182426,33,0.00217063056787633
-8.146436272468,12.2827835995572,100,0.00313525231809733
4.99426544024512,18.7633001049242,73,0.00862692778338054
-4.67617877938408,18.5709009106256,74,0.00858531449130744
-2.96442798250859,24.3886010325819,100,0.0325224138264676
0.781321863994298,5.85055168337953,26,0.00204674069135599
-0.902153842377106,6.21704767122213,31,0.002112888418681
-0.0344192348054914,27.0052215052501,90,0.109469733057362
-0.171741423127104,28.5618929021059,91,0.110847349236137
-1.1905508760884,7.75562430732493,37,0.00243751418247326
-2.30073249458191,11.5773068407357,100,0.00356683358519634
-7.38201525697167,18.2427691314225,86,0.00638936607029418
5.07210300075047,19.8331344379831,73,0.0101649114923948
-3.04738830597356,18.5669538175298,47,0.00987447056724388
0.267182341488575,27.4598592799835,91,0.114501769557766
0.121722032531917,6.56868544248193,35,0.00218441478274117
-0.631163336302602,8.06005014767942,21,0.00252853247404051
5.67391358985297,20.7361386352517,74,0.0109575466418002
0.36474632160538,5.97033977101289,12,0.00207707887231966
1.00649934844639,18.240730800614,50,0.0100534687115343
-0.674193229170822,7.68668231647974,12,0.00244159614672194
-7.30817381168964,18.533653045404,54,0.00681597265000766
-1.03155730028007,18.1942501491371,27,0.0101920465692082
-0.0604068479466152,24.9993545677222,100,0.0552638455392791
5.3865700745864,20.0094046554984,37,0.0104967713736485
5.10522320465405,8.75458775442775,49,0.0025193466809042
0.173747805194739,18.2033879743338,66,0.00992012197536864
4.96100290636421,18.1953147261123,67,0.00795908525629194
5.50978826296574,19.766912265453,78,0.00956234673624399
-5.46006470799378,18.7653000999732,49,0.00844956040817149
-1.08404381465463,18.2354496384187,55,0.0099768627154038
0.468541737085423,27.7041487949237,91,0.114348342238778
2.10944765021918,18.4767260277747,66,0.00999802116417166
-4.06570806790829,18.3665017298704,52,0.00886674516875308
4.16640403097645,8.90488452487919,75,0.00259670671614585
0.583380154177383,27.6664293567123,89,0.115216904703684
0.620604272221854,28.5987322528227,92,0.10493123563423
-1.07545031753407,6.29352346390569,25,0.00212891061743528
0.9018129988896,28.2514954377009,87,0.110295302078467
-1.19243496633487,27.6761031707156,100,0.0880500635305348
-0.682350045138507,27.3456710880152,96,0.10274948884532
-3.46435750359853,9.9530353445385,100,0.00291880115572742
-0.473451619146375,6.27112908044657,32,0.00212558887641513
-6.97085462010278,18.3145346643551,53,0.00685244485625444
-1.24848708266043,6.62563442226104,31,0.00219053019550431
3.84469009963628,18.4952000074604,33,0.00937160856260308
-0.233124984708318,6.36189668995794,33,0.00214372874786058
-3.79097212010283,18.7856054338365,39,0.00984838069240998
5.12293963618638,18.5862242310124,62,0.00837721953750645
4.17666758338089,18.1613753415798,72,0.00835890851385602
5.4125584983049,18.7465008228171,47,0.00847635900427951
-19.7624807766279,8.52055679734182,100,0.00129112472874297
-0.828297092205838,27.9661355005448,97,0.102060811613757
3.14559650304627,18.1873329497758,70,0.00897825864201871
2.6829975038459,29.7378617662558,100,0.0484937812658327
-0.277798905269912,27.0926394723239,90,0.110266804524638
-0.967554682071358,18.5682142408891,71,0.0104934645088302
-4.49893127999857,18.4080811263626,53,0.008635316454856
1.02473006705036,18.8719759819239,52,0.0113690802098677
2.57087462639044,5.91019946410131,25,0.00203310550114093
-10.883989794116,18.1994824243903,55,0.00458270545571153
-0.806714182703535,6.99939701006273,21,0.00227858892337588
-0.954440933781989,8.0426188549198,32,0.00251389218636736
4.50841463858896,18.5712858732083,52,0.00887075537555978
0.146091826496196,28.4607924359548,89,0.115183340941052
-1.20554589234687,7.34755552654903,33,0.00234485601606116
-2.86957359045047,33.3246570367948,100,0.0208400956598741
5.62532247297003,18.3602180678733,69,0.00770923301199855
0.952945730485146,27.6951391764417,91,0.105969319145916
0.562835971240288,28.5886541647424,90,0.10814409532649
-1.62122660469969,18.7779017579444,66,0.0107949006130123
-1.5890104390852,29.2626701377128,100,0.0694928360955191
-0.283936866194202,27.0231619493518,90,0.108885161429548
0.43924551089451,33.2104965645813,100,0.0258341005737379
0.0378616033502883,28.1576845472101,89,0.119185031083196
0.78127875119161,28.4786155891695,90,0.106467310546833
2.99275496345071,18.2429994545632,54,0.0092791878729707
2.29691236318114,8.76761850968055,43,0.00266636073875926
-0.570836302293969,27.977214431369,100,0.102666188171504
-2.40042103100525,28.8608936413125,100,0.06001559081854
-1.17422394518713,7.27137834959658,31,0.00232925387038463
6.38642655952567,27.6076958186993,100,0.0197037631031918
5.46652757732699,19.8796571791672,72,0.00983385501619434
5.20872487423822,18.2676351162759,75,0.00783889576073002
-0.195189749376563,27.0029813578135,90,0.108983514898019
5.0803515637248,20.5391662852561,80,0.0113219928668112
-3.02337913442331,28.9850482926253,100,0.0492494967629361
3.07262712393185,8.8487141143697,43,0.00265873995812606
-0.82905150064023,27.6367763725174,100,0.0986318927313019
-0.506647580051967,32.7102516498554,100,0.0296994590989597
-1.24966526549963,18.2159845895566,38,0.0100711493073464
3.98619752799674,18.3144265576823,30,0.00901450406806171
0.0455317283942622,26.9989942162565,88,0.111775134704054
-5.46433511819292,38.0865904435672,96,0.00690046182468784
3.52584470029412,18.4513586072628,73,0.00915932350443993
0.409215041720441,8.8895487513053,21,0.00275411256941122
-4.66189426874405,33.4051085173552,100,0.0160336621376284
0.603295478261572,28.2335960703814,89,0.113589667492459
5.48759208001256,18.2874035076391,62,0.00775958142459668
0.061712219053231,28.0065452213182,89,0.120106800341336
-0.0986286449402263,6.41564742667639,12,0.00216438979188074
-3.0892460242092,25.8371997850013,100,0.0424787856122291
0.494915064110932,6.3824847095265,33,0.00214692393414845
0.267287513848998,6.75084600683861,33,0.00222261242365647
-4.68151422455955,18.3006151748293,47,0.00840879940843077
0.0378616033502883,28.1576845472101,89,0.119185031083196
2.08440056688083,6.25368253992492,21,0.0021086721846616
5.79910811689247,20.1184908499245,73,0.00982504023538245
-0.0332357873095489,31.4491440002326,100,0.0439074270111852
0.603172363081183,34.3389418127699,100,0.0191477370481705
-0.469753798902925,8.78591855677945,38,0.0027115747188485
0.678768989423024,28.1995322674473,91,0.110178609928935
5.40323818144068,19.3693499888972,73,0.00913174402793896
5.45521132706459,19.1332049336365,78,0.00872304612638895
-3.03510640030298,18.2310035430908,44,0.00932364043092743
0.126779666027631,26.9609703412513,90,0.108371117133333
-6.81602154009597,16.0940677445562,100,0.00513280115145865
-2.89933883901867,18.5262990521139,53,0.00982818282185491
-0.939339639585195,7.04374889948203,29,0.00228283859741169
-4.872586900544,18.2373920647627,57,0.00813262882731515
3.48727759857381,8.78323018816239,43,0.00262238402985997
3.10007066058864,18.2708980963703,67,0.00915868212518858
1.74224633703963,18.3173094611405,28,0.010222549871908
-2.10633054156516,18.6371659185794,88,0.0100785021830031
5.67130151934634,18.4339182265844,66,0.00777974140703029
-1.54211839158224,18.3600653713419,84,0.00980859816791134
0.82434411568642,27.9223279767167,88,0.11255841877362
1.86279019940062,30.7879448458184,100,0.0455858879108719
-2.18020922595534,18.6151219685515,89,0.00999550876948387
-0.736468891401881,6.35651706409036,33,0.00214042785255559
-0.178040742329036,18.5498712549423,27,0.0110700035846721
0.975087111157144,28.0441779209204,89,0.107697545166447
-0.0749550236834839,28.3981111336012,91,0.113702861411366
5.12139105507452,18.1595694384172,69,0.0078032351381463
-2.93277673984145,18.5598493866068,66,0.00974488211959974
-3.02248301328266,18.9322591515191,51,0.0105415147881318
-0.747673383907342,26.1116562568808,100,0.0739587864524294
1.85260928113399,38.2013152489597,93,0.00829528527798842
1.47341091188142,8.78390391148397,44,0.00269239497684143
2.86683833910865,18.8012544141646,80,0.0100803378713304
0.383448842615972,6.19290433534852,10,0.00212060014316404
-2.47712672567646,18.6354902870793,83,0.00995504933674382
-1.05976101104382,7.19326349146426,39,0.0023089933133621
-0.636304299948576,6.02456007989077,22,0.00208183143137615
-1.2041375641982,29.039030903981,100,0.0785043435477005
-4.84453843018104,18.8503667486092,68,0.00889946438626422
0.666837348352372,27.1242310151958,89,0.107655975811916
-2.77147148214822,26.7685144677909,100,0.0532592135637791
3.42128270614573,8.87586944915571,44,0.00264935536011119
-0.930518082508241,7.78397942638712,38,0.00244700349732277
4.47488027232031,18.3672959761237,69,0.00847741792734194
-9.11007635808846,13.6310589318676,100,0.00338532717680186
-0.916012868506856,6.8362498400022,32,0.00223718595143842
0.519951807508758,6.45855645929277,36,0.00216054569528496
-4.53276547280544,7.97639985394886,100,0.00234822449527797
-0.665679721710563,7.07830481824573,22,0.00229634651199881
-0.251241949564805,6.60367553007694,14,0.00220144067420341
-0.767257372614414,8.45534427576385,40,0.00261726452080828
2.3774807774627,8.4274160299164,44,0.00257316297384234
-0.992857999740906,6.31530524490628,52,0.00212172826637975
-0.664033896839932,24.2169066103725,100,0.0423314898476694
-1.14796076661449,6.79474614812431,28,0.00222808556095569
0.666661439719062,18.5213436451441,57,0.0106068134463623
0.0378616033502883,28.1576845472101,89,0.119185031083196
8.37087784794496,12.758104119393,100,0.00324593985160724
-0.98246299401977,18.4082106480963,30,0.0106127913524065
-5.07853363802823,18.3686628785963,79,0.00801915334407042
0.825101321822152,6.02337911707855,21,0.00208084596427589
0.468297990155468,18.4188525330592,75,0.0102271549307766
-1.10444643041526,7.04936595094466,38,0.00227762039434091
5.60886790766201,18.3008585522574,73,0.00763002255448783
-1.68978509103917,30.8279530298421,100,0.0463869548275455
0.394867703949732,27.0763500108898,95,0.103380905658609
-3.10759982172675,18.4741156885938,47,0.00967340646462073
-0.283936866194202,27.0231619493518,90,0.108885161429548
-2.2526863400184,18.8133819845329,31,0.0109963515175064
5.18185980712521,18.3067292419114,61,0.00799096919245358
0.88029846470113,29.2659689827842,100,0.0790563778974407
-0.962909307906127,7.8187012904879,32,0.00245862513608382
5.84299078559093,20.0535770890231,73,0.00968044134948776
0.551094237101776,18.5584842363372,33,0.0109834720915018
-0.465521484231132,7.0079747753968,38,0.00227388383267377
0.681807556335286,18.3659513109728,41,0.0104573754555831
5.89008899938058,19.6702496755005,70,0.00911690042650537
2.69282623930891,6.13805569870809,22,0.00207361815121299
-2.85168365779917,18.4503241470976,45,0.00979447690419838
-0.219921153743644,18.2086396148853,51,0.0100784123027258
4.58893703717687,18.4234146407258,69,0.0084794763606584
4.26486886075801,18.4087831725935,73,0.008640132464216
-1.01241372594984,19.0798039251286,65,0.0116905019210376
1.65783690789452,18.7792178079415,29,0.0112318569090938
3.18804414854464,5.95650522523366,25,0.00202682771908413
0.36119245990682,28.5762758453336,91,0.109376373643799
0.0378053732649613,18.6617637149595,82,0.0106686336638909
-0.432980365469241,28.6075143799796,91,0.108161852530822
5.44999971160551,19.0787128325151,65,0.00875379213605605
-1.76828461924781,31.7271818636826,100,0.0357482851640445
-0.511616064979725,6.6942292043081,25,0.00221383465475069
-0.655292267074844,7.80426112353184,39,0.00245391161687382
0.0378616033502883,28.1576845472101,89,0.119185031083196
2.2916106768851,18.2344395913358,77,0.00938723121568364
-0.198438306760558,27.2017995153962,90,0.11267308658915
-0.0218313405106823,26.8943030930485,88,0.109451876760555
4.44974325891605,21.014400788325,74,0.0133368250601452
0.646548890864477,27.904877723731,90,0.113366730023258
3.1199691408098,8.84678801708176,43,0.00265615233827789
-5.31884512884269,18.502535155702,53,0.00819159213416387
-1.84863171543655,30.864882056927,100,0.0447620955611409
0.224076722447452,28.1562333930456,92,0.114439599816967
3.42142318288528,27.052377724625,100,0.0449208290068677
1.18246344450076,31.7757662104197,100,0.0375618336472724
1.27451093372087,5.85473047752054,10,0.00204997152949761
2.95757858505244,8.67494311505205,44,0.00261669069013986
0.806071409862802,27.5181003164758,88,0.11150145230598
-3.63022285831255,29.0754319888439,100,0.0407269093762309
-1.80509537316769,18.9706009143316,52,0.0113118643721022
-3.98569086660555,18.2952112374266,62,0.00873396337604182
-1.42340574148621,29.0083624596988,100,0.0755116846930833
-2.89297993091119,18.9206218794084,33,0.0108102370600584
0.887921714324059,27.7259585888826,89,0.109797145691924
-0.0498579256096018,28.5121886296189,89,0.114583954014333
8.14048470056921,6.13128159295532,60,0.00183365318627255
0.702507148857859,27.4346399100728,89,0.111401990222647
9.64424116193733,8.72917934661304,64,0.00214432154536193
-2.62449226559656,18.8235221916599,47,0.0106191803914156
0.183593294886118,27.7218247595532,90,0.118285215569423
-2.9775244889059,29.0946560484096,100,0.049290275014159
1.28385761865593,18.3532655793871,27,0.0104546970088385
-1.20386188819876,7.13112404397126,16,0.00230580607774789
-0.443825021063157,27.1822529509455,93,0.106849041714075
-1.11238099875748,7.63245831243383,29,0.00241404882685499
-1.13258389058983,31.6035827168564,100,0.0397000155253347
0.61576336162852,27.7215291529251,88,0.116283363420279
-0.451789600048405,27.0046250420773,98,0.0986300701236322
-1.13278964506195,7.13820091574774,30,0.00230081613033838
-0.666831902057723,8.65679335270494,42,0.00267125215305307
1.87560955546454,8.39336488738597,42,0.00257986682406851
4.02383779484436,8.77410424617606,43,0.00259261561907884
-0.422880955381199,7.48823228001624,34,0.00238356806861927
0.061712219053231,28.0065452213182,89,0.120106800341336
5.70718890591499,19.5765082415579,74,0.00913160990173957
2.33697045058374,18.5850688824692,67,0.0100898294693888
-1.02958584814623,6.0488543416943,22,0.00208358931056958
4.98648040845275,30.7784024705654,100,0.0231075769717706
-1.86634970080722,24.7825286279155,100,0.0437393681594956
0.031539880726777,27.6954985081992,89,0.120055750045523
3.05388695363294,21.0939020030475,82,0.0155704955574043
-7.02404055736168,18.2056847183596,59,0.00669488284671652
-0.509219203443148,6.60890090952319,21,0.00219817883168757
1.73205371045168,18.5925913160553,54,0.0105032330160234
-3.98676258226709,25.5438855237831,100,0.0320868779196812
3.23286931424101,24.8073410174637,100,0.0336941787912537
0.803756683381645,18.8597585671001,76,0.0110897182519176
-11.5366178959504,18.3332056633391,86,0.0042848956875283
0.457508639021371,6.09425053163067,9,0.00210167058422816
0.226519801392946,27.3739759315524,95,0.10881708542508
3.72156079028179,29.4713519403081,100,0.0379600441791842
-0.838886241317631,18.210446510933,69,0.00983840777029237
0.0376886889007964,27.5152557831633,90,0.117341658787787
-2.33803817959404,18.7789419767162,28,0.0109104220360083
-1.87612449481166,18.2152061933203,52,0.0097402537798472
0.395404160736711,25.8558594191556,100,0.0710283837518596
-1.73899478632549,29.8109278871514,100,0.0597857198607245
-3.4525903347178,18.9748161524678,62,0.0102051403187385
0.0777988736465383,15.920492727133,100,0.00655787601515047
-1.23347303849782,7.54815421684054,31,0.00239152212607116
-4.84003549841176,18.2650394683508,46,0.00826351169578995
-2.97757256389552,18.197235639548,54,0.00921150980560431
-2.34366306607373,25.2585148799356,100,0.0451102465441464
5.86209198976211,30.5204015020689,100,0.019479399434681
5.76452698930333,20.6546126789659,66,0.0107914226933912
-1.0029971949519,28.2788536146915,100,0.0902412397203937
4.2439855062536,18.9953967900248,80,0.00947727936829068
-8.0165606951252,18.2208080199699,62,0.00608627567113633
-0.563708379976205,27.2422180523396,100,0.0989907883369818
-0.259804040300117,27.365312593583,92,0.112177571758392
5.63566769982327,19.4306473574845,74,0.00899793820443579
-0.287080052019507,6.37342174586735,25,0.00214956886764881
-6.41116526178827,33.2540285614668,100,0.012486537291783
1.07504721967844,18.4392108055819,31,0.0106460807533586
-0.861194678718663,8.66636730978505,20,0.00268755339251161
-7.84346672214346,18.6838607492101,56,0.00656835234461431
2.7264093801611,18.7107219693137,70,0.0100942591100625
5.37426826792618,21.0076245946578,79,0.0118125473382564
-1.53312101767957,28.1426977368085,100,0.0810985223040344
0.0378616033502883,28.1576845472101,89,0.119185031083196
0.598485087622725,27.2746641945715,91,0.10865726073269
-9.38408534195715,18.4759464046563,71,0.0054304820812489
2.27854136843238,18.2779879788182,67,0.00955736143537387
-0.00882572290691608,5.98891658493903,33,0.00207211188084567
-0.789793938989298,7.49770340601623,34,0.00238323220166629
5.7069162052825,18.7421032023834,76,0.00804968451067322
1.64598934844206,18.6964339835866,71,0.0105592302987533
-1.12713142232867,7.3488942877926,28,0.00234891994792019
4.23146062198088,18.8412345898377,78,0.0092621167871357
-2.45922527753402,18.8938777390772,49,0.0108386633853193
-3.68211939598919,27.1147207964651,100,0.0416384083534018
3.65246626288779,18.5928662719369,61,0.00941228003457061
-4.74083362969349,18.5395287588389,50,0.00867522956014499
4.90490766153497,18.1872612596155,69,0.00797162727114688
-0.664033896839932,24.2169066103725,100,0.0423314898476694
0.786472163678157,28.3025700823603,92,0.106221223578859
5.11248956629873,19.3950999495904,65,0.00950443811209073
-0.974029238928027,18.8258603855145,50,0.0113010004289341
-0.0923197328416248,25.4716024679975,100,0.0640210185773802
0.327974322015616,27.7176469248415,93,0.113260738143005
-1.82579995534193,18.1923385818515,39,0.00984037745721345
5.33212834431255,18.6793503831945,73,0.00826858946985826
4.00995519497971,18.429336090117,69,0.00886199002990019
-1.29741617638532,19.0539553774557,37,0.0119257062211842
-4.12434212452792,18.448517834681,51,0.00895973396943617
0.0448063648771102,27.2547522576672,89,0.115329215038678
-0.945468540110641,7.37122651082505,32,0.00235385286672199
-3.37517409894902,18.5346530698147,42,0.00966389505976306
-1.03545238060776,7.7272129125816,32,0.00243574482266706
-1.21995618811537,18.4348115549827,28,0.0106330077965191
-0.241447004096027,5.85485863710653,33,0.00204691558915241
-0.322090413720998,18.4263179709043,29,0.010761665959599
0.409331260187816,29.8577899915058,100,0.0711501664888639
-0.728911804306886,6.35500092666726,39,0.00213743516119209
-2.06939854019725,26.3056226952297,100,0.0602288371029017
-0.296059300941798,26.912142080635,90,0.106502738571495
5.93175357538909,19.9094726674476,75,0.00936178495685481
-1.17403401204455,7.28526865134364,32,0.00233181885756693
-1.22139909674038,6.46712595298838,29,0.00215982371461342
-0.328536653685198,6.29003965513996,34,0.00212890322690986
8.3865135553936,8.48775993618645,98,0.00219122287028813
5.79098187309457,19.8917985816082,71,0.00951942152644545
2.1689138337374,18.3227450779935,72,0.00963502601613905
-1.41146593749996,33.7117936537369,100,0.0216815029896358
-4.48021617623253,18.9042000583445,58,0.00934563494730908
5.31929418389974,21.1902865454771,84,0.0121806456968533
1.03410967524804,18.412076722521,80,0.0100748572667542
-1.57051204971352,18.9472370654074,66,0.0111823200258208
0.725387118320705,27.9123008315398,90,0.111984664745149
-4.06190706863128,18.267571554532,42,0.00879983596530673
-0.145086725107185,6.00733768507591,31,0.00207634767285274
3.88670095093109,5.92358772562938,52,0.00199017710081298
-0.626170706476504,6.50268072576005,28,0.0021725860522898
-0.564250380395119,18.6639916166133,77,0.0106941945732967
1.73717621719428,18.8740918394278,27,0.0114432793733492
-1.51611629075013,27.9990381414044,100,0.081842449641397
-4.91267524733731,18.8252545655039,52,0.00893780176732414
-1.26907777204607,31.6102697297556,100,0.0391132033787149
-5.3561874378236,28.8938352147515,100,0.0252168615380143
3.17501539307354,18.2660033310792,29,0.00943839580969827
-2.62837076579168,18.5747578295882,45,0.0101473388315233
5.7009403493677,18.4906548311901,73,0.00778152540818868
5.63712425570443,18.8375375565238,72,0.0082436629504306
0.789452275614097,27.460736996823,92,0.106557163938025
-3.53485738827399,18.6443299075046,51,0.00966673260532523
5.22239976058209,21.1302534670069,90,0.0121240657783656
-2.00299171899674,18.8090650442643,50,0.0108867508451542
-1.22982592438737,6.8844804894404,24,0.00224801073485341
5.74413528603191,19.7267443646156,73,0.0093139320037967
-1.29578680443293,18.6792389012745,26,0.011174541567618
-0.405372176837328,6.19585878336695,28,0.0021130307207658
5.89640870264668,20.597690365749,73,0.0104462941784189
3.30348111467239,18.3930598741825,28,0.00959137463322022
0.122363302984431,28.2000961366035,92,0.114537052642932
5.58832088089212,20.9345827325364,79,0.0113624933471976
5.85100387660855,20.3127822773334,80,0.0099885734394421
-3.01093737510079,18.3341040719382,45,0.00950272415095553
-0.973071047778439,6.7474644947363,23,0.00222252248875412
-0.67981821996522,7.66828369170391,37,0.00242237225899612
6.05803327833946,25.414676861227,100,0.0190163172334824
0.468536292571176,27.9575753216673,90,0.115877438983105
-1.21185285934407,7.19226919931794,29,0.00231226829032025
5.19075484357102,18.4753867697483,72,0.00812089761634322
5.90936855677407,19.4884651228911,74,0.00882418409956959
5.54857989711657,18.5792379841051,66,0.00803579325155433
1.09893364910607,8.90643983793993,42,0.00273528255298589
5.89867233209246,20.3364943665852,72,0.0100485275251647
-0.682255155090035,7.54712758286959,31,0.00239733725027853
-1.12960012225025,18.5284307519989,45,0.0106634538987759
0.100031449136755,18.5489168992108,33,0.0109974356498024
-1.30095874292176,31.6374445179859,100,0.0386798621140594
-0.0923197328416248,25.4716024679975,100,0.0640210185773802
1.74224633703963,18.3173094611405,28,0.010222549871908
-0.301112727855045,8.62900437309155,38,0.00266901260108403
0.445562186109724,6.14113131696843,14,0.00210853710515513
-1.96965840992565,18.9643998696694,32,0.0114765442907678
1.13192764573741,8.76525867968285,18,0.00271268390737869
-5.27323169847443,35.2132062612077,100,0.0108980609437236
0.227565998218723,28.3136558958892,89,0.116856964630661
5.82823115831347,19.1714299135016,74,0.00849026137732543
4.60509538502517,18.2147809213631,27,0.00848449922163145
0.771715122912378,5.90937336735117,33,0.00205473482063461
-5.63696571666781,19.0277637515924,53,0.00862019843855352
5.52096265092324,18.402531566997,78,0.00777308115237818
-5.70330801067649,18.6466964981095,43,0.00815418214325657
-0.145300201449935,28.6286693854409,90,0.110974655191468
2.51213393991397,29.4917089446629,100,0.0529934411939363
-0.367772509406253,7.85674598831413,38,0.00246903906744721
-4.6374941381926,18.2853742624154,59,0.00833302256202617
-1.24966526549963,18.2159845895566,38,0.0100711493073464
-0.609741250473836,6.56819991962455,49,0.00217596526430559
-9.77397026216584,18.8151237690554,96,0.0053230099074779
-0.587689919962949,28.0610127052105,98,0.104315639500363
-0.0716361900037401,18.6687577365254,70,0.0108215991931971
-6.86366412520937,18.4981794061127,43,0.007143994595316
-1.89038827382679,27.2826607369271,100,0.0724148782006216
5.68400213387015,20.5540807475164,73,0.0106492422785123
3.50490453584803,18.2065144138787,72,0.00880289438799956
-13.8810349377133,13.8938883444256,100,0.00251464197611688
0.82709524211722,6.35188209260346,27,0.00214161478448615
-1.02853944719393,18.9487439455505,43,0.0116697819933389
0.42920924010139,28.6817350332309,90,0.108009560982846
4.90626004790534,28.5098396233947,100,0.0290756209126916
2.74599975857501,8.70498708524658,44,0.00263294130114296
-1.29741617638532,19.0539553774557,37,0.0119257062211842
-6.84621041232286,18.5830230105157,42,0.00724339396062917
5.76381448594438,19.1506391419604,72,0.00853263791875751
-5.64040999304032,18.1898256851961,51,0.00761316603816741
4.29725116991442,18.3601356274305,51,0.00871548776633685
5.66149884289436,18.8321630875146,72,0.00821843127812882
0.208773824639659,18.5964017079315,51,0.0108835557332251
5.68603465795794,31.4283108825388,100,0.018196370291542
-0.0205150213788164,27.4036208687601,89,0.117497322262494
-1.20696662492518,8.14531237007669,15,0.00254728134036557
2.17001082219487,18.5570064274071,31,0.0104955328981667
5.53282860843758,20.0565510047185,62,0.0101392836933428
0.0645776501865284,6.06499381528285,19,0.00209256970443274
3.13280919588664,18.2149350557335,48,0.00921093505175446
-1.79837493431371,27.5879133319058,100,0.0757010434041147
-1.17207013611465,7.09857966779528,21,0.00229640827143048
-1.34862927903205,26.2003869744158,100,0.0690692658721509
-5.10668146076554,19.1003147185882,44,0.00924787640705288
-7.08339183178571,8.61084925385693,100,0.00232205607993963
-0.283936866194202,27.0231619493518,90,0.108885161429548
5.65860842957276,19.7835873393623,66,0.00954478502136102
-3.37725852183496,18.7945743446625,54,0.0100088854565006
0.434286201647756,6.34641881504594,35,0.00213914289123076
3.54566086164781,8.66842136269928,44,0.00258908500796919
-0.699072120676285,7.63125535132889,32,0.0024163822455863
-1.42340574148621,29.0083624596988,100,0.0755116846930833
-1.02190725093099,7.34442109817353,15,0.00235635107575811
5.01067930285218,20.9250547868729,79,0.012192369219503
-0.205102351048339,6.60143631895728,28,0.0021943195513648
-4.5308744091742,18.2352684383481,62,0.00831330728547847
5.29321070069998,19.6494827884355,69,0.00968504557562446
-0.813038560360441,6.27683036923457,31,0.00212517904871511
0.42920924010139,28.6817350332309,90,0.108009560982846
-0.158774349772776,8.85574228549101,42,0.00272974196664135
-0.589435252236789,35.4403816706089,100,0.0147728191536263
0.307421015133716,18.7119165304788,51,0.0111351692608726
5.39127881923088,21.1863115117003,77,0.0121622688439427
-0.739518432966068,7.24897635537889,77,0.00230407778453147
2.96005198125961,18.1837012135299,48,0.00924918940977572
-0.640050099273066,26.0213053940144,100,0.0730139767059524
0.280797710612616,27.6547658266311,88,0.120156532427211
1.8840170405226,21.1945788600028,87,0.0173626682014995
-1.9128065805861,18.5575784192835,52,0.0103822895109703
-9.38408534195715,18.4759464046563,71,0.0054304820812489
5.79173298547395,19.7763788157505,78,0.00929280950591345
5.9557863585623,19.2240405695598,75,0.00844070387813682
5.10969482527326,20.2745908847604,66,0.010968861834998
-10.2322549351734,18.603503730542,98,0.00497251088181443
4.18667230741983,8.810346778828,44,0.00259224775501855
-1.18675260928485,18.8176616302056,34,0.0114291442220956
-1.01395789501568,18.6734889102682,87,0.0105214645349055
-7.93667581622269,18.253566113881,66,0.00614253862809525
-4.12526926619052,30.479506571478,100,0.0296084093320205
5.46106067638249,20.6783288140929,79,0.0110842212972908
-2.37172333057609,27.239344170876,100,0.0628424098172313
-5.19904255182015,18.5978836421807,54,0.00839343481103069
1.73717621719428,18.8740918394278,27,0.0114432793733492
0.646548890864477,27.904877723731,90,0.113366730023258
5.78919164033754,19.3271041846071,79,0.0086845403748219
2.18346372133225,18.4441622794808,48,0.0100857503880393
-2.62250061519865,18.8769171309711,51,0.0106841612624795
-0.0716361900037401,18.6687577365254,70,0.0108215991931971
6.73843052483352,8.87008230030555,68,0.00241679368675789
-2.72664365479389,32.6345071851157,100,0.0249254071469919
-6.65065157078979,18.6110766529301,55,0.00734227275729205
5.42011285345936,19.0621253399193,71,0.00871057623122196
2.78972627738921,8.86874090258616,43,0.00267595448685504
2.20906011748546,8.90414018386518,44,0.00270597606176948
-3.3979045336166,18.6368040059905,52,0.00973360141559839
-5.90346155145792,18.5455612010061,56,0.00780435111419447
-1.42821102303503,18.2689753616428,33,0.0101778843557854
5.73791595544531,21.0284835365258,80,0.0112980074658382
1.14976934740916,18.457915710483,32,0.0106558235873041
-2.24154943342056,34.4310156379023,100,0.0172153925190814
5.57220195075318,8.89521393298671,51,0.00252041270615652
-7.15668793723983,-11.0596496189699,33,0.000636839441945852
-8.37802352407121,18.731878169554,57,0.0062446355397316
-2.4343372721881,18.7638307649973,79,0.010257485917367
-2.10590524423155,18.7302697794467,48,0.0106940003481246
-3.20041796738602,25.4571859719835,100,0.0385755878666569
16.2140960874571,25.338651272587,100,0.00358215784521035
-0.271100965851649,6.59178034770235,21,0.00219556210099172
3.8349143139791,18.2731001811867,69,0.00873821017188986
-4.51037000135823,28.9864694007117,100,0.0317353643327498
-0.552219773407888,8.67658654525326,15,0.00269718650351848
-1.42875197701288,18.1642279937391,35,0.00995279471067704
3.48215360108001,18.8073517639915,53,0.00997016835027727
5.2743846019803,19.3536603422725,66,0.00928513966092926
-0.517989023834915,27.7189566276487,100,0.103203903468424
5.92996359290186,20.412702615422,73,0.0101167355755863
-2.26705450953576,30.4612315449829,100,0.0458704775968505
5.00179357848996,18.6937078538374,73,0.00852787499235556
-5.88452503804724,26.425144340611,100,0.0214633757562075
5.40409673170343,18.5340624287384,69,0.00806442353066905
-0.226654438150778,27.055850794738,90,0.10987782803427
5.89151413561632,19.7987948319222,71,0.00928385351924859
-0.310319230290722,8.031617443825,40,0.0025112311010884
5.84599424717008,20.921447292067,72,0.0110573829560238
5.89328250295698,18.9927991132686,72,0.00823174352136631
5.26505160639581,19.9951068607815,73,0.0102251838816261
-0.283936866194202,27.0231619493518,90,0.108885161429548
2.6591430919747,6.35487686188496,26,0.0021137380684257
0.0378616033502883,28.1576845472101,89,0.119185031083196
1.29312969066543,18.4510031449668,64,0.0102537114545846
-2.02304492789915,18.8308250135823,48,0.0109478627848109
5.94265911279664,10.9747387473703,100,0.00302690941872075
5.95586567980774,19.094998613351,72,0.00830425117579273
-9.41266582921488,18.6099763917093,38,0.00559018120365096
9.61247114886719,5.96291647792154,62,0.00172700538854574
-5.14398508545883,25.398124327948,100,0.0235690629816768
4.51421156824244,8.73146444443778,44,0.00255344842096657
0.233940401951301,6.4593819891249,40,0.00215985019837574
0.824249026036695,6.17370934046897,34,0.00210380516073113
0.0330135359497719,28.3272849226004,91,0.114688214646921
-2.03598962964805,33.7172514678222,100,0.0206871554107361
5.32544133711868,18.7663655564383,76,0.00836274304987174
-1.51611629075013,27.9990381414044,100,0.081842449641397
5.90752662242179,19.4194554748164,79,0.00869841107146318
5.77047257595672,18.6108591996959,76,0.00785121506346457
-2.07272675382558,32.0459007759122,100,0.0315371680859664
-1.22207850089792,18.1876729593253,90,0.00952632328538923
1.20013957966947,18.2632628989303,49,0.0100641673168997
-10.4442929514431,8.98282540170235,100,0.0021035863433635
-1.51611629075013,27.9990381414044,100,0.081842449641397
-3.59285756396014,30.5396792329954,100,0.033351471062792
1.88615141962109,18.2194956845223,50,0.00976355417002745
5.88185583100345,19.5306553134222,80,0.00885772555472095
3.1655585678319,18.54291136048,79,0.00946495278465011
1.11185365493248,5.85975641924066,11,0.00205211421341851
0.142129288660294,27.8969959426445,92,0.115975920504833
-0.782468182177077,25.3277674408572,100,0.0590607515320571
3.31361025544211,18.3092733492329,29,0.00943209374922572
-3.14540083854763,23.1870711153777,100,0.0240140079206278
5.75703892051293,19.7885493668167,84,0.00929257808099991
-0.283936866194202,27.0231619493518,90,0.108885161429548
-5.54246817466661,18.7791419586251,69,0.00826416357502571
0.886197154382768,28.1968982610496,90,0.107538274856453
1.4509408352701,6.6018632353831,36,0.00218070570764668
1.29312969066543,18.4510031449668,64,0.0102537114545846
4.34560604660835,18.4336950294338,79,0.00857899160622829
3.42934967322654,18.4236009974747,73,0.00917175485283601
0.00462205459106968,27.0957009057365,90,0.111271032631315
0.616054995395279,28.5733197478228,95,0.102170224661646
7.19415395320454,8.85151151555976,49,0.00238705376485971
-0.398918652728818,28.5326824351957,91,0.109757716379646
5.91313885841624,19.0166829022341,66,0.00828553090278573
-0.707235966165268,27.4302750118882,96,0.103232094930483
-3.41218103844349,18.405013291109,40,0.00943715640402313
-2.85101749732401,18.5792516925582,61,0.00987317619154035
5.02550986518195,18.4493202568227,72,0.00820069375337449
-5.10135119354472,30.0843611219326,100,0.0244695788238663
-3.56803162082507,18.7503187073019,76,0.0095931856921355
5.89615212981657,19.2161074753186,76,0.00847429956588802
-0.779065012621415,18.2747146433179,76,0.00990007562750737
-2.50501722158698,30.3390472660748,100,0.0448115784420019
0.162754463179897,27.4300916353833,96,0.108537867959786
1.74148804052346,18.8112922731458,79,0.0106683442785232
4.99637923106007,19.6312683937872,73,0.00991108092920728
4.57585333236847,8.80265725398938,44,0.00256759944802819
2.04153517112839,18.4522775424049,84,0.0098041752692587
-2.88097511490028,18.493168946606,76,0.00956373187388115
-1.17084261972332,8.23593387544594,80,0.00252892875464378
1.53056230285831,18.6549685151226,55,0.0106953041255977
-2.88830143947794,18.1570463466641,79,0.00898354935933722
5.0751817785089,18.5937649623687,65,0.00840022114127118
4.48631768488598,18.6926091111591,38,0.00918343124504704
5.9378061100551,19.6855680197343,76,0.00904158442238244
2.3949447945601,29.5416584284202,100,0.0541694762699256
5.67474372002,18.3936722504106,73,0.00769003173469962
-1.12189984899125,6.77211006894383,28,0.00222365088520103
-0.624464202327859,7.68997154509334,40,0.00242617833512532
-1.19243496633487,27.6761031707156,100,0.0880500635305348
3.83517744690264,8.29382614899115,50,0.0024783570968573
-8.80210675920389,18.1999418899573,77,0.00557355558199328
-0.817178129596751,18.2861522451013,42,0.0102615668901839
5.77092310727616,21.0083773754777,74,0.0112909863687423
16.1763264792286,6.17353503917106,70,0.00135147754857502
-1.34408738994874,31.8062687306136,100,0.0366691825768286
-1.49935418917139,38.2976396979953,97,0.00821236585677572
5.33841979698426,19.4936109432423,79,0.00931819937434952
0.646548890864477,27.904877723731,90,0.113366730023258
5.56856890179209,18.3964019831337,48,0.00791809283998812
-0.811019977845775,7.12584910792468,22,0.00230566148308282
8.12498333003109,8.47630066463737,50,0.00223367819825878
-0.142323217281382,27.2084965606052,90,0.113028522462241
3.18593949632179,18.6225656565496,76,0.00961499301459418
-2.268837012463,24.0635082539392,100,0.0339312522295325
4.99684195359602,19.3334651198266,73,0.00944355713425936
3.69673769035852,21.1561480879887,94,0.0145085089765237
-2.81113303245003,18.4265542412601,40,0.00982157302893125
-2.48377375961021,18.6078024039628,78,0.00995062886672176
-0.519420700555782,18.285991288197,34,0.0103889514839911
-9.59524337717103,18.4123973069281,43,0.00536048616697557
-2.63166716562847,27.2074199793621,100,0.0579570807918087
-0.283936866194202,27.0231619493518,90,0.108885161429548
3.58728209859905,18.8913802825625,78,0.00980124063009842
5.01129457735605,18.6188680418488,77,0.00839380831950616
5.51691252187689,20.6771662340535,73,0.0110805560216166
-1.08991410583199,6.17732136558574,25,0.0021062339936112
-0.402072021906103,6.17542213599693,32,0.00210731646325952
1.2106481267407,18.3322862703787,33,0.0103661804272624
2.03064203955358,8.7502059878646,44,0.00266911537726921
-2.74653299527888,30.7287722246497,100,0.0389602159205144
5.1455944487085,19.3295000519438,75,0.00928775405456756
4.8745131693611,18.387119519326,60,0.00830421618046019
0.46261212725012,27.2301261891472,92,0.108538633711924
2.84331818682394,28.8985264103282,100,0.0524619605712723
-0.2741349166046,28.7548697819464,91,0.10666971917985
0.061712219053231,28.0065452213182,89,0.120106800341336
-0.315558392337927,18.5197137097924,79,0.0103988357737341
7.33451576329601,8.63214479437615,51,0.00232799568502585
-4.85294388407942,18.760612538789,36,0.00901929528541746
-4.10855006167292,18.5285731722279,59,0.00902691853262735
5.39751729387678,18.5363764629391,66,0.0080914532411893
0.746414117727613,27.8389687482807,88,0.114173108872968
-3.29352309771871,25.4649946421009,100,0.0377497154771578
5.18600041379511,20.9904767310097,73,0.0121502357345924
-0.465141796262895,18.8700537818903,50,0.0114997105797754
0.322299801950378,6.03830296104304,32,0.00208140251576213
0.291791260264211,18.2336439597465,78,0.00985448221337956
-0.520705067193232,8.63997614674656,42,0.00266788354292535
1.00649934844639,18.240730800614,50,0.0100534687115343
0.523845482438479,27.1863563819275,91,0.108332077213062
5.31754382175471,19.2135104810576,71,0.00900410746734832
-0.303118036768237,18.9929167209262,50,0.0118147499528524
-0.509472636253118,5.88317142548539,27,0.00205382722056982
0.212565896001874,28.1148337759059,90,0.117501961670179
0.289952845114749,27.3599945158113,93,0.110664574196229
5.8213572481995,20.2482310657113,74,0.00998531752287275
5.88454678057426,18.5735998105463,71,0.00775860964816216
-0.171741423127104,28.5618929021059,91,0.110847349236137
-11.1640066209025,19.0938930669849,77,0.0047595852188042
-0.972543948046911,8.30622839417742,39,0.00257635574672172
-0.821346914464751,6.15863621782049,35,0.00210049420656536
-0.849608984411226,6.77695390809038,21,0.00223079951462298
-0.826032164700439,8.041025190158,38,0.00251114902385691
1.81234192981045,6.19168463474888,33,0.0020961942309458
-8.174842871734,18.3090423562495,70,0.00602505985898763
0.869984466690995,6.60176433730125,24,0.0021928718599922
-2.05856294453318,18.7426432396825,31,0.010942426204292
-0.448892357506394,6.88083811669464,70,0.00223075068171107
-9.38487361315129,18.3091311809534,90,0.00528486604960342
-0.702539840482229,7.14278000252691,21,0.00231080849797901
-0.849608516681123,19.0864371474622,51,0.0119445878202646
5.55223417546578,20.2212152049478,64,0.0103628856221837
3.9402509864108,6.39797172343987,47,0.00207555742661812
5.90276090209916,20.1047106200524,64,0.00977447658171697
5.58728364258827,20.422231207204,72,0.010564400205704
-1.53205630126096,26.8278682535437,100,0.0750973736361466
-0.0726132746187003,30.7160895548819,100,0.0553818323272441
-4.11783502898418,18.923259524679,32,0.00990638618779371
-0.461491192554069,5.93759622876156,40,0.00205863001186277
-0.964113465182566,7.71153464933735,38,0.00242930143970967
-2.32078323784127,30.9693102574022,100,0.0400847199730386
5.9149313582511,19.0082190594477,65,0.00828066021611743
-0.78301872767839,7.65929108811356,38,0.00241877343506066
1.32025316671167,5.88163369465773,21,0.00204982310153225
-3.88601256591799,18.5645732637735,51,0.00929972795516325
-0.941627394838578,6.16658182979685,27,0.00210461772154626
-3.38198536958865,13.2912633528328,100,0.00428040192276258
-2.94046484827552,30.6200624421976,100,0.0382285527899617
-3.53638179565662,31.3544964319099,100,0.0288934950010788
-0.488290348869524,6.88600033334,32,0.00225073184940509
0.604292914195548,28.3700697635854,89,0.112043788870673
-2.69812885665129,18.3869408387946,31,0.00989676060054644
-1.05184288664383,7.46292287676218,32,0.00237361372185187
2.13495457374872,18.2226765819672,76,0.00943744752854787
-0.714591082002739,5.86918557877632,18,0.00205397049211573
-1.63271639714675,24.6066006591103,100,0.0431789883085947
-2.01763285420479,28.0748109566791,100,0.0713396175516645
-0.283936866194202,27.0231619493518,90,0.108885161429548
-0.485677880501501,32.2240947759195,100,0.0342801254778368
5.40450137631018,18.6560813289979,78,0.00815364711773042
0.112310848132288,8.77379056257147,42,0.00270676887064158
-0.376543986571483,26.5837078565725,100,0.0856541106620978
5.35967706861148,18.8069045247011,65,0.0084668232176038
-6.74446098375084,7.93122338410876,100,0.00220948504565793
10.4796435291446,8.18281711183739,53,0.00198702832567416
0.535395422575397,27.0277209980835,90,0.106582593017553
5.19642459299183,18.4236834464877,66,0.00809249906457359
-0.020725719516126,27.1674439797153,89,0.113859209557468
5.8849588578684,20.8478451199243,66,0.0109503371648637
0.692129495763925,18.550669339277,48,0.0107681236073609
1.0970312119723,18.6471414151009,43,0.010952421230568
-1.71057976998568,18.6804510158178,52,0.0107165180062397
-1.76726889364113,18.8030986036785,49,0.010992140963976
3.507136548053,18.6546021779973,48,0.00973111861948005
2.64156895972806,18.1846280237281,50,0.00938829407483725
-0.564275747200893,6.16075395668199,20,0.00210912477643009
2.30689438604232,12.3569352659115,100,0.00391226976865213
4.75199933654722,8.89219818947204,48,0.00257660979810836
3.73484567160933,29.8468649175395,100,0.0359805477454895
0.224076722447452,28.1562333930456,92,0.114439599816967
-2.71642832969395,33.1588188384878,100,0.0220534547975192
2.99100375791932,25.2208582886116,100,0.0387316220117705
-1.00345725279569,6.48936113150889,11,0.00217502442644527
-0.758550512218146,6.83817196226159,41,0.00223440913523788
-2.54347771131286,18.9565786887215,50,0.0109095039153692
3.66250605594701,18.3132439163276,70,0.00889054064640952
1.72917886065537,18.2148163900907,74,0.0095836419196091
-1.79531093749091,28.1338826547742,100,0.0757663136091191
-3.12489543241993,18.3921645449178,60,0.00940474711715727
-2.34356309930651,26.7452855559172,100,0.0601010917610746
-0.108521940715411,25.3561329591858,100,0.0617729438530399
-3.05515834920656,18.6500746247001,52,0.00997203025296657
-1.7296661791938,28.4325007724894,100,0.0756481792769091
5.81990429538957,20.2300361959552,78,0.00991989754446957
-0.439784162625158,8.05964932219377,36,0.00252017884834962
0.378939068211194,28.0770556843792,89,0.117769358036814
-0.701855091357781,6.48536651831576,34,0.00216580827655
5.0507633213237,8.70535154223072,48,0.00251155875702724
2.27353457784857,18.976341833829,30,0.0113621774175642
2.60596247954631,29.4573683356402,100,0.0519759173885218
3.0983387348329,18.8870731977771,30,0.0106341916509863
-3.59134424890822,18.4925959459426,55,0.00933966988641942
5.79585634857147,19.0013354379416,66,0.00836184831593433
0.970898278273263,20.4350792915433,93,0.0150849031133176
-5.73469048042308,18.7533577676365,51,0.00820741002320366
1.38646669121097,6.74972185922295,33,0.0022132741564387
3.69325963080802,18.4718495933905,79,0.00904144913732826
2.41680331944053,6.2582000725878,33,0.00209760980053351
2.39527710330526,18.7129572891952,79,0.0101802565752781
5.41661083154927,20.5304941914147,73,0.0109552489794704
5.35571570798759,20.7174159780023,66,0.0114654111966937
2.96191672221561,18.9463063976456,30,0.0108518818190449
2.77261756402838,18.8333538403286,78,0.0102154374376586
5.53918386868894,20.4505136844197,79,0.0105929555610777
-1.22511477868044,24.2698752501794,100,0.0411526418406448
-0.3479194751096,8.48839463444019,43,0.00262723004384487
-2.72105681528503,18.6331902032007,76,0.00989491844357454
5.3744099459009,8.55906839530289,48,0.00245604328952796
5.46114451910516,18.7438386045333,66,0.00830206014237445
-3.85786235850486,31.0177669470699,100,0.0287788077376952
2.94192435999912,31.8131178491598,100,0.0292626191619303
3.72586906536642,18.2980905334531,73,0.00880771333197451
5.07204194020385,18.2277710258307,33,0.00814795033894718
-4.4457299807866,18.2253451714739,52,0.00842347132287835
1.2294110328356,30.7882691067698,100,0.0500501108977154
2.27652121319486,18.5475023560074,66,0.0100574098348915
0.552865774673399,28.5278918276937,91,0.108095360107758
-0.250923466411856,27.0799861964036,90,0.110201174330103
-2.3387207316399,19.0146172792473,31,0.0113981841071071
-0.483969716569414,18.3951472359709,78,0.0101479511812526
5.39696811720631,18.2701334319607,68,0.00776291988660968
1.71619668635526,8.848174646686,44,0.00270458257832372
5.93786028895311,20.0079144357088,80,0.00944877360810981
5.33482879581051,20.3902322999571,72,0.0108251713124487
0.140175255262731,26.9170438876964,88,0.109743615536953
0.776860958955944,28.0441707180094,96,0.103756201201529
0.19385159000799,28.5958731283982,90,0.111380025755532
-1.10800880443499,7.1520862303292,32,0.00230309909000745
1.94037010552977,18.7403174143925,81,0.010421314183505
0.197025139735815,18.5858037803598,33,0.0110774532188983
5.53237713509051,18.2172971341074,65,0.00763278669583251
0.205362534830581,31.5468021578546,100,0.0425051273156595
5.50538204344438,20.3850881386208,66,0.0106720152327336
0.0695498011287402,27.7547337198722,90,0.118804637270867
-13.0224971005649,18.6273904370724,98,0.00376576447643637
3.59420008199657,5.86689895100643,32,0.00199692423413221
6.07913643946619,8.48016780725356,48,0.00239072764061162
0.563194477224942,27.3861506667857,89,0.113072365570029
1.78376336622065,5.90923840292228,26,0.00204677704401554
-3.41218103844349,18.405013291109,40,0.00943715640402313
5.4150621064135,18.4634967456534,65,0.00799735152223704
5.1822937072317,18.9034924154484,72,0.00868068110384195
1.03204102111464,18.2667731664532,78,0.00982127044817458
-0.770655805876624,18.5130475077579,33,0.010847924322656
-0.283936866194202,27.0231619493518,90,0.108885161429548
-10.6614629213898,18.2488638109976,51,0.00471552452254204
5.20053412638435,21.0789820810255,86,0.0121145278174011
-4.06494523494946,18.2554439970507,39,0.0088031256983804
4.9968592321287,18.7972248163784,66,0.00872403209176095
4.62872775071858,18.7159997504029,70,0.00885257662414103
-0.530378052695434,19.0478936928107,56,0.0118403028386496
-0.917342821998384,6.776005235754,25,0.00222801772186886
-7.44308184017985,18.8804142002604,49,0.00704942093843401
-0.336471518808087,8.68816267818626,38,0.00268513362357358
-2.99452235872537,26.9973729110184,100,0.0509828910603048
-4.18457927258711,18.7370277662595,31,0.00954536612649436
-4.62144925824007,27.5720297365671,100,0.0319056273712893
4.81126023229483,18.7068803863645,65,0.00874497020889712
0.0187313335145098,18.6394858630073,97,0.0104556551515056
-0.936975081829796,27.7889398547204,97,0.100158761636329
5.72330775043554,20.4510859382889,73,0.0104310558775364
1.73770300194262,8.69778653845503,44,0.00266270174236495
-0.0356093861305313,28.8243358678443,90,0.107183090815375
3.82193885471438,8.90203355284456,44,0.00263602158102115
-0.975968279316016,7.15588669414859,29,0.00230699136940255
-0.178040742329036,18.5498712549423,27,0.0110700035846721
3.94652479935815,8.78587708008922,44,0.00259912161795025
0.267182341488575,27.4598592799835,91,0.114501769557766
-1.18701791817838,18.4233639302648,61,0.0102581529657226
-2.92064736574769,30.1203399409086,100,0.0424903911575703
3.72803516868081,18.2584642210071,72,0.00875561155966476
3.24118049712413,18.7073101448599,81,0.00968048539988595
5.81979924778681,19.4180321663766,73,0.00882155103502151
0.041878242233882,30.6388548756451,100,0.0567603837927342
-3.08428376353164,18.3018523090959,61,0.00926821696809055
5.59288873731338,18.5047356963954,98,0.00772048760033444
-1.77900245912085,32.2582201461621,100,0.0308648439254637
-0.374344869804559,18.7959088284804,67,0.0111208373423856
1.93964882064156,30.629256626806,100,0.0468929283207989
0.435467572680738,18.6634272465691,31,0.0112624898075426
5.75004282568622,20.1686948041858,74,0.00994637127166769
2.35521589667465,18.5475126601029,30,0.0103957149831453
-7.20007224764029,18.5907326613653,39,0.00701339645468124
-2.32927486396855,18.3341111550185,64,0.0096625242991599
-3.3146531871676,18.7400008362896,55,0.00994185483758346
5.90774009268508,19.6954419451349,79,0.0090594003642657
-0.70076487547549,6.23710486150655,40,0.00211418676876999
-0.796733435970178,5.94290199085004,22,0.00206547924759224
-0.847134828037938,5.91712671880804,18,0.00206201485355894
-2.07891558965831,19.0550258976575,52,0.0113672245130632
-0.306779686673664,27.6013445180167,92,0.114120634118922
-0.567786082950059,28.6713260545144,97,0.0992100171846413
0.220304152361346,28.6168395992367,91,0.10964345929311
0.913029812193906,18.2002985246485,56,0.00993361053441459
-0.966658811317902,6.32891472015729,29,0.00213503553827429
-4.9614678711969,18.4082712463003,70,0.00820508097714797
-0.676402712032715,7.73086993403588,40,0.00243551873513888
5.64482979901651,18.449383013784,69,0.00779738795867537
-7.0761561582831,18.2979101338267,56,0.0067553790711532
-0.379618990849251,8.3465858497742,38,0.00259291267185009
4.98329410964164,18.1597301086913,76,0.00784600291939571
4.98269676396502,19.071316469549,81,0.00900163349646367
5.66950831011446,20.5670070713246,78,0.0106326312885162
5.70186797462275,31.1724110849801,100,0.0187349486550756
0.771583934537752,18.1577141515949,49,0.00994483863106344
-1.04391879717068,8.61955351441974,14,0.00267642239017052
4.5398291290535,18.4052423095492,56,0.00858171235898911
-1.70582242354691,33.7500936094624,100,0.0210572965771127
5.1868012413557,18.4677073417604,75,0.00809439467872351
3.51691611670365,18.2614663359739,66,0.00892655721968933
5.49264414513349,19.076090399343,70,0.00867687099712777
1.90398980124503,18.5551025934095,33,0.0105898222120586
-0.811722867934691,7.08932582517961,97,0.00225870208649366
-4.01015244677543,31.1006755071508,100,0.027415066899511
-0.708938002355676,8.70482505795134,42,0.00268404738356481
-0.633444040212195,30.5935758419967,100,0.0562811645846359
3.75759736469319,8.84075200774528,44,0.00262329939979236
5.16116134715877,20.0585081184641,74,0.0104361098921236
4.61284909833531,8.8602885936315,50,0.00257588976986794
-0.470082178101386,8.40936699023453,40,0.00260758113232994
2.2698518425929,31.4477159690251,100,0.0358216641104265
4.99241662293467,18.360998625666,73,0.00810505911738901
4.51947452180977,20.9541458680015,74,0.0130830903244812
-5.81458984246946,18.3700300118199,37,0.00778249837381543
1.93082238878635,29.1636233558926,100,0.065251626204476
-4.0667479891992,27.3366568530826,100,0.0374326835385861
4.83908611243992,18.2566789968895,81,0.00802148056298873
-1.18136851067351,6.3231881104828,27,0.00213272307631303
2.51143323803984,19.0311371446774,48,0.0111137119124926
-0.758235287037146,18.3859412906391,48,0.0104104717849816
0.120787371646783,27.650838751794,91,0.116824388495056
0.0214507924946219,19.1035166532556,52,0.0120774253697666
5.12153729280467,6.19560127822009,30,0.00200187831568327
5.50542314743373,19.0173231051754,70,0.00858918548157868
2.34497558828923,8.80962883408443,43,0.00267620367950476
5.79574155930827,20.1224487502661,74,0.00982507007232744
2.55993843128088,23.9341724311423,100,0.0313714554240325
-3.00213870890722,30.3145566908766,100,0.0401080986659757
0.843275685775778,18.6013455485775,49,0.0108392059467977
0.610879242245079,28.1106012038136,89,0.11446419242825
5.49310735439997,18.3949798663137,70,0.00783175945762154
1.13254364842157,18.437689071609,46,0.010461685995898
-0.442620512366827,6.28374786825309,59,0.00211602191956514
-0.552219773407888,8.67658654525326,15,0.00269718650351848
-0.788997301619153,27.5984945517479,96,0.103172027241053
-1.52406266115566,32.1316770971175,100,0.0328294707507794
-3.19975638227799,18.6468044961178,78,0.00962971952746158
-0.908985191029147,7.31047428036387,63,0.00232363034881483
-14.4051147427266,18.2441820965169,90,0.0032268884805294
4.19969533973215,18.5639886900739,34,0.00922702924629981
-0.469753798902925,8.78591855677945,38,0.0027115747188485
-1.43042952047627,18.1534743382171,52,0.00976679239818662
-0.529653647541718,18.2178647240285,53,0.0100526620872603
-0.318340006732553,27.2023710956079,89,0.113167707816506
-2.02574733597518,18.4813532606883,45,0.0102577939600407
2.86666773421388,18.8798543300224,64,0.0103967399865207
-6.43654187590185,18.8612786391031,89,0.00756262041771923
-1.21637704511207,7.5250661654043,72,0.00236328197066372
3.13182176480194,18.8845875909766,65,0.0102260446838
5.32475520171688,20.5354863092037,73,0.0110839403152126
-0.608780703079603,6.15730059201496,28,0.00210467643766574
-0.283936866194202,27.0231619493518,90,0.108885161429548
1.78677579371734,18.5647405288867,43,0.0105464771800549
-1.19418257259005,7.829490482807,12,0.00247036860297833
-3.7988141884299,27.5597382222049,100,0.0409451952612292
-2.17436880780067,18.6369688676678,55,0.0103932840094516
-3.07967060399429,18.4785145139735,55,0.00962270999762177
5.28394304860926,20.8349791456058,76,0.0116564604075379
0.310481157980735,27.3545620201751,89,0.115551941352513
6.81249445967102,10.7286141144374,100,0.0028584675105059
-0.181315160956582,24.9941394703782,100,0.0550839260234618
-0.574691045386279,8.20218941701363,29,0.00256010241816233
1.72985681980784,30.467092745217,100,0.0508029527276563
3.2927193965166,28.6416948615192,100,0.0468337626472549
-0.827380929451286,6.96272150659038,21,0.002270490544691
0.580148641631115,28.4382891337102,92,0.107868313416088
4.411799493249,21.1676583552229,74,0.0137799975829773
-0.918829700655668,18.7327164629937,49,0.0111141844860448
5.07188350822386,18.3189455803232,62,0.00807230823929726
3.59405062661633,18.4706867081327,53,0.0093196113908094
-4.36515155931274,18.5397202561049,79,0.00871488559321151
-0.755021093119335,27.9804519448658,98,0.102194427584632
4.0440156485146,18.1838428806145,66,0.00851013163881067
-0.95160225519678,7.71381869776205,38,0.00242998625745024
-0.937142175338221,6.4503162094583,35,0.00215653553298502
-1.95685266777656,18.9249412993013,45,0.0112249028119652
5.38221525380032,18.5782346605884,64,0.0081670421182932
-4.96074680493008,18.2128335623742,53,0.00807091598786234
-0.385865776339621,8.60323750389798,39,0.0026608455230584
-1.21995618811537,18.4348115549827,28,0.0106330077965191
-5.72565367534253,18.3655584987383,54,0.0077368243900539
-0.0303335792787626,27.3800693555456,90,0.115828668195127
-0.011473999473759,33.0064882307995,100,0.0274915943610702
-1.71919216243947,18.1913670269,66,0.00961880826578676
-1.59312126500221,27.4840994027755,100,0.0794832495357623
-0.7889637745447,18.2717042617706,67,0.00998177545762893
1.52520423474556,18.3135035994709,52,0.0100415280105462
2.77131778696623,25.8615241320124,100,0.046339098036183
5.93354222700574,18.9543791612984,68,0.00818062708085767
-3.79040538011419,24.7168344504869,100,0.0292779193787719
3.69652729576209,18.8968717543313,48,0.0100275621536933
-1.77271081170461,30.5313948229331,100,0.0495705872252313
-0.915722383701249,7.12060625007338,29,0.00229983786661569
-5.67608627603092,18.3429049467139,37,0.00784821077813831
-2.09407201525769,18.7903870242099,32,0.0110172885714144
5.75778281741697,18.5565981616107,73,0.00781681489515065
-3.40582928685852,18.5936259851265,69,0.00949764450434619
4.87210911928724,18.3787818102858,79,0.00816623980730842
1.89819662197768,18.5291499094038,75,0.0100916343905731
-2.14577327631429,28.8748297234285,100,0.0643802423645001
5.41805476125335,19.0917219196758,72,0.00874426340736465
-2.34361200922036,31.907283706506,100,0.0314821600266025
0.292986490336338,28.1400461407699,95,0.110319552232044
-0.283936866194202,27.0231619493518,90,0.108885161429548
5.74138370828282,21.0493790965569,84,0.0112782957974924
0.800228120798612,27.6446485024142,94,0.105393234393143
-1.06634172311592,18.5939968969067,72,0.0105130581825789
0.0597357252027529,28.7615156915212,89,0.109708400051687
0.750482006090785,27.7745860066853,87,0.115317224606809
-3.020848168365,22.0180049852491,100,0.0188076444219593
-0.118657566948371,27.4789996768771,94,0.111592396217421
0.563861231128604,28.002319851319,90,0.114431608581022
-0.862221681941886,7.88161795803518,42,0.00246895563771067
-6.25650982606199,18.7753491507791,48,0.00784940134487136
5.61384707734544,18.274628234716,73,0.00759766862915335
-1.58165798435944,18.6456063948888,71,0.010478833816773
-0.66797637782838,24.6065938988599,100,0.0477557516970894
5.86713036658544,20.5770944738486,73,0.0104511846441025
5.74332754424551,20.4073024131636,73,0.0103361380736598
0.195107060320623,18.7541046292404,30,0.0115102740941578
0.315195427872028,22.3441697628885,100,0.0247289916681439
-0.468036511843989,27.2224208932606,100,0.0997193636992197