-0.41563815761548,27.5115550534242,78,0.133403918706388
0.63486388827528,31.1067081000017,100,0.0479912244179838
5.06664794577078,18.888540416437,58,0.00885887242204501
0.364702320410264,6.34787219935818,32,0.00214105795339381
-0.392819090483048,23.0691584513487,100,0.0302853071986066
5.54995210511715,18.2243267483355,73,0.00758305433307878
1.05133499973566,32.1892390063274,100,0.0336271026218064
5.2797226258248,18.7261062313406,76,0.00834536021559088
-1.97695188556237,28.6061062827724,100,0.0696176625884231
5.93041464475107,8.87202907416982,43,0.0024940094618583
2.5062394037862,18.1662588488744,65,0.00928722298214416
0.441353952122772,28.3481091660349,92,0.1107071649476
2.62696648251722,6.07854085276871,33,0.0020593600218973
0.954051765519176,27.9818923187802,93,0.103887762903241
-0.588404909837812,8.71687153700261,40,0.00268995159218081
0.506097158698847,30.0482369511975,100,0.0669339179557534
-0.114523637959965,6.19262576085311,21,0.00211621053824384
5.17720299989131,19.8465403944897,66,0.0101481865931416
3.12228252818802,18.6285514496078,72,0.00970006358379496
-1.09637660189336,8.2450811247755,45,0.00255495344440015
-0.769711029631492,27.8047850848068,97,0.103128487781626
-1.11615763198853,7.65008478759299,29,0.00241816078546397
5.64121421639739,20.9945991908299,72,0.0114843531515808
5.67159715354799,20.0815236265629,73,0.00991159500245376
3.09565046727678,18.5963857200648,66,0.00971614306968372
-1.08971030354742,7.92537499147408,42,0.00247692120574824
5.538420861625,18.8186374143895,71,0.00830263500095012
-4.54911159043096,27.4453669895607,100,0.0325009165065804
-0.728522702002475,27.9133821543847,99,0.10168321747277
4.50185177638273,18.2156602574734,67,0.00827097048042518
-0.209264214301572,8.48032139945737,40,0.00262767454865875
2.74228800626674,6.21381870486708,22,0.00208667284192961
-0.324314290226474,25.0385583149477,100,0.0556368852171103
-6.25848024774767,25.170741656511,100,0.0177593606028128
0.863474675609446,27.3712377794215,95,0.101146121753661
-0.37955683056472,6.32412172970534,35,0.00213496230808791
8.10487878662989,15.8188516449648,100,0.00453290508885267
-0.436507886242069,6.78340925472879,29,0.00223081676973864
-4.59854476369393,33.4570320432985,100,0.016035779028936
5.43331381942321,19.0501507907247,90,0.00854283808171824
5.53576239068438,20.620865653374,76,0.010920771229276
-0.510121299748749,18.1670983888482,48,0.010006251597617
-2.2161545670002,28.6641580586776,100,0.0646955013376201
5.58576823399048,18.3048417929282,75,0.00763787476859678
-0.391897127856626,28.8001577510534,100,0.0914397919421363
7.72326440620077,28.1652477206138,100,0.0143591023529663
2.32058944471821,18.1999952387987,65,0.00942278792660606
2.11274231692901,28.9150924576805,100,0.0646191275851537
0.0885998164268839,28.7086382013307,89,0.110779500951371
0.748957326837611,28.015224653229,95,0.105422405016676
0.1664666094892,28.2059332815001,88,0.119795951348397
4.76736054393343,29.0719019817882,100,0.029330296133376
2.63020365666858,26.5201876915284,100,0.0537132472934499
0.993453818733862,27.7791203729776,92,0.104224278520318
-2.10944098270671,27.7905001069766,100,0.0696585244788576
1.22784362326661,23.9241168082816,100,0.037161589484003
2.73968640524567,18.6424652468167,72,0.00994108798469382
0.293294009903756,28.6360100161679,95,0.104304690819191
7.01347655456997,8.42487647811489,68,0.00230063864451553
1.08923000937805,5.95741995555517,21,0.00206626696371423
4.05956573741779,18.9572322117883,54,0.00979793204127953
5.8900770367689,26.6697924844542,100,0.021732731291436
5.18621375627372,21.0935475877933,86,0.0121655365085801
5.02221147842783,21.0128539891049,79,0.0123572825016433
3.16537190826335,18.7463252767479,70,0.00990077714331781
6.06763257589177,27.3322819081119,100,0.0212779732662511
3.33376621714378,5.97279002557119,33,0.00202257577317787
-0.000742865135646364,8.56044965359661,44,0.00264675358794293
0.74706932403408,27.9061709926076,89,0.112852401723955
0.546161572103925,28.2344876021389,90,0.11313996971235
-0.442127582271605,6.47330426984449,40,0.0021619747590961
0.518958364711133,27.2680733373441,93,0.107271282604056
1.210643045052,20.8944851908078,91,0.0166660361197476
-2.47417565289655,23.8816461558294,100,0.031387636190305
3.76471268648216,8.72552456061606,43,0.00259370064781082
0.206289763402871,27.1265573299206,92,0.108893224016608
-4.01953108744726,27.0365818540569,100,0.0374003968175838
5.81819067768513,20.5860177003546,76,0.0104952563977741
5.90144051453786,19.8178823580001,65,0.00935247799917394
0.38199042365994,27.9612254053203,90,0.116864552843908
-0.80022262755293,7.47015484952203,29,0.00237960656109285
-0.321692420861727,7.9221600327228,44,0.0024815667558022
-0.847593866506552,6.28006995615556,22,0.00212962547818978
0.527347312000478,23.392101654065,100,0.0331650155390409
-0.479532107030713,8.37536697465493,42,0.00259719999352523
-0.922047120147159,8.33559120970886,45,0.0025806320687482
0.459916249768675,29.3889452146194,100,0.0803443937424472
5.90595851894546,18.7303274675643,73,0.0079079619358836
-0.744641015503919,7.84338312476235,37,0.00246384362266969
-0.282472252541332,28.125252245544,92,0.114279245703042
2.57161979640866,8.71679725083681,44,0.00264254024498247
-0.992249995832526,6.99577210003646,36,0.00226832911796436
-0.315369654815824,31.0784697863177,100,0.049137507006874
0.446218664735335,28.2681401135646,90,0.114081251335896
0.695581403838706,28.144839670738,88,0.114086686235952
0.076313415386882,28.8170743561246,90,0.107290943604332
-0.162356830331349,26.8822750238007,94,0.102189681035799
4.79822284299884,18.4579396018215,71,0.00837198952561133
0.0197440802752439,28.7984641161534,91,0.10661223105147
-0.928529267686842,25.3450215441757,100,0.0584983454599789
0.230386234318253,28.375094777567,89,0.116034467646351
4.79430393664841,31.2035634175337,100,0.0226976088006762
0.314574410157771,28.4593268568874,90,0.112896506369212
1.60877093646667,24.8192537517996,100,0.0459922397785301
-0.892376997154347,26.0135822961433,100,0.0708658961023553
0.853515215641435,27.8444053157846,90,0.109531766639433
-1.44634792944332,24.825032137046,100,0.0471443383366598
0.298346652914925,27.8995172831569,95,0.111216442963108
0.811500468591039,27.5841502710107,95,0.103774169216079
2.27994619266092,18.9028883769218,63,0.0107931750602775
5.19388648358982,21.0847365893537,76,0.0122852540971958
0.275903901053126,27.6992354183755,91,0.116233561992268
0.760115668215571,27.9565301936986,93,0.10766746465201
0.37630545415294,8.33007762057506,42,0.00258592549433631
7.76899553105673,29.3464509401732,100,0.0137999261893647
0.0962732223523747,27.9288641777252,90,0.118837642321376
-0.488790891373905,28.6385453768063,87,0.111805213051645
1.12423261529561,23.8311124253697,100,0.0364873043719654
-0.106096979533174,26.8733547031489,88,0.108835653288431
5.20013773671024,20.5601793646109,82,0.0111796976934727
1.5053794062416,28.8980084022821,100,0.0755169246484867
3.82756479179791,30.8720659441213,100,0.0297474288820191
0.278372653119575,28.7655002908278,98,0.0990473067600218
5.51287227502158,18.537492890521,66,0.00801121943796443
-2.61451300398131,26.9846505831645,100,0.0571262747968491
0.111006971410245,27.0378823101389,89,0.11121944566513
0.127808648421882,28.472577615605,91,0.11247235253572
-0.439147466989565,27.6619135164121,99,0.104892392503092
4.70394232674079,8.61052700116508,48,0.00250992763554328
-1.01006720574026,6.54458917655978,28,0.00217807668679149
0.00749717335255795,28.1081107721078,93,0.114129148919801
0.447705165003891,27.9687686240655,90,0.116103520812626
2.42448557232308,18.3669416425738,86,0.00947680896933178
0.32614847049146,27.174010664326,90,0.111362900713582
-0.713545133587442,28.3515053302848,98,0.100497352243991
-0.211334536797765,8.43671519964461,42,0.00261466850158244
3.31215202492452,30.3174583059479,100,0.0371686688606703
-5.20662957180491,28.4297118699796,100,0.0267858410970625
-6.10498298486532,30.3758684687849,100,0.0186932677154026
1.99586090817793,31.1487386264441,100,0.0404987241767696
4.34929996997785,8.79869097698164,44,0.00257999251456083
-5.28659202852261,27.9436026713965,100,0.0264160037388945
0.165770517859903,27.8532661173601,93,0.114566652932899
-3.00017233232196,31.8989092629225,100,0.0284051841052187
1.3937661044037,6.0327118438386,32,0.00207241842254358
0.606940405871772,28.1869041184803,94,0.107811637329744
-0.253775725212737,27.2165212554881,95,0.106597774269557
5.60584155282768,19.8050939249059,82,0.00948515698891499
2.37731347903117,27.8995570677989,100,0.0642917801678837
1.8840398635499,29.3666608444011,100,0.0636257345078622
-5.18046155028978,33.5744382968305,100,0.014413611382902
0.878695165204077,33.5979904409009,100,0.0229444842594291
0.883803272997067,27.493097097536,89,0.108487706016214
-2.7007881699395,24.1787880433838,100,0.0325143215121852
0.949195597442919,27.9722617159443,86,0.1121793194174
-0.107578211751388,27.1216606364507,92,0.109175735467953
5.23352021497176,19.2616207846001,65,0.00919590022707267
0.531090297335862,28.6497021506862,90,0.107472150019356
-1.31160382862554,29.9224959137464,100,0.0630115830445005
-1.53693480547466,29.101150495416,100,0.0724608426347405
-4.22734571548053,15.452405800338,100,0.00550204775209679
5.57514192744416,19.4143124375024,61,0.00913795117201856
-0.0170465918026118,28.5936165343751,90,0.111885956326983
-1.08934630822718,7.8831219677353,41,0.00246723081995319
3.01303054295196,25.8048531519895,100,0.0430884741450585
0.371775793951244,26.946308405551,94,0.10228808941052
0.474071955591282,27.5208343894169,84,0.122825718992142
-1.78785756083722,25.5148793979199,100,0.053755282690845
0.854626293298395,28.3135778370836,92,0.104865777780434
0.449391325723847,27.226636712842,85,0.117568654191701
1.47082372157529,30.250528786117,100,0.0562649832502347
2.43667214221869,31.4367924096423,100,0.0349369675162764
-0.3003392628176,27.7153800266586,100,0.105125083652013
3.99446713963473,8.64584426282129,44,0.00256089790858831
4.37745403942762,28.7162065300745,100,0.0335637159240118
0.605352710912641,30.2293700294808,100,0.062990095103972
-0.376528867646741,27.3151155503676,86,0.118469077144418
-0.654913235848863,8.42938933073441,43,0.00260942243119884
-0.172157425446253,28.6226658482794,95,0.105147894100527
-0.288004744905386,23.3098370975019,100,0.0325741636704735
-0.614537929603808,28.3822199487411,91,0.109288645314074
0.302097715068403,24.3352478588253,100,0.0445933790011179
-0.808128502482569,27.2598521079826,100,0.0916108804593471
-2.00262456623059,20.7769333816881,100,0.0153612555660067
5.49958982216869,21.1770798854393,74,0.0120157028971496
3.69544432460012,18.6916432014715,78,0.00939507583098186
0.0513758825555879,27.9138983449338,93,0.114857866219301
-0.220743813419906,8.4847471442364,43,0.00262675374693939
-1.18998720327055,6.60494590461233,44,0.00218080187471468
-0.060031475987094,28.3421195312099,93,0.111908734636615
-1.50212929976021,23.1276854360344,100,0.0289319277578651
0.21166372768592,27.9022701306444,90,0.118378423658045
0.573423624773277,23.1617158094721,100,0.0309450918168256
-4.46688973314809,27.9565494812683,100,0.0334860424183169
-0.771489209756581,6.27826632238018,31,0.00212575650099824
-0.167446614926746,6.54383955157383,18,0.00218741596502948
0.639074976792531,27.3113300241484,92,0.107390471080538
0.443688936447365,6.06318608300164,32,0.00208571091547423
-0.686835805173704,28.0802721305016,98,0.102873034448595
0.860564190874729,27.6891196434745,94,0.104480165021291
5.46535633488296,18.1910812203396,64,0.00765210420438169
4.52230893417788,18.2851323344951,73,0.00830881989931634
0.765422173032888,28.2344508193226,90,0.109575104528285
1.94321715891613,24.8460299952022,100,0.0439202152505612
5.33086828789416,19.2149122076954,66,0.00903521376233051
-0.794296499732883,26.7838002278484,100,0.0855229031565692
-1.02482134284393,7.93665915060922,37,0.00248360811326092
3.2730791743147,30.3848974285105,100,0.037060487395246
6.44038147303735,30.9589712571622,100,0.0164000352387045
5.54738560191758,18.3312245890418,58,0.00779449958324216
3.78450707297824,18.9280058797507,80,0.00970627926808403
-0.117579402592269,27.7142878635795,96,0.110663310797675
-2.76199389447354,24.9794953370353,100,0.0387086213536582
-0.910436448788752,7.35317133646984,43,0.00234405801912247
-3.80641642869213,25.8851562567501,100,0.035342312637663
5.90561242847695,19.9588428613979,72,0.00948540972558394
3.17097152397352,23.4961442710184,100,0.0256343974404443
3.22898066309495,18.2139828784634,47,0.00916617133599944
-0.344074930201765,5.84564397191183,24,0.00204873670386603
0.422396395069851,27.4356368620684,92,0.111600253345029
0.626127500451128,28.2658767010647,95,0.105744351023229
2.88748854046365,24.3428803137093,100,0.0326611504106994
-0.313336839710109,8.88558630250238,43,0.00273691823234423
-2.34159135893352,28.6739332701896,100,0.0623265477971776
-4.14107360213458,26.0703081000951,100,0.0330502988848541
2.25107837891151,18.2655378327918,55,0.00965756472119523
-1.13394441914044,29.1475762153689,100,0.0778725122700172
2.85100506149826,27.0286985739024,100,0.0534121040104845
0.8179084828694,28.2054250967302,90,0.108832395501868
4.60080755373627,18.4463497236648,73,0.00847396519810127
2.61946767898706,30.9982420802547,100,0.0375891526591137
-0.0325406344315378,25.7436976974985,100,0.0695118983434787
0.68426834446744,27.7449390888896,96,0.105454662645204
0.513884512909541,28.0046411489905,89,0.11647352097487
0.463602340086428,27.3057020411141,97,0.103901017298332
0.447060833785103,28.463397044668,84,0.119567715784098
-0.283575713259048,28.695082611303,90,0.108971447547364
0.158149104211132,28.6866027658916,99,0.0999276340454906
5.06076339373716,18.2229289499093,69,0.00791707439266724
3.34842258006385,18.2229448957834,47,0.00911497390401546
0.225575796612683,27.6197594046741,97,0.108575331004653
0.134472067513751,26.9500800306432,93,0.104719854782907
0.439258238906668,6.136688138223,18,0.00210592855548016
0.83480105506392,28.1056904668422,91,0.108018763091922
-4.23079725171158,30.3235082760632,100,0.0295303801342728
0.847933174578492,27.7421477142697,90,0.109478990644995
1.95058603564078,32.7145680612992,100,0.0268379858227173
-0.488920446292357,7.37038441180974,37,0.00235451991190784
-0.288030099316493,6.04850979854229,32,0.00208342459105559
0.180171421032558,26.9764064222762,94,0.1039891842619
2.82992259421099,6.37305504613371,30,0.002111257474715
0.272555996259107,28.1099680979439,92,0.114453738288642
-0.401535905044872,24.6637838761969,100,0.0492952513690029
5.63028706816531,18.8398585167964,68,0.00827907916107069
0.625032040665031,6.22543389393087,23,0.00211999337452615
3.11022729630547,8.77848822197537,43,0.00263834305229581
2.00150865371343,30.1624243831073,100,0.0520765363228758
0.503349568826317,28.4125345779591,87,0.115496231251819
-0.55989428128702,5.9154285693062,42,0.00205324923339999
-1.00561332409824,6.98524995646632,20,0.002274179432618
5.41652525679892,18.7424563405368,58,0.00838983299048112
5.20158301076533,18.2985902565952,81,0.00784303546074547
0.0545608543726258,26.86504702209,90,0.106424089156257
-0.376685279180146,6.47324780111182,34,0.002165022704077
-3.13826104112071,26.9668382974548,100,0.0486626785921809
2.38743750494308,24.5466553528864,100,0.0376119409805159
-0.244381161379336,31.0708488120343,100,0.0493526460170292
-0.864955342780396,6.07293010042648,27,0.00208733662235152
-2.0619430373573,31.073611205119,100,0.0408630854096505
4.6161816824601,18.9912543756776,63,0.0093295154294415
0.179217029792248,27.9659453119743,89,0.119845406601457
5.03516132912354,18.7644776452567,70,0.00862032865803353
2.34067736864366,8.73646236010243,44,0.00265578342141931
-1.28382786322291,23.8591322449263,100,0.0362765113754176
2.18345184540954,6.43778512699886,31,0.00213797325332781
-0.297641201057484,35.2822278055939,100,0.0153702587949106
2.43847809290739,21.1914403847555,100,0.0163043445287886
-1.16355991638073,7.2683554111544,41,0.00232330351685397
5.39909297831477,19.6751871453297,72,0.00959116720542207
0.189816755680728,27.3133906085555,94,0.109443140388021
-0.381530015532846,28.4996010540265,89,0.112942340611544
0.583821443900552,27.4130674044136,89,0.113087601527079
-0.242501773649106,31.2231706811112,100,0.0470313493993672
4.14935559607223,8.68529109406041,50,0.00255862444658254
-1.11984542844293,6.75629799111127,44,0.00221251933202959
-0.510139230257576,28.0437733250211,98,0.105323447281634
3.63612237976017,8.75276628751527,44,0.00260650171559385
-1.63352614810485,28.5530376189014,100,0.0766401128387142
-0.0723088756971904,26.8949708921824,96,0.10060467063671
2.83310834923187,27.2611359415309,100,0.0546817930314641
0.119500252577685,27.2134145781664,95,0.107124271938232
-3.37036250016608,27.7955066929144,100,0.0470263726930521
4.43531600279415,21.1639313172838,91,0.0134179712440484
1.00151590895436,24.5021839175526,100,0.0450709031845808
-2.90059737541376,27.7635415894576,100,0.0545732096317474
0.486461428432119,28.1538288356277,92,0.112066723610981
2.27411199169966,21.020957953303,87,0.0162437904976279
-0.0150638316763356,28.8021251324815,92,0.105412958217736
0.73178704355515,27.6185795554863,93,0.10758015923299
0.161279039377368,26.0864331059564,100,0.0764705162668054
-0.176283753461997,27.8139079929434,100,0.105996026931064
-0.25210458658246,24.6456358896897,100,0.0492498284869718
0.293205283621157,28.623423750702,92,0.107899309834454
3.0423519158106,5.85120313651192,26,0.00201126937885482
0.577530834860993,31.327758828946,100,0.0449411458463302
5.88718272972956,19.8264359940764,73,0.00930943298730891
0.0102081369634789,27.0630234540546,89,0.11187875990023
0.364484444069045,28.5484415318618,88,0.113557638707396
3.39863197043747,26.4267449100021,100,0.0425360625520718
0.337174575287824,8.65224100133094,42,0.00267236653033975
-0.0723088756971904,26.8949708921824,96,0.10060467063671
0.378013803804422,5.94890613033212,20,0.00206956176154403
-2.23218396247172,27.2675942654126,100,0.0656337857473945
0.15523711242029,23.4000366897965,100,0.0335262257000545
0.151743310904776,27.605288791423,90,0.117792083295235
3.81603660495227,21.1875988960664,74,0.0148366710244279
5.25099385711308,18.5006126707197,60,0.00819033009623009
-1.23893141192181,29.2612510511719,100,0.0746491831970173
5.54296916665762,19.0212219799889,72,0.0085491019234682
1.63371047768022,18.2313634825551,60,0.00977474587115282
-0.0674232416174528,28.388300892552,95,0.108892800825541
0.352698603165983,27.4254052259332,94,0.109705123449924
3.7702468741567,6.35747350346948,47,0.00207370979651127
0.195042955693124,28.3694060536709,90,0.114978491847439
-1.23679243322717,26.3492210624274,100,0.0729030673984018
0.0528979215644304,19.1008676051322,85,0.0116079509690941
-1.2065066288674,18.8616888855143,94,0.0107818452768993
2.05358607311446,29.501302002366,100,0.0594953613776306
0.884706122827197,26.1636566714456,100,0.073716523377745
0.2725710272978,28.3270715663484,87,0.119156875052979
0.528663218732969,27.8677829690898,96,0.10775249383632
-0.952055639120231,30.2646721798298,100,0.0602993868000699
3.25101672432705,25.3973519856784,100,0.0376777925719602
-4.28645859174903,31.0927829850043,100,0.0258280306919355
3.85948989251174,35.4686156097035,100,0.0120964487945257
-0.905817272362961,6.19929259569122,32,0.00210898702283596
-0.493044952204351,28.7236705068262,98,0.0981557802941136
0.361311845548618,27.5612394326413,95,0.109630562001203
0.739633091597825,28.35518537066,90,0.108789739576728
4.31378348733908,23.0870014564391,100,0.0194920218695148
0.777220453299615,27.4306273128058,93,0.105368578974779
1.66502266069133,8.8265990399057,43,0.00270058095500747
0.383783644753572,27.7928957278561,93,0.112956567322004
3.36384638493652,24.7800977657109,100,0.0325628169451703
0.734919742431972,6.11454629351058,27,0.00209617410411174
0.459587122235111,28.6422507585875,85,0.114649911150151
0.335026294575995,28.1322744743624,95,0.11005089783684
-2.18569210045897,27.7437950266346,100,0.0680640567664711
-0.524690028269475,26.8410194960945,100,0.0891492773040052
1.94429214845099,28.4629075000879,100,0.0712084313607108
0.300013113399583,28.6590769058857,92,0.107209192470466
-0.107487395604603,6.32115741729648,46,0.0021299820321687
4.75572057213724,8.7663435047772,44,0.00254755788484907
4.99145481749267,8.44363447507102,44,0.00245544074361827
-0.768895303430683,28.3279540503048,92,0.106269632533239
3.96536880681312,33.0361264890428,100,0.0190822783361536
6.55822600106599,8.85114645303032,51,0.00243667790696515
-0.0724917200207393,31.2787058345899,100,0.0463277031105309
-0.265709348954723,26.9470176992115,94,0.103014236551335
-0.930393196121983,32.1715116452378,100,0.0340772281843767
0.446163550641635,27.5091863479032,82,0.126198878278949
0.114279213819335,28.4740559090402,85,0.12063296198678
-1.79388212363395,33.9450525394759,100,0.0199474028087025
0.455465090375096,27.8865223423191,96,0.108588387386052
-0.352814887206135,6.48696577173794,20,0.00217445715027528
3.5752639904828,8.27925807901014,51,0.00248609426516475
5.01775214580236,19.400576885412,62,0.00962819889979744
3.78301073971515,19.0109739293349,78,0.00986783956084021
3.09660935180002,29.8623668434024,100,0.042563125728938
-0.973839723631567,7.96666204127674,40,0.00248977060817161
0.36572698908285,27.7606695816928,95,0.110559911155065
-0.445270787936461,27.6081460130291,97,0.106799719251018
-3.4544915247556,18.3282556042521,85,0.00891168519225184
5.37262397803236,19.6105024906243,72,0.00952012044388548
-0.635598519742107,6.84946735607647,32,0.00224215549843139
4.43419734631572,18.1806058172636,73,0.00822519246697863
0.765045524268429,27.2702996078595,91,0.105982722700562
0.668855969017642,27.1772015535276,89,0.108503752662865
2.77749634463625,18.5408148057615,78,0.009681879326873
-0.167067687942969,27.1822556027447,89,0.113766604883538
1.0970181200421,18.351792929785,82,0.00992713959336446
1.6591977007639,18.2745225703477,62,0.00982713994388902
-1.13314102492328,6.37041201723722,30,0.00214114187260498
2.68746820440591,20.7985650944997,88,0.0149689837587334
-1.06818377507407,6.65194213057592,40,0.00219357822057325
3.12502331537094,27.6063023414814,100,0.0506797118129287
4.52705163523598,28.2984983141384,100,0.0326942746388864
3.14067216077013,21.1555137345197,68,0.0159919325218704
0.165612691891475,27.9952926970236,90,0.118393651607393
5.81844190022287,20.2392250993092,59,0.0101265502186035
-4.46097552226347,27.9974991888591,100,0.0335346863967994
0.443182179430947,5.84276117130635,28,0.00204620061702596
3.24467927116451,18.787558503008,84,0.00978851305667741
0.0316959776102691,28.2456676170265,95,0.11049977126341
-1.18278913856413,6.88023498087239,21,0.00224920071616741
5.67643101214699,19.0458058865011,70,0.00848646646779297
0.423527967020885,28.3254747281072,82,0.125064192952667
5.75397619654997,18.4089256153027,56,0.00775461849080367
-2.02834406103348,30.3302671646443,100,0.049723300487197
5.16077922144889,20.936288319244,69,0.0121374631974272
1.91742913277341,8.72138857173558,42,0.00266587554278131
-0.903575132764194,8.17992186264229,29,0.00255120547021748
-0.901924913537048,8.08602633733252,43,0.00251842621524912
-0.707921025849655,27.3383987492882,93,0.105535208588065
-1.01816248977622,8.11577093357759,37,0.00252831052956052
4.78024937767069,32.4204715246944,100,0.0186781771958645
-0.639856233532212,8.11184462793785,44,0.00252685499781512
-0.7952322882535,7.93311979980227,34,0.00248717117075882
0.185197410672982,27.1924397300077,93,0.108901781837911
0.402062861749718,27.2721115767536,92,0.109772835754146
0.454276832002683,28.2396210598537,95,0.108101763687064
1.34066655210171,8.90171479029587,44,0.00272805278559102
-5.14595100734,30.5423454778832,100,0.0229514873209876
0.70757289293198,25.0294431035557,100,0.0542867268499068
-4.19528920242805,28.9322677313562,100,0.0349057671949353
5.77812692863748,19.0588764902952,66,0.00844813793165351
2.56756847626145,6.78102055165876,24,0.00220133943072731
-1.13788082059071,8.05722788271796,22,0.00252146713638585
-2.52390320389232,26.9326197991576,100,0.0583654806131237
-0.713594807429215,28.1266819236247,86,0.116540890861113
1.28619363708553,25.0425818025592,100,0.0512817772655084
-0.251381512844512,28.26160597213,91,0.114619893852567
-1.10230970746838,6.13967804536173,34,0.00209493334511123
0.931520870660219,27.9135125538005,94,0.103396962490257
0.163941019837679,27.9992232910043,87,0.122745815791417
5.80559063381398,19.0187432335712,64,0.00838957447757262
2.76782121013985,21.218252972577,88,0.016262528060321
-0.509585163125647,27.0569476608235,90,0.107439585526222
0.653476924985136,28.2438563990253,89,0.112683285258943
0.494278198869648,29.0500681559826,100,0.0865154179365163
-0.600015116909838,8.68606885166679,41,0.00268061987179203
0.060562984157373,6.1204729614443,32,0.00209746748999912
0.552938512419309,27.0489506584791,90,0.10676291748282
0.808910052948331,28.0792885162371,93,0.106350366735043
-0.813558285333326,8.62503747600941,42,0.00266103094765967
4.58338506444848,18.2540841112215,69,0.00825724410720551
5.79261527717257,20.4830664180247,67,0.0104610416900382
0.648175243651079,5.83593158059755,37,0.00204025356932182
0.459491803513044,27.7145682271578,92,0.113203564767827
-1.21756864222184,7.31250615671029,34,0.00233626430811387
4.73789199500164,23.4016355252723,100,0.0191436454707494
-0.604285914914542,7.21420924609791,35,0.00231983109906658
5.13119634671051,20.5889368585467,73,0.0114394870212658
0.41690849310107,27.1689763926668,88,0.112942846797788
0.199967646612071,27.9794269230118,93,0.114221016746645
0.643751816276398,28.2432352162867,92,0.109154337842471
14.0791839871273,6.34158384207732,57,0.00149718564952457
3.22468170000572,35.2341880375471,100,0.0133940535112603
-4.05663132560899,29.5982693485786,100,0.0340430823455507
0.351450372192401,28.3463454989492,84,0.122551290044624
0.268147609241411,28.2290274692365,92,0.113530910413613
0.610245603034102,27.3463797956083,95,0.104838546787956
4.3841439924909,8.91323457527641,43,0.00260791236647127
5.29183700621165,8.79299007279536,44,0.00251951025325301
-0.341086261486122,28.1071302789328,99,0.105509673439458
-0.968779900455629,8.47755560138912,41,0.00262008785617845
5.82581526018552,19.5069287599354,72,0.008941699050557
0.359822751520096,29.1216812227628,100,0.0860644807517902
5.09676785384347,18.2065573444299,47,0.00801340753121152
-0.553442520888104,29.9523982510326,100,0.0685858863469857
0.47975930534633,27.1755206332961,95,0.10415175751636
-0.582305481151452,30.485104722981,100,0.058394951631064
5.23310797092307,18.9915351725655,62,0.00883720049445036
0.769633075769043,28.0219863336546,92,0.108469566006962
1.83726629061667,18.2516095681471,70,0.00965051034429266
-1.06302370483745,8.52865322078087,28,0.00264145125343683
0.897017224365554,27.6167783059407,91,0.106776012742
-5.31892289341689,25.7249678085069,100,0.0233887591961461
3.67798285916951,8.85591517522507,49,0.00262790839291214
3.23399343512439,26.7837830510723,100,0.0464670673398757
1.11723329206127,32.1430536958827,100,0.0339176495529412
5.5905957506633,18.8529298204936,63,0.00836083094136943
5.42036742028679,18.2422489642228,66,0.00772759964469185
-0.396323009287253,6.16115747376877,32,0.00210459203898095
-0.612374862772163,7.73178856751659,37,0.00243800965978195
0.588207139754645,27.2137367001572,93,0.105638534198016
5.74350935525128,20.5535653211327,71,0.0105942363380495
3.69823907582957,18.4114873379947,49,0.00919322826118783
2.46792953203041,18.5927906915153,70,0.0100104358659221
-0.578754300641201,27.4446263394134,96,0.105157779299912
4.89423716368671,18.1939119612939,75,0.00794838592784456
0.250885805534249,27.6397890003844,90,0.117467646284881
0.882607801619827,27.8819595827351,89,0.110126991737839
3.17531173734345,18.2164624389875,72,0.0089923806378644
-0.662748403044004,28.3633041864848,91,0.108786605436888
-0.856984200769963,6.24838453025655,32,0.00211886511151309
-0.167822480017701,27.1103331411433,94,0.106462042356724
2.4242462045203,18.2131168628561,46,0.00957266037007983
-0.731992109155312,5.90821184067575,40,0.00205182048439954
5.32312582025715,19.5106207774216,64,0.00949041779968002
-0.272875803996368,6.45936755393299,31,0.00216396153080071
0.582129162657835,27.6167747624999,92,0.111115610792393
-2.56980006091436,20.8874246023557,99,0.0151425869000041
5.22172742512435,33.0880583563512,100,0.0155069745337345
1.46213334223123,32.6423163510465,100,0.0286552939851193
-0.33340861328791,27.3912345787063,93,0.110704427174794
0.512976228664798,27.115019928135,90,0.108448311320768
3.95398457849197,8.66137334311714,44,0.00256693467750653
0.679968676613006,27.912864141255,83,0.122458632964656
5.56925188267025,26.8300852705965,100,0.0238203916583041
-1.63352614810485,28.5530376189014,100,0.0766401128387142
0.64031585589943,27.2020469468574,92,0.105870136072711
8.43121738718435,27.4402291685424,100,0.0123207829418689
1.59866531468537,32.075708686851,100,0.033092296926988
0.235669904571644,27.4022841436411,97,0.106755750626142
-1.09491601693153,31.1515870719588,100,0.0456074280832233
3.87305691658539,20.7944204597946,85,0.0134514462962843
3.23640445369593,33.4466600760917,100,0.0193902621181734
0.930426230955039,28.1460327379303,88,0.109315873716604
0.3360598008222,27.8210021494886,92,0.114737387083773
0.695581403838706,28.144839670738,88,0.114086686235952
4.25382951580308,20.9246738391252,87,0.0131905314421248
-1.16056163077613,7.68421212807057,45,0.00241627495012777
2.44632728266247,33.6273456113572,100,0.0203526959346189
5.60517571556385,18.2898780128467,77,0.00759705904458319
0.612957131275324,28.9365211463706,100,0.0874664503064339
-4.7471494012824,30.8708808519711,100,0.0240996427530033
-0.0940320483304341,6.20642169671203,31,0.00211442948089264
0.619598800905281,27.263394135027,86,0.11438614818904
-1.20639842330024,24.3580288843447,100,0.0423211355925548
-0.29953080862514,27.4840670792815,93,0.11194478985913
-3.36673262950336,25.4157086213031,100,0.0367424286543722
-1.09445951130936,30.6371341075648,100,0.0531788925653955
7.53225651303509,32.6417836552431,100,0.0111744920388838
-0.997949448815554,6.44685864397969,33,0.00215622984794146
-1.18942361734891,6.96353149329152,36,0.00225922444227425
-1.14986617116539,6.791554999609,21,0.00223087484634155
-2.20153954526981,23.7753296177745,100,0.0318041825536995
0.588746560084683,27.7491563026039,89,0.1154709834641
-1.0474604239805,6.83612509499034,29,0.00223736945330645
-0.527306774545624,27.4198522234835,99,0.102313598375319
3.11101736551985,18.520032760806,61,0.00962116633572785
-1.10677651018216,7.09616917090236,30,0.00229192766425856
4.59591302161578,29.6524550803881,100,0.0292125325178526
-3.72420901000991,16.2983734860773,100,0.00635039511571588
-1.00223259556976,6.70760036342602,34,0.00220856952954261
0.366683572240032,28.3076685233555,95,0.108286528535132
-0.425780388907941,8.5719829686685,44,0.00264860275704944
-1.79941956640203,21.4343520130739,100,0.0183675827531586
4.52528222652477,18.1985010799885,59,0.00828860108657627
5.25108825574421,18.5669146917352,73,0.00818603035841186
-1.22570138795965,6.93465950884116,32,0.0022546646549492
-0.632041667944492,8.35395916538961,22,0.00260393396210985
5.57860535546976,19.0050428488124,79,0.00844922925895783
0.319493595936257,27.2482044303829,95,0.106622498599925
1.97120376306281,8.87439562474766,44,0.00270499286268736
5.07281655249263,18.5282095652896,67,0.00830290004278328
5.8159231784115,19.7262982382924,91,0.00909064704270632
3.0994706410813,20.7045990156219,87,0.014199469199924
5.34304984643438,18.5834686436602,71,0.00815486783606464
0.940997996327773,27.5784733098745,93,0.10345078902307
4.33104083678051,18.9507007236067,81,0.00933214074343343
5.21160401157723,20.5095254017995,87,0.0110120683794192
-0.433085767926433,6.06389466001846,36,0.00208414683556549
-0.432311776347781,28.433503430673,98,0.102929541914301
5.12861448939666,18.7019071191009,83,0.0083754206803749
5.65133215141331,20.2327672894786,73,0.0101696204967315
0.0157245914658319,25.6353364778103,100,0.0673134371901683
-0.11823745303189,23.3674380942716,100,0.0332124427626534
-0.0191947695389409,6.6282312306034,35,0.00219663460337486
-1.12032977556686,29.5598742380513,100,0.0712174042440074
0.686634065483316,27.6931487371806,88,0.114933022498336
1.67987716854663,5.87334057130036,34,0.00203835980318698
4.58798559014631,18.4268765150378,70,0.00847761196682042
5.58734529558842,20.7440608181822,74,0.0110897194633015
-0.631843698925631,28.5280443679761,91,0.107010696850574
0.448256543911336,27.5857543176356,96,0.107783894695711
1.6159292008091,6.40673456556444,47,0.0021344359607792
0.136025544850373,27.9019255413198,90,0.118748505595851
0.772974250678943,27.8098683042229,91,0.109876492358256
-1.1530122904515,6.74759715748577,31,0.00221672389811898
5.11980034640974,18.1756310090715,63,0.00786013395005167
5.71791536821079,19.2189358689692,72,0.00865914045351953
0.131012773179071,28.0617529933693,95,0.111627431289529
-1.03101873957634,6.43290296949213,35,0.00215221568801927
0.786671808212114,27.5818313962021,84,0.117675864054541
0.301290130105609,27.1057847429853,95,0.104575360472568
-0.146355974620134,27.3436660632719,97,0.106492887758987
-2.31500061237857,26.4797745452129,100,0.0582456539983591
0.74706932403408,27.9061709926076,89,0.112852401723955
-1.19517993443651,24.7836786780274,100,0.0480750447776037
-2.19914612053157,24.2299246935024,100,0.0358119196098637
-0.160626147461798,28.7361808367551,91,0.107615639753206
-2.69585109460652,30.2034347285864,100,0.044141322763954
-1.17941096301936,7.24097668239622,42,0.002316492692379
5.25738653042216,19.1218732519375,70,0.00893514752553566
-1.92876751439867,23.7257870728222,100,0.0325488200213071
-0.80190676027329,6.30102108928347,18,0.0021358990959205
-0.541172207760662,6.09303729993954,22,0.00209534519875573
0.175250994735736,28.7560058936476,90,0.108315060061791
5.65640579961933,19.2356735936457,80,0.00867330903375179
0.877306602912791,27.5395619835237,86,0.112686964524902
-0.931730523887219,6.27514908235097,43,0.00211851722714861
5.8768415113995,20.6814056560603,73,0.0106057780239635
-1.79513304973461,25.0649414272749,100,0.0477491876821458
0.30495143311017,28.6267640751208,94,0.105484909602767
0.0782990891485851,27.2353712620529,83,0.123474516868107
0.168608232071224,27.1169937221637,97,0.103270313216383
-5.40075636550796,30.9872699281879,100,0.0204744927035894
0.23724850597821,27.1890459238387,95,0.106279796560131
-4.06008736805246,31.1720780849838,100,0.0267759221776281
0.69048580713023,28.314304785398,94,0.105451392037332
0.196939958647085,27.7624560931819,90,0.118349599175833
5.42105518405856,18.8554628285983,70,0.00844646062550792
-0.479023928433217,28.7300227351178,99,0.0972265661655384
0.38827753810471,27.1805623684533,95,0.105096378675878
4.60794589973622,18.2617357465355,88,0.00812449548595987
4.94608816119365,18.359225600856,55,0.00825402691393671
-0.654932247646502,6.57014932036267,33,0.00218369076590221
3.90430848609158,8.61342970863333,43,0.00255805072450195
-2.2197160264952,28.4952247196957,100,0.0656595315653274
8.63590494691225,8.82526009760902,53,0.00225658131233275
3.61515424679519,27.4721139960664,100,0.0432493103516747
-0.0378956587669176,27.7615438398031,97,0.109740879664129
0.657646627031287,32.0824961045838,100,0.0355207761430669
5.32842548169471,20.903493270442,73,0.0117642493403581
5.79179921639354,19.9175032231637,87,0.00941186881171301
5.35271958565745,31.8004978244107,100,0.0184944098269016
3.89680600654819,18.352401207511,58,0.0089043998333416
5.23986578727052,18.4183545842718,66,0.00805638189007555
0.293205283621157,28.623423750702,92,0.107899309834454
0.284876784311225,28.659952450168,93,0.106155950267533
0.827480506571332,27.324672269596,94,0.102316189216486
5.80734297579871,19.0863652627649,73,0.00840869028804153
0.379731956378612,27.8955645143992,90,0.117008675702478
0.516318515570345,27.0560778546983,88,0.109698871491168
-0.641201681347735,27.4876602215928,97,0.103608709182999
-5.6504738705271,29.2183321614663,100,0.0228987187609409
-3.63081507340383,24.9125884408367,100,0.0314679756175186
-1.06010131715062,8.0746860637711,42,0.00251425353191811
0.199672374603754,27.2462060728223,93,0.109659576882594
1.33277711470991,29.2008153794999,100,0.0742293046033443
7.54567702438922,8.65408962294327,55,0.00231346152321262
-1.23991707837854,8.18019314010233,29,0.00254659094512902
-0.733673087809015,7.3751484981797,39,0.00235283572825976
0.706629445286903,27.8515122534329,85,0.119041670939256
0.415684407310796,27.4108953490036,89,0.115252518122804
0.568355953508978,5.99202260057995,23,0.0020756081247044
0.91149765285795,30.9888404151156,100,0.0487478175898282
-3.45831427280397,26.9850971436358,100,0.0441919483816519
-1.28474035986985,29.0681973814907,100,0.0768739122025801
-1.96662796134029,18.5728285623777,69,0.0102100061680259
-0.438648140838483,32.5215833648721,100,0.0314344297247662
0.16939019030194,28.7875539081937,92,0.105398974446867
5.2151385766323,19.1253688212679,80,0.00889568586356191
0.849821940911279,8.87352159646169,44,0.00272809249602757
5.52076394641419,20.6197678800681,76,0.0109386820424693
-2.88581640493731,27.2584523933506,100,0.0537857529594273
-0.620094846387502,27.6268275266285,97,0.104816695728553
0.275903901053126,27.6992354183755,91,0.116233561992268
0.277340905695032,28.2189654922007,94,0.111038460615972
2.28529520897775,24.2829612900633,100,0.0358068433818827
2.86252864727881,29.9745724736415,100,0.0443237610314909
0.669653121508556,27.8135744500728,83,0.122673694214254
-0.849356727381861,28.9832063927703,100,0.084166405722134
0.500208082987576,20.8953410295282,90,0.0170430634323505
2.62247417087837,26.057698264841,100,0.0499223251855066
0.827480506571332,27.324672269596,94,0.102316189216486
-1.12701910816977,8.43072462684639,37,0.002608133645365
1.35535743631014,5.90229656783634,32,0.00204862197696135
4.05119308840059,30.5587679055198,100,0.029770902375851
0.668670812790106,29.9810733912773,100,0.0673771259150708
4.65817547509677,18.3636948661187,78,0.00829167583240907
1.09514633826678,24.7272049430334,100,0.0477954477473439
0.804170898152543,27.8116858279317,90,0.110495454635728
0.328202875812856,20.6665662228412,91,0.0161624032269418
5.31153760659445,18.5329806419672,65,0.00815462637714073
-1.22579132746896,26.4328888639321,100,0.0743840670304038
-0.600277794902416,28.4261449874661,91,0.108927052683892
0.335160963596857,28.7636764945329,82,0.117264471021001
-2.10472032101321,27.1255390198907,100,0.0672400118439842
8.11061927100042,22.310831159573,100,0.00939054109571596
-0.925309319808141,27.6846745638287,99,0.0981511157257754
-0.328862161781048,27.1290042331364,90,0.110554489791507
-0.536874154551299,6.78851579404844,38,0.00222692965182343
5.6492491424642,18.9238279180513,76,0.00831308578900504
2.99746652530334,22.3540269043141,100,0.0203189444662972
0.308716553433096,28.6655701263956,91,0.108186942052521
5.77400262953633,18.8410252157036,61,0.00821663624199609
-2.74280392310436,27.4906134092597,100,0.0569432813984784
-0.522682205558165,25.1503983700594,100,0.0570683876759965
0.711689953307145,27.2635354826301,89,0.109113745097173
-0.659924917999244,6.61397199680835,40,0.00218922467955569
3.83276109964692,18.6084261795573,75,0.00919916293773087
0.767635100551853,6.30634586963687,27,0.00213308968662776
-1.19061731181885,7.66799055575066,42,0.00241379306199157
0.448476869630701,27.7690704814552,90,0.11613557560919
-0.724449570691308,8.50939648616303,22,0.00264466649429424
5.57281996809828,20.0908217150467,58,0.0101898722921043
-0.971963170485302,6.67575082924091,28,0.00220521519058099
-2.05771623408581,30.7546988131113,100,0.0444299809088959
0.54332943846535,27.5168332424467,97,0.105099203449799
-3.92570384616371,35.1972913606259,100,0.012637454035558
-0.078428785908403,27.2397070201707,88,0.116367711559038
2.93972832610646,28.8841969533654,100,0.05104787963819
-0.621884772004275,7.85865251350237,32,0.00247163137423457
-0.92989496246184,6.72236801523491,28,0.00221524452633555
5.7025360369873,18.5938016899226,70,0.00791732717661986
-1.22982248430495,7.97491104764234,38,0.00248954779634335
-4.22192957298544,30.5514976384229,100,0.0286015023959088
0.802513863602228,27.5980181885561,89,0.110934700403716
5.28111141986002,19.4707380561102,66,0.00945254726309494
-0.402305229488882,27.514872702158,94,0.110098003177018
1.74283298113156,18.5608829180586,51,0.0104673647200185
0.446163550641635,27.5091863479032,82,0.126198878278949
5.02036821502632,32.8109161291075,100,0.0167772756699908
5.28626410562707,18.4898238022217,78,0.00803413219123104
-0.869171589116042,7.27802796943273,45,0.0023265287679337
1.67464128052254,24.5188345643656,100,0.0418811870611737
-0.0630923369352692,6.13048051225158,34,0.00209850066565555
-0.650715703374304,26.2751819026704,100,0.0778816335234978
-2.04670393593721,31.6568976323827,100,0.035091356409815
0.0637338771005502,28.6138895581145,97,0.103396045714844
1.31975593900484,30.6833085141438,100,0.051002582300794
1.81090175823406,8.61183550864471,42,0.00263908105505105
-2.77969477096351,29.459640090653,100,0.0495476315391066
2.1718993336066,8.64287470916954,42,0.00263738432903902
5.43968424899398,18.3093497914478,70,0.0077682156929824
0.751387084608798,28.2325594693368,91,0.108654743082593
-3.55096459833293,28.5099971920201,100,0.0436086298615739
10.6830438787122,29.3252698915756,100,0.00792569989498341
-3.36396809587142,28.3834654771781,100,0.0465332599661131
5.41840443571892,21.1324857673544,88,0.0118573068352413
-0.313519829114111,27.384029758617,95,0.10837734967014
-1.55553963965644,29.8218394316647,100,0.0618633092632737
-3.00981693428187,24.7586827774213,100,0.0349823634932131
-1.24864744056907,7.57811977132876,17,0.0024063629168796
1.01502072658811,18.3112265109327,89,0.00980066009114753
2.26704734239645,18.227570400814,75,0.00940309068648313
4.89608628813768,18.3846272173309,64,0.00825908618691037
-0.74956792985181,7.0361182439527,32,0.00228129055528492
0.0962732223523747,27.9288641777252,90,0.118837642321376
-1.797159456992,32.1083817521544,100,0.0320831274289775
0.622489740509417,27.6997638613166,90,0.113448572078152
5.88233249378124,19.8953218405304,71,0.00942874797832733
3.85066798891847,8.72759316202491,43,0.00258983541468421
0.727727961371721,5.84605891812462,35,0.0020424895035105
-0.505546758289139,27.1583383907392,92,0.106944525833824
-1.23336680281968,7.16960840197677,34,0.00230432991988635
5.6712149670462,18.609880532632,62,0.00800953116796884
-0.794058906616961,27.9644788025554,97,0.102646338880499
0.307132895190372,28.1749757881076,97,0.107599037617768
1.756407168328,21.180722421015,100,0.0170604140296647
4.54258077310834,30.3178256445495,100,0.0273441646871151
0.841009883311157,28.1587173681978,83,0.117691464062936
-1.11100887382231,26.2783291220394,100,0.0733087624297415
-0.12107656194903,6.15295802464693,32,0.00210364675247358
-0.113062511751027,26.9217051522496,94,0.10312998587606
5.71076733694948,20.1878689730063,78,0.0099805955862045
-0.713834385914732,28.1153216464871,88,0.113958566344407
-0.350445437753731,28.2938172630373,99,0.104048108584143
-1.24747256300671,28.3731524580289,100,0.0853297180640006
3.0662391362024,27.913038332758,100,0.0517986942554715
4.47827988218919,18.3430178114741,67,0.00845648343925121
0.61100690775976,27.6877726161548,87,0.11758592931471
-5.24524977842789,31.249548747434,100,0.0204522775134622
5.45541239194123,18.364626284715,75,0.00779131032249547
5.42651778706973,20.707251714643,73,0.0112577643824809
0.0316959776102691,28.2456676170265,95,0.11049977126341
3.41533621260698,24.7494905613899,100,0.0320015569481439
1.72678931403859,6.25864849551673,24,0.00211436794770902
0.400905380071984,25.5972801423419,100,0.0658448346538425
-0.773006025696875,8.19124178510758,35,0.00255162445820135
0.840014840398221,28.2973774788582,94,0.103126331113708
6.96239753732421,30.0672728871,100,0.015812131816506
-2.76520470076695,24.4380001608775,100,0.0341694611947156
5.59224290752392,18.7081834224023,83,0.00804812470790202
0.233091042455286,27.6150735312303,94,0.112158833178158
0.022887507156764,28.2804485493276,95,0.11016536347442
0.264439608173412,27.0999499984556,92,0.108102448041596
-3.02581144620501,29.1035026331555,100,0.0485442504167886
0.316386840238402,27.7698875001594,93,0.113514527243349
-0.528737935916114,27.2331645041612,94,0.105540481558994
-7.80166877069316,26.9648499135157,100,0.013972228732928
2.03104647211398,24.4731506874039,100,0.0392075830345502
3.76422958066353,20.6898954413653,91,0.0132277675856004
2.19997571956807,23.7252666624999,100,0.0314000002251065
2.44477634889629,24.4563964404967,100,0.0364022065831148
-6.44086549350162,28.0478704131045,100,0.0194474660621909
-0.653690966941099,5.94965636749096,24,0.00206677492131491
-0.467110420706753,34.2264329862835,100,0.0197492134697176
4.87164373206011,18.625750774622,49,0.00870867008029061
2.65761930479983,33.2387776216419,100,0.0217950884434474
2.67079894333771,28.8864760371531,100,0.0552935726890591
2.51551896108753,6.76680441114751,34,0.00219488917219434
-0.742522052109735,8.39931314623265,40,0.00260268387724397
5.41643808538922,18.3612434763233,81,0.00777673583119857
-0.290647242265169,26.2153043432287,100,0.0787738625014257
0.858456933346673,6.52480729672297,27,0.00217589439489034
5.58683805086397,18.3959484553501,71,0.00776364826605508
0.695581403838706,28.144839670738,88,0.114086686235952
5.8596049371605,20.1748266148176,66,0.00990914743245389
0.310254232089258,28.4975634814971,89,0.113608340336973
-0.655308751692367,24.2201106666267,100,0.0423940397637903
5.7408571677707,19.8447621088944,76,0.00945874320804935
-0.427042876758144,7.41321779210932,30,0.00236851876067038
0.757519915474477,6.32213730472113,27,0.00213626098559575
3.94600151498277,8.87184524210229,44,0.00262144581658397
-3.79898663421303,26.250576543856,100,0.0371367250012108
5.91469201295319,20.7100144158089,73,0.0106016940236891
-0.00307103344713966,8.70789254826459,43,0.00268779946805308
5.19119310809307,18.9336935210884,73,0.0087069715180801
-1.17627844795629,8.4433006683036,36,0.00261136946183865
-0.571008017903578,28.3944737927673,91,0.109752702428825
-1.26823732536692,23.1919754831161,100,0.0300197372874634
4.34279504477916,33.0225388439125,100,0.0180505681227238
0.46010737929518,27.4160854021167,90,0.113496329282499
-4.3070249275884,30.5841850691662,100,0.0278816239119296
-0.148842227538942,27.8779368376356,99,0.107256630363429
0.0347524958026637,6.0511406410513,20,0.00208950408829066
-0.991633397331587,8.20655187653509,37,0.00255173036663727
0.62775152156129,28.4713248485614,87,0.112774145438961
4.87284362985165,28.2286751413694,100,0.0296027750962864
0.370261951444681,28.2143604808083,91,0.114118892260591
3.07961371899588,33.1911906467991,100,0.0209233736851603
1.49803376930933,27.3195262217258,100,0.0803951945014416
4.22614145510136,18.1578082672815,59,0.00841624904941753
5.32248131812602,20.355034034517,64,0.0108727713018697
-0.30099162217059,27.2570305299749,97,0.104639069394278
-4.39476846102322,27.1069600548253,100,0.0335751621734091
5.84085113247824,18.8474887325867,81,0.00804090069115395
0.70531537483842,31.5613262751499,100,0.0415124830613035
5.75110197776619,18.6123786441824,64,0.00794170585361422
11.8187876269299,8.50435432109765,53,0.00192095795886102
0.666198470689507,27.186303671881,95,0.102037133370341
3.6904074134337,24.1039311221245,100,0.0265692849182295
4.02603769061647,8.85290755231277,44,0.00261214922681947
0.0129193716782611,28.0809676087163,85,0.125794882196468
0.827378635017068,27.7413707305293,91,0.108696561555221
0.426745500646051,28.2184395220044,92,0.112224550089798
6.46705979144372,8.66192499253692,44,0.00240536456200351
2.95932829224516,24.0119134398677,100,0.029872230864053
0.55780563297884,27.0792757168823,86,0.112062287956349
2.13255436247905,32.7318580888957,100,0.026197384195029
2.76261940756494,25.5703294644466,100,0.0438956172702864
-2.32249561856491,25.9978160631638,100,0.053284116261034
-4.92809982785269,25.6447358582248,100,0.0255754215886187
4.06192253888654,22.8142151814888,100,0.0192779886558983
-1.21612724128464,7.14984107216514,31,0.00230180410517866
-0.494763840253509,28.8611232330155,100,0.089721776383568
10.8667765536028,6.1806680260919,53,0.00168255319409135
0.42467850227954,28.4166970272173,90,0.112487343117883
5.28808547254204,32.9185192106247,100,0.0157626861074928
-0.607782833864626,7.96194301295147,30,0.00249842442019649
4.66317447090015,18.7944134630839,58,0.00903722283747734
-0.182722566010713,23.2080844396351,100,0.0316593908155915
0.120397557039312,28.2204210038508,89,0.11842013875524
-0.399006577588703,6.07360621018521,33,0.00208741680949009
3.46819077159879,26.024764012507,100,0.0395226053403216
1.05289292223192,6.30282600445525,20,0.00213322131530664
5.38314448000057,20.7419077888249,65,0.0114857936219193
0.0316959776102691,28.2456676170265,95,0.11049977126341
-2.57420490348692,18.4575063474508,91,0.00951858266871429
0.0129193716782611,28.0809676087163,85,0.125794882196468
5.90740875055304,20.2856145127753,66,0.0100211932800637
-1.16625767204676,6.55661548435213,24,0.00218079676648063
-0.786617666350809,26.631923737882,100,0.08311878023188
-0.253048693607161,23.7041026625758,100,0.0367015721368964
-0.514798405494933,8.76706136584818,39,0.00270523602364715
-3.6319611081857,18.9359791863302,41,0.0102194790119466
-0.498186033329175,26.7058039878655,100,0.0870760665752027
3.45731384272675,33.7606934301685,100,0.0176498766282834
0.241202148794384,25.7298016565096,100,0.0689551035576792
1.82101998898989,25.4015834419582,100,0.0519022072851088
-0.964583295317351,8.49660078909534,32,0.00263143692988489
-1.1736989426102,26.8491570423293,100,0.0812818304918369
1.65576196444449,30.9792971347474,100,0.0447130118004293
0.345163046024593,27.5929508373881,93,0.11245919285335
2.99113799175308,8.77286894686671,43,0.00264191262158636
0.60987763416259,32.8805250215157,100,0.0281958474493516
-3.86757780371436,31.3406043735948,100,0.0270524972986422
5.46738305246913,18.4849169336669,78,0.00790459894339236
-8.14159307318638,18.8439440204741,97,0.00632118891117493
-3.15434465704499,30.1406580425685,100,0.0399254891921881
-0.422233286551883,8.46299556540117,38,0.00262349441778336
0.883803272997067,27.493097097536,89,0.108487706016214
4.43975817230869,30.1525506115522,100,0.0286840533233162
0.264343689310245,27.6235613525902,82,0.129410190770024
0.265784671209451,19.1381795003633,81,0.0117421399794968
1.6208994170643,25.6626721291309,100,0.0575970611406051
-2.91754594252105,29.7932743347114,100,0.0451551924176426
-0.524395958917284,8.40681175602898,44,0.00260382352890854
5.67283296125405,18.8167446476349,58,0.00828604396477889
3.96911196127219,18.49624171393,84,0.00886855323988992
0.380656689925794,28.8895313092269,100,0.0900633854422736
0.575471067392087,28.3350998981745,86,0.116867290395036
-0.65727461889818,27.7088106179416,96,0.10575023962333
-1.20731010783781,7.93140240702239,37,0.00247980905301212
0.352081092925321,27.3196964859482,88,0.116033162040436
-0.0521254790218775,27.3142257482913,94,0.10985465439918
1.70379319068182,27.2669674607364,100,0.0760047868179017
3.20590043134318,8.76659016067055,45,0.0026296116651147
0.333558246969355,6.04901558570513,34,0.00208252978067026
0.0962067919526542,27.8459102242649,95,0.112227265902533
0.387767507727713,28.3302397859429,95,0.107859408591118
-0.756026935873041,6.24910613013362,32,0.00211973661327793
5.68253009372706,19.4154108056974,71,0.0089586382664008
-4.11742165036043,25.9887080673988,100,0.032937511183531
0.827378635017068,27.7413707305293,91,0.108696561555221
5.26227860474252,18.4040427286812,69,0.00800441356211457
-1.73372767626423,24.7704811355146,100,0.0445244384459126
1.11935832219409,6.19061619661841,34,0.00210451122600815
4.05615642934128,24.9677427503444,100,0.0287971100688193
0.236136669905409,27.451335217924,90,0.115945000134574
9.47896686716627,8.31015655583451,68,0.0020842169073163
3.18941769054036,26.2765095041355,100,0.044277679930864
0.493669860428551,28.3230382455425,90,0.112892664375367
1.03930013048505,32.2541933113084,100,0.0330259489131104
0.46010737929518,27.4160854021167,90,0.113496329282499
0.757777720885453,27.9234637710442,92,0.108943149697226
-6.00906558069676,30.2743597337417,100,0.0192927149949951
1.79335463765942,21.2092949754154,91,0.0174017644613122
1.22336940712636,8.68580553947576,43,0.00267097757610871
-0.220086428961197,32.9136471336089,100,0.0281878334416459
1.96224282272319,26.5121100174318,100,0.0642197356428152
-0.514539029797443,7.14975006934289,38,0.00230451178079455
1.65093239972876,6.41926778961853,18,0.00214968437999038
-2.06831615324095,26.2340602343689,100,0.059429599825914
-0.918049047162558,8.00898566230902,45,0.00249777917499084
-1.04756722003309,6.39748347019437,34,0.00214550350170583
-0.467099854819938,8.06801610367656,39,0.00252022018917711
-4.21340499513103,18.1714376088236,94,0.00820035300354314
0.64463407805258,27.804948134569,95,0.107299344907991
5.45817504173559,19.572351120301,64,0.00945194920476919
-0.669704645136543,27.9164938788431,98,0.103599483542488
0.61995624117483,27.2990442892493,94,0.105247592451001
0.425612004854075,36.0863206446967,100,0.0128643560361653
0.710963904829347,27.3165128641996,84,0.116235917783999
-0.651596703256174,26.0296969244282,100,0.0730988126505245
-1.22778683278045,28.5115932738746,100,0.0845206698098881
-4.77364186282896,25.3526042582183,100,0.0256529387087571
2.31930690756494,31.5490383728935,100,0.0346259516715947
-6.67032131744264,26.336936742378,100,0.0176311884820317
-0.585095250067754,28.5482969049616,91,0.107349242149353
-5.27705392150044,27.4721955869325,100,0.0263854676991385
-0.261439804012684,28.2992454925686,87,0.119600010228985
3.67114275880458,21.210737688968,86,0.0148793108457379
2.06190569121773,6.1125916445789,22,0.00208178944413628
-0.853384076728249,7.69683260260378,32,0.00243053282576294
0.480064145685098,6.00230539655766,24,0.00207751500088393
-1.074431005549,6.97171164532921,43,0.00225872512938818
0.74706932403408,27.9061709926076,89,0.112852401723955
4.83085694975539,18.3159073260721,67,0.00819326444213726
5.85922097880083,19.7603583491742,79,0.00919492160279595
-0.179104444885503,8.65835054236904,38,0.00267749173701687
5.41843875611969,19.357565047479,72,0.00910971700310364
0.174999163964082,28.7574041005066,89,0.109472161961957
1.19295036438728,23.5221433202285,100,0.0331654566903751
1.21149609537776,23.8289162422032,100,0.0361947405555406
0.46829847054209,33.8172732816124,100,0.0219323802443293
5.05066289548996,18.2615942737651,75,0.0079325220129783
-2.54061524967371,24.4512417290248,100,0.0357349799332563
0.00811242776934135,27.5783286697737,94,0.112598636277358
1.71801307045788,5.87064190551331,34,0.00203732880663665
-0.251381512844512,28.26160597213,91,0.114619893852567
0.0565563443153726,24.2312081944936,100,0.0433251183766712
0.762247190756593,28.3130950298637,90,0.108858969251246
5.77196775497634,20.3662363338722,76,0.010204953412722
5.00117161375845,18.8934631294864,62,0.00888622985753277
-0.393208779357149,31.6556020196769,100,0.040895064605702
5.8046974165692,20.8725317028651,67,0.0110941621312663
5.7740494357977,19.3692491578859,73,0.00879859703603934
0.131969168794083,27.620971876747,93,0.113945277124401
0.666198470689507,27.186303671881,95,0.102037133370341
1.27575456187257,6.40621136915314,36,0.00214386803214953
2.14431092232582,26.7327140604747,100,0.0634009651430843
3.27662462323225,18.380107612059,66,0.0092482076638975
7.55638527396176,23.6420999661139,100,0.0117923046972832
3.90659616773562,18.9736617032493,69,0.00979897729240078
-0.69308926749963,5.96491771380286,26,0.00206855130775986
-1.00034667754264,7.59045214386453,34,0.00240265428815761
-4.41895311749328,18.2637331167452,36,0.00861028282104195
3.29467367108931,26.1199452922718,100,0.0420380605183809
5.00406849899758,20.9498966814406,74,0.0123291929968346
1.86780315637313,30.6659125423572,100,0.0470457603211045
0.0374314783746301,6.28476376447356,13,0.00213790996655299
-1.55722907128867,32.2446229895164,100,0.0317057242109136
2.00290103745464,34.4011173125762,100,0.0176420785766128
-5.27260252513631,25.3823981994503,100,0.0228071115964609
-0.133049163660799,27.7339087557187,97,0.109470102632144
4.20421159644794,8.73634999920081,44,0.00257242898606172
-1.02040353660023,22.8397037043579,100,0.0276563911512067
0.74057051146017,28.5070402944504,90,0.106763372290241
-4.54418340080939,27.4519063282579,100,0.0325540402183196
-1.10275046694105,7.11253301098648,31,0.00229502171719286
2.11360034132741,20.6076494020646,92,0.0148847574226727
-1.21513347923683,7.32665036070282,20,0.00234716027627849
-1.71760617185211,26.3197582669903,100,0.0656714214478877
1.30647106611752,6.65259021987607,30,0.00219580178748688
-0.618180510240973,7.80082872903963,32,0.00245758770506459
9.91144536637761,8.31597767762589,53,0.00205568918450816
-2.18634887373048,28.0428505917741,100,0.0679619981324395
-1.16320960169527,7.86267654095213,34,0.00246550495161394
4.46887275699378,32.0820249876083,100,0.0209701260814326
3.97759982902118,30.309968873278,100,0.0315272483885215
7.33653830556085,26.5832179508441,100,0.0153000827041091
0.131969168794083,27.620971876747,93,0.113945277124401
-0.980275610814637,6.43459589098756,42,0.0021497848108141
-1.20727146637015,6.40839537087361,30,0.00214784536756276
1.72444623991492,33.1310920929326,100,0.0246026060248114