0.195514723177811,28.8289809772196,89,0.107807914750866
-0.0740772339880509,6.16631435915947,32,0.00210625597175719
-1.17475361228683,24.5907255876003,100,0.0455015302779271
5.65477345294175,19.9828760125169,80,0.00971382912797424
0.666837348352372,27.1242310151958,89,0.107655975811916
-4.1057460225992,26.1749017230795,100,0.0337816463173764
4.00173319382788,18.2569526883743,71,0.00860162357476461
3.3569177197512,30.4107149756529,100,0.0361405625447088
-0.296119675302426,27.062881831972,93,0.106088910937952
-0.485353865264487,5.94813342597285,21,0.00206859193434673
3.48264542158533,18.8422584792668,70,0.00986467926015495
-4.43013048442017,38.0219187881452,94,0.00750939411659827
-4.99646579119698,31.7510228068329,100,0.0200015546472047
3.05561817291621,18.4441332302275,67,0.00946793765057632
5.86242330824567,18.695688951714,78,0.00786929074627772
0.614547129601231,28.5976136771178,89,0.108449041251989
0.794286140798271,28.2044266784778,93,0.105823795867555
-4.46093838048382,22.6663979922266,100,0.0176095678508868
4.50105235337296,27.9979603277993,100,0.0331354419620947
0.031539880726777,27.6954985081992,89,0.120055750045523
4.80862338567756,28.9987490526451,100,0.0291394009877205
1.80395040373238,31.6363153023282,100,0.0364877442890853
-0.265562482195792,8.87283500209986,41,0.00273499870040709
-1.66581466235601,33.1256579444717,100,0.0247585549180634
0.622674337133781,27.8434685359784,90,0.113778081939152
0.319572522058213,28.7009052033797,93,0.105172694171537
0.954267557942641,8.75643470781726,43,0.00269465479020726
0.727666485437347,8.48901586413991,42,0.00262526861580187
1.9369413131336,6.55502627639934,35,0.00216399955384809
0.27942890475052,6.58107677267989,33,0.00218758905619109
5.03472171232011,18.807361262881,73,0.00865635487432384
3.96318678455393,28.6923506198048,100,0.0380248357969803
-4.04132590914362,30.8496429188598,100,0.0284382623776699
0.862902465582358,18.2612834330442,81,0.00981309148740529
1.55302716627736,23.6031755931632,100,0.032847227486704
-0.279054948824723,6.74804765807964,38,0.00221953124563386
4.76651208573106,18.7665963249505,71,0.00881576863994226
-0.505862183333488,24.1762017382263,100,0.0421294369773798
3.78128286743689,18.6235974879029,69,0.00930812164555534
0.0857357553117513,29.9672161471864,100,0.0697179712009089
0.975087111157144,28.0441779209204,89,0.107697545166447
-1.47458749786362,33.4846792512042,100,0.0228840675948182
3.37835579170946,18.5875653932956,73,0.00946832963013863
1.0813536107912,24.5990435084986,100,0.0460570047666382
6.09077065323222,8.87014751836024,67,0.00246694345300224
0.593967417004438,28.8799250184005,100,0.0885619959287609
5.94303628138432,19.9640112682061,72,0.00945297211154256
0.324091090453119,27.1604520261578,96,0.10419778626454
-0.0754603001852923,28.655175857656,93,0.107100378784389
-0.110087971953389,6.42437295708431,34,0.00215585910078571
0.202167577230308,27.2685658641083,97,0.10533934226781
1.66788006544021,18.3585642987708,72,0.00988302561727419
0.0378616033502883,28.1576845472101,89,0.119185031083196
-0.149529578658124,6.06575197065686,32,0.00208695736679879
4.27557272997031,18.5725465359109,58,0.00898785357393323
2.20877025684047,28.8703716230464,100,0.0632990666848412
0.514124858380985,6.46115405209222,20,0.00216859140780111
-0.579337377511175,7.61901902788279,41,0.00240915109316929
0.034621278649377,29.6715074346048,100,0.0758766666329396
-1.24876281745374,26.3056195656601,100,0.0720442912033199
0.806071409862802,27.5181003164758,88,0.11150145230598
5.3346277465427,19.0026536143272,73,0.00868555194954727
-0.0498579256096018,28.5121886296189,89,0.114583954014333
4.56348319274607,18.6408433993899,70,0.00879182602715776
0.407355088865915,27.6031086282974,92,0.113204542544847
-2.14745180425585,31.1009940866155,100,0.0399862714713834
0.27615667710391,6.0318613446349,32,0.00208030454076252
-2.9594285173389,23.4842730326852,100,0.0264431201587463
0.557981156078362,28.5190383729676,89,0.110557741971193
5.26413859751854,21.0930410854012,73,0.0122368145232892
-0.989709327179893,6.77703229472715,22,0.00222903732923093
-0.8960686317182,7.28812851553569,32,0.00233559359285382
5.22459111051911,18.9933183093974,73,0.00876137681105872
0.794286140798271,28.2044266784778,93,0.105823795867555
0.624360410026429,27.8763012101322,90,0.113752017258483
0.381882241800404,27.2020471848177,90,0.111341667263274
5.50034039513557,19.4854517304477,74,0.00919891247301686
0.360442243222288,27.1113475806755,96,0.103164563814172
5.66733941343772,19.0412399745371,79,0.00842374385593418
7.99181864624082,22.6999425638325,100,0.00995925541969998
4.68736671976148,18.3085896975973,78,0.00820173287075478
3.16205155022043,5.89645823135461,29,0.00201510920083775
-4.0724824246083,27.7907070663827,100,0.0377485448250399
0.762645203955968,27.4556996139264,86,0.114323770752772
1.77803014549816,18.4034758850968,76,0.00989006079640128
0.932034565722606,27.8559389238617,90,0.107878164480803
5.51414587106846,18.7542233827552,62,0.00830258063698182
-2.81114950398107,27.4697043254228,100,0.0556890285539942
1.76022129590845,6.61587517326212,33,0.00218024178579045
2.01582168404361,18.1827778266593,72,0.00944848396003933
3.09311140593466,26.396671806535,100,0.0462678378512844
-0.485703269888185,5.85907250380277,24,0.00205072637572733
-2.97781584670835,18.5225792815472,78,0.00954390699123949
0.160691963924168,26.9765425317097,90,0.108583480566683
0.99508447967273,27.9052309512941,94,0.102112412771133
-0.788073658143671,7.37480632691231,32,0.00235617967088673
-1.14664738668741,7.00641846194425,30,0.00227200846758929
-3.10511787064348,27.5874918979246,100,0.0509743941711732
-0.960534124132401,6.97183736250127,32,0.00226556709646885
0.648493366903803,28.2807272304042,90,0.111141777079434
0.380709075386884,24.5831877608631,100,0.0480964898509182
-2.60242032687943,27.4235364963299,100,0.0592937912540506
5.37121736681083,32.3666092720494,100,0.0169349826984142
-1.17962997569048,7.22613119819261,31,0.00231910910111801
-0.737791861015069,5.84443422432914,27,0.00204547129060202
0.259183537422169,27.8076899108388,89,0.119459423213824
0.782951681399506,8.830140931898,43,0.00271741653176458
0.0378616033502883,28.1576845472101,89,0.119185031083196
5.92769595316697,19.4443306990017,74,0.00875021776387958
0.947904838121343,27.860898350176,87,0.111116991718894
-1.66913276854789,33.4082720842526,100,0.0230114557340233
2.54827339083884,8.67810060005298,44,0.00263305226635102
0.830816752654489,6.40617900579513,35,0.00214863982292772
0.552865774673399,28.5278918276937,91,0.108095360107758
4.69220576020538,18.3632947280151,75,0.00828990262230579
0.286258464360006,27.2424460923333,98,0.103457074429364
5.84253615556669,20.8539314302159,72,0.0109482806565474
5.68004692149234,18.896481699022,73,0.00827603911613227
1.37258379165872,8.87685602453197,44,0.00272040992332914
0.277112661584357,27.5550420110254,92,0.114004987905848
0.0998698340452772,27.605161524094,90,0.117972552072118
-0.992172893815402,27.9594073713724,98,0.0980868674712415
-7.93667581622269,18.253566113881,66,0.00614253862809525
3.95163351073337,20.6387003829355,91,0.0128565400344005
4.04106915433585,28.3650195171271,100,0.0377571669160498
2.07726021047622,18.4380622026384,77,0.00983166132676993
4.14986412157944,18.6100502310417,81,0.00894399935704103
5.64244897168374,18.9291151851669,78,0.0083111005620972
0.44242408178272,27.6793472284938,88,0.118626459732623
-0.7830317207012,8.71120414368592,32,0.0026922404415243
0.758650012862275,27.6177633397061,90,0.110670535879771
1.68852416415935,8.81520002145502,42,0.00269757300408074
0.503066946434209,28.2043747413977,91,0.112716434677362
-0.674852603891644,7.96846592221202,49,0.0024876938895743
5.772723303674,21.0123888578951,73,0.011308118870244
4.80348737092748,21.2025065585842,92,0.0129010342153318
5.87665860924705,19.2274022151415,74,0.00851939710353242
-1.93567916511124,18.1897555371733,72,0.00948898193254376
0.227565998218723,28.3136558958892,89,0.116856964630661
5.8337742026032,19.3667872932943,72,0.00874970433410994
5.52292097885814,19.4645749185355,71,0.00917367486960076
-2.37953319937306,27.3846531922252,100,0.0633299822065773
5.14058681931268,6.03089255149678,27,0.00197398088927548
5.1868012413557,18.4677073417604,75,0.00809439467872351
0.977826672599147,27.7299393269213,88,0.108999146618419
8.93443176015127,8.83387502557443,51,0.00223281306321022
-0.195189749376563,27.0029813578135,90,0.108983514898019
-1.17222200175176,6.6809109133739,28,0.00220419064489063
3.91195661844148,26.3519929998851,100,0.0363871645834973
0.117332298509597,28.0398312682455,100,0.105857483880578
5.83740039392193,18.6704387664366,66,0.00793354905591645
-0.277798905269912,27.0926394723239,90,0.110266804524638
-1.16867694349057,6.89841363614203,30,0.00224867302758707
0.615536726957284,28.4417009984713,90,0.109687304608204
0.852934659883285,27.8606728049732,95,0.103858360408904
-7.44142013970827,30.4001337013373,100,0.0139427745249809
0.265568244677706,26.9420488476975,90,0.107337240251649
0.303841623422264,28.0210619290359,88,0.120208718827652
2.47072591998711,18.6512538241358,78,0.0100372125839628
-0.283936866194202,27.0231619493518,90,0.108885161429548
-4.15772658266664,26.3987287782281,100,0.0340987165304476
3.01986944398322,31.0835049431745,100,0.0340094061396724
-0.990193986035681,26.1608497518498,100,0.0726068947120615
0.580657641278047,27.4920407852684,91,0.111427214958115
-4.11715983543191,27.1934228293386,100,0.0366327482332521
-0.828740299142434,6.95616675885232,21,0.00226906726535673
0.0679642269987438,5.8641022654998,32,0.00204926640946933
-0.587960029470772,18.311031684777,47,0.0102930328836931
-0.964811143895996,7.61156613877766,32,0.00240916844562683
-0.647156902014709,7.33351262146123,43,0.00234188072591953
5.63329057025562,21.0814825675369,72,0.0116550094844184
0.154347496897037,6.49790665452293,17,0.00217857019403804
-3.74356794326066,24.5947145737993,100,0.0289138832867502
-0.945095170251122,6.30699794453282,27,0.00213183537449487
0.383543389965637,28.5770773532072,92,0.107985125066566
2.52876196389943,18.1873123400904,72,0.00925236869688043
1.05195392157606,25.7832538690262,100,0.0652502329407524
-2.25787732175852,27.6626875318219,100,0.0664962969545379
-0.425930854736088,6.39226620860987,38,0.0021468484225502
3.05669542091123,18.187508673378,73,0.00899884415677588
-0.5621887107925,6.16201612868806,26,0.00210671262634895
-0.798906390807126,8.25433153777674,37,0.00256627439197792
4.46888469780826,18.6580834676188,62,0.00894694921866583
-0.574403563532446,27.4931569121022,96,0.105636538681012
0.56058397212522,32.7290129975368,100,0.0294893828093748
6.63996450215421,8.55507693304686,48,0.00236676364875239
5.50892527444369,20.9587272020953,74,0.0115883070298679
-4.04121008817974,28.3304556826015,100,0.037803544056969
-1.18349032035296,8.25926783529933,30,0.0025671383974635
0.814443720615134,8.29159673582758,42,0.00257244592935558
4.60509538502517,18.2147809213631,27,0.00848449922163145
5.72335897121171,19.2113790401529,65,0.00869732666181591
-0.952296818550886,32.8672781178052,100,0.0278797484736653
-2.87694106496115,26.8058606746486,100,0.0518360149079972
0.806641119716355,27.7845441060335,89,0.11163765001829
-0.323597646456598,6.47984296303358,20,0.00217311148039469
-2.21054124517793,29.7045441583351,100,0.0549895346696198
-2.09477326290384,18.24274957768,41,0.00981312363931804
-1.2041375641982,29.039030903981,100,0.0785043435477005
0.909259042641316,27.5768500192241,89,0.108593818847664
-0.929686885730594,6.95768801608018,32,0.00226283443866081
0.0696775970912462,28.1615541890906,89,0.119103681046829
4.16263281779255,32.5289226571072,100,0.0204015794011222
3.2604971917083,6.10684049564569,34,0.00204840145180598
-0.0303335792787626,27.3800693555456,90,0.115828668195127
4.06876205983319,18.4089331412883,49,0.00895240324824393
0.493892761486721,27.972942262996,90,0.115508008107096
-0.154310463983133,8.84401659345586,44,0.00272494832289305
5.30795268411197,20.8912452567538,73,0.0117707810883713
-0.0303335792787626,27.3800693555456,90,0.115828668195127
-0.74551528291416,8.03523391286401,40,0.0025092393818655
0.179032152694996,28.8279452935814,95,0.101341972046309
-1.0781969240353,6.08310240588192,20,0.00209051686786646
-0.776152644942182,6.22553201863695,21,0.00211995965885678
5.80433431220459,19.207930977495,66,0.00861541787795932
0.225792618364836,28.553752794989,91,0.11072281662142
3.34599075735238,18.5643581466576,71,0.00946713407686011
-0.92207252712237,18.220978831515,83,0.0097100792348514
0.061712219053231,28.0065452213182,89,0.120106800341336
5.28190726089427,19.362574108428,65,0.00930000757355135
0.99508447967273,27.9052309512941,94,0.102112412771133
0.0466590034076179,27.3156196437198,92,0.112348517592843
-0.828675683361423,8.34123115820575,41,0.0025858617086471
-1.0992130882513,6.53035754785142,27,0.00217478468464955
5.07978133510188,20.0111834507443,66,0.0105342442335153
0.125458847913933,32.5631818714391,100,0.031225568752377
5.68687994486998,19.5017159532571,78,0.00901524862653139
1.75302877544464,5.90896187281823,27,0.00204676263715406
3.26023675497977,30.3844161787886,100,0.0371794437641203
0.418460586406754,28.6149112689573,94,0.104776377461012
-1.14795536645869,6.23337156105941,31,0.00211379259463721
-0.0482181108630808,27.3395585979467,89,0.116611656434848
2.77113863317674,8.73588710483983,43,0.00264089735055743
1.83272077153845,6.56100767093687,33,0.00216797664266726
-1.21844767936976,8.02221558090603,32,0.00250518362353046
0.791130880080915,8.52101219275036,42,0.00263316483573524
-0.675693166029715,6.75185417305491,38,0.002218457981301
0.718193723314822,5.83389093104299,35,0.00204031364999573
-0.728725642853553,8.53118464713939,34,0.00264212717405445
-3.05667818268891,26.7256472729655,100,0.0487000905572579
-0.558556268884525,6.10765413887047,40,0.00209016425842496
2.70132771320941,28.3646112058037,100,0.0573014733344476
4.96643595590485,20.9188620419671,74,0.012320879223574
2.59282580716142,29.8731070659437,100,0.048376083044308
1.95004946630185,8.8604712645919,44,0.00270173340638326
5.72231151811005,19.8875799867527,58,0.00970637860376181
-0.158364825305623,26.0681708102758,100,0.0760967752516076
0.819010065364248,28.4254205088375,89,0.107641677290261
-0.666172417094025,6.72444918942055,22,0.00222069965055544
3.46689725851506,18.7225990295761,71,0.0096585641678262
-0.883076705318549,7.2709451514464,32,0.00233186717786999
-0.160840589976747,6.09918531635951,25,0.00209637580815152
5.53359644936646,21.0930871618583,74,0.0118022613596857
-1.10790441372131,6.43878957019563,35,0.00215262242432009
1.81378965036328,34.5471835233802,100,0.0172733259064962
5.41049419736314,20.2863282952485,65,0.0106322272623456
0.746414117727613,27.8389687482807,88,0.114173108872968
0.192891126812531,27.2509043130098,90,0.113498212320752
0.846652167967052,28.3582529060596,90,0.106782322588821
3.54316456974993,29.2658560060658,100,0.0409366749944978
0.776860958955944,28.0441707180094,96,0.103756201201529
-0.366225297811781,27.2758110752129,97,0.104407641367665
-0.82945319712228,7.16697263905322,32,0.00230924739754388
5.51835556386719,19.0909919817364,78,0.00861545917775383
0.702507148857859,27.4346399100728,89,0.111401990222647
4.51809684839888,29.9778533791025,100,0.028740365025477
-2.94112958833323,26.9655837414005,100,0.0516704119513954
5.02213179804367,21.2418101303692,74,0.0129299861323398
1.88457196016028,34.6368843469146,100,0.0168457864350845
-0.182837197038157,24.2760199682316,100,0.0438823568888458
-0.469459177625204,27.5369926773372,99,0.103879639700314
1.78754703737973,6.56279647943864,33,0.00216910404486931
0.972738459967594,5.95509038731676,32,0.00206216850261967
-0.142323217281382,27.2084965606052,90,0.113028522462241
-1.2160309784896,7.10678053871315,29,0.00229343520578761
3.98963062660531,18.3705063870519,66,0.00881118624555643
0.281973639565909,28.0934765847971,92,0.114489244303783
5.8755696014008,20.0777077231995,73,0.00967992113198416
0.638571643037676,27.2643272455061,92,0.106779727705751
5.39243590539855,19.8689122002339,66,0.0099545474513612
0.491421392636221,28.2741334807332,92,0.110951100956914
1.34244421480192,29.1001445539948,100,0.0755398180771705
-0.91217166729861,8.68535967200664,34,0.00268206327738627
0.541860169727625,28.28387850657,91,0.111442474958082
-1.4921596824984,26.5611101490139,100,0.0723700692317757
-0.707235966165268,27.4302750118882,96,0.103232094930483
-0.853760924545134,8.51021832491383,41,0.00263025147723159
0.213019549364725,27.0474196443808,91,0.108593267655625
5.62513977898462,20.552093490793,73,0.0107219337206328
-0.941477160698937,7.28165831326292,32,0.00233368750193469
5.12279036557731,21.1981429500282,74,0.0126677227225868
2.38210296063201,17.2551878051544,100,0.00780861596370726
5.35790618043386,8.54912729896766,49,0.00245419435340824
-2.24580795343476,26.8884777422446,100,0.0629290521581123
-0.100069458521191,28.4713411341128,93,0.110092844461059
0.280797710612616,27.6547658266311,88,0.120156532427211
-0.530699490129435,8.12459567487625,34,0.00253731371172831
5.35747088657107,18.4733206926167,72,0.00800406967982914
-0.818760498717578,6.52281535638164,22,0.00217817680558126
5.70343090169003,20.556148831475,81,0.0105380275245832
-1.1180847635965,8.33967780801291,44,0.00257969757444595
-0.0949055940720995,28.4819823514676,95,0.107580864126692
0.44242408178272,27.6793472284938,88,0.118626459732623
-0.208043141738075,5.84253053376701,34,0.00204428885687141
-0.609557370921733,33.6613197188531,100,0.0227720227870728
0.423100361394975,27.3154780025749,96,0.105508988908283
2.04003370320303,6.44586414430394,27,0.00214417023783951
3.72490129354839,8.56745932832842,44,0.00255476327593847
1.6498820456479,18.2279008986738,73,0.00964094691071025
3.06607428294297,18.4841343705431,80,0.00941337344490963
-0.649467390604598,27.1979026298387,94,0.103489471119813
-0.662980146445473,28.1818511579172,99,0.101591564857697
5.23251863038303,8.81975855179912,48,0.00252743463681326
-0.254145776439184,6.58976723075708,21,0.00219519226664536
4.58607366247516,18.3303804967147,65,0.00838431881914875
-1.12847402222366,8.0599100604904,32,0.00251593243767688
-1.19053797409149,8.06405259441095,21,0.00252304268455098
5.40725503546143,19.876132159428,66,0.00995012138414791
-1.21294737411196,29.4629461104486,100,0.0717477598700522
-4.40346213717013,27.4080751896761,100,0.0339019443210038
5.84532157830122,19.7294333341141,74,0.0092085275181432
-3.80117404006061,32.693404644582,100,0.0209644571788376
0.121192706114543,27.1060017097495,89,0.112535736759253
-0.221324448144427,27.8313211919185,100,0.105810259390129
4.85584292847965,18.3795162617678,65,0.00827244707771889
2.79123492939029,18.4543406193466,76,0.00954365409005364
0.646548890864477,27.904877723731,90,0.113366730023258
4.87724982178284,18.3554163836637,77,0.00814669474208552
5.12930030882627,19.9632240186521,66,0.0103961655256388
-1.24487882652689,6.74661805336958,33,0.00221445782069703
-0.124630886811979,8.75451311370694,38,0.00270428592995185
-1.28118056220504,23.7312168926563,100,0.0349656713584827
-0.435372096248721,6.37114035451331,20,0.00215093197501766
-0.607583086193468,18.7453399752482,36,0.0113675487202847
0.097682061700534,27.124019928693,94,0.106905805375936
5.17709637705601,18.4172565945884,75,0.00803909771146798
5.1867225251118,18.2757297844257,65,0.00792487124857692
5.68044248389561,20.5273985174449,72,0.010620943308492
3.78394258174599,18.3800418066568,73,0.00889582682613768
-2.47245420318828,36.2122999348614,100,0.0116612224567786
-0.907915683345595,23.1632775378585,100,0.0304914096219167
5.7797896251171,19.8581060457731,64,0.00954589660945333
0.280797710612616,27.6547658266311,88,0.120156532427211
5.21931215834128,18.2797362163272,72,0.00786489043875884
-2.88971386349984,29.4530997475,100,0.0481105144570321
0.281973639565909,28.0934765847971,92,0.114489244303783
-0.582061949116824,28.69326072608,100,0.0914740541321945
2.10995965034698,8.76755641865232,43,0.00267221403722247
0.148607011086184,27.6290836226859,88,0.120817032558786
2.80797487038686,18.6284790516704,86,0.0097437852872703
5.21749437523731,18.7219092215731,69,0.00843522116751759
-1.15134119035731,6.74402176497764,31,0.00221600110255014
1.22726524508505,24.4110090257977,100,0.0428977526481813
0.303768997936549,18.863859279233,52,0.0114749881999498
0.12105593084984,18.447352879926,76,0.0102947547451079
-0.269411101793189,35.1649105370757,100,0.0157934849933705
0.344286190627572,28.6063512127883,91,0.108995032843354
4.87913024972553,20.9858006297854,88,0.012379528586186
5.50974133589569,18.57128135774,69,0.00803461296117223
-0.0873605678040604,8.82009791002334,42,0.00271980392983033
1.18261539912441,29.9681404528516,100,0.0635379456611088
-0.80303906346605,7.00552998862089,21,0.00227994882982154
-0.0344192348054914,27.0052215052501,90,0.109469733057362
1.75197552264742,23.0815580768404,100,0.0279206875114978
0.172830860358152,28.4906066115111,91,0.112019989315588
-1.03768220409069,6.51507745747024,32,0.0021699681424933
-3.13109308388037,31.256729294657,100,0.0320162691269932
-2.06695477609286,31.5285604901537,100,0.0362022759296597
2.36790694111074,24.5907693616106,100,0.0381622091598302
-2.73858279897066,29.9439299745153,100,0.046001437846813
-0.0332357873095489,31.4491440002326,100,0.0439074270111852
1.63135995413578,18.2303125362512,76,0.0096230629486787
0.0627643118121628,28.3631820498341,89,0.116864896668145
-0.658815774282933,8.89010533536754,39,0.00273868436875668
5.31437317210802,19.0249482720095,73,0.00873182937640177
-0.241920346041844,25.3613457115076,100,0.0616942130371432
0.342214478730236,27.6603628722658,89,0.118224821217747
-1.6699384841316,32.2203949933837,100,0.0315537404708973
-0.40873446349494,8.36570658420704,21,0.0026093056285511
-1.11794081141632,25.9294378225007,100,0.0671924027669103
0.77997932171022,30.1501166454217,100,0.0634987421209529
0.928537183640627,28.119218369548,100,0.0968078921038188
4.92639648079363,24.8306071613889,100,0.0230653414476035
-0.0344192348054914,27.0052215052501,90,0.109469733057362
-1.13953937267926,7.95671478638485,32,0.00249010491378315
-0.896421254795875,30.4621799361973,100,0.0572426828812223
-0.587689919962949,28.0610127052105,98,0.104315639500363
-4.17636769940804,31.4808086318785,100,0.0247253294390288
5.28363610589633,18.8618061429169,73,0.00853915953365133
-2.38193718206058,28.6812178408999,100,0.0615498421809403
5.60793343214041,19.8429071112328,80,0.00955625421964712
5.06485615062408,18.3596936185358,71,0.00806887131118624
-1.73172443727631,27.5649739900178,100,0.0769962792870086
2.22897608948854,6.00003133790124,33,0.00205304411850564
-0.466170166280603,6.06524543028386,25,0.00208906298457193
-0.65293041981854,8.44208735840768,41,0.00261416965944527
0.795967319834914,35.9371366292528,100,0.0132004943215169
5.81086936790884,20.4600813130521,80,0.0102622739686023
3.03864050284971,18.7532197030049,84,0.00985315910175213
4.03153300755461,18.5290962642187,66,0.0090217625357176
7.27508899941874,32.1845441004364,100,0.012267091636093
-1.24202288333781,6.61886487054394,31,0.00218922840096337
0.438334802624098,5.9498514645163,32,0.00206440148542958
-0.662690529547526,8.73323546404502,34,0.00269817739248824
-1.13172553384256,8.37593705978395,32,0.00259700685361521
-1.03496248071844,6.1056876641921,27,0.00209215516615333
-2.46501061466079,28.9277440638908,100,0.0584292444164651
5.31161348826307,8.47457777819396,45,0.00244226041213364
-1.09573059757227,8.19450479758458,43,0.00254335186341307
5.95657270084038,25.5238504454729,100,0.0196675675850217
-0.734658319988144,7.84255396563124,21,0.00247348214684556
-0.442795244611079,8.59459827898852,43,0.00265533449637949
5.47721962906651,21.0526596249758,62,0.0119821259515398
5.52200778325179,20.143485134651,73,0.0101773666009252
6.19356215092883,8.83491500905045,50,0.00246146518786805
1.20095532065224,35.3507413181904,100,0.0148288775972191
3.4465152262844,18.2377470183915,85,0.00878032483672263
-0.5778128514492,7.81037441992681,42,0.00245415691265604
3.13280919588664,18.2149350557335,48,0.00921093505175446
0.922591930920393,28.0536300848131,94,0.103207786262378
3.45989610825124,8.56419102884971,44,0.00256642013112461
5.680125249484,18.8083899454557,72,0.00817535547799859
1.2106481267407,18.3322862703787,33,0.0103661804272624
-0.592164650183138,8.23749471870039,38,0.00256316358284252
5.75437978408869,19.2347572518457,72,0.00864827331358132
-1.17662369451305,7.59435597101009,34,0.00240135325108894
0.187544550305937,26.9350803691626,89,0.108767335007934
0.264076989376064,18.6688020309536,77,0.010732887207913
1.20272872334839,5.92464700286387,21,0.00205904737311053
3.1850541168471,6.37195548743764,33,0.00210024584171594
0.0330135359497719,28.3272849226004,91,0.114688214646921
-3.94264892031648,31.8247710026346,100,0.024298329756783
0.106132496596732,28.7351228755925,100,0.0982709926369479
-0.0533793860931224,27.2246218278809,95,0.107421462507337
-1.10150423999941,32.8010869428298,100,0.0281559740502632
0.32366137914615,26.9323817490816,92,0.104509299762122
9.67555753791593,8.7195658409432,59,0.00214214897486898
5.7262191790513,19.8527572682784,73,0.00951236625458907
5.40772365647076,21.0271774247526,72,0.011897845792718
5.69493783001711,18.6244140289735,75,0.00792693317319169
5.55426301212043,19.081079738544,80,0.00855856792863035
5.32122662646318,18.2040341878488,80,0.00766412758033558
-0.210653135270265,28.7079267126457,90,0.109143373533626
0.668401769873401,27.1935162333416,89,0.108771197432924
-1.60246495889325,33.6798022549964,100,0.0215867980236542
5.80868764568428,20.6793614399252,73,0.0106927660384714
-0.283936866194202,27.0231619493518,90,0.108885161429548
0.0634482836306335,27.8265500561486,95,0.112280969241317
4.16004684721015,18.2041674687099,62,0.00849863477372283
-0.259804040300117,27.365312593583,92,0.112177571758392
1.28127574049631,31.0971427398729,100,0.0454261303458737
0.975087111157144,28.0441779209204,89,0.107697545166447
-1.7296661791938,28.4325007724894,100,0.0756481792769091
0.690970651195526,28.2976831040851,89,0.111496060846212
-0.428512435648436,7.73328421331455,30,0.0024436789650304
-0.378848726562018,6.46449134252718,21,0.00216936116745152
5.72491675267774,19.9011575389559,73,0.00958418835083095
-1.11087278981349,6.8928549616994,28,0.00224917214476374
5.62686138477887,18.6769872074627,77,0.00802484553226552
3.96508014093777,8.66869895586336,51,0.00256360082506172
-0.110048191200681,6.06567031480166,32,0.00208698650052991
5.58159036061179,18.6459868831711,79,0.00800794626665022
0.646548890864477,27.904877723731,90,0.113366730023258
5.09470375962616,18.8753606283164,80,0.0086502976663304
2.23811160756901,25.2741676849851,100,0.046289728330605
1.75706087775812,24.6954466285151,100,0.0434584518579835
-2.06125468577623,31.6152073893895,100,0.0354081645725771
0.122363302984431,28.2000961366035,92,0.114537052642932
4.45935781110054,18.1600748175816,79,0.00814336254988121
-0.433490280396179,6.75440917096061,33,0.00222278017749267
1.69730139983792,5.85976314345412,26,0.00203895784029446
5.72860671000799,19.4969471736609,73,0.00901069276100453
2.24049865831118,8.77613936768688,43,0.00267049980606405
-0.664033896839932,24.2169066103725,100,0.0423314898476694
-2.50501722158698,30.3390472660748,100,0.0448115784420019
0.806071409862802,27.5181003164758,88,0.11150145230598
-3.12748748501545,18.15809926144,41,0.00917995162995209
-2.61295911962034,31.3756393356735,100,0.0343883828296233
-0.897869569736953,6.62942683918389,28,0.00219636910437199
5.13049869670752,18.7535153528404,80,0.00846212777382955
0.419324439585329,28.746233071618,89,0.10799073992069
-0.60520670669441,7.23368142456903,37,0.0023230785593662
0.264584387072566,28.143045271705,87,0.12120592869658
-2.76041236758315,30.7132380172253,100,0.0389790705936135
-1.1495345307536,7.5407565131328,32,0.0023903755464237
-1.16946891045925,31.1111567572712,100,0.0458071689770567
5.21452246476706,20.398186732445,65,0.0110755039442358
0.237949318802002,28.4226322013704,91,0.112704174036962
7.8956880474271,21.5821411701865,100,0.00895496309674599
4.30404959189302,18.1591155362437,67,0.00831552565618326
3.22187543216782,18.3618229617524,79,0.00913906993039559
5.23904248279743,21.248575094008,72,0.012614182444192
3.53449039156074,6.52466843202163,34,0.00211845229577852
5.3157757423826,18.5375350248129,65,0.00815728105053456
-1.07172263308951,30.4581706621958,100,0.056199791574283
-2.72664365479389,32.6345071851157,100,0.0249254071469919
-1.06800776615009,6.58653163384285,24,0.00218792204109692
0.212565896001874,28.1148337759059,90,0.117501961670179
-0.0826890007487423,30.6532054314864,100,0.0564878175487669
5.31913162611871,20.4798592432359,65,0.0110890709030696
2.45192700991912,32.2808143679695,100,0.0282122295400745
3.1486976568986,18.215452355662,66,0.00905334311698221
-2.44244994479437,27.2745755850034,100,0.0616875293887789
-2.81114950398107,27.4697043254228,100,0.0556890285539942
1.37182422093131,19.1029278815344,78,0.011455953309309
-1.1493736170042,8.27773556047252,34,0.0025697986894926
-0.551079948302917,8.45924318404428,39,0.00262094340067083
5.31573058861381,21.0596801785389,86,0.0119020485213861
-0.664033896839932,24.2169066103725,100,0.0423314898476694
5.67546576690768,19.3541091263527,71,0.00888232660968482
-1.73234334851249,28.5769396985056,100,0.0745476137313383
5.3499540487259,19.2143035156849,66,0.00901774683725928
0.392818191208251,24.9251275534184,100,0.053544548663331
1.94746032052226,6.32171544155602,33,0.00211889305037384
0.42920924010139,28.6817350332309,90,0.108009560982846
0.974187671804485,8.79598350418884,42,0.00270611178084891
5.93501657299589,20.4938670114234,79,0.0101725732312817
5.37051330848597,31.1726357235755,100,0.0201171692636386
0.0547001995746647,8.68577332018138,40,0.00268382632336047
-1.40983177578921,26.0443935124234,100,0.0658347724120343
5.21981667636565,18.2425064396573,70,0.0078328507348753
0.199056504829787,27.4682034512098,93,0.112421472224336
-0.55593939168392,6.55226934822351,44,0.00217541635984167
2.13779633439783,29.6072883468749,100,0.0570780399443772
0.610879242245079,28.1106012038136,89,0.11446419242825
5.89868262129082,20.4814305625018,73,0.0102609375507149
-0.339013743880759,27.0983724639349,97,0.102062783521102
5.17136011498951,18.8816257768971,79,0.00860752897633677
5.48228291748393,19.9636709685199,66,0.0100072096342314
4.95081416078945,18.2956317449021,72,0.00805721648586868
-2.80368744740944,27.9041906390947,100,0.0562951853936196
0.610879242245079,28.1106012038136,89,0.11446419242825
-0.206495663960025,27.1270175094103,94,0.106578937745823
5.78584250213059,18.645821196397,65,0.00794907258063203
4.02584762461446,8.64566880198697,44,0.00255920423043059
2.07306003051055,21.1532881327887,87,0.0169793299229388
0.118639446949193,27.7859529902953,92,0.115999284705161
-0.304019000008715,6.32105569567017,32,0.00213596354316098
4.10437056571965,30.0909826113872,100,0.0315272140952319
-3.87085182382635,18.3429238582641,42,0.00903483110393317
2.96005198125961,18.1837012135299,48,0.00924918940977572
-0.72643193240947,5.99303699895785,22,0.00207534834264774
-0.350977798918791,27.3470112439859,94,0.10883036208087
9.91117339159721,8.90284001200915,53,0.00215585481953615
5.35328013471353,18.5142474514081,71,0.00806290363846673
10.0402110527681,8.80877882331875,51,0.00212855196648083
4.39771561470198,31.9797008856445,100,0.0216437765978262
0.183593294886118,27.7218247595532,90,0.118285215569423
0.0817083494549269,28.2095234394647,88,0.120062712648332
5.11031822886944,20.9355564205185,64,0.0122878220762727
-0.0356093861305313,28.8243358678443,90,0.107183090815375
0.087931595384391,8.2894373377373,42,0.00257623049689009
-0.827078191627022,8.52341141915657,40,0.00263479264199287
-2.97458583626519,30.7761413829309,100,0.036702856580767
-0.905140093935763,6.07194377457527,18,0.00209076633979909
-0.44150312364147,6.50101011732805,31,0.0021717641090979
-0.606503016480545,32.7718653872009,100,0.0290840310797635
-0.542041563940009,8.06771611028563,37,0.00252093492051851
-0.921427847785381,6.27467856409564,31,0.0021239111840063
3.19118137176039,5.89617293209369,39,0.00201025784921102
1.93082238878635,29.1636233558926,100,0.065251626204476
-0.195189749376563,27.0029813578135,90,0.108983514898019
-2.81077441011648,30.0060890117428,100,0.0446391738877617
7.68667788940826,8.53844284841875,50,0.00228124907139433
0.158649114348964,27.5156314309732,88,0.119823448880615
5.5130749372056,20.0645871496819,72,0.0100722457214054
2.48528599585256,6.09436962396123,34,0.00206494624406788
0.57829255316614,27.0983372976605,88,0.109679954195969
-0.900923288998904,27.6687098408087,100,0.0975635550793726
1.59597760903246,18.3311734517465,73,0.00984540430139407
0.0180564351959419,28.6582145586632,91,0.109451087831897
-0.789160903881149,7.62643059606879,32,0.00241446098977173
0.305386238737906,26.9807269663601,96,0.101321675521465
4.83551807587596,18.9474687241499,57,0.00913755399436253
-1.04624272526993,6.53308772752132,35,0.00217209263025312
6.38969211847741,8.84657209460181,55,0.00244626414107149
1.23090499054782,6.37605851264022,35,0.00213890489708572
4.96556310736885,18.1786450971255,76,0.00787957619192535
5.78411218602368,24.009542868963,100,0.0171843474548577
-0.403537215524773,27.3749014487326,92,0.111106625549512
5.83415744555976,19.873771780373,74,0.00942169859894245
-2.26496839769639,23.5375263461232,100,0.0296511146734637
-0.534800847954635,8.33537876794517,38,0.0025890228841491
0.193689853141409,26.9983029778716,89,0.110093738020983
-1.3021355429033,24.8577757928582,100,0.0485028886498939
0.465198974370317,25.1917143220917,100,0.0579920100036663
-1.00281868252764,7.34172964428784,32,0.00234655426169276
5.04752314299002,18.8776071575459,65,0.00880405127290051
-0.60551717820779,6.27600281723353,31,0.00212634787940673
4.6938272291058,8.10222771058328,53,0.00238862205817015
-3.01910877759861,30.3707764997555,100,0.0395041244102989
-0.071490596206611,6.61166098349973,34,0.00219370147536291
2.33328779078225,19.0560444655806,70,0.0110039297034347
0.394867703949732,27.0763500108898,95,0.103380905658609
0.381299037926875,28.5971757594549,89,0.111259498629492
0.0786926045069664,28.1736250344986,88,0.120412587675817
3.13570706652598,18.3456717668122,76,0.00918445553533152
-0.0801485611754634,8.65900751673292,43,0.00267427592129436
-0.398918652728818,28.5326824351957,91,0.109757716379646
-0.337527826198156,32.8981400199841,100,0.0282602991711167
4.93210378088223,28.451922200872,100,0.0289221650402347
-1.89273507155297,30.1815392678964,100,0.0530018823817919
0.336560537304107,23.9456389705146,100,0.0394536907393208
0.041878242233882,30.6388548756451,100,0.0567603837927342
-2.22446083214561,24.1907538010183,100,0.03530866008716
-0.314818343998298,7.14142492222274,40,0.00230249925964547
5.7095937000775,18.8650686839151,71,0.00822832060842876
-0.801826673879503,6.43392479162529,29,0.00215715485172148
4.14798693836906,18.3536424022803,48,0.00882603753271592
-2.19313104889577,27.7426583564824,100,0.0679122479319994
3.08708939222419,18.5342668202612,79,0.00949455990526753
-0.92624087030931,6.07405306832178,34,0.00208402691605417
0.223603369413391,27.2256488383792,90,0.112930940518657
10.236584501976,25.5524839646601,100,0.00833201429828808
-1.26600674003341,31.8522880763559,100,0.0364534155988889
5.2702663594158,18.6603234530763,77,0.0082621757064594
0.36119245990682,28.5762758453336,91,0.109376373643799
1.35299284244106,23.2275051163712,100,0.0301177157285716
-0.0570971259162577,6.32609052265823,37,0.00213507901761888
-0.617950025272345,6.06417910268956,28,0.00208683512488646
-0.142323217281382,27.2084965606052,90,0.113028522462241
-0.355152216216334,32.538178352501,100,0.0313470532939369
-2.60108868137963,28.6576247545441,100,0.0578004687264651
-1.0585952066763,8.50053847871308,32,0.00263117580296964
-1.46303307253026,27.3609803963906,100,0.0813555712695451
-0.114252578914499,27.0224102582013,89,0.110893244430839
-0.531982657848189,18.4099248202326,85,0.0100998589211492
0.467990904666784,6.41532318971509,37,0.00215170750901589
-0.460316062729117,5.8229878876193,42,0.00203667124294273
5.5871102749345,19.5707351777414,73,0.00924648531653843
5.6732376799832,19.4274252356022,73,0.00896734030646541
5.06027590835607,18.5343554571808,71,0.00829200539636793
0.65923269916355,28.2480914402023,89,0.11254613599378
0.677710532598541,18.6139218064693,78,0.0105626616978816
-0.536032619004716,27.5481375662811,99,0.103237939809798
-0.310625657547787,5.97416764840364,22,0.00207365094404331
5.65525312190461,21.0623969028016,74,0.0115597451199776
0.0106464867109489,27.817441731297,94,0.113597233720283
1.62369053054723,18.3874174457674,66,0.0100109515443709
0.326451671968873,27.1786968057498,91,0.110211903017994
0.661776424007014,27.8036251712547,94,0.108198561928871
-0.284372120081763,27.02499548972,90,0.108918635972315
0.569639728144498,27.5188258795113,92,0.110586024765419
2.11415663870645,18.2647896985707,47,0.00978833362105426
0.0275088582046317,27.9982911637272,87,0.123144505973305
-0.178086029894304,26.8785967540475,89,0.107546609618463
3.69005154803151,21.1978303822112,64,0.0153096096885016
1.0991488149022,25.1723451350486,100,0.0545278245038011
0.208248359265491,28.0137088232633,90,0.11809700264298
4.84438512166057,21.0763502954071,87,0.0126416276381339
0.604292914195548,28.3700697635854,89,0.112043788870673
5.30277476042905,19.155181839556,71,0.0089352892503453
-2.55689843521738,28.0023838942855,100,0.0607583157744668
-1.56558242482544,27.7896980061789,100,0.0809247040709234
5.14842994987712,18.4329237549908,67,0.00813005498163964
0.284000157051138,27.3876106178459,90,0.114863617917932
0.551456897185527,27.6910586300219,93,0.110692141790976
4.32528122767931,18.2682006793197,69,0.00843629979748829
-1.59686633027857,26.94361560329,100,0.07522751343127
0.807840234833309,6.40669433375301,33,0.00214983972897549
-0.560028188662982,6.7431877340425,36,0.00221834463499593
0.370947772775684,27.1834276328459,95,0.105285033849368
-0.606688137621234,27.3720192934706,84,0.118928644446122
5.29634193530687,18.3332379684235,65,0.00792173454392639
5.90004454717899,18.6451653220654,65,0.00786488257896023
-0.84581437446084,8.43481975375385,42,0.00260958944283246
0.187544550305937,26.9350803691626,89,0.108767335007934
0.730767232692221,5.88245809214287,33,0.00205001340435566
-0.350977798918791,27.3470112439859,94,0.10883036208087
5.22512692069571,18.4850561966518,73,0.0081026971808144
4.51551480774664,8.22039129102469,48,0.0024280469803584
3.33903337159312,23.0390145776849,100,0.0225713452710282
4.15268317383312,18.3874753832786,77,0.00865067519310762
0.334941670918376,27.6305314619149,87,0.120971492119428
-1.16832529395645,31.3333601700895,100,0.0428786460286457
3.70007854448313,18.2058531576069,79,0.0086416983386569
0.349056046003639,27.3311289095483,94,0.108650144361584
0.258745892539671,27.1397165306063,92,0.108831224731631
4.26295467713198,8.67398313147141,44,0.00255346674686916
-2.36323941982429,23.7074586032809,100,0.0305438964992505
1.91084021946393,6.0402727013161,21,0.00207122212480208
4.75964967104674,5.93567630414142,47,0.00196469281051243
5.41913348599527,21.1167224652901,89,0.011812446607803
0.545319640400242,28.6339222995196,91,0.106434860046067
0.0124342642215591,6.60618821948786,36,0.00219164535783838
0.847891549515738,30.1929540536687,100,0.0622787923939291
-2.55689843521738,28.0023838942855,100,0.0607583157744668
-2.52929720037132,30.7286788625648,100,0.0407820791006583
0.531479778962558,18.6933298209048,76,0.0107719189388793
3.26558115933991,27.0129307709847,100,0.046982233291557
0.820726391101761,27.7318897028329,90,0.109995001472062
-0.690743310072048,8.55073710139851,45,0.00264010032480665
-0.527221824049587,6.46330883524318,41,0.0021591265960626
-3.30668452045557,31.4982739581136,100,0.0293571867743149
-0.969138908352503,6.29617725343703,32,0.00212724327499629
-0.206121997951536,6.07544362360836,28,0.00209045732785628
4.10811771760443,18.4662001475053,65,0.00888538802126293
-5.00614626547629,32.0896305271698,100,0.0189244039651894
-0.098922307493639,6.37554481874822,21,0.00215217745116199
5.21047053492565,20.537705153425,73,0.0112379622675335
-1.56731346878972,22.9262170015917,100,0.0272391377210334
1.17620685254483,33.9781163528939,100,0.020533589652776
4.83822786060611,18.679464111386,71,0.00864196831105279
0.00758788113151398,26.9877882765066,90,0.109123033963119
0.0393628878034512,27.5659500725904,89,0.119193161372319
5.78818105949159,19.37364336529,65,0.00885400296731738
4.9311905196985,6.38193025470006,47,0.00203550654210598
-3.3408049513998,24.1112393770289,100,0.0284701962127916
-2.60645728873175,33.3963749054557,100,0.0211271838624492
7.05991183621292,8.77536508093718,53,0.00237917471454086
5.39193109386312,20.5823525218317,73,0.0110795881938701
0.699006051534684,32.2683612202617,100,0.0335431296248239
-3.12964461967295,18.1714711561754,52,0.00910852883662769
0.593753183415494,6.61770952828852,28,0.00219615653065935
0.495061649174655,18.8377695855694,70,0.0111645735635115
-3.35240824296131,33.0149981969717,100,0.0209639613928268
0.776860958955944,28.0441707180094,96,0.103756201201529
-3.51658306531727,30.3809739506351,100,0.0349449513778414
5.50953420346095,26.3150104317542,100,0.0234484292211898
0.758650012862275,27.6177633397061,90,0.110670535879771
0.155612689432313,30.4475505165355,100,0.0601893339639285
5.81806150465182,18.681894743739,76,0.00789819909227715
-0.0528778605107907,8.16896579207207,42,0.00254524625408142
0.678768989423024,28.1995322674473,91,0.110178609928935
-1.01875362718951,8.21524614838884,40,0.0025516468197978
-0.788266254551928,6.45082607271665,26,0.00216203124076663
0.23399041826429,28.7673010097397,95,0.102283941546572
-3.85786235850486,31.0177669470699,100,0.0287788077376952
1.07532561798473,29.4887563164318,100,0.0729599574128687
-0.850528835937173,27.5816891368394,98,0.0999745503341514
-0.877562706911782,28.1751419543694,99,0.0983317680787165
-0.657749267406343,6.25757427221343,22,0.00212652019529828
-1.15053226715872,8.04976658771147,33,0.00251244265111987
-0.148288453087359,6.25734044243178,28,0.00212561860842901
3.28845241311622,8.3414416934405,44,0.00251802097493604
0.25096573751339,27.0963934745278,91,0.10930195103801
-0.901360254516864,27.5236070529192,97,0.0997263165693274
5.63919190853441,20.6944270628553,82,0.0108383892667615
-0.45016514303145,6.70713386687564,32,0.0022133703369766
0.535395422575397,27.0277209980835,90,0.106582593017553
0.512968726310806,27.0457819166989,88,0.109539800617545
1.8186688824354,18.4433977896882,73,0.00997961877322705
5.22795007766547,18.2505302253154,73,0.00781872304017641
-0.910452512145331,6.31589605644448,29,0.00213296208802487
1.89605739602804,6.15262521598767,46,0.00208177284796491
-0.67492439546038,7.5777314377399,38,0.00240051618509225
-0.880715163406227,6.67108372579881,33,0.0022026470416363
5.86476370867473,19.6782070027523,73,0.00912755098251706
-0.566482851173074,8.58194654317458,40,0.00265313289097589
-0.603173956130807,5.84144992850122,37,0.00204150049242499
0.546534092871513,24.9329971848368,100,0.0532643576693729
-0.0937370282699201,28.5283712319952,88,0.115542067620045
-0.321515445109884,8.62152138545555,38,0.0026668730375712
-2.58719633478049,26.8775882295363,100,0.0569406451769783
-1.9344319908389,25.2525922567119,100,0.0489044234307483
-0.0344192348054914,27.0052215052501,90,0.109469733057362
7.53619627495542,8.77028089506994,61,0.00233503114752437
-0.0356093861305313,28.8243358678443,90,0.107183090815375
0.727916422646411,28.4080361778449,91,0.107182824657719
1.96351151573271,5.9581987003417,32,0.00205044332598663
0.642451909467353,28.4922692666386,92,0.106247933707051
-0.178283003608347,27.0497090560725,99,0.100086470525844
-0.971310319267592,27.9802897776242,98,0.0984385907403957
0.982806701118064,27.8155970534836,88,0.109063243872611
0.293324726257292,27.2597590225608,90,0.113009499188046
5.84758775346261,20.3964827203019,73,0.010191828511449
0.886197154382768,28.1968982610496,90,0.107538274856453
5.80045916855855,20.2850720479389,80,0.0100055447592177
-0.612998528173833,6.80406483315705,25,0.00223622989385276
-0.751793313311612,6.09953972598852,22,0.00209539228363566
7.86816745641219,8.68891953173071,53,0.00229522691993924
5.22887843084914,18.6318670618207,71,0.00829714284298586
-1.72433095402935,31.4313211889844,100,0.039032269476684
-0.468036511843989,27.2224208932606,100,0.0997193636992197
2.99417434517424,20.5398262615501,87,0.0138563424514193
4.5601897502191,24.9124516063864,100,0.0253860852074789
-3.53954697566758,29.274900790601,100,0.0409368955194904
5.66527216120025,20.410063923308,80,0.0103609473934836
-0.277798905269912,27.0926394723239,90,0.110266804524638
-0.785665354516551,8.50997505050325,33,0.00263650810020777
1.94313159116651,28.6265065996938,100,0.0701144275261423
0.779263994453793,27.4432182512167,87,0.112574694597538
4.73821255445965,24.9245787026848,100,0.0244047600473866
5.61516549818556,19.3417146586973,78,0.00886420123419663
-0.423086365805694,6.18255323180128,22,0.00211306915491238
-0.283936866194202,27.0231619493518,90,0.108885161429548
-1.19075804076243,6.3594694494993,22,0.00214203922452817
0.743296209615301,28.3185360130447,94,0.104573930076486
5.61262898573601,20.94027397592,74,0.0114022074234477
-0.157657746972159,18.9068776389737,43,0.0117087264203327
0.00316172419422842,27.4946272557728,90,0.117158963681434
5.51678429634567,20.2368785388093,72,0.0103448205960699
9.24191495704689,8.84526255560466,55,0.00220545474319453
-3.70927300916998,30.821589051871,100,0.0308419248271373
1.53963616489355,37.9529424563975,89,0.00877085088704128
-3.4470819876246,26.4433552713372,100,0.0420278270100645
0.0961388864984427,30.2791172508994,100,0.0634662998136883
0.562835971240288,28.5886541647424,90,0.10814409532649
0.725681950038618,27.86113675315,89,0.113280889461443
-0.356629792206113,6.08591664648453,21,0.00209515038640821
0.807261474521575,27.896667593584,89,0.111682846586275
5.45799690282301,20.3775149972242,79,0.0105711813716616
5.73768599591123,20.042305545685,73,0.00977921368915894
-0.344492574003168,8.76169441592423,40,0.00270407553532421
-1.13219867330038,7.1716811285935,31,0.00230765390503402
-1.11667956463442,27.943546353401,100,0.0896479216321497
2.13392034892666,6.26128860346428,34,0.0021034372275598
-0.803686939201061,6.29021977205627,30,0.00212831326830453
-1.20723646066103,6.45013603360804,32,0.00215520208822878
2.02313201077051,5.93431693897597,35,0.00204380348275421
5.71449189961985,20.4948809013391,80,0.0104362780036685
2.96153355412761,18.4180066070046,75,0.0094032457811925
-1.08695261980946,7.50920418817926,33,0.00238329223464159
0.452186740564321,28.2651346471782,89,0.115358786189077
1.03998909929247,29.8200717814147,100,0.0674781321817244
2.65832507901537,31.4012538593132,100,0.0338989711364434
0.721534020064485,28.5078954491936,91,0.105934671109994
-2.08048355519013,30.8332381590016,100,0.0433609786749527
0.447777145510225,28.0909164311511,89,0.116900852031422
-0.977834451221119,25.0521253078818,100,0.0533382781823147
5.83450066001572,19.7566495611294,73,0.00926554650032124
5.3142524105851,19.7738512580522,73,0.00981854670388816
-2.67685304655962,31.341623412128,100,0.0342704702488749
1.72178753868793,32.4987212625795,100,0.0290935970184618
5.71090371511711,19.4678546386112,66,0.00904451337935403
-0.842526346722375,28.2455113325493,97,0.100416544276477
-0.19695331757602,27.0194678682766,90,0.109309164231204
0.106132496596732,28.7351228755925,100,0.0982709926369479
0.385093852061102,28.1459962482789,89,0.117227992039786
1.16777879059582,29.2514707743855,100,0.0757721521199805
5.28576875878822,19.1377547135914,71,0.00892542578083281
1.07852909943997,30.7775138759925,100,0.0511014846394917
1.14289250290115,29.2270575928071,100,0.0764954523027968
0.0378616033502883,28.1576845472101,89,0.119185031083196
1.75917253846862,27.9363108228196,100,0.0769152417130298
0.373939907658109,27.4702629923006,90,0.115025945572001
-1.53049225515719,31.47796861476,100,0.0394879781882593
5.45726024325546,19.4375245907953,73,0.00917923004022079
5.49580788887857,21.0342379699754,78,0.0116941552971667
6.76375935421347,22.795275423591,100,0.0122980968078768
-0.614126725514897,28.6022955225372,91,0.106074671462074
4.80905162861862,18.9751009951387,71,0.00908336423395242
-2.26424344963192,25.7242870120753,100,0.0510351241309148
5.81113428361451,18.7209936109221,72,0.00797357187170488
0.30658276403548,27.0178318398846,91,0.107453822813512
0.798134740862641,19.0611369378831,76,0.0115500437912868
0.0998698340452772,27.605161524094,90,0.117972552072118
-0.706821647717008,27.2696311226512,99,0.0985164128982126
0.359822214081985,6.19256125304623,26,0.00211344138921011
0.840531316553755,28.2253086039421,89,0.109408688445803
-1.16285035033268,8.182937446764,32,0.00254654676614376
-1.14373837091787,6.63799224464731,33,0.00219329412174953
0.249270510432094,8.67704482116384,43,0.00267883703258167
2.10656419496468,21.065129788012,86,0.0166318315534284
-4.2778781010884,25.5133590566177,100,0.0296614741399708
-2.34143478670372,30.7881637694384,100,0.0417532621639987
5.89073434965181,19.7690145735375,66,0.00928627588322394
-3.07503196751496,27.2575876124279,100,0.0507068209216304
-0.256731055289141,8.37203099830385,45,0.002595407079778
0.966637128680028,27.7234673470375,91,0.105771221901197
-3.0400958832505,25.0138207748227,100,0.0366959615721498
2.6463302520397,6.17455083598098,47,0.00207075193323737
3.66979093988506,24.7102549847054,100,0.0300326947514854
-1.02741416360428,31.3175191113588,100,0.0436634041845874
5.7686666709465,18.870862231993,76,0.00815625217390544
5.54272200330586,19.4028481323017,64,0.0091268282677867
-1.04565668114583,6.66478615119045,31,0.00220078232866874
5.05223969295773,18.9414019998749,69,0.00885821504008407
4.94287370699657,18.5805229575213,73,0.0084200152447652
0.248082412686584,27.6494439330525,97,0.108608285534578
-1.25235583673374,24.9751604148933,100,0.0505080451966877
-1.69062339961586,29.7804961995799,100,0.0608170104143989
-0.969836509317394,31.2985947546766,100,0.0441364315432545
-4.02509692200782,25.4928037311026,100,0.0315339280391425
0.796394823594442,27.5591036870064,90,0.109570687211287
5.06268225816886,18.1963348649688,70,0.00787760961720656
-0.0284513820103066,27.0546685340433,95,0.104686169945543
5.71271737525581,20.080403441387,71,0.00988362121450207
-0.275655181984201,18.4006545266819,48,0.0104954279633997
2.1199745709341,26.5386934185258,100,0.0619409426443149
8.86387203541048,8.61927867996533,50,0.00219914517626468
4.70446426160207,6.2622044715556,47,0.00202326292466585
0.293324726257292,27.2597590225608,90,0.113009499188046
-0.681649610766341,27.3420622371558,100,0.098666158477265
0.765371838151244,27.3367473446268,97,0.100382637061243
-0.725852381089397,7.88971476050275,32,0.00247837916139924
0.618946653894243,27.3490801292044,89,0.111776824705646
-1.01054055245268,7.2888112417261,32,0.00233455671969645
5.34376927330941,19.9809941512949,89,0.00995469837424855
0.654867195320577,28.4237884898433,92,0.106994021362418
3.46099169792461,8.65880863600291,44,0.00259058853585672
-3.84573412721471,30.0685476596724,100,0.0338261844416274
-0.015838951446608,6.15565712474578,28,0.00210600183383523
3.06235790979427,18.4489871768799,80,0.00935721024764838
-0.385115108949973,6.05630600108858,19,0.00209028232287839
-5.01947375212586,18.8697566912674,59,0.00886188475165978
4.80050413430516,18.1656901374033,72,0.00799044695185374
-1.50853381746945,18.335629367644,72,0.00988984185881687
-0.669567627901445,6.93907292269328,21,0.00226661658498485
2.2842157325147,30.6892973507602,100,0.0432590056419722
-2.16762134814569,18.6359562131709,37,0.0105926183328609
-0.79138017232444,27.8832870194313,98,0.101752495074209
5.89066204925068,18.8796494783861,72,0.00809914707046716
3.72831739958756,18.3062249762473,69,0.0088495902827758
3.58989214871772,18.2650086061177,75,0.00882021654886046
0.940567035148626,18.2959377182701,77,0.00990289293049489
5.42884117596196,18.1861299082351,69,0.00764052901863607
-3.4325614917326,26.0888965775101,100,0.040282518110286
5.65283355374738,19.4651554606602,72,0.00904570592593817
1.65783690789452,18.7792178079415,29,0.0112318569090938
-1.03334199148566,6.54887935654405,43,0.00217162183573997
-0.899168009444153,27.8961560651212,100,0.0979362622355164
-0.322858138795242,6.47992834537334,32,0.00216747872234744
0.370745640371244,8.86942597106233,42,0.00273278332523681
-3.26307156084474,31.2598647027556,100,0.0311533130526841
0.668582010580691,18.2793207813234,46,0.0102290178347935
5.53437909386943,18.8859403499795,66,0.00842557373238643
5.46122270265326,18.6098663315431,65,0.0081424081334122
5.83724512883393,20.3361244297128,72,0.0101212801416382
-0.95164959330478,6.25730127414604,42,0.00211534277891883
4.61832655805838,18.3644462762899,69,0.00838089837714803
4.95324882353632,18.1627060010014,69,0.007911570580349
-1.19403138694019,7.11507822786909,37,0.00229131943839077
5.56094517191557,8.33938956030554,46,0.00239505130557656
2.62996947133843,29.470198081211,100,0.0515291290265606
-1.96965840992565,18.9643998696694,32,0.0114765442907678
-2.26759885768401,27.3602341172315,100,0.0653850874633172
-3.51421878002421,33.882209238428,100,0.0170931828064363
-0.710032079212093,7.25987722298032,38,0.00232763231515086
-9.36691573598089,18.6599194819356,70,0.00554617845828425
1.98439940583696,18.6423457764525,76,0.0102641190306056
5.83105055842014,18.8526210476868,76,0.00808686655718236
0.241891587399661,27.4910836950555,97,0.107567085322034
-0.929029783427738,6.83723209357231,30,0.00223827399702522
1.96583182417913,6.66367737001691,28,0.00218865325970629
-1.19282362305543,6.61657461678095,31,0.00218933617808692
-0.122418110510117,27.7361302129785,94,0.113229283885622
1.6408870862581,28.9753547601269,100,0.0722816415321196
-3.6828749658644,28.7954688880214,100,0.0410890917628193
5.92495593351362,18.9287284957999,71,0.00813697531596832
-0.685453506513735,25.5999188593239,100,0.0645811241921514
-0.499334615960824,6.85086468412795,21,0.00224877764898546
0.499622025952139,27.03643468737,90,0.107170580154086
0.592469117019649,24.5996731987456,100,0.047870229584814
0.692806398013126,27.3255075710102,90,0.109075217379592
2.39330503251759,29.6484512654251,100,0.0531263580097314
5.37657366526143,18.4688563031534,78,0.00794752495891152
5.51099880262495,19.3160952835525,93,0.00880347301286821
2.82769160331982,25.557510160023,100,0.0430960338326464
-0.964307561493989,6.59919247836042,32,0.00218767937970466
1.66168330749888,18.3864383024892,54,0.0101179778224132
4.37961946246329,18.3007934761491,79,0.00837632318779278
-1.62157583466837,31.8119074741665,100,0.0355387304873608
-0.810107496767349,6.02202096807865,18,0.00208199488467413
-0.298130796147931,18.7993057096063,79,0.0109879896876791
-5.52538860605285,24.7716664466293,100,0.020009461361483
1.67813477744107,5.96961666672692,29,0.00205820554742724
-0.64638090132841,27.7912143281283,100,0.101794522709774
4.85706582686021,18.729032404918,72,0.00868891059646762
-0.533606653250761,27.1640666213116,93,0.105576766832309
-0.88718753286875,32.7008829017304,100,0.0293166698878487
-1.59312126500221,27.4840994027755,100,0.0794832495357623
1.73717621719428,18.8740918394278,27,0.0114432793733492
-0.663339423098732,26.2723844254298,100,0.0777274499089764
1.93955336297034,8.71470518759962,42,0.00266345276593227
-2.56741311396674,31.1704973727021,100,0.0364380726824831
4.80054861057388,18.3181007101836,71,0.00818882154776767
0.00447641183116476,28.7628151579673,92,0.106226289839908
-1.14474850540726,6.39645107123569,31,0.00214569974682781
-3.85135325851145,25.9602616200763,100,0.035276324356099
2.88304168235659,28.3204952574194,100,0.0542774759012771
-0.984630951049581,32.0263024310145,100,0.0354380229158507
0.641974895708304,27.7836826412255,91,0.112118354343098
-0.696406942951723,32.0593592293329,100,0.0357012505417004
5.55685213790853,18.7862980963119,65,0.00828953012602715
-0.718874643100927,27.4643524729832,96,0.103355999325008
-3.36190214046725,28.2162942565765,100,0.0468835286871428
3.40108805728815,18.4331985255785,49,0.00941120791326475
-3.09111310678486,28.3351927656144,100,0.0508114190247881
5.04259307349251,20.9158271789388,82,0.0120820450248259
5.05509208311453,8.57086606672133,44,0.00248155387295546
0.0876207908382166,28.6519412406938,93,0.107136437804005
-0.0507891135599228,34.5899434796813,100,0.0181228079692618
-1.5890104390852,29.2626701377128,100,0.0694928360955191
-0.757625369962585,28.0925316926422,98,0.101744987476733
3.43204242206806,18.6884055697939,46,0.00985991730946125
-0.2273631957495,8.34759450149118,40,0.00259245411338523
5.47513583676596,18.9510372070276,77,0.00847674928892192
-1.87886596986766,30.0795353260482,100,0.0544900026332759
-0.2741349166046,28.7548697819464,91,0.10666971917985
4.5563076080143,18.3509466976565,66,0.00842413589799253
5.1259751752734,19.2034744459952,73,0.0091379736057734
-0.55834635287257,28.564284536867,93,0.10518534029026
-1.51611629075013,27.9990381414044,100,0.081842449641397
5.93226243765111,18.739322793081,73,0.00789876726432862
0.661776424007014,27.8036251712547,94,0.108198561928871
-0.553428666108974,7.56523551962419,29,0.00240364445003224
-0.570836302293969,27.977214431369,100,0.102666188171504
5.69243898938046,5.82299334240587,48,0.00190916574852826
-2.65122299720985,29.8340479001701,100,0.0480261928078735