0.126391748280949,18.9146094553558,84,0.011190802421418
-3.05651129073907,12.776968426411,100,0.00405221880061165
1.13252225550433,5.95730559100458,10,0.00207054014113742
-0.428936158210792,5.81505032330304,25,0.00204240323854115
-24.425260571496,-2.16171678352781,94,0.000663010370745338
4.57820369696669,5.98055453555415,89,0.00196261162109071
11.9426383807713,5.96417787782664,76,0.00158576929286054
-15.1454168686729,12.0753311348092,100,0.00204716908109399
7.6699041477272,5.9563886256871,35,0.00184144849464478
-17.7977058185476,-10.8339973955579,75,0.000548702745617686
-0.192214446905541,6.47846599510834,63,0.00215303427838543
0.0140767758441539,5.96074428704058,48,0.00206044214371953
-2.82431974113051,-11.6904291341125,60,0.000633227213364921
-5.61624223922123,11.8967257989028,100,0.00337485809195872
-0.334652156315281,6.20096525081588,34,0.00211157427317513
1.85283831134426,6.04666425865367,53,0.00205969176418128
4.58681057627379,6.01998340408626,30,0.00199211070107949
-7.43318213858693,5.89779564507137,100,0.00182633091228772
2.89694177418412,-10.9361688234869,40,0.000658530793565193
0.398259277725488,6.28559026050239,36,0.00212689891800042
1.05537030055606,6.08504091891139,22,0.00209022468147093
0.0288598521647365,6.75036995897839,23,0.00222781409651822
-10.6047536354769,8.65153383469448,100,0.00203510785866371
-2.36329565323177,18.5479045868052,63,0.0100477969826018
0.371135829680959,18.1963960060966,75,0.00980893477637994
0.0971676060931124,8.85521217964823,45,0.00272747574700645
-24.5256937691893,4.53756557388146,56,0.000868052356315207
3.45632799825318,6.04049025469601,38,0.0020292531551448
9.43698570951423,6.02542523640524,31,0.00175481598583962
4.98709819033681,-4.9038807452622,100,0.00090226241662357
-1.04440507307207,6.80184174385088,13,0.00223818867326843
5.13392384247757,6.33396105856218,13,0.00203259580380428
-6.51909569717261,-6.31720023887515,100,0.000819292640212873
7.74148608296899,5.93449489388759,55,0.00182777407049758
2.81784237810491,18.3265599150581,51,0.00953731808057822
4.62560625724603,6.12092565956872,11,0.00201597329651546
-19.3698548573016,-5.63406072381569,100,0.000663558046021606
-2.72178029469614,19.0461355822486,68,0.0107741113815504
-1.159398484271,6.69690039665532,12,0.00221545623780962
-7.47551133953755,18.2478067835607,98,0.00628921773621976
-4.78340859966779,10.2722856559913,100,0.00292266770137484
-1.12888951045035,6.43392836203328,13,0.00216167190063552
-7.56533363667298,4.95241630438871,100,0.00168933391883584
0.440062570019367,-10.9409083372363,28,0.000662470559816496
3.97904910575141,5.90881557686768,15,0.00199942982812894
0.183036126658846,18.8053697104026,100,0.0107592580174176
9.75321604773005,6.38528309794455,57,0.00177637951934539
1.14376531401062,6.5696094175009,13,0.00218893795482019
3.82752537102167,18.4605650121449,53,0.00915553376332175
-7.40723778556037,9.99196895240427,100,0.0026036319200041
-0.808803304216238,5.88325191846879,28,0.00205175790567829
-2.63336823053312,18.4115449862354,71,0.00959395652006905
12.9377189843293,6.2609416656446,75,0.00155676362422636
4.46130943710496,-10.9566233186528,21,0.000653709933045016
2.83538906446914,18.2608886276545,29,0.00961472857847281
-3.75115473759403,18.5090433245173,45,0.00935141702487925
-6.71621486042497,18.1835299108416,94,0.00670841390794856
-3.25055102401303,-11.0904368500411,55,0.000651805551811918
0.250154079552486,6.12951175301809,9,0.00210911993762366
12.4732823606461,4.83945312911896,100,0.0014378429515606
-12.6637119577537,-11.1069176966897,23,0.000594499364575483
3.71978823566184,6.65865279355738,25,0.00214230313300122
-4.59868556634114,18.2051988639404,83,0.00809140324557511
-0.783545324852023,6.97526487509917,42,0.00226275713784798
-0.789354738582657,18.6262191477677,78,0.0105697504875433
0.379525940388601,8.03519573445961,75,0.00248993504156702
9.11725400933383,6.43298967363984,71,0.00181720696612753
0.585072143768003,-10.749857638397,21,0.000669272437533888
-9.96745567164333,9.25851217060453,100,0.002196293766574
5.4516161110535,5.97857729912501,33,0.00195018502191383
7.49076939770063,6.22967688247703,19,0.0018981204155009
1.28915413729609,6.6386253706208,23,0.00219653684743828
9.3574588019544,-10.8601524731667,53,0.000627703463179131
-11.3599289659843,-11.5920169838028,37,0.000591643110385362
-1.24158433920575,6.79892535016116,97,0.00219412064945227
-7.13925630663287,18.5187299283296,99,0.006709050160811
2.60636625063465,6.33343372898152,17,0.00211487848518944
-1.24405859427987,7.10517839692005,57,0.00227809841275225
2.44838354393258,3.77486792679002,100,0.0016777152681089
0.302623963486647,5.85442279295948,14,0.00205468588326936
-1.19688523595616,18.2559641835987,56,0.00998056023451434
-5.82411462219783,18.5278086613009,46,0.00790300343500618
2.04036903297338,5.86271910182841,11,0.00204040474406402
-6.47299716414912,18.4769761845665,42,0.00740384149589672
-7.44624274235585,13.4282085542864,100,0.00365417200771285
-3.57026313727227,18.6017845611791,87,0.00925195917694132
-7.43142672827595,19.0736998664252,89,0.00702998123970611
-17.0287861290315,13.7337054099545,100,0.00200213158630335
0.691872683304913,5.85318781215782,9,0.00205493303618969
8.08179560988739,5.8586044657271,37,0.00180494922971362
0.614666045197107,-10.9975943919575,24,0.000660638343976391
-2.82380536695262,18.3318615817323,46,0.00958921261594003
-24.5895473495038,-1.5108421126031,94,0.00067674301037111
-13.889389329363,-11.511410936264,82,0.000570704121673562
-10.0054596930162,1.96180589800565,100,0.00128075297493393
16.1892884960134,6.43794817048976,74,0.00137108137335073
-4.75380030132699,14.2840405749132,100,0.00461169852680184
0.562859441411909,6.68820346516521,72,0.00218954876713531
-24.7444152756828,-0.365700575427833,97,0.000704400449131771
-0.531824857391198,-11.1762850057284,58,0.00065320546714662
-8.45260509659252,7.06554858879032,100,0.00194625177468569
3.80441094235806,6.16283089895885,96,0.00201696137013569
-9.91204489535619,-5.64736736768753,100,0.00081236344540233
6.92571500015046,5.8184312745667,66,0.00184722776942943
0.821836009315618,6.17032090795036,57,0.00209304768444765
-3.9329207679573,18.4032913740858,61,0.00893482758324139
-0.0400382061026416,6.08096947583064,22,0.00209431714364204
13.0886392297252,6.40630743696862,98,0.001556838396216
12.150651620413,6.67636275644853,38,0.00166351104467861
-0.649202650923577,8.74320824652548,43,0.00269453578300121
-7.26795945963056,15.2555318692006,100,0.00451206515560409
-1.85297853721505,18.2421000575951,85,0.00949106074601634
4.42147607792057,-7.20015458227715,100,0.000794437953458635
24.4082544560853,1.39308551477521,47,0.00076809230109877
-2.76944925812766,-2.61878380653466,100,0.00105640969826429
7.8445487989137,6.36522683780963,22,0.00189855509284684
6.09976482426505,-0.0261141072552056,100,0.00121239688406543
-7.10856049987928,11.4348978021051,100,0.00302794296862695
-6.95786509254759,18.1984049387082,73,0.00666741403498516
6.56760441457571,1.1600486528698,100,0.00130550378623844
4.52353212637844,6.41988920992391,22,0.00206913097045928
1.59485612932371,6.19290077361519,37,0.00209792568670038
5.42145389698339,5.99981929192353,28,0.00195689089786256
6.51696067902522,4.18597189214506,100,0.00163161443372694
-18.6607028392799,18.3760211781863,81,0.00223617532970194
-1.2243253197016,6.61155011345097,29,0.00218890651778846
-1.05340821969428,6.19912115911159,25,0.00211078284261324
4.74737458532628,6.6143543483613,13,0.00210009676462633
1.07608454034359,-5.12547966421085,100,0.000909767153641942
5.45740790763466,5.91557256654132,47,0.00193424931822844
2.67247557874472,6.0075580844196,28,0.00204739157219364
0.600599538167105,-10.8897123006678,79,0.000661901989338818
-0.809221894161092,5.88244788093303,38,0.00204740581171338
-1.18067124412947,18.2080399458589,80,0.00966378027097463
-10.2403042887418,-11.4732818266486,45,0.000603329495936061
0.144968696921533,3.90491457796355,100,0.00171283516675973
-4.52063943843484,18.2311798951876,80,0.00819167491323018
-16.2637788095873,14.8478062745693,100,0.00225346603757724
-1.90835471873189,3.18343480527848,100,0.00160633105799513
-1.05294216713442,8.64814683646718,85,0.00263398784616973
-5.82411462219783,18.5278086613009,46,0.00790300343500618
-24.5560454901138,10.3586458791358,72,0.00108998832117728
-3.95278627116135,18.5054858563135,87,0.00886874103770954
-25.2585540763628,3.75576017134669,42,0.000816880337263739
5.43715078671928,6.60189185107764,19,0.00206473645830751
-1.20961665536971,6.99693544234733,11,0.00227902982541788
0.662049801029221,6.59778230874278,12,0.00219937916451329
-0.124630570482363,5.84781685230004,60,0.00203455842045387
-17.5521135254511,10.6394533807854,100,0.00162716062377428
4.42676652481461,6.02794546247011,30,0.0019992409801035
-5.59524761869872,13.3623337366837,100,0.00397731410429542
0.84786191817175,6.24208162366909,68,0.0021016894215868
-12.1838175999683,4.97480801451669,100,0.00146598550176479
-20.4797735033577,15.1547822000015,100,0.00169268869502001
-8.1745916124595,18.4194731982644,50,0.00617772722197583
-13.8855094426877,10.3985956839879,100,0.00196985270114538
-1.08343609124727,6.64955845203472,38,0.00219389615655535
14.2934896327929,6.40264191906578,75,0.00148549541013409
0.230492937908203,13.576082163803,100,0.00467246618924378
-6.49471058772835,18.4783811033889,78,0.007198375793767
-3.11197469633262,18.6230830683878,66,0.00975335219347092
1.95244577963983,6.42669679818234,58,0.00212787460315419
-6.49061524984305,18.2347721850636,45,0.00713277510525493
-6.61669501166929,-11.5373748140583,20,0.000625417400475489
-8.63610635529779,13.5924134770107,100,0.00347122638666755
1.32737948493805,12.3210064433753,100,0.00395004514632999
1.3274845731124,6.10235259194578,28,0.002088065359483
-25.0893762352344,8.4148011528921,77,0.000984017955530184
-20.046422942862,18.4763523224142,85,0.00200265909103724
-3.30278992811812,-1.97349709837217,100,0.00109779039324583
-1.08225126558853,-11.0717300484522,58,0.000656319529242905
7.59982867529878,-11.645993775428,56,0.000615354479548522
1.38839762679182,6.19821822534106,10,0.00211365111956964
-4.13990828665392,2.40633307518137,100,0.00148149923480596
-1.04440507307207,6.80184174385088,13,0.00223818867326843
-0.54479112358409,6.62861814534528,46,0.00218999595445864
-2.72178029469614,19.0461355822486,68,0.0107741113815504
-10.554267385813,18.3715525407535,51,0.00482049332182201
-11.5836279192978,16.7873644164941,100,0.003749361732958
24.4082544560853,1.39308551477521,47,0.00076809230109877
11.5842111866449,6.77837365710596,37,0.00171443651650582
-7.32883691268643,18.9870359108114,43,0.00726404879849964
13.8584258117926,6.29776685124528,51,0.00150820427540978
-6.04767190297232,-11.5776740390384,30,0.000626604522129058
-2.17453915391559,-11.6299584253166,47,0.000636989723709209
1.13606067904992,6.12383249441188,13,0.00210081237886091
7.63955006390082,-11.1681709155804,96,0.000628078246616425
-6.48993655784032,14.1590750979112,100,0.00417067254041621
0.556944567637956,15.5743101841548,100,0.0062042541988603
4.15189826010484,6.53894652476964,40,0.00209740659368228
-10.8975915322801,9.78835572192954,100,0.00219641438241566
9.80986287017536,6.63434721710744,34,0.00181450264460042
0.962725262325212,6.25100308093695,51,0.00211001626355996
-15.6308764580088,-2.30464094933122,100,0.000858954945506923
-2.49851521789073,-11.3530030559153,15,0.000646663174269765
-1.35070040316763,-10.8193300383168,24,0.000666084259490951
-1.93741577935908,19.0333579223904,86,0.0109665949085476
1.29257471300519,6.22215586811621,76,0.00209020694451018
-18.1310296414171,8.94976224352601,100,0.00143620575184111
0.420492276672871,-11.1376915132043,34,0.000655568270784759
-15.3971404870782,-3.5562228062351,100,0.000810353308650212
-1.159398484271,6.69690039665532,12,0.00221545623780962
0.129408152871067,-10.8849052794428,20,0.000664813524760638
-9.6516020248009,18.152821933898,83,0.00508627024804617
0.986416452322319,6.12437013708955,29,0.00209527050645428
-24.5334201739292,10.6889962739782,59,0.00110671436324405
1.89755022410729,5.89951930069333,13,0.00204868206729229
-1.0021356266413,6.41781707667651,37,0.00214857166556282
4.92828614604326,6.7424971941841,23,0.00211197647356965
-0.696836017275456,8.25581764404513,18,0.00258025229788811
-11.3950749231503,3.91914503893981,100,0.00140257875782759
8.29046067935669,6.02010253395476,18,0.00182326096307456
-1.27353679849704,18.8067452365972,78,0.0108334504280768
0.299734069855105,6.14898563664801,13,0.00211098438837755
4.86907621202176,-10.8866397225749,77,0.000652015122929885
-1.27438834619969,-10.920756464655,73,0.00066055957913685
-12.0787627240119,15.8669158274735,100,0.00333710181617786
6.51182322086173,6.05481879746676,55,0.0019072152653313
-6.59529571233752,18.5432332680739,65,0.0072608935505579
1.39054445772083,6.31717649767102,11,0.00213638190668663
-0.132349984137236,8.62422167460648,34,0.00267107410003867
-4.56324115128936,-10.9100812125863,41,0.00065400547407979
9.33169548400796,6.11199958312881,88,0.00175496844565826
10.4274492542644,6.19361341515431,35,0.00171638886157028
-15.8106270524753,9.00364591264394,100,0.00162473332162921
5.37046874497232,6.42475338426553,47,0.00202443201519098
3.13450977070292,6.19049749924137,9,0.00207793482315017
-11.2222592073735,10.5009195864647,100,0.00228717452609518
-8.98010267258727,3.80249259354973,100,0.00149395017402804
0.660321186948565,18.9804991733194,52,0.0117089840169023
-12.718580987753,6.64659917992048,100,0.00160843047250774
-24.3841142944165,4.89688543471493,48,0.000886802014586237
3.35717653661477,5.87835031401645,32,0.00200553975500709
-0.0326230012001352,-11.1651206282008,47,0.000654168319908884
2.41958284600872,5.85322716471736,99,0.00199597681567016
-0.91668973628179,6.12961453197609,40,0.00209202972129645
-7.45103159946394,18.6872337469224,56,0.00684082565986896
1.09906990485111,-10.7868125527488,32,0.000667120044596284
1.81772060912731,6.2373322236,15,0.00211283238079323
0.0563261460284251,6.31993337613305,57,0.00212480293080523
6.96977172328012,6.3341498348648,90,0.00191609736803724
-11.0776267381094,-6.68247943998399,100,0.000754214319281759
-0.93164377335026,6.67955277251019,17,0.00221174027273806
6.01728101232283,0.704431991566898,100,0.00127616022928998
23.1445617172391,-11.1190810661447,71,0.000484698824696303
-6.26485365757923,-11.0927897317582,34,0.000640629151846786
-0.384263654691836,6.76791248735254,19,0.00223275614154469
8.62173139054286,6.15578611091122,20,0.0018236135453773
1.32272910139063,17.1538209791488,100,0.00791769752740656
-1.79343090528375,-6.30341366133137,100,0.000847213037869747
-3.04859756219212,-11.4600054991186,95,0.000638628752228198
-1.00332692003434,8.31617767252787,99,0.00253925071878756
-11.376927593697,5.64220343395203,100,0.00157972672516014
5.98140341655254,6.19786096410625,32,0.0019639420463652
9.3574588019544,-10.8601524731667,53,0.000627703463179131
-4.70630204154554,-10.734504115253,29,0.000659812788610239
2.8386101196632,-11.4926156629157,29,0.000640785621992468
3.93349888913152,6.49223342582551,38,0.00209728168001751
-14.7583233123812,18.9918294023857,71,0.00328433676432976
4.83437682797774,5.9574086020294,31,0.00197180382284369
10.4959305370024,1.25839563402353,100,0.00120805532178855
-7.38912908205871,18.2256930153542,87,0.00636764573543513
2.54970382107658,6.25047382737031,17,0.00210027987548507
3.33906249545551,18.3374471391591,29,0.00946495660265926
5.13392384247757,6.33396105856218,13,0.00203259580380428
-0.49015374448545,18.3721963688825,78,0.0101027327464728
0.00452944613436496,6.14540218546588,88,0.00207779925230228
-0.647820623107954,6.55760193362107,39,0.00217833845310133
-0.0369536625189034,3.42764815243098,100,0.00164771093629089
0.156904292202877,6.09825241111205,41,0.00208919586443322
-7.63836038725583,18.4373318913559,78,0.00641619906493574
-0.3984398555503,-11.6764822275247,27,0.000638165800047561
2.22117706655961,6.09033169970057,33,0.00206993528435794
-0.331694490890427,6.59533491447078,35,0.00218938360909465
2.76221317946332,6.29737993649499,48,0.00209060384566348
2.04426456665917,-10.8318301039477,20,0.000664790466888954
-0.163282775336319,16.2509547344721,100,0.00690959481276234
2.39888134242083,6.07328069927587,23,0.00206752273988444
-0.668193604442459,6.19728244565809,95,0.00208257685536804
4.9708667770353,-11.4485087210144,75,0.000633566400794566
-6.34054552978041,-11.2081368591666,87,0.000634429447818673
-0.41385298237946,6.47679362219014,14,0.00217501643985448
-1.31363993002596,-11.1814146693415,36,0.000653357682558784
2.35313709744827,6.03107424631255,22,0.00206103038319323
-6.47299716414912,18.4769761845665,42,0.00740384149589672
3.22788511727971,5.99857405069194,28,0.00203212290771801
9.07474452236755,5.99954552930982,57,0.00176402469542965
8.31456570958378,5.99393558055814,23,0.0018164914242544
0.143570303122736,6.33369574980393,63,0.00212469137493312
1.13606067904992,6.12383249441188,13,0.00210081237886091
0.752729061877731,18.7468859127862,88,0.010713638210641
4.45057062216411,5.96473996877537,21,0.00199098043363406
7.44940414129589,6.12709853953557,37,0.00187804944976656
0.843275685775778,18.6013455485775,49,0.0108392059467977
6.64733995880915,6.43018051489428,23,0.0019736390607467
-7.10856049987928,11.4348978021051,100,0.00302794296862695
6.7479536555461,-7.60314339978159,100,0.00076152294583493
-5.58751371776271,3.73233976129026,100,0.0016042996987937
2.2191616314961,6.36689171372039,18,0.00212932450570581
-3.89516492305355,15.3109352347007,100,0.00547695057345718
12.9963528632805,6.24962655587363,84,0.00154974405649331
-3.45882722897809,8.80585691111574,100,0.00259759185850699
-1.0759241407554,7.76921995509823,98,0.00240646253511463
7.88726768566383,6.44660444182475,48,0.00189934812596352
-1.159398484271,6.69690039665532,12,0.00221545623780962
-0.501088545478668,6.03033646343903,52,0.00207064951039475
-12.6148581547689,18.3138595479173,67,0.00387765173121358
7.67454994723693,6.49171680182125,17,0.00192992050531872
4.47361652246088,-10.8557294537428,14,0.000657324922609168
-1.10056282720959,7.50552633441898,34,0.0023817057672599
1.13606067904992,6.12383249441188,13,0.00210081237886091
-0.967394696756048,8.17852528107126,15,0.00255920762518076
5.16164680525778,6.39847840752332,12,0.00204334527552737
6.42797921105903,6.29961162608953,13,0.00196686403715153
-20.7799202187491,8.53102360791664,100,0.00122644732686941
-1.55256004434874,-11.5115996193645,47,0.000641753122334559
-10.1578717969935,-0.0976451858293231,100,0.00111759017486749
3.48557165486104,5.93179422531917,36,0.00200984576927382
-6.45516812989524,5.77986949806667,100,0.00185474755410366
8.4675825072138,5.82622012000867,29,0.00178239499611066
3.68301611965685,1.40821237594887,100,0.00138268972660196
-0.5638263878537,6.11187472045368,52,0.00208570753872687
0.632345305103669,18.3390639623377,72,0.0100834286449827
-0.41385298237946,6.47679362219014,14,0.00217501643985448
-14.8653697421696,-1.5929763158148,100,0.000910389599312368
-10.2599794456357,18.3454327248716,72,0.00490391548503973
-17.7821684642656,14.9693465333311,100,0.00203125152340443
2.81784237810491,18.3265599150581,51,0.00953731808057822
1.16280500154572,-10.8788302354126,66,0.000662407023554775
-1.19107467991982,6.52829213357384,32,0.00217101453802994
-1.01297617880674,-11.2822994805799,45,0.000649923142274179
5.78416443248958,6.46496280745588,16,0.00202528341793136
-0.500175383464492,8.62192679524698,100,0.00262259184413479
-3.08175355547544,-10.9394651885992,100,0.000655354119077793
2.55056417823881,-4.39429526371259,100,0.000946229864254974
0.0288598521647365,6.75036995897839,23,0.00222781409651822
-1.15831910422519,6.5461704572795,37,0.00217261555774133
-6.52035348979129,18.1935925645085,75,0.00692619898174471
0.120947860696743,5.82221039330003,77,0.00202292267779479
-5.18776358897536,18.9503052196897,89,0.0086118866646276
-6.13679652929321,-11.464556406355,76,0.000627872831735729
2.01920233048002,6.28591003570016,12,0.00212011351265196
-0.291748738682327,6.42659086425572,15,0.00216482961106093
-1.56575815288434,18.1999552459124,78,0.00957002456363747
10.939984870841,6.09972493968694,62,0.00166570160887295
2.34537986817187,-11.3091822915323,35,0.000647574672892242
-2.59047439731213,7.34276603042078,100,0.0022850919176372
-4.24831807028857,-10.835825560528,27,0.000658279414044152
-1.14339092105102,18.8045485522123,51,0.0111942062074484
2.90198664203664,18.9353235116145,90,0.0102046610169199
-1.147216465824,-11.0384678523499,18,0.000659107126836971
0.834252863112945,5.85655188070625,9,0.00205464074447679
-5.73518541169392,-11.343305845313,47,0.000634723393489412
-2.49533076003975,5.98724117207994,100,0.0020218386280392
-10.0631696475138,3.07970123535659,100,0.0013787534488598
16.4163622339945,6.11961325091681,36,0.00133923292532405
12.3075783467847,6.19017238042443,38,0.00159792277020048
-7.7264134879084,18.9324656687561,43,0.00691460596530006
-12.6160313498862,2.40751176340109,100,0.00122405416417529
-14.0877307254233,6.35665077687347,100,0.00149072989860726
-5.09666815548669,-1.01363025474626,100,0.00114990783419171
5.48500266503593,6.06415245325758,12,0.0019712237024483
0.528600542554377,6.66809125142559,28,0.00220687320997856
-12.5890270010207,6.60884557355606,100,0.00161277657236827
-9.11244589840808,-2.105236693273,100,0.00100915592899513
4.84254557159961,6.55389564306804,21,0.00208136475076947
-15.3196832116572,18.4693236833675,71,0.00302204546385797
-1.2243253197016,6.61155011345097,29,0.00218890651778846
-9.3864702372993,18.1797933095672,52,0.00532092772775922
-3.73549113778477,18.5846236806616,73,0.00924125373030285
-17.259156763038,-4.2568615490547,100,0.000746629899202225
8.50399418164223,6.79782223867737,19,0.0019275759366611
-2.18323183045237,18.44672445727,78,0.00979426900289308
-15.3350238360381,2.64568040953909,100,0.00113521785632722
9.78612281800851,-11.3353570462391,71,0.000609703273721194
3.61707442927414,5.85398677570396,12,0.00200198903529691
-0.607108991724074,6.05195237534966,29,0.00208413910052718
-14.1296517400229,1.18367959535883,100,0.0010854933932987
-0.41385298237946,6.47679362219014,14,0.00217501643985448
1.36731404442922,-10.8254599366244,29,0.00066563228673909
-13.6673813248418,-4.50380861635564,100,0.000803732915236228
14.8922908989951,6.31343635390935,88,0.00143721734334495
-8.41709772182791,18.4490476926352,96,0.00588450534626615
3.28854807330679,5.90413526228945,19,0.00201722789018477
-0.306288469956806,6.29984410985063,56,0.00212094285326866
-8.71763375699583,14.6059056473015,100,0.00382260199139732
4.89016381073773,6.20765819604671,23,0.00201616104959278
2.60636625063465,6.33343372898152,17,0.00211487848518944
5.82521430470408,0.395115035320433,100,0.00125278445552554
-7.74878483505809,12.8620061048758,100,0.00339073213723196
5.42469514844308,6.3415553480032,27,0.00201562121590566
-1.76759341812504,18.701378016467,51,0.0107494078289054
-8.43457278052877,10.9690515324755,100,0.00272934028256437
-24.896431201111,4.02134895916434,42,0.0008380308530169
-1.0889706523658,6.24410158644349,66,0.00210089618248406
-6.73037869817245,-11.0626711641492,16,0.000639848677305902
9.86869669838756,6.51871889998151,65,0.00178477345392419
-1.32092995633866,18.2165238820846,56,0.00987495120892606
-0.919654570512465,7.97085674470915,96,0.00245715977656176
1.51980693600401,6.42605401925667,69,0.00212957243201928
20.528172072237,-2.91632978025913,100,0.000725391778941248
-0.48641213116926,-10.8088258183577,22,0.000667239932919633
-15.0615838384592,18.4928703550866,71,0.00309963550775699
-21.3537094764441,18.2705893335753,73,0.00179803594590457
2.45210146717934,-0.838279272179956,100,0.00119107745119341
17.7169157846569,6.06797956885874,51,0.00125812098179884
6.71865753472087,6.50422528575093,24,0.00198191205819064
0.430471260289122,5.88242154590153,60,0.00204017271575345
-10.7728218376452,14.9623035782869,100,0.00342070800194908
-5.90961140877622,9.94135796733083,100,0.00273263967840842
4.85461885505141,5.83970756619524,88,0.00192969716426297
11.8132247910011,5.91030106547013,25,0.00160052032567562
-12.9134332616583,18.7622118881153,71,0.00388274130579885
-0.657698251377136,6.31874585539436,53,0.00212443929417445
1.86091908733866,-10.7685376536149,84,0.000664441490334231
-0.0400382061026416,6.08096947583064,22,0.00209431714364204
4.42676652481461,6.02794546247011,30,0.0019992409801035
4.34238783011346,5.8673810111551,31,0.00197399467814757
-0.167204743204151,2.48147156483097,100,0.00152890847620834
6.1975358181113,6.74201552924977,55,0.00203735733738427
3.33722523336958,5.87045347138598,20,0.00200951473938173
-2.6105950580826,10.8198553927187,100,0.00325600483215789
0.0518169583683842,6.14931087948118,48,0.0020959467102937
-0.91668973628179,6.12961453197609,40,0.00209202972129645
3.23617308430811,5.10632352555281,100,0.00185818396829236
-3.59684406689127,-10.7707987288118,85,0.000660165194408215
3.47850483683656,18.3921671004401,62,0.00918575137674152
4.73409912261545,6.00540080373566,49,0.00197671346120186
-18.1984803489216,18.3733634269886,83,0.00232339087871414
-17.8384075858206,-5.48417013895638,100,0.000694431964121328
6.96389412522987,5.91348258722213,50,0.0018653212305691
-0.944378484958112,7.78985961491698,69,0.00242982075655127
-0.301802460322633,8.17016987022025,75,0.00252378566698287
-0.877951874635427,8.30914986137101,61,0.00256373534239343
-0.41385298237946,6.47679362219014,14,0.00217501643985448
0.816231931555599,6.403697358312,52,0.00214044216409028
-9.18097072761435,-10.7427093005216,22,0.00063385182085243
-3.51535893972876,18.2195732038282,62,0.00889518230603547
-12.2490310533821,8.58843783878048,100,0.00188189065531063
-11.5975499705124,1.4245881127672,100,0.00118581691245606
-0.507878160471643,6.22513100289442,37,0.00211425444009246
-0.384263654691836,6.76791248735254,19,0.00223275614154469
0.0644035229667606,3.90832692884318,100,0.00171336444542443
11.0901915023723,6.60328717189139,55,0.00172030069453791
0.0329972402601286,6.54003558547767,37,0.0021777209038249
1.4143321606879,6.16733239816756,17,0.00210425852521293
-13.1804475288191,7.3623973914952,100,0.00165610191927589
3.1344582760672,-10.9932791838037,74,0.00065453629385704
1.43437397605133,6.23897850301208,23,0.00211514673753159
-24.3916942830693,8.81191015223743,79,0.00103451926353967
6.83994573479774,-11.4962241258888,56,0.000624104602507646
-13.8775767331138,7.18841718388052,100,0.00158767062293589
2.71321870917573,6.60234753533947,58,0.0021459094649457
-2.48263080934146,9.95784143528611,100,0.00297092076986354
2.70265996510851,5.83323971351063,54,0.00200465890489735
-1.62763989361171,14.4138242147323,100,0.00517108298323685
-10.1886535011846,7.15872659076592,100,0.00184398572969593
-0.478272978318057,8.76979994722584,39,0.00270626717563976
8.94384441394697,6.05932804836659,65,0.00177709369084854
-1.03204340990356,7.65081925941437,46,0.00240948151021592
-3.75115473759403,18.5090433245173,45,0.00935141702487925
-1.06159864205783,7.83857358884155,100,0.00242168869019324
-0.133008966423623,6.6704004654986,23,0.00221106767178423
-0.796243577070242,5.94693249408164,82,0.00204093423672305
3.33906249545551,18.3374471391591,29,0.00946495660265926
0.845360358024882,-5.86271023187432,100,0.000871140719093559
-1.55329181193102,-10.9425463197166,70,0.000659610061909972
5.56675674832233,5.89457833134591,47,0.00192632270564955
7.6726623656358,6.51313143407688,65,0.00191566365095625
5.59859862115292,6.11148825984578,25,0.00196929156534375
-1.4115563120369,18.380076190832,78,0.00994175345672624
4.37800963387295,6.45479019661073,38,0.00207424175907515
-8.75133301132449,-10.7905955447568,60,0.000633934155865286
7.0964611114617,6.07820563369711,82,0.00187279538603765
2.30267830581289,6.25098447882364,40,0.0020955298068565
6.42797921105903,6.29961162608953,13,0.00196686403715153
10.5347291090864,5.9548855160825,24,0.00168302086556392
-6.2701085653707,18.759442452807,50,0.00780896749148786
-4.62279732540975,1.22564124789108,100,0.00135002659206732
-8.34599359910224,11.1532120904372,100,0.00278773103032433
1.39584315934285,6.67033603659516,13,0.00220651376073167
-19.3465333610314,5.38048390354333,100,0.00112413413378963
2.08230419985928,19.0236829970309,83,0.0109123452173785
-0.705819129673935,8.29197385243103,20,0.00258829186254086
0.776638338359518,6.15567743474574,36,0.00209980177570276
25.1562558848077,-3.51734611517059,70,0.000615250732833118
2.167257079102,11.6334439334036,100,0.00359790878476209
-3.83212251478718,-0.840820181446546,100,0.00117869738590573
-3.20281809270383,-10.8553837405399,50,0.000660006902582876
-4.87076418557682,-11.0644744266778,20,0.000648577302128606
-9.62811853569094,4.36115831505558,100,0.00152705489327242
1.09398869635342,6.4129882199347,38,0.00214626756012715
2.97545511644534,6.28576757665666,30,0.00209093405104492
-5.99004473164601,6.91353831560489,100,0.0020636101044161
-12.6148581547689,18.3138595479173,67,0.00387765173121358
-1.68925050969573,15.85967857589,100,0.00637787877782296
-0.721216764787873,6.39169163758319,40,0.00214425483686213
-3.71153561428308,-4.33355007378866,100,0.00094323540353106
8.50521548264367,0.742213833847075,100,0.00122297075559057
7.55904447459868,6.19986419820276,29,0.00188624020710379
-4.25926505702824,11.3958682434749,100,0.00334279716839972
6.24855030924085,5.93345970334038,84,0.00188974207746131
-9.67182400812641,-10.8636902660578,41,0.000625717590432996
6.6843184911251,6.54732384674387,27,0.00198979650391356
2.39888134242083,6.07328069927587,23,0.00206752273988444
5.57221515737831,6.34605716908616,24,0.00201104671381117
11.2972124266635,6.04961282484226,68,0.00163646059441818
-3.46702000414539,18.3977482608151,57,0.00924395338420724
5.24936820363293,6.79185625650261,23,0.00210670183950102
2.48645643904066,6.32958567404746,11,0.00211956275013989
-3.89127452888312,-10.9677608400428,22,0.000655336340713505
-9.79851464799969,2.9282774338345,100,0.00137444896599094
7.67454994723693,6.49171680182125,17,0.00192992050531872
4.22036500031553,-0.723032311786091,100,0.00118375014771556
-1.73137877638193,0.524038155865274,100,0.00131540688891966
-8.58079320015273,-10.9212323668542,48,0.000631548029767007
-1.12915707954614,6.72563340057908,99,0.00217964796859345
10.1186003318316,-11.1317698379766,40,0.000614348140840151
5.42469514844308,6.3415553480032,27,0.00201562121590566
1.99261982484815,-11.2678864413543,17,0.000650338937382851
-3.01835789498319,-11.1370510921736,34,0.000651772423355206
6.42797921105903,6.29961162608953,13,0.00196686403715153
-11.7784984210472,18.2803536148645,61,0.00421004189144782
0.603477796499907,-10.795593914362,27,0.000667416101173654
-0.334652156315281,6.20096525081588,34,0.00211157427317513
-5.85880900194041,-11.2015220609811,45,0.000638722272828981
0.42022189612893,8.78079622139644,60,0.00269439552178524
-0.384263654691836,6.76791248735254,19,0.00223275614154469
0.542879491718394,6.41142079648231,66,0.00213725320367852
-6.24206527810806,-0.617103562955587,100,0.00116295271396741
8.10879554670207,6.42535844533097,79,0.00187248244243073
-0.696836017275456,8.25581764404513,18,0.00258025229788811
-3.75115473759403,18.5090433245173,45,0.00935141702487925
2.81784237810491,18.3265599150581,51,0.00953731808057822
5.86479057960992,-7.93719969792975,100,0.000754247497830285
-0.98951778423518,6.78076246275038,33,0.00222436502810098
-3.78733084355717,3.4238042659253,100,0.00160918410837689
-1.18026196292133,6.32773746187844,63,0.0021173630309038
0.633060027406217,5.93169396360455,13,0.00206822423002488
-0.0316201265919812,6.0968673868111,30,0.00209384736781694
4.51407483435617,-11.3090063480675,21,0.000641978016113676
-1.12706653837666,7.80676577914181,45,0.0024458665818945
-0.134102496780382,6.39271032175443,35,0.00214907456336106
8.39610505338852,6.22155834603653,42,0.00183867056360584
1.01741823015628,6.40590748462205,56,0.00213735840122859
2.54970382107658,6.25047382737031,17,0.00210027987548507
-0.93164377335026,6.67955277251019,17,0.00221174027273806
-12.8956780463776,18.6698097136249,71,0.00386425901411709
4.2930831950008,-11.0057270297386,43,0.000651774760639759
-20.6470269238408,11.0564861285973,100,0.00139159412677112
10.7100278414213,-11.2772611825529,64,0.000604657931888954
-24.9089186129581,12.1411993960185,58,0.00114380516818325
-12.048093472661,-11.1492361416437,68,0.000597130974053675
-22.2555441675668,8.08544632911273,100,0.00111570771066014
-1.12844955353351,6.67770105137037,81,0.00217857072784725
2.39558947635119,6.24372590411957,45,0.0020900538088583
-11.0904617010442,11.1369127082031,100,0.00242364123058982
1.59431339996023,6.03636464413544,22,0.00207482725749954
5.19825016436198,6.58098763425327,88,0.00204260145598777
-10.6336489928065,0.010383973374119,100,0.00111278593299934
-11.442719768141,11.6916470521445,100,0.00248575392906267
-18.2045750183575,-2.10858873493178,100,0.000806778272373371
4.60012108712144,6.68290769246745,24,0.0021142377915873
-0.573647746728716,18.4257133340766,43,0.0105753905935369
0.881901923301668,5.82875588589992,38,0.00203703774482426
-0.133008966423623,6.6704004654986,23,0.00221106767178423
7.8490306714032,-11.5744852203338,18,0.000617480487948154
-0.860376654721026,7.91693871958779,29,0.0024856068921814
-0.132349984137236,8.62422167460648,34,0.00267107410003867
-1.08933673991959,6.8780299673178,47,0.00223672324793012
1.85699356189053,5.86955320685573,66,0.00202190316971234
-1.91438044766203,-10.7377823106689,41,0.000667311713123463
24.3124093842297,-10.8690298082621,93,0.000475889595914127
-20.3785695731266,18.6847667299542,64,0.00197318566305438
-8.39418097751973,13.8240246054501,100,0.00360481727428503
4.76916794131252,-2.38726856885549,100,0.00105527757427946
2.71659122520981,6.17638646268026,10,0.00208544677346403
-12.1625799441464,-9.94077345264965,100,0.00063019070306935
20.173899022035,6.730255682341,55,0.00116291845545004
0.834252863112945,5.85655188070625,9,0.00205464074447679
-1.19514280160089,8.40176030154912,11,0.00261711216170837
3.56852029957394,6.3809580160696,43,0.00208621200592219
0.475152862196316,5.89977416504021,9,0.0020646970100757
-3.57026313727227,18.6017845611791,87,0.00925195917694132
-6.06249812423891,-0.558538215641433,100,0.00117049632507807
6.06112113372154,5.81438827526008,81,0.00188040025091983
24.4750518607684,-0.611752343727747,82,0.000704800998300159
15.3606537130128,-11.5401791498062,68,0.00055675499781888
-0.830649299361903,18.2013081048595,87,0.00965202700160924
-6.55424797019101,2.97064063709553,100,0.00148720802124054
-3.59122657814667,17.7532854361583,100,0.00800201215049428
-13.031779451272,-11.2208865837252,53,0.000587047192635028
15.0014759042733,6.68563684024951,44,0.00147329374675133
12.5867666386742,5.96611239866448,68,0.00154912878839575
1.13025016522586,5.85371405375907,9,0.00205166302082147
0.0445846549560296,5.91278215577847,18,0.00206424933387062
-12.4824673124289,-9.18968706946615,100,0.000649990563959768
6.1417844620824,6.25464203498345,76,0.00194906163015092
0.406248829094347,13.0580478731163,100,0.0043629939466207
-7.90302127933622,-10.4051670324369,100,0.000650755127702995
3.08013919972096,-11.586392054813,36,0.000636900648808962
-9.66368276306276,-11.1261822979087,51,0.000617510168511271
-6.21707579162944,-6.93554625448204,100,0.000794048404026301
14.9119729529416,-10.9961712684764,61,0.000574955176224341
6.98812320804238,5.84068460665244,38,0.00185721873593221
-8.67714010012889,18.4283975473314,80,0.00577459902409909
-0.10437894514457,6.31668400492633,9,0.00214601666850828
1.95492884681867,3.42548563688032,100,0.00163712037971678
-24.3644708475805,1.724551180511,55,0.00077932924540817
1.3274845731124,6.10235259194578,28,0.002088065359483
-8.48892260553796,16.9541098086331,100,0.00497690211048836
-12.7179979891695,-3.19569875997135,100,0.000880140949299252
-8.13174828240633,-11.5288029447704,31,0.000616636300110082
5.60153357766508,-11.1119169781329,27,0.000643548345319283
6.71865753472087,6.50422528575093,24,0.00198191205819064
3.72989381816528,6.05161887623163,17,0.00203180796818588
2.29060764405218,6.00464887927333,24,0.00205652027889072
-11.4415862232818,7.15182982897749,100,0.00175533942445908
23.1445617172391,-11.1190810661447,71,0.000484698824696303
-14.0914503932989,8.6733236356024,100,0.00173416635848175
8.94384441394697,6.05932804836659,65,0.00177709369084854
5.28177589090565,6.02530366755946,24,0.00196848035073307
-5.12879809933454,18.4573707501925,51,0.00828237964797984
-2.02810076891609,-3.37051515177725,100,0.00101067632213131
-0.895049911036046,8.50993743021724,73,0.00260773286813128
-0.0400382061026416,6.08096947583064,22,0.00209431714364204
-12.6004093276667,18.7724901800839,97,0.0039686223034336
-11.3599289659843,-11.5920169838028,37,0.000591643110385362
3.08740829716112,6.18151599848965,23,0.00207149414500533
10.0412883030821,6.03030734813227,35,0.00171875081466637
8.41892356210045,-10.9492307235451,74,0.000630743080331958
1.61255418476236,-11.4422795593318,33,0.000644509442895674
0.472563139773227,6.15600146926799,9,0.00211353258117444
-3.68946997088597,-2.9828045128489,100,0.00102577989106631
-6.90326970376843,18.230706291569,77,0.00671126389144145
4.23480342134388,6.53474189085244,96,0.00206930559389974
-0.55666391502308,6.42781599944131,30,0.00215702095619907
-20.2046526099953,8.48094028942514,100,0.00125988245568319
2.81784237810491,18.3265599150581,51,0.00953731808057822
3.91474491454676,5.97819975575359,12,0.00201493675663107
3.54560914105522,6.06245462798316,32,0.00203310214384245
-5.22304390012469,6.1393731481939,100,0.00196455740862029
-0.745286937087997,6.16623889855562,63,0.0020901728082444
-16.844613024605,18.5934295177284,84,0.00263898045094222
13.8400917128046,-0.0108958903035486,100,0.00102217625567715
-24.6431833105945,9.28071925097561,85,0.00103958416585536
-0.383615554124192,5.83545777765511,10,0.00205261654022365
-6.21796451019779,7.69986241656223,100,0.00219758457567429
7.35851525927286,6.45852421591699,39,0.00193414316711481
24.2968542372443,-0.224150276440706,55,0.000721747013994477
-0.587084403002703,6.66868345066581,31,0.00220521782960396
-2.72178029469614,19.0461355822486,68,0.0107741113815504
-4.73006384248769,3.33772511019308,100,0.00157809085096293
3.59646917945762,-10.8321205944602,19,0.000660977231812841
-6.33086689691153,-11.4125801637858,16,0.000630909455702368
-2.70910107603517,-10.7806896518729,94,0.000661884056594487
-2.69976444067554,18.1652866270279,87,0.00901703843031184
7.55904447459868,6.19986419820276,29,0.00188624020710379
-10.5351940495172,0.50930772275603,100,0.0011507224545428
-3.58340356026651,7.25220174336077,100,0.00223476639251409
5.13392384247757,6.33396105856218,13,0.00203259580380428
-6.72567882633404,18.5589680651534,69,0.00716496926600924
-0.982905656680958,6.32911039770627,15,0.00214132979617572
2.39888134242083,6.07328069927587,23,0.00206752273988444
-16.5660769041909,18.2059294194415,70,0.00266268439496396
3.67941177504822,5.8783623573765,28,0.00199805871021532
-9.22980309779567,8.97126812767081,100,0.00221277542996151
2.10807456345241,-11.1828871403862,18,0.000652916885062282
0.488803595715503,-11.3427973313539,22,0.000649225804297377
10.9537216056779,5.93464483073078,90,0.00163757137188305
0.0888304839985845,-11.0184369637626,18,0.000660354626535793
6.90759862613108,2.88468132429649,100,0.00146747160575287
5.33228326116631,5.83757870978529,44,0.00192761529096833
4.89016381073773,6.20765819604671,23,0.00201616104959278
-4.78793053412327,4.69477179440724,100,0.00175589439711166
-0.600038172904128,5.97309106298967,72,0.00205106359083723
-2.79576838592963,10.1297765050508,100,0.00301094205134466
-6.75536597204394,18.2533770597393,97,0.00673187981397127
3.2531307808804,6.21121043391245,98,0.00204078527147535
2.32823010416981,6.2580030383876,14,0.00210783107579089
-4.27451882282925,18.4810903012169,83,0.00866103514866456
-3.75115473759403,18.5090433245173,45,0.00935141702487925
-4.3042720815466,-4.66983856931224,100,0.000920218394817894
7.90973447663256,6.51044978868082,72,0.0018992596193399
-20.0777356319174,18.6062153951654,90,0.00200532666889453
1.91764517565004,6.07327982453703,99,0.00204418135441798
3.96624556709059,5.87032280352997,75,0.00196954160438226
22.4303327848801,6.31926815606674,55,0.00102713991561899
1.57438838522108,6.43729675728623,12,0.00215719543020451
8.35119193979219,-2.68993995113288,100,0.000987149539944674
0.75424677341437,-10.8724284873769,37,0.000664245873900411
-8.33020624988584,-0.330898037383691,100,0.00114404728658088
6.96389412522987,5.91348258722213,50,0.0018653212305691
0.709690510509829,-11.6062936506533,93,0.000637596297345269
-24.3070427760284,1.11699301712849,64,0.000761389715365342
1.00341176729484,-10.8782370282944,36,0.000663898393172655
0.606158779818644,5.97580505721671,50,0.00206083372837955
-0.29338159789727,6.64438815274769,18,0.00220778967987831
-6.45821329836008,18.6172023562673,42,0.00756076935011948
3.33687127989188,-11.0415931269784,34,0.000654079642947681
-9.96605270406261,-11.4528832513091,34,0.000606346081139167
1.81512281485047,-10.9699061698379,15,0.000660696937597103
7.14100562551123,6.10190027975738,29,0.00189299418100349
-24.3829894375126,13.1026085242038,97,0.00121514323394338
5.48962016428143,8.22427068055335,60,0.00236603886046228
5.94974393939131,8.84914399802172,35,0.00249214919389895
-3.57026313727227,18.6017845611791,87,0.00925195917694132
14.3253841001694,6.40773761010965,69,0.00148528775156393
1.74241122284899,18.6812473670001,29,0.0109758419401809
-0.871761666827151,6.04575040116563,40,0.00207651384651282
-1.72256747997386,7.09562473334711,100,0.00225185239644943
8.62835410279623,6.0916560512554,14,0.00181598910988123
-8.71763375699583,14.6059056473015,100,0.00382260199139732
-0.729928668441988,18.5623886286965,80,0.0104272727449567
14.2714770694852,6.04735558471617,99,0.00144860055383575
4.56919402376397,5.92322370831277,13,0.00198273078468281
3.2916308236778,3.11094607049018,100,0.00157899887756054
-24.7171799685473,1.45694963168718,97,0.000758307460241875
0.333157185876023,6.09938062160446,22,0.00209735796092575
5.73945955098164,5.84024975272386,10,0.00192394188071543
0.537142005091342,8.36257957359101,54,0.00258540153583542
-0.404177998495145,6.25090024190029,38,0.00211922343747042
-10.2314792029652,3.82145245513764,100,0.00144405302209813
0.571834001785536,8.77979664076782,36,0.00271054634304141
-11.295778468136,2.61324404090437,100,0.00129039468128593
-19.0879946558029,11.9033297811752,100,0.00159005944910215
-8.76691755690071,1.31624298352804,100,0.00126358913530124
24.7048389137301,-6.31510075628288,97,0.000558986476877181
-3.93871969002458,-11.2855703906687,80,0.000642307396531263
13.7370459119876,-4.53070892798255,100,0.000801381253702782
1.83521515437473,5.97657924000589,8,0.00206608494344873
-16.3421146981952,18.9123964777554,96,0.00279604967283292
-13.6603281000295,-11.0966124637998,70,0.000584037267934276
2.64986396253964,-10.7508396290998,90,0.000663211271937045
5.8294144478826,6.46231404807988,16,0.00202266630945322
-1.20168872278279,6.31863715483893,95,0.00210115546361542
0.030232297008964,3.24303494125821,100,0.00162348803927782
2.15051344669023,5.81697551174243,86,0.00199969957349243
24.3528577128576,-1.30945033663382,66,0.000688946457448917
3.40888565861427,-11.5296249898052,15,0.000638707700390074
-18.2995327154543,1.67831661492683,100,0.000970573047769568
9.80986287017536,6.63434721710744,34,0.00181450264460042
-0.982905656680958,6.32911039770627,15,0.00214132979617572
-0.156942332547985,6.29845906178385,9,0.00214234158942039
-0.29338159789727,6.64438815274769,18,0.00220778967987831
-2.07698788226172,-1.22288375515971,100,0.00116265430676914
-4.47294832132594,18.7772091141251,78,0.00899055756939598
-0.505968644149635,13.3617475306561,100,0.00453736641885234
13.7126455126763,6.15806626519848,90,0.00149484604064749
4.62560625724603,6.12092565956872,11,0.00201597329651546
-0.89795829416493,5.94471512341152,14,0.00206850385922433
-0.932634610882881,7.27966816333325,63,0.00231657513311563
-1.05462555537445,18.3820828566156,83,0.00998327055442422
-1.53819140284131,-10.7819241605629,46,0.000666151136156726
-19.8048095800976,15.9502870846036,100,0.00183822792493286
-10.2358204653354,17.8036581590675,100,0.0046333215338692
11.5658249898449,-11.0173649134469,38,0.000606055133969179
-1.24802851545079,8.03387545008851,18,0.00251646528283573
-0.309969061454617,7.59980310203975,44,0.00240429271590042
0.727428339267865,8.88844007220067,44,0.00273375574345922
3.67484204610311,-4.70151106196886,100,0.000922732294299104
-1.1647686609451,6.33345147589856,49,0.00212493250774226
-4.7153913860089,18.2038629526465,69,0.00811024973347284
-5.01194798612615,0.692435676281469,100,0.00129338611916833
-10.8825163702665,-10.92454213795,61,0.000613584743049197
-24.7214965140821,6.88596546082109,83,0.000943115645990705
-2.33016761100264,-10.9629076775174,32,0.000659263230844098
1.36055046332654,18.3553930455439,64,0.0100489238644912
-10.7347938180092,-11.3354895877886,23,0.000604295303393019
11.8490358895666,-4.74074690943812,100,0.000824273247799138
-0.156942332547985,6.29845906178385,9,0.00214234158942039
12.3162957917903,6.06005145332176,37,0.00158332122044645
11.0234607751451,6.01418943244951,57,0.00165177012102803
0.371135829680959,18.1963960060966,75,0.00980893477637994
2.57496976719981,5.88237240954844,40,0.00202182804614959
1.72102071890433,6.22124434004598,16,0.00211080840308079
0.300591688192601,5.9524616948893,74,0.0020475618463161
-0.132349984137236,8.62422167460648,34,0.00267107410003867
14.6859336726377,5.49394319818383,100,0.00137765065712836
17.7169157846569,6.06797956885874,51,0.00125812098179884
-11.4382287681701,18.5504683804779,75,0.00442625810033612
-5.7312414264712,-11.2558294338368,32,0.000638124254663876
-5.23757277231666,3.40839886752648,100,0.0015741229287951
2.81784237810491,18.3265599150581,51,0.00953731808057822
7.8904812781683,5.8484701979639,23,0.00181810730082715
7.20713481956954,5.91706603455402,38,0.00185807855807336
4.04228173184828,6.07900710869047,26,0.00202303620584606
-0.904747661394594,7.77744008712014,79,0.00242143404855491
-0.871427858224714,7.16370323615082,95,0.00227506314714764
3.43013367295157,6.28632671155687,67,0.00206252113128676
-5.59936384864856,3.04468129208074,100,0.00152180306017196
9.92545905237942,6.00615158852207,20,0.0017269354429562
4.58664144269965,-5.07076130062158,100,0.000896495385256442
4.95884606325149,5.92379139483609,18,0.0019664035258405
17.2621906830634,6.18021358779626,58,0.00129073736610201
0.0288598521647365,6.75036995897839,23,0.00222781409651822
3.33906249545551,18.3374471391591,29,0.00946495660265926
-4.57119825307102,-11.246590262064,20,0.000643824250315999
-0.206930686912771,6.06102721520869,46,0.00207989754693741
-5.13398933953943,-11.5207595500799,19,0.000632871176637189
1.87896499569368,-11.1531420771909,54,0.000652761460500785
-10.4746550198338,-0.300266476946056,100,0.00109566274611966
-2.90382472721944,-11.0466372930854,59,0.00065399837653263
0.332575651176232,-7.98905940896411,100,0.000772048586128271
5.22322512865916,-7.16575565215422,100,0.000791093422161666
-7.58655563016869,3.91279164879766,100,0.00156009939314743
4.97648630968019,6.18698663041494,38,0.00200304666901217
16.9370326139064,6.09709157999553,73,0.00130082646804731
-14.1182150525645,-10.5476254204506,100,0.000593660085480235
-4.97602260712167,1.91957854423564,100,0.00141316514254676
7.43854841615739,6.0554049553862,43,0.00186557676345407
-0.190208424775249,5.954763909281,47,0.00205960204876428
3.13608842217604,-1.13392215884904,100,0.00116217551055051
-0.935109680193043,7.31008974649539,29,0.0023417830896195
7.93220650019815,6.67684793788725,22,0.00194250500909641
-10.2184669645799,15.8980396284752,100,0.00388445866106814
2.54381883451768,-7.68682200292898,100,0.000781227768655209
1.95905040592847,6.28625349137927,91,0.00208629440089719
9.80688960664344,6.27570140932621,55,0.00175897975069631
-0.93164377335026,6.67955277251019,17,0.00221174027273806
0.709225505348101,6.17103376934811,11,0.00211430408620583
-5.56688293981438,9.97969460574642,100,0.00277284289026484
0.748409524313697,18.5592492722471,27,0.011026808780327
-0.156942332547985,6.29845906178385,9,0.00214234158942039
7.8941076108133,5.85435441123546,25,0.00181811318737381
-0.41385298237946,6.47679362219014,14,0.00217501643985448
5.653421699293,2.19090479672346,100,0.00142688348941647
-8.15878896626296,10.1851971682709,100,0.00257129442424392
3.2840253408422,5.92615035691604,26,0.00201843316318616
2.74941394449806,6.07872370323037,24,0.00206041928819663
0.593962909529343,6.32092605572218,42,0.00213020342701076
0.475152862196316,5.89977416504021,9,0.0020646970100757
0.709225505348101,6.17103376934811,11,0.00211430408620583
-0.924357772050258,6.09985654508621,31,0.0020902439298973
-10.3427225997324,-10.8542452875413,23,0.000621480330282192
7.39490529549659,-0.904958307118564,100,0.00112097626855493
-1.20961665536971,6.99693544234733,11,0.00227902982541788
10.2521664168936,-11.0414090687477,94,0.000613939989731328
8.78820077786555,-0.433364860047001,100,0.00112648399147479
-9.07150363355506,-7.7374438242371,100,0.000735586639788552
3.14052293882083,6.30705152626536,42,0.00208530245730958
0.126391748280949,18.9146094553558,84,0.011190802421418
-16.1102903721122,-10.9424033618495,63,0.000564186077720508
-9.51489253458884,9.1349019735593,100,0.00221675542271203
-4.77521854809227,18.3848440021181,37,0.00853200731635199
-0.930746725254642,7.67758988383142,21,0.00243162956595922
-21.3964039482836,18.2938089004378,93,0.00178717351735197
-9.13772268184112,-11.3833962786709,51,0.000613632413689562
12.3162957917903,6.06005145332176,37,0.00158332122044645
17.5714622938994,6.28267623911868,93,0.00127454857331513
-0.639015325972577,6.39581001258136,15,0.00215715363369651
1.67557173830892,6.78841552605321,11,0.00222780513556303
-0.446255558514319,7.93910584214693,58,0.00247652621882567
5.35890657364013,19.0779185235316,77,0.00873625362281931
18.5994534373085,6.41291089212274,57,0.00123066122379051
12.4308307782177,6.52582283050712,34,0.00162859447445292
-11.2351021183348,14.7436770431534,100,0.00324465826930579
-1.21923553935548,7.24099778298433,61,0.00230583832782794
4.37800963387295,6.45479019661073,38,0.00207424175907515
-12.2002803496,-3.80157602419146,100,0.000861117660187934
4.62560625724603,6.12092565956872,11,0.00201597329651546
-7.70649727248186,18.7832624848162,81,0.00663126899836535
-0.25696463521232,6.59616298206992,57,0.00217926479189339
7.17445244125456,0.120430599418159,100,0.00120347654715239
2.84325211839512,6.78766919610875,20,0.00219741443737687
5.34760125892673,15.3851495662267,100,0.0051506416958319
-0.11062119914467,5.85919409555061,29,0.00204958741294222
-5.05847997011668,18.563916460502,82,0.00825563639269149
3.27077446865426,6.31729312909274,94,0.00206125884155847
0.996062144988964,-11.3366116153983,97,0.000645967967392362
9.88919466304627,-3.38482902440298,100,0.00092249753601008
-2.29143118647953,18.2292370685797,77,0.009378482730797
-9.93243650855807,7.83957237216048,100,0.0019630117556667
2.54970382107658,6.25047382737031,17,0.00210027987548507
-6.6786278476362,-3.69426828051913,100,0.000952149802072111
11.0953518960021,5.96695061374272,57,0.00164185399574947
-24.4540597571319,12.9387513651997,88,0.00120426418520969
0.289092511135043,13.7305347428429,100,0.0047695977671203
-0.389450120949518,18.2255839908686,74,0.00987181873940897
-14.4319067046486,18.8627083941854,78,0.00335621797568925
16.3114041354807,6.12710155809779,94,0.00133558514000935
-4.70910554359735,-10.8125150427396,84,0.000654820665693921
-19.4442602094052,-11.3619264547777,46,0.000520281426086134
1.44940281197786,6.57833572399274,11,0.00218787931213893
7.9986995425003,6.20021287884119,25,0.00186365463006821
-1.05340821969428,6.19912115911159,25,0.00211078284261324
-11.3032782732414,9.47645718992836,100,0.00210231910236817
-0.189073190632313,-10.9587419951969,22,0.000662195776186848
1.67412326051592,18.4877252070297,68,0.0101660741307151
2.44686928201226,6.50534976596618,15,0.0021530284994308
-0.7683624890287,7.15267063365886,90,0.00227616194707866
1.97505381206574,-11.1673004254331,46,0.00065247384922093
0.305724998193148,-11.0146615706576,39,0.000659530606654033
-5.3437467669285,-10.9650068613477,20,0.000649800553750242
4.34238783011346,5.8673810111551,31,0.00197399467814757
-17.8016479103154,18.9291901181262,68,0.00247291473586732
-1.08343609124727,6.64955845203472,38,0.00219389615655535
14.1562556639059,6.11453522031079,38,0.00147488370673163
0.328590072943366,18.3675153547126,79,0.0100969612663474
-1.12058356486966,6.27113716228111,41,0.00211689912883543
-4.00651496011762,3.12507444664321,100,0.00156781381445915
-24.6350301427878,-3.32247203543907,94,0.00062908538194456
2.91675522387693,6.01769117983357,35,0.00204061267840091
-8.24659710148863,-11.0129048098842,40,0.000631270819954511
-0.133008966423623,6.6704004654986,23,0.00221106767178423
1.37624737322614,-11.5242475252199,89,0.000639831555252981
-4.81541206139182,2.46538032734644,100,0.00147484214330852
3.48021343645352,5.93083743028717,36,0.00200982702351864
2.74941394449806,6.07872370323037,24,0.00206041928819663
14.5747145783626,5.83436732390686,33,0.00142489471558826
6.29138108740376,6.05412332205859,88,0.00190536934085574
7.88805596563772,5.82898551489315,15,0.00181804140683312
6.14154306864415,6.09969735557708,12,0.00194785929366753
1.32011516083217,6.41839745647713,25,0.00215081969945357
4.56919402376397,5.92322370831277,13,0.00198273078468281
-8.80690366833965,11.9257935267703,100,0.00292910793128288
6.99286341165281,6.32606422226495,53,0.00192728451210642
-0.160952599032453,6.17166401540908,23,0.00211119928074948
-9.06383298739832,4.78066259703243,100,0.00160059689232739
5.87610199916248,6.07105735142106,38,0.00194536841445734
10.2490889893002,-11.234820695154,62,0.00060951583855686
11.9045360245262,-10.9703980643863,34,0.000604626080002392
-24.4028876414049,-3.12603060900175,42,0.000640691905364239
-7.50487267353331,5.75957320831648,100,0.0018027515714707
-16.4068715615241,12.3114614141382,100,0.00191982091936321
2.89038943606913,6.07233248803618,67,0.00203785662333341
-4.61622403392839,-0.0837185187659328,100,0.00123132845258269
11.6849244263681,6.25896738432352,74,0.00163533244929048
-6.9780938746346,-1.80468902378898,100,0.00106534633345438
-10.8633162166254,-11.3388425153403,86,0.000600904201260027
8.79203380179571,-2.43054212811676,100,0.00099523019418245
-5.20925916601209,-11.0125403627933,72,0.000646659934739935
-9.83984223243345,18.4473627009936,67,0.00518015273313977
9.50583076447117,5.85712207069582,97,0.00170898443176196
-2.70766219891223,13.1833881363025,100,0.00429790230032481
-4.47246683750651,-10.7556792792304,79,0.000657864402955609
-3.7474948034115,18.6500258781114,93,0.00916665022489542
7.89037071897073,5.82746779294033,24,0.00181473092307917
-8.75824656873907,18.8021570037008,80,0.00596392573364765
-0.793465712698525,7.01863615293074,79,0.00225304108986688
9.60897532856215,-4.67262149589396,100,0.000861559995449208
-2.3200499623013,18.2265880316366,78,0.00935365595257224
-0.695423525393666,7.45580855963391,79,0.00234925934510342
-0.0500274170662713,-4.85788771666482,100,0.000925544958145312
-0.986535223634797,7.64225938685584,55,0.00240279921920063
-1.04706489505736,7.11751498649739,92,0.0022650092723657
-13.1010561060201,19.0377365274294,68,0.00388813357916354
1.39584315934285,6.67033603659516,13,0.00220651376073167
7.44147348280435,12.4843963543653,100,0.00331429033080523
7.62778542638828,6.26235479788786,27,0.00189287906166378
0.783625560482357,6.1835074962306,39,0.00210376186191549
14.3402136411207,5.93648419901995,55,0.00144354832864583
0.299734069855105,6.14898563664801,13,0.00211098438837755
-6.34981911957713,-11.5009735337985,80,0.000625545505698931
-12.4113951011412,8.10127581629093,100,0.00180375263250903
7.8941076108133,5.85435441123546,25,0.00181811318737381
0.24493707525035,3.86583798905748,100,0.001707241805465
-0.968465657301821,7.26314856212567,58,0.00231524291031251
2.19752583435671,17.0500540849075,100,0.0075981046969607
4.37800963387295,6.45479019661073,38,0.00207424175907515
12.1560997088769,6.26659822730999,82,0.00160462097404054
3.64391635064886,4.34532237326407,100,0.00173557685261107
14.1688994348779,5.83189122998938,90,0.0014368833232943
3.96678718802194,6.22567816459661,76,0.00203114247991238
1.25672928722363,6.46334649336883,41,0.00215308413793492
-6.32772438836785,-1.4746386506258,100,0.0010982558756471
-13.0490208319909,18.3126429554948,92,0.00368251466176208
-1.21119705232959,6.38354280498923,46,0.00213556893617138
7.67695507143861,-11.2258139835045,88,0.000626396042320804
-8.43336465299977,18.6588332590999,95,0.00601659915457194
-0.709563953586041,-11.2121848187256,90,0.000650560236586585
-1.30336774621932,18.3716453908932,53,0.0102090723244689
-9.87169635937067,-10.9012951668774,46,0.000622864667027057
-0.474459200110108,6.44246886690998,83,0.00213588643328187
-2.89980043202587,4.50205247159967,100,0.00177317135795972
3.91474491454676,5.97819975575359,12,0.00201493675663107
3.94043154356933,6.52453283448728,51,0.00209739069061706
-1.09337132991556,-4.01109211349648,100,0.000973765069947192
-0.160952599032453,6.17166401540908,23,0.00211119928074948
6.56760441457571,1.1600486528698,100,0.00130550378623844
4.23696240257551,13.3671019152676,100,0.00420286796011125
1.83521515437473,5.97657924000589,8,0.00206608494344873
-4.47237740880335,15.0947348936896,100,0.00518439052133167
13.8205132732095,-2.98129317350802,100,0.000867928095149472
-3.77086176772119,18.2585667612679,45,0.00894201236364716
0.132686905271886,6.38488825840672,72,0.0021305965893593
-2.42428733154965,7.46205270228104,100,0.00231532483785811
7.57380453452575,-10.7981568622184,37,0.000642462057310757
0.606158779818644,5.97580505721671,50,0.00206083372837955
-5.37141606501157,18.1678132607845,57,0.00772704669548746
3.1137939796468,5.81380561611948,42,0.00199646271196687
-1.89332010565609,-11.2474631513638,29,0.00065067058472332
-1.01719577135976,-4.32099284014364,100,0.00095544609186105
5.27085165767903,-10.9167819582444,31,0.000651246226143585
3.74953291417786,-10.8472220800042,61,0.000658152496504735
-1.03379797748722,6.19630680957337,27,0.00210953158579424
11.2010484715382,6.33559378691565,34,0.0016860058587575
-0.987442367676522,12.97939995255,100,0.00430394309468365
-0.61010103158668,7.47395786017079,84,0.00235120226394433
13.3867060847334,6.40762237006734,35,0.00155312681362621