14.2742267093692,8.61918714350938,64,0.00172024962396278
-1.00134208618597,7.41647863884306,41,0.00235853629241153
0.693975238753535,27.3345840954165,89,0.110375719314555
-0.621222644706484,27.7404037372305,100,0.10202501336346
5.13522396645307,20.7451508117438,89,0.0115193849733039
5.63875105224308,20.6674887773902,73,0.0108995972737929
0.306535778830936,28.7974896387606,94,0.10233806127694
-3.33228448204889,25.7939941199744,100,0.0395591404988236
1.70310625962248,28.0673472501434,100,0.0778570447704561
0.192785384104522,28.0897571713054,92,0.115069657687615
6.29426784200191,34.2426097700417,100,0.0110814691732085
-0.17678842659456,28.8341486051493,91,0.105498435452906
-3.0080650066177,27.6982492546973,100,0.0526980903597588
-0.930699716718642,6.83253506980702,34,0.00223526896752642
-0.343362466972963,8.206620480132,44,0.00255282562366926
0.253845992368737,27.8094775345164,90,0.118090011656571
1.8045169937842,8.88576131092026,44,0.00271277728233284
4.57525735774282,18.4873110647134,80,0.00849585593845728
-1.69300852220686,31.4792649930812,100,0.0386736285096666
2.92685278061986,26.7522022158142,100,0.0507680634364622
5.40594398077052,27.330646343068,100,0.025376359676296
5.80967994240436,20.9616797676058,79,0.0110917309111863
0.659705255267837,6.69537567715663,34,0.00220882279628581
1.7277532370464,23.3055632738552,100,0.0297262659457712
0.833707913048428,27.7510019486956,93,0.106290027222786
10.5360718016087,8.38903761475644,55,0.00201378918154872
0.0721803492445327,23.1297190583587,100,0.0309660219478192
-0.616040578046148,6.18199079486026,26,0.00211028266207704
0.483967887452239,27.282467579762,90,0.111480265365658
-0.419549455144184,29.1344986246932,100,0.0854830900653918
-0.171338383231472,5.99926775517706,34,0.00207350147265807
-0.296565169031329,27.2745810698196,93,0.109491673022237
5.62330608665631,19.3856491121087,65,0.00902053739033053
5.55140494071313,19.8697529437179,71,0.00973872041586434
-0.993066921098544,7.17080481068961,29,0.00231010308836772
-0.411872239118284,6.02747686713853,34,0.00207820853141964
-0.675812282773204,27.1262880781633,98,0.0980596896423204
1.51043053803079,27.8219415897832,100,0.0820752265218986
-1.1268188688391,8.43421842848158,32,0.00261246858086472
-3.79294949302227,24.6250250560252,100,0.0287682646818028
0.264171799925874,31.9917104556232,100,0.0369937297606603
3.64495361755933,18.9752498597276,58,0.0101063764575566
4.12185025780076,18.5166935092993,71,0.00890383788702763
2.16953686421444,29.5187575155793,100,0.0576193906401547
0.178090719199575,28.4982217496671,91,0.11187600165079
-0.282852783736177,7.89330880938319,41,0.0024764789456818
-0.114252578914499,27.0224102582013,89,0.110893244430839
-0.726080340725737,7.51649183295941,40,0.00238471797522837
2.4532872533129,18.1579528009814,73,0.0092273634676386
0.680657084035804,21.007723528572,91,0.0174110093858913
3.46946300775329,18.4179348735423,72,0.0091479502895219
5.37522274432549,19.6655656403986,66,0.00965595557639215
-0.685047996828502,6.27011243435254,34,0.00212338165096536
-0.0526825691552394,27.566359762128,97,0.108805317214904
4.09640290959504,20.9616923590065,87,0.0135162138486435
3.142131225513,18.5264363167712,81,0.00943285263538986
-0.765634075058314,8.24396426311261,37,0.00256394125630158
-0.885951371343914,6.5938080429616,21,0.00219255264145141
-0.776554959496083,6.05682302233031,33,0.0020823075696504
1.24303847798132,6.45380772195371,34,0.00215459606028917
-3.35968958811519,18.3549666753767,36,0.00941995088621602
10.2413939338185,8.8650967995665,55,0.00211801384625087
5.85569137704795,30.9776842901343,100,0.0185520589392246
-0.477749234718073,27.8398360696683,100,0.103845370410801
5.47715935944979,19.9019360133997,72,0.0098570018054382
3.10715419196837,18.6635193095285,65,0.00983734974642733
0.821990967584067,27.4984531598527,90,0.108597909750628
-0.125502451367052,27.4150912792313,89,0.117428837889831
5.20258216406659,20.8080133148021,89,0.0115452366366977
-0.817190975661488,27.5233553175534,100,0.0982032316132908
-0.0170401915351157,6.03712521815491,28,0.00208336331968176
0.253845992368737,27.8094775345164,90,0.118090011656571
0.418812204888494,28.2892668142115,91,0.11287173143771
1.84923941987154,23.6915111541035,100,0.0325655572177109
0.773185559924228,28.1070762286014,99,0.100409132606135
-4.94238197208492,26.0225863351943,100,0.0265190290373371
8.52355658514423,24.0940480274519,100,0.0103365882281762
-0.671543017517952,5.84503389786554,30,0.0020447175040141
0.827593824618797,6.66980732096326,23,0.00220768802701112
-0.783229910903816,26.9315303931562,100,0.0878827203295591
1.98902702698101,29.3037773289405,100,0.0627425206392704
5.60983405718718,20.0924239612755,73,0.00999743317006381
1.45461482480382,18.2090430866427,76,0.0096356075632864
-0.0512469275753915,27.3199671256983,93,0.11115312723494
0.231385148082118,27.4439808135354,94,0.110758642948335
2.93170345731294,18.3209575541156,47,0.00950454757344229
0.324202279830833,8.81822066941741,40,0.00272003350053611
-5.67945972582959,25.6298535845397,100,0.0212150589008829
5.07143538360253,20.9449818748866,82,0.0120984780350197
-0.88114154161838,7.59406445093178,34,0.00240479626095
0.574512414909505,27.1433122857335,92,0.105859552476689
5.12226465130505,19.1713960683926,66,0.00915315813861372
5.31701884047795,20.6341609324359,73,0.0112736648455001
-0.512312515471914,6.25554126534084,32,0.00212237847075524
4.99916434167269,19.625414606584,64,0.00998787530255625
-0.783833534698443,7.77202714646268,21,0.00245584574962637
0.511524427441216,28.4045335366258,90,0.111634182804185
-1.42131740682326,31.3689599440867,100,0.0412792060498825
-0.54178618249012,27.3088440289643,89,0.112363730866514
-0.533849283724335,5.94870549045713,22,0.00206805994457696
0.199326002483346,28.8148924686067,90,0.106949675746168
2.59516317853608,25.0338936579793,100,0.0406013296031153
5.76785374538707,20.8683336225085,80,0.0109805864524262
0.594792004850224,30.3682888776992,100,0.0604591526640052
-2.97707999612538,26.8532630924083,100,0.0505560809989729
2.86456543044063,6.4359685964747,34,0.00212067124948374
-1.28679111550928,27.8133735616914,100,0.0865117597806972
0.700776616954871,28.2226128969366,94,0.10612690462902
1.87604179783911,8.51529778738052,42,0.00261174447452216
4.59761587443187,18.2926350671142,76,0.00825101631820817
5.54196088834654,18.5010383864054,52,0.00803680048807065
-0.0156489833447311,26.8847644183388,93,0.103576054760585
-0.708651270576183,27.4454522551817,94,0.105529062863471
0.285780255668981,27.7403300797967,90,0.117684599689283
-1.21400389101309,6.41032202143585,37,0.00214492620485234
0.753132557513493,5.84308619743199,26,0.00204554563328566
-0.300321602281771,6.16879960595034,33,0.00210591497494896
0.0147679766283489,27.8042766973579,97,0.109836248755217
0.863036343007779,27.4485404711458,90,0.107340488660548
-0.973185954118256,6.29537016595419,30,0.00212795545238255
0.58128838693353,27.2421730916256,92,0.107271566461198
2.38645201296237,30.3300790788831,100,0.0461013461872659
-0.124632521907261,28.2368963986851,91,0.115504728990708
-0.64001295526336,8.77077391099969,38,0.0027059472787827
-0.712777202780186,5.98866295458889,36,0.00206860104798623
4.85881315579827,29.5824911041716,100,0.0274184549289281
1.31928585464957,33.7369070184445,100,0.0216614187194526
2.74910730913271,25.0624635810273,100,0.039538636776732
-0.479274439773068,6.59183127098837,27,0.00219193325440217
-0.945798098345724,27.6899347981659,100,0.0968534440804485
2.10426889340486,18.5871551057949,81,0.0100565662211082
0.452186740564321,28.2651346471782,89,0.115358786189077
4.61004621571837,20.8299109326465,92,0.0123773015022222
5.0618143663598,31.1697534131103,100,0.0215196053151709
-1.1222002452229,6.19381749799061,21,0.00211087431748763
-1.85667917500204,34.6836537966762,100,0.0166962620582179
-1.42745948254617,27.5591199502463,100,0.0831261100829751
0.25096573751339,27.0963934745278,91,0.10930195103801
-0.91788479916751,6.29513146093464,24,0.00213110395047267
-1.18527419806768,7.1851882632439,33,0.00230890991159978
-1.1216422377846,6.91348657539349,40,0.00224735626945617
-1.68002142323046,28.2283231472037,100,0.0777712312251512
0.286626013601116,27.0075916883173,87,0.112209987631751
-3.05249981885145,30.7405551128055,100,0.0363514287762751
5.80377634676418,19.8222274406525,80,0.00932744681494981
-1.88303636918461,26.3754203472124,100,0.0638795042279148
-0.473537206032885,27.5392195897277,96,0.107193407657659
0.373009970552638,26.938887826429,93,0.103189993309597
0.0250616303262535,28.7812665243372,92,0.10584155754702
0.284928868972903,27.6070309538245,95,0.110536266726804
0.581849255530417,28.2585868116332,91,0.111142769318873
0.498780863885248,27.9535639892738,95,0.109190488604377
-0.655461524666336,6.12279849047403,32,0.00209603932870023
-0.985041032515657,7.28282512039515,32,0.00233349198622473
-0.821328015062725,28.3340896548445,99,0.0980471890795219
4.11755392641237,23.4819750611341,100,0.0217234637597079
-3.20558494196823,18.1918398554137,47,0.00914294140833922
3.87552446715892,18.3041487904472,66,0.00878282351417299
4.63973651698656,6.35449439721025,25,0.0020514163762257
-0.789380363512266,32.6163528395441,100,0.0301793317948245
-0.162164668949204,5.95069230756266,32,0.00206526565068124
-0.701764290979914,18.2578748461373,73,0.00990903369010507
5.48489954382335,18.6269942730694,64,0.00815286033845563
2.82930742868325,34.482687828602,100,0.0161944347777293
-0.775524053886641,27.3962044987616,100,0.0978598861910853
0.456199119427424,27.163342555488,94,0.105305584302434
-1.76263927709732,24.5915018125558,100,0.0421957712246216
-0.0628760016573306,8.63989103089443,44,0.00266833849437945
-0.485902234003019,27.5548423550241,99,0.103831616116109
4.94712803957227,18.6191804037215,82,0.00840402074092113
-2.05275826583685,25.5298947902511,100,0.051150980937902
3.84713362375907,19.0274713768054,66,0.00996643004675168
-0.808130884993653,22.1611720770987,100,0.023231609048527
-0.498702915293484,7.24253510189211,45,0.00232136772766252
-0.65662282199316,24.8987324628577,100,0.0523325143086318
-0.16859378645916,27.4049124251097,97,0.107093270861517
0.0448402011990643,27.2053997899183,97,0.104897326136565
0.620299895671821,27.7410153857645,92,0.111108334654713
-0.910058288256888,28.399159123101,100,0.0907558979711744
5.67760299356963,18.6152480939844,66,0.0079856600770685
-1.18655634396276,7.83366974197263,38,0.00245572140004769
0.25408326365385,5.82041294393305,34,0.0020401358843915
4.81979739474632,32.3887999073055,100,0.0186461813087485
-0.74305686658802,33.2104884384453,100,0.0255966333728417
3.36156604693002,5.81716121457896,32,0.00199464498146426
0.470164705867476,27.7720042892725,93,0.111981868361377
0.264584387072566,28.143045271705,87,0.12120592869658
-3.85192945515096,28.4369630669887,100,0.0398885952043383
5.77762973903448,20.9575586980593,82,0.011093514042205
0.661953236600648,27.5371634396101,90,0.11180423581489
0.264584387072566,28.143045271705,87,0.12120592869658
0.629701453564798,8.39788054407872,42,0.00260200022960135
5.23002728174751,20.1588500239676,66,0.0106178605949347
-4.4380879860442,26.9827518117485,100,0.0329279257904369
-0.0991615583616712,28.714385148048,95,0.103748464220317
0.378428945300914,28.2426363951512,93,0.111238727735632
-0.68580963851812,28.3374770836297,91,0.108717624241429
5.75984370156423,18.60887176851,74,0.00786887069191899
5.89575197498325,19.4306764258181,71,0.0087846273088754
5.86750738432554,19.5271690164772,78,0.00888215334551549
0.0177016279443905,28.3578198641158,90,0.115634887686651
-1.13478006188663,6.629559974645,28,0.00219407572953393
2.77606615811098,8.6904300166021,44,0.00262793209610053
0.819010065364248,28.4254205088375,89,0.107641677290261
0.264584387072566,28.143045271705,87,0.12120592869658
2.59495586242974,18.4698451517313,61,0.00981036433721823
5.33498750151597,20.9868074414862,73,0.0119159889897273
3.0257104572821,18.7797856604973,59,0.0101596425626384
-2.88130426830601,26.0310060939603,100,0.0463979961683385
5.70138496025176,18.591754825265,59,0.00798530274772318
0.0405055580194278,27.4291218000461,94,0.111242585344541
3.27505656893493,6.66631054860191,28,0.00215679070321129
-7.08005518322151,25.5204942840906,100,0.0152654854042128
-3.25319079795734,30.3574931882596,100,0.0374313814602059
1.38680834182499,6.34812822158228,27,0.00213520988892341
5.86817165318176,19.6419338381186,73,0.00907495675165914
3.40613574249464,24.8965059906406,100,0.0330115986695078
0.322217438761351,27.7281790219519,93,0.113346195148766
-0.812982608611912,6.02428737297268,18,0.00208240381979214
7.35489256025937,26.7909001219477,100,0.0153513000056702
-0.0797209484927122,25.1997538918078,100,0.0588552379956619
0.614373276849039,28.5451997639807,84,0.115656925824917
-0.833927265326034,28.2473479174546,87,0.111787833877742
0.907119237079711,6.1863997421147,39,0.00210339276946933
-4.4763433730423,26.8383632499489,100,0.0322737660550959
0.31315629911599,6.50478394137408,18,0.00217913775797901
-2.01894734930328,23.3927394027076,100,0.029459759783277
-0.0125391928039542,8.75845846185547,40,0.00270403822223989
-0.60012007325557,31.7545228428595,100,0.0393409162425821
-0.145500588890725,6.21397749854866,33,0.00211494309395378
-0.0377182858530865,28.5929770760161,93,0.108250085117925
-0.132607570959827,6.25975290041254,39,0.00212114879203378
5.62673729397626,18.5660842842764,65,0.00797060355301989
5.45815002600102,19.890552392507,71,0.00986931107356018
0.737966107780863,28.492505996514,90,0.107019447403527
0.498780863885248,27.9535639892738,95,0.109190488604377
5.02239600375503,20.1252309712034,65,0.0108141741139602
-3.92566164581991,29.2552271631216,100,0.0366904732398415
5.41075359479436,19.3977269718372,64,0.0092414407820716
-1.05936560036013,18.6300340693445,86,0.0104342374768559
-4.13324641885448,25.5405667327397,100,0.03089258181998
0.690579717351751,6.02643345042261,31,0.00207798040309369
2.28823863575967,18.6212127787365,47,0.0103933832449053
-1.06504441464475,8.66907570549131,32,0.00267684347516475
-3.74328526486007,31.5643212538283,100,0.0265773478124745
-0.684633324205222,26.338098030545,100,0.078804247504877
0.0619189709359792,26.9717015552291,93,0.105306332851304
-0.219634575747425,27.2480521789897,89,0.114610113969076
5.83134018100818,26.3972589563474,100,0.021716113062086
0.562835971240288,28.5886541647424,90,0.10814409532649
-2.87687814624956,30.7584544694728,100,0.0376345848587551
-4.80652821465193,18.1633402363101,94,0.00784603622453185
1.48950772906048,30.8453176333078,100,0.047563833006327
2.7701815116573,30.8845735408752,100,0.0374314859406761
-0.500986109638304,8.68245160001778,40,0.00268112508857432
0.772343066384269,27.5069200656943,90,0.10961242401037
0.169025260959395,26.9931099223976,90,0.108894360636851
4.96308035652123,18.3758481047218,86,0.008057644675735
1.7851187895335,24.2757929282486,100,0.0385459698776647
5.34936406965091,20.8534846945353,65,0.0117473928616678
-0.72704108957368,7.53025674568312,31,0.00239304124836992
6.0523375104587,29.5637644502717,100,0.0202304682100501
4.8024128447345,18.7914648207442,56,0.00894255103160754
-1.09401501372487,6.55245058326778,21,0.0021821568787807
-0.187979044002628,6.44457933778356,20,0.00216633319262709
-0.819499299983673,28.2661499131907,91,0.107106120791309
5.75434536994154,20.7711508674854,67,0.0109910891022274
0.699669814932888,27.4313553176916,90,0.110188769365328
-0.259730784747747,27.1306872271352,93,0.107501899236092
0.53287727053415,27.3647545239376,94,0.107164460713024
2.93373271384956,18.5027043218896,46,0.00983381847021432
-0.394387371792112,8.13216608555235,42,0.00253490095001055
0.084279291291845,27.2055099312867,97,0.104842910435072
0.356769143902411,27.5717496174725,90,0.116115880402725
4.41317203701805,26.2699852949433,100,0.0313389581142159
-1.89692193387264,26.0525675898139,100,0.0596281823834108
0.978416199831802,27.9273646648314,91,0.105678404026218
-1.23776930158451,7.0278707643501,26,0.0022775817839269
-0.43780976471109,7.85471625852781,42,0.00246576592302989
2.3361765084873,23.4851357272796,100,0.0289779711579716
4.07687123679968,25.2935725208359,100,0.0301980020331586
2.30838908216881,26.1664721539601,100,0.0552428691619346
4.34293372144842,19.0380591535871,71,0.0095501389193586
6.392084103873,24.7829074296961,100,0.0166014108120018
-0.83974738860425,6.57850293900746,28,0.00218645716679853
5.48774619962491,18.5899277920988,76,0.00802738882394589
-1.05354080682695,8.07166320673621,34,0.00251864978300224
-0.949165893954895,27.5701508219355,98,0.098167735205436
-1.00756160449573,8.01271492208882,32,0.00250576350802431
3.75926522294906,26.8611016291831,100,0.0399467217899226
0.869624516085892,27.8272024490072,87,0.112887138559082
2.83521165948931,8.72189656019692,45,0.00263328552357662
4.9953379023373,20.9825958881268,74,0.0124115541443056
-0.299101064317713,27.6716771141005,96,0.109572302934911
2.66532293441064,32.33433419195,100,0.0270171285789759
4.87449349430115,6.20034600655762,47,0.00200579340662383
5.09829365975147,19.2186707809034,72,0.00919223022859038
-0.430178166176126,32.3205525602202,100,0.0333649637717796
0.353241466505071,28.5705285621538,93,0.107194052084275
-0.962862119282003,7.9153248106114,39,0.00247790042995883
-0.414832316584741,7.17309151829031,22,0.00231872015168127
-0.515257486548523,8.38832042292787,37,0.00260375357883361
-0.783155868054134,27.6459277311649,99,0.100394644719364
-0.67659463892897,8.88986453939887,36,0.00274068935163765
-0.550732195768852,28.6912734954421,90,0.106459214889457
2.76349105383922,8.75465299056229,43,0.00264620698549044
6.82822331005316,5.81822354180801,32,0.00186351600867338
2.96535255675319,8.75061961081073,43,0.00263706150003374
-0.333093601839435,6.57804674566203,22,0.00219208790206755
3.49743675066839,6.74661927408709,33,0.00216328429580853
-1.02495354389511,7.70477497747142,37,0.00242757075036466
5.54772540452198,19.0223913649229,83,0.00846715478292301
-1.07365471267481,7.01920203504608,38,0.00227146710319454
3.62083215254166,18.7138371340699,77,0.00948889697358496
5.32175335761661,18.1925273335745,69,0.00771569328172441
1.49021679444148,18.7280265931872,69,0.0107023691134399
5.12878114621963,20.75225213518,67,0.011842301630016
-1.14994090997924,6.31824892968955,25,0.00213299821666533
5.3949076448137,20.0422424895724,73,0.0101581951748567
4.53223757468215,8.88659992907245,49,0.00258813249640888
-2.14693788040559,24.2405384260357,100,0.036205921479668
5.92858167309957,18.9839988773188,66,0.00823354175752521
1.83357373842675,6.25280879445811,33,0.00210753881835011
-0.707567917786971,31.2706694958526,100,0.0454011150124915
3.41326412588067,18.6770755703323,78,0.00955108283598897
1.93059232061996,25.2190281060585,100,0.0485214354421973
4.68938397457804,20.8202293421931,74,0.0125208012115808
-1.00143846822234,6.01260592724674,28,0.00207440257858238
4.6466166715461,18.5205526378974,78,0.0085077125388611
5.55565075048778,18.2251024246041,76,0.00756307676606643
-0.501817478634632,6.13581336527584,26,0.00210195844137454
0.189816755680728,27.3133906085555,94,0.109443140388021
-0.960375523506626,25.4954963101259,100,0.0609011755829275
-0.52343125277434,6.01860648220565,33,0.00207651788161361
-0.682414621288391,8.03071114191766,21,0.00252069238722578
-0.696150794002179,30.2773070127736,100,0.0616407805541114
2.05245249451197,18.4654265332039,46,0.0102046239105177
1.97096955671951,27.2882796975405,100,0.0708516384735128
1.07115336223699,22.1456667666355,100,0.0228748684352901
-0.0832972065519555,28.2019090286919,90,0.11731585956694
-1.13878028907573,7.13950486781744,24,0.00230421143304364
-0.827643201508289,5.91381184976943,25,0.00205856447330979
0.774800139674322,27.8861466692457,86,0.11625290191627
0.21597453011741,27.0351047990883,93,0.106042994057506
-0.38748813241956,30.5550893865058,100,0.0577767692559145
-0.193625085001069,27.4265651513632,94,0.110773507796194
3.2681715158171,27.8710027503474,100,0.0485860477431381
0.68477150138069,27.4511926189518,89,0.111881259617773
-4.40586416314861,28.9772804962412,100,0.0327244460577992
5.89985310868368,19.8670054678816,78,0.00930951472265687
-0.38968130970797,27.5198140557485,90,0.115347966200463
0.807316481619273,30.5662874671706,100,0.0559595065652851
-0.513769548510607,27.0699778258131,82,0.117771088891631
0.277198288580215,27.3066238910434,96,0.10654809182741
-0.515052959647693,27.2698134314449,98,0.101873868755186
-2.73135222700898,25.7039493650624,100,0.045423224961496
-0.422631759400301,6.22443479616483,32,0.0021167122383214
0.646548890864477,27.904877723731,90,0.113366730023258
4.08666631791252,28.347069806604,100,0.0372607723582717
1.93361087149279,24.3215421137434,100,0.0382127410351102
-1.46898936507338,28.0559867662878,100,0.0826660959395255
0.0276868474728281,28.6192427289392,89,0.112659032082263
-1.89692193387264,26.0525675898139,100,0.0596281823834108
-0.396281407110994,5.98080854956504,44,0.00206521480031896
1.61454142967754,23.0316235957651,100,0.0279073160422767
0.603846109556138,27.8184613462051,90,0.1140581223906
4.97845556751335,18.4398163837728,49,0.00837877682538034
-0.167981719196138,27.8677059689776,99,0.107189640961957
0.0920007172930034,28.2195865770274,86,0.122882134987861
5.35576058624143,19.0151989875983,73,0.0086852647476393
4.40365315298407,24.4139250527826,100,0.0242853358754734
3.32088310109497,8.49865020407795,43,0.00255663598133443
-5.7840472580648,32.6457469109087,100,0.0150948523574835
4.244936376692,25.3649260478792,100,0.0292808217207751
0.612015553525387,28.0278848619994,91,0.112317463549208
0.197992895883437,8.38979406480063,42,0.00260228784996006
1.71788376366318,30.1299462650511,100,0.0555581112655521
5.12537369182158,18.5841017778787,65,0.0083517300806712
2.51836273058732,19.0509276911111,67,0.01092124179317
-3.87371586500284,35.0035117136679,100,0.0131719713413706
-0.991192831978518,31.6972239578698,100,0.0390651419389726
1.65396877188971,31.0918706443364,100,0.0433395470639378
0.88168881780193,8.61365425781199,42,0.00265711685550221
-0.364058212249948,27.262486502721,97,0.104253120160905
-0.558226999130632,6.13670821679003,23,0.00210319222512929
5.69892973761988,18.4257402212841,66,0.0077514947560146
-1.06297853288683,7.63183214801602,30,0.00241394471867378
2.41278729836472,8.80015217740052,43,0.00267131511233197
5.75779673776911,18.4435605744548,65,0.0077371935838255
0.87494281912754,28.1642040513972,88,0.110395810981606
-0.255088523337483,6.62723764859594,32,0.00219756676409215
-0.701753617746723,8.81641421989431,41,0.00271592495892069
4.34105108216532,18.3164317284681,48,0.00864685320898624
-0.231674744143323,23.1329789235612,100,0.0309491300783609
0.603444945107074,28.0676412023882,96,0.106295352803132
-0.47759982108936,27.2888449152319,96,0.104638270627034
-3.65843440688434,31.8599390459267,100,0.0254616384158206
0.892871346552189,28.2536423265935,94,0.102540942444018
0.127254526423423,27.7953404631669,91,0.117349737325979
0.477819398953427,27.8241019117286,90,0.115865587244104
0.735096880267863,27.7274598667679,89,0.112876201262904
-0.63053250529419,6.60018628208952,41,0.00218612303450894
-0.273760454343475,25.6404492454803,100,0.0670788099532419
4.68485463535578,18.4278034900156,76,0.00837250918864404
5.25497383485478,19.917650891275,72,0.0101197888977447
5.42714963727818,18.2921529328253,73,0.00773860243426498
5.71232399715664,20.6377086430356,80,0.0106711070496307
2.74979965197055,30.6235629223072,100,0.0398519905266111
-0.82795061798945,28.3580038373398,100,0.096774686006704
4.80363111002839,18.3164723111797,57,0.00827962745352564
-4.43484654732507,23.9774117417452,100,0.02239493550255
-0.862909355115036,6.77781845966491,22,0.00223037002387443
-1.14483786645351,6.73583129021591,32,0.002213886361075
4.54070403446258,18.1948346979561,73,0.00817940359715543
5.87729956960701,19.8169792174452,72,0.00931500147621721
-4.97322536717494,26.4995905483474,100,0.0274062343282635
5.56795039150052,18.3016552956562,58,0.00774661442773732
0.0263002912057231,34.4914105076333,100,0.0185663409742975
0.0567791338945744,28.1099537914096,91,0.116739450387635
5.62935519653475,18.2650252331559,72,0.00758277184794279
-3.37920641212563,27.6910877644503,100,0.0468406314574328
-0.801533846181611,5.8887719645711,43,0.0020465273001191
-0.360817446782696,8.159658470481,36,0.00254593284934399
-4.14113958189194,28.4226940570862,100,0.036542665582552
0.391897589433418,6.69993771684482,33,0.00221163038750049
5.1105217759724,29.0788891933586,100,0.0266658754295986
2.05110170736907,18.5742469912077,77,0.0100952814287821
-3.81631712327894,34.353998537341,100,0.0150102268680598
0.241404547828357,27.1878203290082,92,0.109736183832917
-2.13196527542984,32.9604313242176,100,0.0247230576525567
2.5447041663273,26.6659223768954,100,0.0561630734734981
3.19255995567485,5.99033770832264,32,0.00202992259945673
-2.06100587749531,32.1418768748043,100,0.0307951616277798
3.86123624637771,27.0832104676688,100,0.0393461167947115
-0.284717582819925,5.83104578623796,29,0.00204410636029007
-0.506339862182095,32.7477314804535,100,0.02938132867666
5.74254213784998,19.1196250318963,67,0.00854747987841003
0.813449910552534,20.9491326025105,100,0.0168520757896582
4.01677087678077,8.6483792503475,46,0.00255905464195184
2.7231857111275,29.2619241448552,100,0.051870802518743
-1.5613335239921,32.1133359209278,100,0.0328740627716394
-0.837690350043368,5.99162361686616,24,0.00207347284532165
-0.217632123103029,27.409770907229,94,0.110470575063313
-0.616784583153509,6.71549113295053,32,0.00221423160657834
-0.0529144434639978,28.80265606943,95,0.102144293288252
1.9937584546865,29.0647940575351,100,0.065254450066153
0.327288628003439,8.8935620241994,47,0.00273612210678509
5.11183418913419,26.812169614766,100,0.0269306672427971
0.911780530611324,26.2043035829895,100,0.0741962617408894
-0.690909697853865,24.9081921508704,100,0.0523592481387309
0.592646280063719,28.0919448906795,93,0.109824259783492
5.32840912267835,20.3851047243175,73,0.0108125081970722
-3.50736883414436,25.0122178966872,100,0.0329820319096637
0.303447225240165,28.1224922901408,84,0.125607071634671
1.28030554416491,29.6208593052247,100,0.0683225440855497
4.01343174544042,26.8705281873187,100,0.0370505730290578
-0.748958051467804,7.60714274406596,21,0.00241668349524406
0.772047406237781,6.56036968443281,27,0.00218376871115578
-2.6991170594164,26.3699342694476,100,0.0515192696942445
0.495379381220171,28.3939725861944,94,0.107178732250028
0.0966462491014553,27.412358386999,90,0.116119319395571
-0.127108226975027,18.5608043228173,84,0.0104367594517163
-0.167277476651864,27.4416577882884,96,0.108636286844445
-0.919816812957951,7.59265336269296,38,0.00240175330697997
-0.251381512844512,28.26160597213,91,0.114619893852567
5.4579745965586,20.4940445967266,73,0.0108382295031699
-1.16253183606714,6.5996463628533,31,0.00218623359188432
0.655148152579441,27.1347907392008,97,0.0994239231948303
-0.911766107794665,7.24424525830918,46,0.00231807399078829
0.0192986106097507,27.2283365590864,96,0.106361097383276
4.973089034976,8.89680270069557,64,0.0025530893500134
0.383815649242848,28.0467434755387,87,0.12073317540256
-0.0133026627696232,6.12181909450376,31,0.00209818052271106
-2.62424933629007,29.4451449944481,100,0.0518229955306102
2.98197227336284,33.1589038968551,100,0.021340869747833
2.160884994207,8.82498969220945,43,0.00268637326874393
0.353976993288753,25.1403357369861,100,0.0573736742578981
0.0177016279443905,28.3578198641158,90,0.115634887686651
-0.707424258016107,27.7466505836014,95,0.106218240524841
0.1027214249218,8.81263987847203,40,0.00271916055652349
-1.63495855767283,28.0017734201954,100,0.079403897033571
-8.30466577483112,30.718200073396,100,0.011490195813753
0.097565016825233,27.3071383512947,94,0.109678672680762
5.72886505408161,21.0036956642511,83,0.0112300560021535
0.117184909247608,5.87002344891751,41,0.0020465460241117
2.32818069844544,22.1208542930145,100,0.0207153401653638
0.308050287588625,28.0284019470977,96,0.109602980020954
-0.897065709699956,32.5699281320325,100,0.0304159280006097
-0.114282702338153,18.3800002115524,79,0.0101309026049735
4.46081523198318,18.1791525159649,70,0.00822756737543146
1.56543710137883,29.1059639920401,100,0.0719375724342205
-0.994032618218764,27.8742992580359,97,0.0991151838753318
1.07548225364504,25.0242011930049,100,0.0523384089208042
-1.42745948254617,27.5591199502463,100,0.0831261100829751
2.89133643892785,25.1658951110409,100,0.039176221825006
-5.30244859833237,37.9229387847038,97,0.00714516253333865
-2.63603919521923,26.1771005569086,100,0.0507974849144631
0.564536657811797,31.3194415787617,100,0.0450879209497602
-0.84598071774883,27.6299192590799,96,0.102352147562005
0.354335039657778,28.1107003685454,98,0.106510043936755
5.28268871711715,20.9383786835697,65,0.0120143571334632
-2.10514237497016,34.0389046774454,100,0.0190489914127359
5.40472627701258,20.262492916532,73,0.0105093946786368
0.408820411933619,28.5329219603004,89,0.112116465902321
5.73364103584063,20.8357824358693,80,0.0109730176450295
-5.22591356704824,32.4090663401603,100,0.0172729663213578
5.60142890046231,18.9261644564075,73,0.00837433232671845
-3.45482555263167,27.6153219845917,100,0.0456677449412915
-0.705000929661027,8.1614515862143,40,0.00254142831378849
-0.818770718154963,6.37224422250756,32,0.00214340152372059
-0.905081224050476,6.67494190919422,34,0.00220274399784847
-0.719980203016268,8.42828343884596,41,0.00260988253131702
-2.34669332846471,33.651699152972,100,0.0204342540959537
5.8600987772114,20.2071999511992,59,0.0100274730884764
6.16459036932633,25.922320105062,100,0.0193563741074654
-1.48969263304089,29.0852853287695,100,0.073429625808736
-0.142439029730019,27.6934301676593,100,0.105826291971554
-1.17816241366706,27.1449873752404,100,0.084730838455483
2.99013491625645,23.7826411736793,100,0.0281874029072715
0.600580091132802,28.2152188810372,89,0.113804477460885
-0.886443708466293,26.1531488263884,100,0.0735059362609386
0.217118577414839,28.4606125558679,91,0.112266293576771
-0.680762993824603,28.7961039755454,100,0.0889805045053436
1.07548225364504,25.0242011930049,100,0.0523384089208042
5.5790710705085,18.3621794883455,65,0.00776644111893578
-0.665220213568567,6.73379487135421,38,0.00221477920386925
5.83820647624357,19.1924431728568,58,0.00862562561351706
0.958161917148733,8.53994535370635,42,0.00263621773901616
-1.05169526517776,6.73653560055702,40,0.00221111740250281
-0.708651270576183,27.4454522551817,94,0.105529062863471
0.959860985075385,27.7354413223277,88,0.10943125201365
1.67291715934423,29.1724240296642,100,0.069353579193472
0.241412178041397,6.16970128987394,34,0.0021057865125955
5.57195877660676,18.9803631190704,64,0.00853114037466271
0.827011203090658,27.5992364534047,93,0.105779907598181
0.0440186132056302,28.4207600777326,86,0.120250046472816
0.728171273560151,27.2873609781378,89,0.109163564383915
-1.16198618868906,7.39648831052284,34,0.0023559506955415
5.32605603513363,18.7012919661213,65,0.00835614259659151
-0.0260411226333725,8.84011304391037,40,0.00272698921363484
1.66108175726142,18.443048436961,79,0.0099738241943343
0.0935956133312733,28.7601479589367,100,0.0978683942436475
-0.271949019800639,28.4626916833868,97,0.104858014133734
-1.1479702090002,6.15998387439754,20,0.0021045402198074
1.23126964846518,30.65116784299,100,0.0520813098025501
5.77570061453516,20.9882983115452,80,0.0111735605459425
1.59190445510538,8.88327503442706,42,0.00271888260378589
4.38159690225625,18.808941205001,79,0.00909558686052907
5.63928566241066,18.9279352400995,64,0.00840997618416082
-0.589877477571885,8.00389130489709,40,0.00250273370983348
-0.900188099986938,28.538986000247,100,0.0895200329274314
5.20521385598672,20.5780027483423,73,0.0113198062838142
-1.18460414728012,6.82270509743472,34,0.00223052941085416
4.56264104955346,18.1588258461351,66,0.00816623505220252
0.0589833322509239,25.814743091668,100,0.0709591700873752
0.873555645415453,28.2387939285645,92,0.105189529238862
5.84370617979526,20.6794982601707,72,0.0106578839551997
1.45775042900147,30.9630935770763,100,0.0461945864246404
2.60903591377482,30.2730900814542,100,0.0443949003777069
-3.64743208732902,33.1070812639254,100,0.0197146672944663
0.775633705047301,30.5797900736597,100,0.0558873237948047
-1.01653254193358,7.6437530877945,33,0.00241557012374041
-0.0381689434844695,27.4522783926238,90,0.116690158403822
0.643441048357615,31.391364414572,100,0.043904276064751
2.39320612521727,30.2604608815042,100,0.0467623682722414
-0.846513909941554,7.65129313007641,45,0.00241219974744369
1.93732175934685,29.500662913827,100,0.0611922564742108
-0.118311288637505,27.0369519321268,96,0.103151894991892
0.685511429163094,28.2056376427414,92,0.10881939191814
-1.1349123371269,32.5309108267629,100,0.0303077222541498
-0.0350463210826812,6.31599250166866,19,0.00214132883712636
-0.350379875330316,18.6477678598212,78,0.0106710196713308
-0.518295277235955,27.8147998393191,97,0.106703244094924
4.71748767656055,21.2031466655246,74,0.0133536593212893
-0.164327298433638,27.1505695962825,95,0.106010252819555
5.51951738506928,18.6100292352926,71,0.00806120750399983
5.77835543199048,18.6127515907147,72,0.00787247529058431
-0.55269251270144,29.3906687375502,100,0.0797090031472037
-1.11054175917793,8.45025762868015,28,0.00261971868836874
-1.00301653045463,8.55138032011958,21,0.00265338165024599
-0.34582516358205,28.7195564938249,88,0.110408062886208
-1.53366453013582,18.5509385731237,75,0.0102632776448767
-0.0815600538008129,28.4223393173636,97,0.106129067794643
-0.609796145618577,6.31652595995206,32,0.00213380050867598
0.388492562722992,27.3424974166012,92,0.110852259524051
0.701904006090286,27.7358053315405,97,0.104064747974775
0.0429398369059802,27.4301376817834,92,0.113782608146808
-0.768249807422768,28.2598944402863,99,0.0995011360181693
5.70170263733722,30.5264150511829,100,0.0201964738721381
0.771718115821063,27.5706977971526,89,0.111346656832082
8.97941159700294,6.47413502942476,47,0.00183945626627237
0.212791631560018,8.70309143567063,42,0.00268686635472736
-1.19120937676482,7.16809422390602,22,0.00231093070546328
-0.729079677695836,28.0968568813343,98,0.102165139938979
0.374828904431128,28.136562173888,86,0.121694453970434
1.75929815093994,18.4333914558667,42,0.0103007427326134
0.562835971240288,28.5886541647424,90,0.10814409532649
-5.5735642150559,31.1989152460737,100,0.0191917500330631
-1.01558101714383,7.04492059564448,36,0.00227867574664311
0.948427923427061,18.2578746224261,47,0.0101291403982181
-1.34009425111916,25.399457789173,100,0.0563151741322162
-1.16904288542169,7.02588791446179,31,0.00227541960583449
0.901859696466615,27.6487360642906,97,0.100406576025549
5.41027945228456,21.0159941343192,64,0.0119861741909032
3.02112537450378,27.8775624394938,100,0.052552846239761
-0.577315998513459,27.7436717600094,100,0.102583934870265
-0.0517061007938725,8.51484057630817,40,0.00263722343787558
2.78273468878766,31.1522293117154,100,0.0351182155677905
-8.83587861730888,21.9290336853596,100,0.00811920471013642
0.364646303538428,28.1984960950242,96,0.108134861709992
1.97686153177724,31.0658546200425,100,0.0415307166208748
0.19851198102808,26.9978599070402,92,0.106543645776464
-4.93924470183592,26.1523817659303,100,0.0268692102179285
0.356769143902411,27.5717496174725,90,0.116115880402725
0.498551455876051,6.31733728409335,34,0.0021336104635966
-0.662008173097331,6.5769903630457,20,0.0021912604095793
0.0405814032262632,27.4617909548743,88,0.119585712022307
5.17111111404289,18.902423850832,77,0.00865039174837084
1.89316555026782,27.8855873655281,100,0.0741527924732797
-0.151189161676203,30.6340928720416,100,0.0567775512386158
5.7704062493235,18.7525763223623,81,0.00798299526177939
1.7678440056193,6.2154263106808,32,0.00210186769427246
-0.768549137542769,8.32185639249512,39,0.00258278461485875
3.15613009892567,29.6373768139107,100,0.0434464613653543
-0.279340726405901,28.2232007918768,89,0.117508123759386
-6.22487773277682,24.2159241332025,100,0.0161450732650164
0.71343793303734,27.4370893483214,92,0.107643856313427
-0.0126435173952979,28.781299173208,91,0.106978455567808
5.41724515347814,19.5936094924975,73,0.00944276460202091
-0.67896372664643,6.83449673106959,22,0.0022437334136628
-0.788684205465186,8.47971478137976,38,0.00262490355402116
3.46887038505782,25.3282179116645,100,0.0352730685546301
-0.180707714309152,26.055924938516,100,0.0757989066347729
0.615536726957284,28.4417009984713,90,0.109687304608204
-0.953504578694552,8.18144329588819,41,0.00254320652062126
2.20355907092503,32.3347986512109,100,0.0287608909121997
-3.22633343075419,21.0507802602638,87,0.0150619350913709
1.89091539526536,30.2051855766599,100,0.0527129739322102
4.97122874090785,8.29688456508996,44,0.00242261000905011
2.28425154896914,20.9054198098501,99,0.0155274245359836
-0.742574672142103,8.884208020961,38,0.00273687668461741
0.652063795030287,27.4648992379503,89,0.112571161194388
-1.14507758450636,8.50373963664983,32,0.00263071455838373
4.86261083487731,5.95949363861389,34,0.0019699298404104
2.45979158275235,24.0558668121947,100,0.0328597072613853
4.76214044248577,18.4657659707004,66,0.00844210748743192
3.76923188821843,8.64949499650517,44,0.00257334620755719
5.89961758152404,20.0272576098443,74,0.00957142039033925
-1.23362374967921,6.98870318102019,42,0.00226098329511843
0.871707710144827,27.5141568894735,86,0.112595646258853
0.046164136734134,27.2260465986169,89,0.114855444593793
-2.8649405050875,27.9848817870459,100,0.0551749330027077
-0.863148159660494,7.85938319258353,42,0.00246353881980552
1.81126852793435,30.1131165755864,100,0.054786532537295
5.227675313161,18.243084207029,62,0.00787783504362748
0.0598544627600608,27.4855379797623,84,0.125853738626592
0.0686591531314703,27.8800154077438,94,0.113558076252945
0.802231373583177,27.3080714785947,88,0.109282858702102
-1.09150530826196,7.22223063178731,36,0.00231663317634995
-0.0322584295812922,6.3642642526729,32,0.00214490173430267
0.329991317861594,29.7890942641285,100,0.0728516095620105
-3.98171952360038,24.330705997766,100,0.0261644961966179
0.521330433651199,28.4310467802224,91,0.109920669991996
0.00888068102292705,28.6759900309299,91,0.109111897566367
5.02465877852588,27.0929924162475,100,0.0279811121097238
-0.643277709810934,6.07613065366494,33,0.00208678691942751
0.562835971240288,28.5886541647424,90,0.10814409532649
0.0296699378443385,27.2319733287752,89,0.114970921126277
0.58142012238009,28.0474235553,92,0.111436564639237
4.7454447174183,28.4010506525759,100,0.0305701525872606
3.9281692611488,30.2174196852243,100,0.0323801518514269
0.227726791318954,27.62237411542,97,0.108578642446934
-3.9638713883415,25.4972781578728,100,0.032049667322463
5.24931357249001,18.2364282619554,69,0.00781291430861459
-0.890904700146809,6.66145340198749,34,0.00220009666581238
0.589190022304496,27.3403931036482,95,0.105048395258301
0.258015435074779,28.0031571671513,89,0.119222000370014
1.33983616252615,22.8594615415419,100,0.0272376355957905
5.79890925259662,25.4372945283172,100,0.0202413417246807
0.593809716737709,27.2160264337486,94,0.104494244668286
0.581488755635206,27.1278171081955,95,0.102280527551027
3.45235967577567,21.2355852167697,91,0.0151931738138957
5.56588673508077,19.6637727481696,73,0.00940039620262798
2.46162723108585,28.7156499423318,100,0.0599138478804428
-0.749943905739278,8.48606041672352,38,0.00262701046979631
3.93085220304862,18.5430906379803,73,0.00905137699378643
4.25015622509099,8.91256138508033,44,0.00261494590647297
5.98071380560696,6.34511149658254,39,0.00198604390709269
-1.2044525248524,6.36451053900939,30,0.00213921634464323
-0.798975487061713,32.2687372079054,100,0.0333717878051061
0.413508833778933,28.5102102349607,93,0.107606054011736
-0.127970919889436,26.948841460367,96,0.101524492679767
-0.593307674832622,7.71594242806457,43,0.00243080791936623
5.45852405792807,19.3663152929683,72,0.0090859400228161
-2.90917483557386,36.7072310494284,100,0.0103502599474835
-0.180707714309152,26.055924938516,100,0.0757989066347729
1.41805466653606,6.04389530879977,28,0.00207594546150166
0.331530139249158,28.1069395835759,92,0.11400841191345
-1.23314011889145,7.12373106846524,25,0.00229903166800224
5.78300281646518,19.2507520766995,70,0.00865916690145794
2.15291377349985,5.84369983754894,29,0.00202754243757865
1.97096955671951,27.2882796975405,100,0.0708516384735128
-2.57816333552747,27.7705321006073,100,0.0604005036418721
-1.21742587419629,7.18098035862967,32,0.00230810374052227
3.78830004340697,25.7522574194588,100,0.0348431972545909
2.95167283562641,6.66220328370245,36,0.00216163705777629
0.832551126591849,28.2864216954995,90,0.107817589714608
4.84649448614991,18.3336226058106,61,0.00824640786614767
0.0244048392618146,27.290785766948,88,0.117274418819286
0.254912542274536,27.3324528972698,96,0.107002320464919
5.32642881734716,19.1645259604119,63,0.00899243334103052
8.94688830531158,8.83444745608681,64,0.00222535510952643
0.574850703405203,28.6767152865935,87,0.109932872666577
-2.28896143492845,27.520987225013,100,0.0655474934037991
5.62215921555636,18.997003582929,59,0.008548156607747
3.02693659955745,8.79517459579063,43,0.00264635652647856
0.248082412686584,27.6494439330525,97,0.108608285534578
-2.13588023105838,28.9070565642192,100,0.0642808795958001
-0.655456196161004,28.2074552903293,97,0.103621672910895
0.0975635472114211,27.2537046988508,96,0.106614210949106
0.165801999727572,27.3234493762298,88,0.117402523234183
5.14833326691693,33.3766184019498,100,0.0149642844883306
-2.894989740169,34.8491967546625,100,0.0149001175507775
5.57601195725126,18.338833798807,72,0.00770006411917103
5.51377561713157,20.9851840439308,82,0.0115230195305939
-0.349502654244742,24.41676980948,100,0.045688182819629
0.684150865214647,27.9366760722245,94,0.107819575379229
1.52172839325263,6.10033372408906,31,0.00208396931451487
0.361652021394004,28.7487635835636,87,0.110870917585163
-0.321799124919493,6.52776518369119,31,0.00217759829038252
-0.793145019234582,6.43482484717086,24,0.00215972849341663
0.917378274171618,28.2111045284241,99,0.0974184969796581
0.0922961256593459,27.8677915777733,89,0.120343292910488
0.604096033038963,26.0607911736598,100,0.0740327653256007
2.34923878386423,27.1873550613073,100,0.0629959432104613
-0.442157929193175,6.87178759384535,44,0.00224188385304055
1.12010529154143,29.90746664706,100,0.0651775902681311
-0.565252291829172,27.3866796754815,97,0.103672992836806
3.02321171259305,22.3874424890384,100,0.020406821489381
0.590729264901756,5.96283329132297,27,0.00206829513994439
-0.565961807388731,6.71567300814134,34,0.002213583653986
-0.61321721703727,30.8074872119039,100,0.0527497578890465
-0.18166728349953,5.8751636123554,43,0.00204657442039511
0.909165790637775,30.4616383976062,100,0.0571765870151281
5.8350384470006,18.5803296834042,76,0.00777098042549818
-0.855735840601765,6.47115381603947,32,0.00216277527115084
0.136441766226937,27.7520097417483,92,0.115854091655856
-2.18328071680101,24.3751390896676,100,0.0372847949514513
0.248082412686584,27.6494439330525,97,0.108608285534578
-1.03860091601253,7.41888063319928,23,0.00236871641013722
0.779263994453793,27.4432182512167,87,0.112574694597538
0.672195480265137,28.5634899444207,93,0.103669832177859
-1.23383920630212,7.40951514163954,32,0.00235906789573536
5.6749279655906,21.0507389093356,72,0.0115355322124734
0.389214275537314,28.4471264118415,94,0.107575977893336
0.0415240124740355,27.4701751260985,88,0.119679460177879
-0.186591021291018,27.8841249142441,99,0.10710835154463
3.05335113512614,29.1616024592964,100,0.0478127879708135
1.5679337579301,8.91217087723222,43,0.00272682793595015
0.192837517906857,32.8758527243596,100,0.0285025585536084
0.0289303607174359,30.0943733347261,100,0.0671648489477175
5.66589347293093,18.7424493443803,70,0.00811980845499238
-0.82795061798945,28.3580038373398,100,0.096774686006704
5.64979951936172,19.7725239569131,71,0.00949230472553237
1.68178815769677,29.8266496531627,100,0.0602690536465761
-1.62108316803512,34.385985188798,100,0.0181484034186469
-0.654085567333118,28.8383227111776,100,0.0886247725518248
0.607109806778212,27.767623604415,92,0.11137909474643
-0.52396102520543,7.57378429655804,29,0.00240583431001208
0.779263994453793,27.4432182512167,87,0.112574694597538
-0.621222644706484,27.7404037372305,100,0.10202501336346
0.125838833876006,29.7922181524727,100,0.0732840802765353
0.023561425687037,27.4383987593271,93,0.112608221543287
0.359143596682476,30.4848042430859,100,0.0591257813925355
0.573243874188454,27.0951241426911,88,0.109690791510421
0.085157638504026,27.3272367062591,84,0.123557362595332
1.49511125524322,30.997229797302,100,0.0455149224949419
5.95691846103373,20.1863793892639,74,0.00973811313387204
6.88183540011178,27.5028032489873,100,0.0174249018805281
-0.822383271210143,7.92530014821809,32,0.00248620873349972
0.94616914666374,27.7424036730394,84,0.11480585541793
-2.13597246697945,24.1713812573065,100,0.0356145590730176
2.22365965061178,21.4269435110176,100,0.0177791119325766
5.37669592407235,19.1099936681968,78,0.00875702006207198
0.900400941321787,31.0442532117412,100,0.0479769972263622
-0.912045581527738,27.5264475752138,94,0.102617671404631
0.0360109595812506,5.98373094517731,20,0.00207672453112615
3.49425474290621,29.7027242759513,100,0.0392127704309305
2.76256207454045,21.1548199514735,89,0.0160233910251177
0.280323750311897,27.2472210869391,95,0.106876481766342
5.12877152527098,19.6275691636737,64,0.00986207270475572
-0.441032927294973,31.8169926023894,100,0.038844723354033
5.70138064460023,19.3081355586619,73,0.00878254096120622
-0.656403482963485,8.35031096138716,43,0.00258860770542851
-1.86489883250911,27.5542934810786,100,0.0742221818696075
0.523748081552305,32.0098085519705,100,0.0365150499675806
-0.049467823857725,24.8458131685031,100,0.0526420506653862
0.0558232563935968,28.1060943803597,90,0.118146443258633
0.241613925880641,28.1922141733814,89,0.11807875474664
4.48539096007386,18.3665797496342,68,0.00847685893188895
-1.42357896544826,29.2839855568054,100,0.0716753699012917
0.0415240124740355,27.4701751260985,88,0.119679460177879
0.0393262805138417,5.93520812637644,20,0.00206759704912924
-3.88009784762529,26.457664864907,100,0.0371385896763491
-0.14896861959587,6.21350582035254,33,0.00211484718620248
-3.84235544979665,28.5084052927342,100,0.0398668068979831
-1.23338468298229,7.89810107822651,38,0.00247066710340412
-0.0544618371829145,31.3547848419794,100,0.0452307533693806
-0.27775612497757,27.8292795389426,100,0.10549447212657
-0.602968091486798,7.77942373672266,41,0.00244711931412679
-0.970790750882209,26.8478614327475,100,0.0842434276764471
-1.24281321120967,25.1076642990483,100,0.0525548475969627
2.93515486228227,30.1598184055161,100,0.0420174842090695
0.484115055875621,28.5321806126969,88,0.112542471471394
-0.324792828831268,6.53770548191048,32,0.00217912668062605
-0.692683172565261,6.6137592373837,34,0.00219184774957501
1.01572715429606,8.56505839805347,44,0.00264078582213342
0.480414198574822,19.0116805039551,70,0.0115678582240032
-1.01451089730822,6.80549366057842,38,0.00222680197373748
3.64538065890763,8.76400406699645,44,0.00260896295680761
2.76341472020656,18.1839907882281,65,0.00920077206992234
2.16171912260554,5.93595349991898,47,0.00203669293078426
4.62504317011265,6.02658131332119,30,0.00199185665631879
-0.916854408014705,24.5932987472231,100,0.0466830866003421
-0.841506027839701,8.45867628370327,23,0.00262902984993728
-2.98629655883036,27.0027605776926,100,0.0511353406506599
5.77106885419302,18.6289173524347,81,0.0078405582419035
0.194947954328582,27.5653374473671,94,0.112025230577053
2.18393222514001,29.8798090745544,100,0.0533469952958417
1.40253990714178,24.8688328633957,100,0.0480247578514671
-8.52372926628881,27.9854690970988,100,0.0121108783084236
-0.375368049383513,6.36121305872576,27,0.00214595554737665
-2.26758485235069,32.3265601937761,100,0.0285860782218655
0.331530139249158,28.1069395835759,92,0.11400841191345
5.60299120630455,20.0884707273066,72,0.0100089693689618
-0.959490527571507,23.469708011232,100,0.0332147146995368
-0.728906126992802,25.1023766971675,100,0.0554212898997797
1.18001377658639,23.3415171881103,100,0.0315245706679917
-1.71482585943564,31.4354605730553,100,0.0390370180477815
4.33335460928482,18.916845400932,70,0.00937373328306029
2.14794235893687,5.8620121267816,26,0.00203218783624549
0.0378616033502883,28.1576845472101,89,0.119185031083196
0.556495934816609,28.4016189443212,96,0.104137359452314
-0.368239055525446,27.7686900963678,100,0.104765085911329
-1.13971273157354,8.56257308776578,45,0.00263755978083192
5.80104276396533,18.7313887226165,67,0.00802521818575437
5.85837835714879,18.7448430810618,66,0.00800446889982008
0.451368932864773,27.312609322341,94,0.107460731205356
-4.3785859461153,26.0251417333039,100,0.0308220966807229
-0.911519929535406,6.95286051783723,34,0.00226094965819323
3.87031818025278,29.4385711184234,100,0.0365385568599736
-0.739715508081918,8.19039756843807,42,0.00254718628114763
9.5898765481628,24.8804465111388,100,0.00902919562672738
-0.279890233288997,6.65249741329746,40,0.00219881741965297
0.921605942084768,32.6714500043914,100,0.0295085191443671
2.42599171495234,30.2412110528157,100,0.0466184857100628
1.76803215373058,27.2464051333668,100,0.0745992840103848
-0.838767852166875,27.3809002602012,96,0.100651682394915
-0.242798597661637,6.28964029251229,25,0.00213313454973657
0.0292207890095207,27.3046135918923,90,0.114788394430709
-0.971145255302858,6.40425478257422,32,0.00214847622595524
-0.37223025509221,27.5091746582586,93,0.111563533704029
5.39299294100996,18.5039446075321,76,0.00799077732956406
5.48563992879796,18.2503887547936,76,0.00763582458409613
-2.55839901691986,31.196626948947,100,0.0362696782149241
-2.00227037982094,34.9119250758725,100,0.0157177577273091
8.18504663992669,8.87062105543152,54,0.00230446905410659
4.13050405426502,23.2163133120354,100,0.0206026827477904
0.0513758825555879,27.9138983449338,93,0.114857866219301
-0.432147490615182,27.3461110805967,94,0.108071832338128
5.64668995082642,19.5000181369184,71,0.00910779431926682
-3.00298393379285,27.2745626537069,100,0.05191273015298
-0.551226021150271,30.6974168633746,100,0.0547982036294499
-1.09682694731675,8.12798408398861,29,0.00253546320050468
-0.433320896171047,32.7048656238975,100,0.0298066881823654
0.331530139249158,28.1069395835759,92,0.11400841191345
5.78350050134991,18.5129723663347,47,0.00790889544049504
0.62100563458333,28.3010249647957,95,0.105484536134731
4.96381280347079,18.1767378970246,67,0.00793462274718647
0.214362580292545,27.4057734395443,93,0.111676975369659
0.196697753284205,27.0230400821986,97,0.101602660060645
-0.0390752106122558,27.5087613807804,95,0.110781658042634
-1.70423516193637,25.5764833882262,100,0.0554769297039268
0.819010065364248,28.4254205088375,89,0.107641677290261
5.86832358038263,18.5230842271234,73,0.00770182859406736
-0.693711245790282,27.5594802450365,93,0.107836573489249
3.69186246885192,18.6218444235327,71,0.00934603889805994
-0.854374912452462,27.5988941445826,96,0.102043111115599
-0.473130846514655,6.14528893112136,35,0.00209992625320548
0.779263994453793,27.4432182512167,87,0.112574694597538
0.439485685863552,25.1585926982837,100,0.0574764597808138
1.98358471611685,29.7148335216181,100,0.0578990753330383
5.51228554360015,18.298911214794,72,0.00769678706885475
0.879004573179588,27.8846326089651,89,0.110202595376742
-1.03897285948883,6.53218128240789,28,0.00217528901097384
0.130415952318422,30.1368311769276,100,0.0662412089685653
-0.236351499725421,28.6887149767467,100,0.0986039272599172
1.68653163244412,8.82627118506909,44,0.00269923553277496
5.36785655688618,19.3517127057785,65,0.00920582569764617
0.189812707060826,28.3020637316887,95,0.109512734234237
9.21063640587674,38.0371706768684,81,0.00506620325791565
5.51107538695352,29.837383697288,100,0.0226356433360718
-0.874759464030816,7.87699588548221,44,0.00246648024111154
0.0788162575809568,27.2940937007963,90,0.114562469506768
-0.927455359631046,28.1889897325644,100,0.0964450721422318
5.20602218875642,18.9148989254569,64,0.00873815686667889
0.605394764502596,27.5788445894368,90,0.113029503182837
5.63597971845112,8.34025847645086,53,0.00238644221266262
-0.34893538570483,7.96395315530544,41,0.00249361254355447
0.225885017214011,27.012799827854,89,0.110230886016687
0.158565045238199,27.9882303606719,94,0.113093124634786
0.25096573751339,27.0963934745278,91,0.10930195103801
4.23051472929735,27.6148298860638,100,0.0358950806092569
-4.27547816089763,22.9469636018025,100,0.0191092110068945
0.815182397378706,27.5923297255822,91,0.108250497939735
0.394117943413796,27.4381784065583,92,0.111915579241489
0.00345453807120877,25.1012219748837,100,0.0570819001335108
5.82967316896028,20.5133078923693,84,0.0102798025340727
-3.6482132820451,20.4511659401023,99,0.01265508892716
3.14468084058298,18.6974460687468,70,0.00982655549133433
0.264584387072566,28.143045271705,87,0.12120592869658
1.21746295521258,31.3497879825806,100,0.042457053061726
0.435509535502284,28.7471675639459,90,0.106660480706504
-1.28679111550928,27.8133735616914,100,0.0865117597806972
0.320926721202114,28.1191143486244,87,0.120911742330459
-0.948354845371741,28.1758437187053,98,0.0980454148347392
5.59643090857369,20.7753940030372,74,0.0111321146534541
-0.722542503169945,8.31155937103205,44,0.00257723380477961
4.31074066675035,21.0875224574929,87,0.0135013482550255
-0.221102444843401,27.7487640724017,100,0.105679913069651
5.72314307630712,20.4007009788827,74,0.010339663544336
7.32368989624469,6.13775851438051,39,0.00188555831125743
2.24363585037043,18.6494490226069,47,0.0104720905663595
0.768119556048053,27.4198637190025,96,0.102188709148334
1.62488756666157,6.34247145290419,27,0.00213084007160211
5.19622102879848,18.9441086493981,66,0.00877063201261778
2.00657075361738,32.8879883674869,100,0.0255130886348061
0.183248928235463,27.314793832528,97,0.106008802069489
-1.06103234513997,7.94902956087395,29,0.00249113935800615
1.74441991989717,8.76311527822079,43,0.00268109304396018
-3.7941291759255,28.4481743132646,100,0.0405829117261627
0.185914122641138,28.0472984503942,90,0.118061198251671
-3.46250548564953,30.25866447917,100,0.0361825804298929
2.66569173954734,6.61768447386489,33,0.00216171634084892
5.32471089249504,18.3982502083666,77,0.00790503575502565
-2.41583074711326,33.1186376315977,100,0.0230534195903422
-2.9510948159157,29.53228940026,100,0.0467237736454101
-0.0381182605764904,30.9344495850144,100,0.0516873430695931
-7.05192624667323,25.1894534544585,100,0.0149769913419989
0.711284732422309,24.2407339682053,100,0.0425261210183171
3.00033964423007,18.4834383085922,69,0.00954689272916052
1.55859636925224,5.86556571719207,25,0.00204231795869976
1.1370489217004,23.1116101184375,100,0.029627150630729
0.335977572316482,27.8428229474912,93,0.113453034353323
0.117410479270017,27.193288984149,96,0.105697763578137
-6.88565366937672,33.5778586192177,100,0.0111119749577198
0.300165031403593,28.4413638143414,87,0.117265633625368
-0.181861136359411,25.1140475590108,100,0.0572045842356856
5.11222625128074,20.9744087857116,74,0.0122153453496641
0.819898731840304,28.372459971184,91,0.105993013219455
-1.57913751348443,27.337248270593,100,0.0789313442741265
1.04475442809166,18.5839067523018,49,0.0107571592980887
4.66122059503996,23.3749122274948,100,0.0193217761861543
4.01360907720644,25.1263771024512,100,0.0298600967635305
-0.833927265326034,28.2473479174546,87,0.111787833877742
0.103486767807875,27.0487889044153,95,0.104473782566666
-2.3464375038049,33.4471336815382,100,0.0214550724738675
3.75002996606991,30.3352379349708,100,0.0332398059200587
-1.31916659647367,25.9542854051517,100,0.0654550493708162
3.68797648746333,32.3782703907684,100,0.0227760484418463
-0.607019771551517,6.85227252152247,39,0.00223941089872996
2.27299342169947,30.2300095826112,100,0.048359200087263
-7.92012349284425,25.2341324217622,100,0.0125737089547887
1.79468269026386,18.3330679774958,72,0.00979356466070527
0.372103921100472,28.0422377703027,89,0.118032775263983
-1.69893549167347,25.5815484060545,100,0.0556038807965825
-0.101005324597239,27.0432595929823,95,0.104381005636219
-2.32003937848209,23.6609202839546,100,0.0303709205354235
3.17669253664233,8.80992252038918,45,0.00264239251059145
5.77642389668876,18.725112054632,72,0.00800404496473568
5.45523881332222,18.5929653379872,73,0.00807353588997691
1.56196821597375,6.00685732584684,46,0.00205950061465402
4.77525768138378,28.1850078631752,100,0.0304795212323933
-1.09528216129525,7.75035152118403,38,0.0024369541215239
3.47904858911649,32.1346401363479,100,0.0248343770176429
5.64663510146675,20.0388015785802,78,0.0098255025656231
-1.10745701929928,8.58121999192585,34,0.00265078690498657
-0.177641578193542,27.2600936294688,96,0.106451737604136
5.50547513127412,18.7595346045981,55,0.00836454561327792
-0.244853827978545,8.38918774028992,44,0.00260063408844436
5.45100848807552,18.7464228475006,81,0.00821056432701211
0.621390364477479,27.4924266950531,96,0.105007314643067
0.0431809120562024,27.7696974324832,92,0.116127242090484
8.9005974296727,8.91252307424384,51,0.00225085638166423
-3.01617464733511,25.8513902243509,100,0.0434069440638477
6.96740275541928,29.9865405538819,100,0.0158824390427007
-0.71756782665395,28.1859988465496,100,0.0997867094089885
0.65990685473154,28.0748921747202,89,0.11386764277903
-0.200656716631687,27.4247982682111,91,0.114524700493046
3.92490390953482,18.1875231681614,79,0.0084899311045121