-0.164131228774784,27.7238345826207,81,0.13250617425783
-3.03642978174712,27.5388124829114,100,0.0520159764688395
4.35542979590197,18.1812509434409,80,0.00822551907445833
2.21290123726213,29.184952186512,100,0.0604223872866849
0.476257422464834,27.8808837127614,94,0.110763962397522
0.867032524312738,28.1790005532863,88,0.110451838043213
4.90192616234372,18.744343463659,86,0.00857282923334284
-0.139625031870194,28.554124776119,100,0.101004078103463
0.827480506571332,27.324672269596,94,0.102316189216486
-0.435562904528678,27.0741098592304,95,0.102983618479901
0.219747687701828,27.1122997035049,90,0.11098539843491
2.87185852310744,18.6518534235215,77,0.0098365853613568
1.5266563108223,27.3876799476056,100,0.0802830162747715
1.67464128052254,24.5188345643656,100,0.0418811870611737
0.59201802110716,27.7158872831793,86,0.119437047570946
5.41258459676296,18.9236169871924,54,0.00865965051889136
-0.384175765291901,26.645519216134,100,0.0867561698318927
1.24966057848652,6.5060349521108,34,0.00216493677770613
-0.578754300641201,27.4446263394134,96,0.105157779299912
-0.791897128301412,7.84341616113718,21,0.0024731587922089
-0.0170465918026118,28.5936165343751,90,0.111885956326983
5.7715453182295,19.0313309263485,57,0.00848327848259742
0.707912377070817,28.3620450127536,93,0.105787084098932
0.807441173210893,24.0229252355227,100,0.039548218679326
-0.0377182858530865,28.5929770760161,93,0.108250085117925
-0.813109491559975,7.10136640674455,21,0.00230078470135684
-0.251381512844512,28.26160597213,91,0.114619893852567
5.66119341079479,25.4684771418481,100,0.0209751759365319
0.666198470689507,27.186303671881,95,0.102037133370341
0.287467224154571,27.9627917409854,90,0.117730841318232
-0.618413868481536,27.4498415469541,96,0.10468265499707
-1.0531595817457,6.23714698432448,22,0.0021194911439079
4.13615511938664,32.4924279713768,100,0.0206369723333376
4.53842580779806,18.4624148644888,57,0.00865530018524557
0.449166545272855,27.6178119992703,87,0.119588533474892
0.528558931445793,28.4776198729641,91,0.109166683624128
6.81210101743703,33.6691300093703,100,0.0111065011848772
5.61393821912242,18.5544879674367,70,0.00793443888834838
0.446218664735335,28.2681401135646,90,0.114081251335896
-0.641122045800229,6.12991298011899,31,0.00209792075688899
-0.472864421759613,6.48462195983643,34,0.00216692133866402
-0.478699487321448,7.14657151770906,32,0.00230719110871979
-0.571370296013552,27.1589160960888,99,0.0988072295246277
4.1841683876035,18.8461693243645,86,0.00923534246658159
-1.10424341749215,6.92238943543624,22,0.00225858218895317
4.90389776071334,8.66377649773268,44,0.00251324697726115
-1.12578127818443,6.57657481083317,43,0.00217625405348053
-0.69379340814938,8.30983375814212,38,0.00258104700884673
-0.909169492217693,6.57330170011199,42,0.00217815701366287
-0.108956315107815,6.25598867803086,33,0.00212314417584768
0.19792270115258,28.6458515189814,100,0.0994451429682695
0.16939019030194,28.7875539081937,92,0.105398974446867
3.4891780696643,18.3144907809514,80,0.0089114087500961
5.81631733824177,18.8160599898891,66,0.00812045875103021
0.427628861506836,28.3259833885144,93,0.109891839143143
4.42127109016709,29.372880546953,100,0.0315122329667114
1.72624572562549,31.3178270598133,100,0.0402755691013862
3.3177611137883,28.1970229340462,100,0.0475708157152497
0.1921428053831,27.0084656509925,87,0.112801431616262
0.84059341644764,6.32870224272513,27,0.00213694575454331
2.70800961844015,23.7164560457212,100,0.0290583510907157
0.375389471546092,28.0913922097031,89,0.117717838441266
-1.21663937240341,6.71326136632309,23,0.00221279065810262
5.05923640434081,18.7591335799343,66,0.00862476879430955
0.223395301116811,28.0366799641963,97,0.108912457456579
0.376678401819295,27.3380483051545,91,0.112150223684934
-0.479023928433217,28.7300227351178,99,0.0972265661655384
0.639893477403746,27.6886061918951,92,0.110616230936016
-0.604285914914542,7.21420924609791,35,0.00231983109906658
0.379433986087653,27.0757392975662,96,0.102438289014117
-1.2911781316363,29.8195568278128,100,0.0649217333069553
1.83043740404826,30.3156023206356,100,0.0518795539270262
5.88143755981634,18.9841334156447,66,0.00827162331664827
5.30843186741789,18.6794083512062,52,0.00843266994437697
-0.128032023179327,25.2162922690675,100,0.059125702579348
5.37354245603629,19.1106557229075,66,0.00885358398435858
0.00645373166625463,18.4651300727952,72,0.0103747522668549
5.02362821826716,19.0793788600931,73,0.00904495651337931
5.39562518127167,20.2223358557899,76,0.0104202960970226
2.61311920297387,30.8333906779205,100,0.0391188910518653
-0.162390729376251,6.57947417502078,28,0.00218990531815278
0.860564190874729,27.6891196434745,94,0.104480165021291
1.44207852698635,28.8433460647571,100,0.0772491209110254
-0.78024210471954,27.4877744940848,96,0.102571981586303
-0.106131368242404,28.0512648447681,84,0.127414912013143
-0.0033441064527896,32.7789932327899,100,0.0293381176096848
0.38827753810471,27.1805623684533,95,0.105096378675878
0.532416506162488,27.263974142158,95,0.104808742772788
3.3770523881475,26.2829039734741,100,0.0420227851597701
-0.278731292811347,33.7423251709706,100,0.0224386787764029
-3.22935183455983,24.1282460406106,100,0.0291843622963606
-1.70439989632356,27.0024416391131,100,0.073836122969071
0.882522427818795,27.4163474808707,91,0.105510035660924
-0.884377275253176,26.3973992785982,100,0.0779669925507235
0.887143437351293,28.058263649788,83,0.117276692565964
-1.14978289716366,7.13632838110714,32,0.00229914239924649
-0.210966638404685,26.1351402077442,100,0.0773699612196521
2.85562345587852,18.1931023642969,68,0.0091467551324191
0.668670812790106,29.9810733912773,100,0.0673771259150708
-0.522682205558165,25.1503983700594,100,0.0570683876759965
5.83410470343918,20.0280992139367,73,0.00965290044438292
0.622489740509417,27.6997638613166,90,0.113448572078152
5.3661790597874,19.8342938042815,65,0.00993752527906201
-0.197905655682339,26.6197352432076,100,0.0870967082232042
0.206289763402871,27.1265573299206,92,0.108893224016608
0.53300331863407,28.5255307005641,83,0.118674918942476
-0.148842227538942,27.8779368376356,99,0.107256630363429
4.62970480376459,26.8449046157342,100,0.030894619613714
-1.03095178697344,7.03308717663239,34,0.00227699334947915
0.225257352270048,28.8317469809284,87,0.109967051689569
5.74621642745539,19.148529313149,59,0.00864070802787662
-0.0377182858530865,28.5929770760161,93,0.108250085117925
-0.251381512844512,28.26160597213,91,0.114619893852567
-1.08851197691375,7.46410995284835,32,0.0023734443882843
0.399363545212991,6.78268049923915,28,0.00223131615919557
5.83801935681179,19.1940654869689,58,0.00862788125258681
-1.86748944752192,27.4753982097828,100,0.0738694968766657
-0.890691933109125,28.180510785805,97,0.100037327300329
5.33186311028589,18.5513408919842,47,0.0082847359935228
7.69657978689339,8.88839284536972,55,0.00234958481600108
3.56047815823151,32.2067916010555,100,0.0241185511903686
-0.821133321764176,6.65510775336883,38,0.00219743937930313
-0.494431446297787,6.11420982418666,21,0.00210005237776617
-0.342163231671038,27.2792625086636,89,0.114197377190179
-0.421241209554012,5.90742151109443,47,0.00205023735897327
0.484301557310987,27.4419278512334,97,0.105137356957855
0.476257422464834,27.8808837127614,94,0.110763962397522
5.67034093163124,21.067663839931,74,0.0115464926978791
0.735689803039203,8.75782534685661,43,0.00269772628109924
-0.445270787936461,27.6081460130291,97,0.106799719251018
0.195042955693124,28.3694060536709,90,0.114978491847439
5.84795301854667,19.8294217632774,85,0.00924987315938312
0.0435208185717785,27.6317511174695,93,0.114213175708107
-1.21262182407147,7.75641400196695,42,0.00243442090299031
-1.0866364127312,6.82489107991524,35,0.00223159703177553
-2.49923477690055,32.9956121447649,100,0.0235244326961781
-1.75320197397113,26.0275392019259,100,0.0612101482965957
5.34028589803509,19.0407475007845,74,0.00872443015612752
0.355943075007577,28.4440145028287,93,0.109083056647883
-2.78591475931886,25.9720700935118,100,0.0471003428564214
0.175250994735736,28.7560058936476,90,0.108315060061791
0.0941987849408807,28.6896827797009,99,0.100038035681205
-0.618413868481536,27.4498415469541,96,0.10468265499707
0.675787703434992,23.2435049460018,100,0.0315645337961699
5.72979377267772,20.4383582933082,62,0.0105229211460124
-6.93076836446796,30.9902090618454,100,0.0147651548839254
-7.47224407791525,33.6666620910987,100,0.0100564765221662
-0.114444547299568,25.963085563807,100,0.073980520412457
0.221001400729022,23.1926859152836,100,0.0315008260583091
0.781547741118563,27.9740906710067,95,0.104991802680238
-1.10148143083251,6.6330915358213,42,0.00218843105474857
-4.87621212337624,28.3647206984717,100,0.0294707567036035
0.601993368237547,27.9971968703357,87,0.117898370444347
0.325000392446432,6.11987917713001,26,0.0020995470360992
-2.3133648413347,30.6149972597752,100,0.0437907760368166
5.14704049888316,20.1801561016575,76,0.0106392021375513
-0.040091375789298,27.1363206561103,94,0.107202861370876
3.01348566001688,31.8679892695858,100,0.0285419329124132
3.57391287381072,18.1937910168693,83,0.0086630083717704
4.50389172971273,18.9031042322492,78,0.00915464529989825
-0.0325406344315378,25.7436976974985,100,0.0695118983434787
0.0516673723582819,27.4636786417686,88,0.119592602846029
5.15666630716249,20.3990493941976,73,0.0110526019840637
3.41530052648166,21.0648095346076,74,0.0151156299354255
1.66376302324628,33.7522864196485,100,0.0211088097698477
-0.454628616418763,5.82667084740734,22,0.00204570205587845
5.67564299649612,19.4631805415347,77,0.00898139688960138
3.04707480959019,25.4070151201813,100,0.0396685866716128
0.815924470907096,28.0309554615591,90,0.10994402450863
5.02470846105013,18.6332859645154,79,0.00838899765209888
4.92328418025375,24.5224650498398,100,0.0220813349806487
0.251899104475509,27.158643689498,93,0.108013654263311
5.44730913361978,18.3838981014133,75,0.00781896861664626
5.22813303098397,20.9857811524745,83,0.011932284140164
2.51527351147894,5.9682898345574,38,0.00203944830595511
3.22898066309495,18.2139828784634,47,0.00916617133599944
5.52664572377256,18.5331910446133,73,0.00795182901956378
-0.8318059697363,5.92848999455826,23,0.00206211826952764
0.503866772007601,27.2614764787191,92,0.10852351362043
1.21209222300572,28.5071444126011,100,0.0848365986489959
-0.644050122915777,25.4926760537793,100,0.0627908959533186
5.61996035220039,18.3538038115153,54,0.00779567737971807
-2.43502848950149,21.0936484616444,91,0.0161994209459616
2.71171736432311,22.4543559184732,100,0.0215105755805075
-1.10810621950802,6.12041909033943,30,0.00209296091520846
5.61878054878304,18.7489416201446,76,0.00812310736092759
0.298346652914925,27.8995172831569,95,0.111216442963108
-1.14151064053547,6.50875553789323,20,0.00217328724015761
-2.25081645827313,28.745413102615,100,0.0634963195406955
0.38199042365994,27.9612254053203,90,0.116864552843908
-0.961840808206503,26.0810618946739,100,0.0714532905630966
0.23724850597821,27.1890459238387,95,0.106279796560131
2.90358867545027,28.0483194306208,100,0.0544459842172574
5.59459969231778,18.930368870551,73,0.00838497576409013
0.0814341059784798,28.2048030365949,95,0.110795099012822
0.297899424968151,28.1025926213257,92,0.114311879260628
4.07179650570181,33.1307312256978,100,0.0184338221845776
5.8572090057268,20.467020542322,73,0.0102899379348269
-0.971277218277429,8.26755488676181,43,0.00256372977453733
2.92065665764691,23.8927336107315,100,0.0292566659908707
-4.86082067163543,26.8052585598918,100,0.0288653058830019
-3.92312934384669,25.1356531281373,100,0.0305616517767311
4.83549488218631,18.4372733295098,76,0.00828541061373448
0.623226625841395,5.85759017236007,26,0.00204897110395692
-3.83571800616107,28.668438177265,100,0.0395799641725191
0.678244097371726,31.224707372162,100,0.0461383230535763
-1.73079054416569,26.4886037936279,100,0.0676555452902365
-1.71550599755563,33.4753604453625,100,0.0225416337524607
-0.583695092883802,5.82773545403319,22,0.00204533762621589
4.50635886209291,18.3612863325338,65,0.00847764336116385
-0.146355974620134,27.3436660632719,97,0.106492887758987
-0.867535507745574,6.16918324648554,15,0.00211104626897109
5.15652938032295,20.3260297779263,79,0.0108495025508202
2.43667214221869,31.4367924096423,100,0.0349369675162764
-0.475554773782487,7.53659918091257,42,0.0023899545181988
3.67114275880458,21.210737688968,86,0.0148793108457379
-1.05312070104113,7.46877980830266,29,0.00237663865226509
5.75162683276494,20.2155396948408,72,0.0100362429285334
0.0669445585346997,27.5777426121327,89,0.119248496860747
5.36888456447116,19.6324298850466,66,0.0096117647167169
-1.09445951130936,30.6371341075648,100,0.0531788925653955
1.93960008629764,36.0428854356383,100,0.0124065723173384
6.05439416177464,26.2593134089094,100,0.0203571275807777
5.66907395458515,19.3386717101343,81,0.00878939315673483
0.122173614103121,6.11082958067703,24,0.00209909361114242
0.364484444069045,28.5484415318618,88,0.113557638707396
2.67051447086678,23.0205659328408,100,0.0247128784263427
3.72478479225622,6.39416464679797,31,0.00208894666436687
5.52641394035316,20.1715354074406,72,0.0102276948200409
3.93091079425648,8.61302959782768,44,0.00255593340721681
1.1837722424463,5.86172695472626,38,0.00204048025389962
5.72766794157885,19.8867627007929,59,0.00968997876166187
-0.139289764153329,26.888859582015,94,0.102396937547458
4.92124927337282,18.6006608603505,65,0.00851948828032902
0.740922442609306,6.07249815500915,24,0.00208943163373455
-0.804211023773693,27.4938211845711,97,0.101186422543107
0.646056639289435,29.5750680820913,100,0.0754397548451268
2.18303543003905,22.0196312434578,100,0.0204955886632149
0.112496353436625,18.6779327967213,77,0.01075885325906
-0.720608272787546,8.55163404350593,34,0.00264773714881559
3.44479759264032,18.298511966744,76,0.00894347854866174
3.2972079110131,29.1075781572922,100,0.044790928386622
-0.117579402592269,27.7142878635795,96,0.110663310797675
0.10415826463178,27.5834181896541,84,0.126758271178703
0.383172456327182,27.4639493054227,92,0.112288169892251
-0.266018421872381,27.4914787206239,93,0.112252518821548
-0.0129329588922603,27.9396415383906,92,0.116180252683945
-0.555965588676978,6.43879370119009,32,0.00215828368468956
-0.631843698925631,28.5280443679761,91,0.107010696850574
0.549908794846916,28.4722717513918,92,0.107796202217743
-0.812491194402091,8.0334743681759,32,0.00251318628827936
0.430011641042507,21.1482268228555,87,0.0182314079491181
0.556249392817989,6.66901409821197,47,0.00219770234828611
-2.9719042549405,25.7047412439441,100,0.0427648621035781
-0.601747944460578,30.7621851517281,100,0.0535371801561903
-2.84400380837473,25.7783776588515,100,0.04478750574006
4.72856026131375,21.1873938824776,74,0.0132977932024904
-0.980743770915092,8.52316160471084,32,0.00263835556139822
0.776210285994136,28.4115316344755,97,0.0999367604256141
3.5851173064695,25.3452026242847,100,0.0343825881115859
0.914298208860522,8.52120354923337,41,0.00263245328853537
-0.265709348954723,26.9470176992115,94,0.103014236551335
0.199672374603754,27.2462060728223,93,0.109659576882594
8.35646075006594,8.54419421605398,53,0.00222628132566812
-0.603955097767085,5.85001270032259,17,0.00205145162837071
5.01153562803407,18.5117382200588,71,0.00829671759742184
5.68142018326913,18.796066820909,71,0.00816614357737319
0.16939019030194,28.7875539081937,92,0.105398974446867
-1.14364212284835,7.16719381180532,22,0.00231132487798836
5.25170703092087,18.2860274645693,73,0.00784522681657182
-1.22722437611653,6.87280194380385,20,0.00224758783088472
-0.018581185294292,27.8988489956774,87,0.12341473744972
0.800012878906284,24.9134555067729,100,0.0520009199494087
3.6904074134337,24.1039311221245,100,0.0265692849182295
5.84082004530098,20.4307471541008,74,0.0102429274435833
0.695581403838706,28.144839670738,88,0.114086686235952
-0.683983925759433,28.3705464217279,98,0.100722874346822
0.391589840204398,27.8078987723695,87,0.121106612587512
-0.713545133587442,28.3515053302848,98,0.100497352243991
-1.03624137130539,6.50096250542493,23,0.00217138258207242
3.57166178915362,5.98111179940971,21,0.00202225453746942
-5.76076662837804,30.3268937091771,100,0.0203388859992949
-0.601805275744421,30.9087683932585,100,0.0511492605884399
1.40730971422309,6.47683153206808,47,0.00215111929359312
-4.57771833558146,29.6396337857265,100,0.0293951610193199
-0.898205742088771,7.14830771573584,27,0.00230716079999903
0.582625357253261,27.4915585378323,95,0.106642624534745
7.02484109075278,30.3407910053602,100,0.015291084157815
0.0487074244559903,27.0790554715176,93,0.107351674385664
0.567150224539163,28.236138316983,86,0.118158458284368
-1.19517993443651,24.7836786780274,100,0.0480750447776037
0.189432601591399,27.2176720203655,97,0.104700431697025
0.131969168794083,27.620971876747,93,0.113945277124401
-3.78093494982344,26.8675556187051,100,0.0397079570058221
0.0322081889912558,28.7117707858512,91,0.108395829307558
0.695581403838706,28.144839670738,88,0.114086686235952
-0.831554520810775,26.8842497077957,100,0.0866026957747201
1.94177336084746,8.74849811547852,42,0.00267259466697089
5.63963103848171,18.7374765634715,74,0.00810705067927139
0.290088628455557,28.4996737780893,93,0.108781323174178
-3.37074051441849,31.2873822415762,100,0.0303017710907789
-0.280801234442208,6.73933180998543,28,0.00222264365648574
1.24552842069651,6.6827063271433,30,0.00220272832170912
0.564881569277077,27.9471200370607,96,0.10721023919997
-1.16011526835199,6.70633220287143,29,0.00220908156492426
0.436922745345219,27.6370655938436,86,0.121327511056021
3.55263116423933,18.1780050464587,47,0.00892959632207303
5.58661148587408,24.4091899721803,100,0.0188580158845666
0.275573256972273,27.3295915019675,91,0.112872088314785
1.00812234201197,6.31137739115696,28,0.00213167934884956
-0.641201681347735,27.4876602215928,97,0.103608709182999
1.1163592773938,30.4930726254235,100,0.0553286364329237
-2.27883063486779,28.1809088397738,100,0.0658056655954853
-1.06371234009156,6.30563117731308,23,0.0021323026735098
0.803965867950306,27.8465519191463,93,0.106979597886605
0.335160963596857,28.7636764945329,82,0.117264471021001
-0.251232559336214,28.2682219391216,91,0.114550744778731
0.022887507156764,28.2804485493276,95,0.11016536347442
4.98474366278388,21.1761203599418,73,0.0128634839027161
-2.48456785633949,28.871904854586,100,0.0584948247819826
0.0797892711768193,23.9480011057717,100,0.0396498572256605
-1.05694516838955,8.54549162102574,41,0.0026370188071593
-0.971381337901105,6.79700147765144,44,0.00222248621633807
1.25512969690847,28.4244103921364,100,0.0847923537817282
-0.285124508110141,28.2004468025525,99,0.105292416800439
0.275903901053126,27.6992354183755,91,0.116233561992268
-1.14122205762093,29.1368689473464,100,0.0779385088740625
-1.05083025495561,6.60256732003268,34,0.00218657508146962
2.38704830490301,8.81128730784015,42,0.00267594659555021
0.264439608173412,27.0999499984556,92,0.108102448041596
5.71209319861614,18.9943902731928,76,0.00835073364779654
5.48180233037919,18.9623887569536,62,0.00859544906371539
2.94609337147956,25.2617691101926,100,0.0394668922558181
0.604177142913217,6.54603376612566,20,0.002185296223023
5.61219625826485,19.0347544771074,60,0.00859811821235965
-0.0342708469633235,8.55035416008831,40,0.00264681679285289
2.58946824857688,23.9729846841041,100,0.031521039342564
0.303678835398901,27.2337156045953,93,0.10884943301292
5.53124507170137,18.5513481578392,52,0.00810571938459567
-4.59266873404008,28.362689533404,100,0.0320050573223957
4.42388019515159,6.12286252776069,49,0.0020083201220252
-0.398297540086465,6.49772258713396,20,0.00217647117328847
0.748437064589329,28.4103369825067,94,0.103491061987637
-2.84449038064644,31.9386876146893,100,0.028886923990813
1.8660816600844,34.0491369430643,100,0.0193523234698937
2.95153897389396,29.3796820247388,100,0.0478051202217058
-0.586213488493687,27.803596904762,98,0.104734321325519
0.00413341093596864,26.8740872157891,95,0.101260907601515
-6.71728407764943,22.8370687211477,100,0.0124587056514319
-3.03116813464257,34.9569560346106,100,0.0144012894689429
0.443182179430947,5.84276117130635,28,0.00204620061702596
0.446163550641635,27.5091863479032,82,0.126198878278949
-0.329004357563093,8.75451059864116,42,0.00270068674806411
0.305578771598754,28.3153170158989,94,0.109883249142473
-0.106096979533174,26.8733547031489,88,0.108835653288431
1.47504510748542,22.2352533851192,100,0.0228684146414507
2.71171736432311,22.4543559184732,100,0.0215105755805075
5.7345102761262,19.7326898046135,80,0.00927137493482008
-0.669335803647549,6.17229765961436,27,0.00210766347032799
5.38841639478858,20.2427910424106,75,0.0104737561509139
-6.51944028803353,27.788598016039,100,0.0190805546614346
3.57949085571747,18.4172447554193,80,0.00901691132837763
0.385967680509989,27.7991674241522,93,0.112945553610617
0.475508136281526,27.4680618129888,88,0.116527113458398
0.86486019105418,28.2893352621436,92,0.104907000449162
-2.16348253433665,26.9146943210561,100,0.0646095111630807
0.5215003465738,28.1915779524723,96,0.106586075353598
5.27712462397567,19.8183326834338,79,0.00986803144343566
-1.0497682937322,25.0108034708948,100,0.0522794419701722
-1.1666162894507,26.8150008559989,100,0.0809284039296117
-2.13588023105838,28.9070565642192,100,0.0642808795958001
-2.21201940879746,28.1367534799014,100,0.0672497675235725
1.24658942184678,18.179919959399,48,0.00990267053432044
-1.21057219044724,8.40639268705236,29,0.0026058129163754
1.39275187197537,18.9294287813485,47,0.0114524011065742
-3.09761894348819,23.9779677471246,100,0.0289217841165682
1.9210416906634,29.8592126801089,100,0.0568721038218578
-2.74140898726119,28.964606705822,100,0.0536660609567925
-1.06402713208948,8.0432195762478,40,0.00250760481854135
-0.308209931966766,7.1142566135738,40,0.00229656384648618
5.74160998121422,20.0184080545222,75,0.00972034267255402
5.33359115219812,20.8091296855656,74,0.0115633144845534
-0.295522470781726,6.88082347289799,38,0.00224736255214668
-0.635254115963296,7.81354671352014,37,0.0024575194186406
-0.533505999081384,6.52982595103071,39,0.00217337124553365
-8.15956957803464,27.3757690699232,100,0.0130352172874969
1.89443534584385,22.7374453571031,100,0.0251615919221
0.130559954383148,28.0822878883314,83,0.128751331865397
8.31114813305206,19.9980018911348,100,0.00710193830354459
3.09523492148433,8.7837793499224,45,0.0026390041171341
-0.620094846387502,27.6268275266285,97,0.104816695728553
5.27690082012696,18.2782378533605,50,0.00796301776334524
5.18509334064236,27.7353507406606,100,0.0271724067552225
-3.18834807431757,33.1822117436957,100,0.0206699764091117
0.448476869630701,27.7690704814552,90,0.11613557560919
-0.0621431065428859,5.97412390792612,32,0.00206974833778034
-0.635598519742107,6.84946735607647,32,0.00224215549843139
0.415733164238625,8.74539451404866,44,0.00269622287357592
-5.23624602420426,34.4931903759105,100,0.012299806130151
0.293205283621157,28.623423750702,92,0.107899309834454
5.34272468158303,20.659648719753,66,0.0113754561218505
4.03385637537417,30.7502420408972,100,0.0289692554462491
4.90931304314667,18.7477829751047,63,0.00874451682359113
10.6149016523639,24.8454260887732,100,0.0075946149440623
-0.650715703374304,26.2751819026704,100,0.0778816335234978
-0.868027813121804,8.42652769586916,32,0.00261395299516041
5.71833973056926,19.496327417672,80,0.00896281411401834
4.88459539104006,18.5978057202393,77,0.00845512888663702
2.96197118803571,20.5357988267377,93,0.013767221156095
0.927016867009171,27.9068758170718,95,0.10243337355575
-0.0518864361525588,32.5657094153723,100,0.0312151126336442
5.68231834723054,18.3018228573938,70,0.00760039455337131
5.66784345191949,19.3506383328473,78,0.00882957627409389
-0.839890247494562,29.5783852035504,100,0.0737734181887799
0.661952445102013,27.8786531770465,91,0.111863274723506
1.02245907960501,8.75018027938898,44,0.00269121873343509
-0.533722154254879,27.392570878859,93,0.10863063783128
-0.630800561219099,6.8321041716575,32,0.00223852222253516
1.17304517995821,30.2053283348922,100,0.0596238747076713
2.29471812575537,20.3990359431895,100,0.0139176602958292
5.71736134617478,19.1108874591252,73,0.00851369481409275
-1.19766675060724,7.01547541336005,32,0.00227230829000276
0.827609055393634,27.9304812112074,92,0.10763414920416
-3.72799086649175,29.0736678729894,100,0.0395743266184782
-1.16203829465448,8.385249268077,32,0.00259898640775147
0.614373276849039,28.5451997639807,84,0.115656925824917
-1.12521005422551,7.16089484913736,41,0.00230006029311885
-2.21042840449103,26.0283020522315,100,0.0551066211911252
-1.63352614810485,28.5530376189014,100,0.0766401128387142
-2.91475012055871,22.3595828325314,100,0.0205486686947001
1.13761692774772,25.9624703577579,100,0.0675653656611298
1.26430275853231,8.79495771673004,42,0.00270107899045384
6.07004767684441,30.536223434341,100,0.0185521742703317
-0.906391257733776,27.9664916624224,99,0.0986813807331067
5.04915835481362,18.578610003981,65,0.00839897545670951
-1.87731054516604,20.8919545667215,91,0.0161040514423253
-0.883351889349744,6.65637705947617,28,0.00220202552302171
0.0545608543726258,26.86504702209,90,0.106424089156257
5.76367665416431,19.400609123952,81,0.00878710132363291
-2.16727549676833,21.4195189161935,100,0.017827282491582
-0.977969434023595,8.10944174400522,21,0.00253748634280781
5.1757626988367,18.4087627591223,71,0.00805550141758879
-0.852767579586167,27.7084822066775,95,0.103610341811256
0.916738172718484,38.3344366842561,98,0.00824882776982552
-0.235165272268102,27.2430381041112,93,0.109427495590741
0.239818267814025,27.8472971636825,83,0.128887453658885
5.62022293909122,18.6141202487825,51,0.00812367145094382
2.63858211150648,19.0057913375991,47,0.0109911836862718
8.98928409118602,15.1916637295932,100,0.00398047522976494
-0.618413868481536,27.4498415469541,96,0.10468265499707
-1.27950077851816,28.6908871016085,100,0.0817899328094161
-1.19442649083747,6.6766038127384,38,0.00219820664212781
0.792604078337045,28.0834219810784,88,0.112630522609629
5.32126599505023,19.057288218853,58,0.00888680628987225
5.2761488336573,20.612586398437,89,0.0110887286282083
-2.59551705713277,33.2403723528765,100,0.0219429040263574
-0.509585163125647,27.0569476608235,90,0.107439585526222
0.140521907319663,6.35528084287139,28,0.00214487864545269
-0.713834385914732,28.1153216464871,88,0.113958566344407
1.32630915948271,6.48688777499183,33,0.00216065391965065
5.37894971104531,19.3623244294747,72,0.00915201176761361
-0.0432300461566095,28.4319624617122,94,0.109545849338425
-2.64567593770149,32.5180072654304,100,0.0259160534216792
0.268147609241411,28.2290274692365,92,0.113530910413613
5.22343446961262,19.063323231388,79,0.00881146295607659
2.28191866054336,18.5317832550249,49,0.0101992071622401
0.0316959776102691,28.2456676170265,95,0.11049977126341
-1.05661783612792,8.68445132939928,38,0.00267689954497084
4.95310453331778,18.5742502985016,73,0.00840460837287012
5.31345960337978,8.78813883600599,44,0.00251688275133499
0.319493595936257,27.2482044303829,95,0.106622498599925
-0.0378956587669176,27.7615438398031,97,0.109740879664129
4.39299692513439,18.4972965798655,66,0.00873493820982191
0.447705165003891,27.9687686240655,90,0.116103520812626
-2.12942174216555,18.2729807047157,39,0.00987458565912443
0.189816755680728,27.3133906085555,94,0.109443140388021
-0.328642102136102,28.7084192173496,88,0.110782144219877
4.07093247318133,27.7930030064613,100,0.0377669934158232
5.30522273684462,18.6130132120447,73,0.00820506030553209
0.427628861506836,28.3259833885144,93,0.109891839143143
2.67622740837138,25.5250274245062,100,0.044402878375032
0.284876784311225,28.659952450168,93,0.106155950267533
3.58469572118018,18.7531741707195,79,0.0095595139168026
0.1066156722147,26.9025678007745,95,0.101714798034999
0.451103351510862,27.7558565293038,89,0.117431550987521
0.51193804149019,31.3952919895388,100,0.0441449766895528
-0.0103886979127901,6.68497122725428,34,0.00220879623873531
0.174999163964082,28.7574041005066,89,0.109472161961957
3.67300382632389,25.2331980514217,100,0.0330048914294611
5.45634580567555,18.5625440033059,84,0.00796569158098393
0.302720689776446,27.2999452763622,96,0.106296055448121
0.0513758825555879,27.9138983449338,93,0.114857866219301
-0.886667647691515,6.64686692708244,22,0.00220295068997912
6.51771805177412,25.6264121839704,100,0.0174288643046519
10.2815280250558,20.3802056201446,100,0.00582829956104362
4.26774361755846,33.6871685498397,100,0.0161144438846165
-3.37509556925833,26.6968052052039,100,0.0441536804585446
0.0866607642322746,26.9048193049421,95,0.101799380183879
6.94211006723554,32.3558268368258,100,0.0127721683380638
-0.75444760605611,7.92746940048311,29,0.00248926360440791
0.684003999974793,33.2432361367503,100,0.0254227876036141
0.335274237574754,26.9394194388398,92,0.104568010219062
0.226250275940301,26.9947658905373,86,0.113598163421345
-1.17361131463748,6.28980731261685,24,0.00212763744381036
-0.0521254790218775,27.3142257482913,94,0.10985465439918
-1.85645613103656,26.4765232219126,100,0.0655099437223016
0.760115668215571,27.9565301936986,93,0.10766746465201
-1.11976852659918,7.32470496413649,32,0.00234135023333185
-0.830603247577479,7.73648205101643,21,0.00244680275506883
-1.2342355492431,7.2368599310204,23,0.00232509898779269
2.22176487150669,8.78002081771282,43,0.00267215346878682
-0.0534349264974261,8.69017846884379,42,0.00268360347577438
5.46535633488296,18.1910812203396,64,0.00765210420438169
0.769633075769043,28.0219863336546,92,0.108469566006962
0.272555996259107,28.1099680979439,92,0.114453738288642
0.180171421032558,26.9764064222762,94,0.1039891842619
-0.0284015632328983,8.81890402793261,40,0.0027209980731733
-0.0723088756971904,26.8949708921824,96,0.10060467063671
0.299150983285818,28.7977820496593,99,0.0973936460445176
0.287005077988389,27.2206744535064,89,0.113717895487714
-1.29412930408565,28.5691480479079,100,0.0828026342400247
-2.25952215113418,30.3525779903083,100,0.0471404008971019
5.22308101119228,24.3633389712397,100,0.0202360096734276
-3.52297722793448,30.0013920344916,100,0.0371848987457731
5.77318533270723,19.2450218733207,73,0.00863783049148209
4.97207332371564,25.0012821836841,100,0.0233634774288804
2.31394761466985,8.77322923965836,43,0.00266732569935551
0.42467850227954,28.4166970272173,90,0.112487343117883
4.84066258859588,18.4826358038265,78,0.008327008179126
2.34703214121981,23.0211969900784,100,0.0257496129793477
2.37468408942225,22.7592582260229,100,0.0240556362992101
4.62872361370452,18.4147723221891,73,0.00841313516324321
5.27938209439146,22.8351637069271,100,0.0158643847497242
4.98933093671562,18.3445578587547,57,0.00819258597320687
-0.0620547490543587,27.7280946221087,97,0.109618144213725
0.0168540385745674,27.7874668167309,83,0.129756787899231
0.810609632499217,28.3423533997767,94,0.103203837632488
5.88218508428538,20.2965093275011,73,0.00999738195145273
5.19828233144194,30.1763047773121,100,0.0236503436180286
-0.703002917948235,27.3129403737862,95,0.103137005553412
5.05871926616768,18.6764993543766,72,0.00847091343193077
-1.06657646935043,6.51392529173083,34,0.00216850945013921
-0.339651122578504,7.79309979760645,43,0.00245070142166942
0.180629648002271,27.2245837155926,82,0.12439431021093
0.185914122641138,28.0472984503942,90,0.118061198251671
1.85882270955209,5.87653677398321,21,0.00204171963619575
4.31429680887447,18.4051412177608,50,0.00877717450059329
4.78229936827126,8.84634891397722,44,0.00256583082249796
-2.02020749003898,31.2226056675153,100,0.0395553254110064
4.2437964818306,18.4384968294394,71,0.00871089112014169
-1.84083875728358,30.8367816793376,100,0.0451598551127094
2.53484636414844,5.92497322104975,22,0.00203779680987387
-1.05387773240991,7.08070032505008,41,0.00228340576939585
-0.58469250394413,8.89671911094353,42,0.00273900745442627
-1.03784106625629,6.46786534919873,27,0.0021628429945165
-1.81129205640602,35.4907295715953,100,0.0140073767523041
3.02239777398129,29.0157206536808,100,0.0490948778057049
2.58065157501401,18.5384579988604,81,0.00974896914260531
-2.31500061237857,26.4797745452129,100,0.0582456539983591
5.19230640417253,20.8627127550216,74,0.011870793061629
4.34992241112523,18.2308992178556,77,0.00831488766493093
-4.88072616846552,28.8627415301712,100,0.028797280091795
14.6719555522032,5.88011134327003,58,0.00141816390800727
-3.57308258295648,24.9515619352627,100,0.0321191018414093
-6.94777108714696,25.1646741724406,100,0.0152802471902132
0.397900551078668,27.6400573399038,86,0.121828726055988
-0.188521671098158,26.9108085277761,92,0.10482342537583
-0.0811560318987859,6.38665010194371,25,0.00215254938659652
0.287554712833965,27.5222155383336,95,0.109906747808553
2.89223059246058,24.3606611586581,100,0.0327653779133308
-0.296565169031329,27.2745810698196,93,0.109491673022237
4.89778221531279,8.78468721249595,54,0.00253675777840004
-0.0321913243929208,27.1760915274424,90,0.112721031728676
6.9445330575192,26.337845921019,100,0.0165430744646581
0.659904011888157,27.7684251496087,93,0.109348329603797
-0.746612579338354,6.94018728481132,32,0.00226065997468977
4.6850050756318,18.4619315610723,56,0.00856184967522033
-1.1027936844986,6.57839722347866,30,0.00218304209833205
-0.0260077924007455,28.0228294598668,87,0.123034691065765
0.544114184815141,27.3378210895372,94,0.106711933450082
-5.41452559656166,26.8722650285069,100,0.0248780041509318
0.370261951444681,28.2143604808083,91,0.114118892260591
0.100384440955236,28.6584775937131,97,0.102599127487829
-2.50893150178834,26.6386753942257,100,0.0565278626649945
0.0782990891485851,27.2353712620529,83,0.123474516868107
-0.691857768524218,8.3658506661202,34,0.00259841694465443
0.587546644888122,27.198879160482,95,0.103253227067764
1.46213334223123,32.6423163510465,100,0.0286552939851193
-0.480256932940262,27.5550812319517,99,0.103892031158421
5.76748793197246,19.2812529259593,73,0.0086895300258373
-0.777073863017463,31.0367531333095,100,0.048570203968304
4.68371636079108,18.277197287299,78,0.00816379896096131
5.26227860474252,18.4040427286812,69,0.00800441356211457
-0.619818502937227,6.92381559239428,42,0.00225295889896042
-0.0342761494692447,28.2166082935837,90,0.117254401516979
-0.232179028847686,30.5763692611507,100,0.0577138714635395
2.57967145121518,30.4992953362265,100,0.042525933032375
-0.470577528774887,27.196833778679,97,0.102418372235789
0.696340760913044,24.240002899608,100,0.0425546077908504
0.74706932403408,27.9061709926076,89,0.112852401723955
-0.614029973504068,6.28259155101789,29,0.00212849322537395
-0.313559107663934,21.8418743873689,100,0.0216300254687228
-1.00425884627893,7.4682907214621,32,0.00237539992258171
0.650735087422372,28.2881144217485,88,0.113550148787151
-0.207163945761859,27.4211402739439,89,0.117128922691914
0.0732831204884091,5.86845130568123,41,0.0020462914574397
-0.25210458658246,24.6456358896897,100,0.0492498284869718
-4.95068268720148,29.634344451684,100,0.0266281988553689
-0.465468744549553,8.20228614893787,35,0.00255694337897209
0.602592522518076,25.4773246253698,100,0.0627071293345376
5.94428898856703,20.6660852567779,79,0.0104269021567668
-0.284493345930779,27.8505278345375,97,0.108908128102131
-0.891716553223517,6.59186026385875,29,0.00218826763991188
2.38743750494308,24.5466553528864,100,0.0376119409805159
-0.401535905044872,24.6637838761969,100,0.0492952513690029
-0.323856988147946,27.1763041184184,96,0.104438481954974
3.94768850360671,23.5500821451833,100,0.0226905089463562
5.49399628331742,21.1881787834389,64,0.0121929384407931
4.48819573738702,28.9930478525656,100,0.0319224671271895
-0.429512431986745,27.106572865554,97,0.101471365122018
-6.2970152951648,31.7792388941952,100,0.0154073352310227
5.75082445096243,18.8222933273723,79,0.00809222140619512
0.29332517763203,27.9800791981104,94,0.112344864652069
-0.760069568734924,8.80718440907523,37,0.00271565285426489
6.81290256294012,6.18108679737278,47,0.00191554184340176
1.5526320130063,6.80510807203852,36,0.00222087893931055
2.92945491114949,29.1338399849394,100,0.0497457306829151
5.52364644345492,19.2714718523424,83,0.00881090540598554
-0.684987339646597,27.8963208202715,99,0.102339076075911
5.6643108155082,20.9258819726637,74,0.0113014080945774
5.09736082405736,26.5904027063434,100,0.0266673038253174
5.88567401951347,5.99492881275555,56,0.00192575246686339
-0.48649047112595,28.7345391004784,88,0.108691733297845
8.5686247002893,26.7782786018529,100,0.0118350022511397
0.131788030788268,27.0363986522524,96,0.10310634319169
5.93777657523983,19.5875151613616,76,0.00891165176837276
-2.48340497373256,30.4536453647845,100,0.0438810356803266
-0.293952365155946,32.1468697244451,100,0.0352683097711619
0.813112261716122,28.1453788995608,84,0.117056421388443
5.29334094306783,19.4802384566917,72,0.00940189169205561
0.279194636807673,28.5855674892764,88,0.113589816318024
-1.04691011896966,7.11019007931604,31,0.00229514184931987
0.353241466505071,28.5705285621538,93,0.107194052084275
3.14506558301376,26.652600025419,100,0.0470516542816764
-0.744483567889058,8.6938108294671,44,0.00267920223100259
2.40507359706728,18.273937942021,76,0.0094160488149933
0.698919992057735,27.2181721286248,100,0.0970589207075054
-0.359307040742828,31.4252970184651,100,0.0439896226089969
0.387767507727713,28.3302397859429,95,0.107859408591118
-0.501794401567293,27.0292622407051,95,0.10157463481646
-1.0937244077077,7.65006535362282,32,0.00241669272179221
5.61617870215017,18.6915887640482,72,0.00808244813414419
-1.58234894626327,26.4034043475352,100,0.0688226480192074
4.47134120395837,28.4409438291224,100,0.0330797728941884
-1.17240131853416,7.54785678394739,32,0.00239172144721882
0.294501348460298,28.6939130474767,89,0.110119030269326
6.94727243512162,28.3872469478996,100,0.0171108992456393
0.858216801782201,27.8013330537591,96,0.102657553441801
10.2844828294298,8.85530596508701,64,0.00210838376836337
0.0343357585537136,6.1598281126625,31,0.00210547027963476
0.478588154203455,27.348128517258,93,0.108774565019038
5.6463269196922,20.1661550946464,78,0.0100204141782615
1.91865792632905,23.5335252254286,100,0.030948899418522
4.77532316305091,18.3196209013731,78,0.00816012612937697
0.46010737929518,27.4160854021167,90,0.113496329282499
1.63763345760622,21.3181376029723,100,0.0180521783293568
-0.188438707847208,27.2251461675701,95,0.107053554051187
-3.49928377542563,30.8839879825991,100,0.0319662253053615
-1.11560351455801,27.0472979709664,100,0.08468787407405
5.85315182790809,19.6152185127406,74,0.00904509267563589
0.36298879229833,27.0396141423028,82,0.118936852823627
5.66764182817397,18.8257780290968,66,0.00824656161885615
0.0962732223523747,27.9288641777252,90,0.118837642321376
-2.84294548002996,23.7307630596437,100,0.0285354382757381
3.39966924774614,18.1547690085396,67,0.00882034518191534
4.49149716370259,27.3070818753909,100,0.0329146227986281
5.22263314817764,29.882972774503,100,0.0242340128002468
3.23088630264821,26.1874980154135,100,0.0432132988410576
1.56004684345179,31.6893989684219,100,0.03705133649857
-0.975561875992322,7.77930945793507,32,0.00244896069037015
0.757253735163496,23.5109043952394,100,0.0340138180985636
-1.05362275228577,18.3390757883315,80,0.00993219771312477
2.60260186441375,18.3461633950505,66,0.00954097068185484
2.14196181000475,31.7663220895094,100,0.0336262180871326
5.87540320699089,19.5376197519686,82,0.00885708633797613
5.46478872789047,20.5872695834358,71,0.0110161883182686
0.588746560084683,27.7491563026039,89,0.1154709834641
-1.01519860389507,6.24338655402448,37,0.00211433015146545
-0.880097618590452,7.15361759805933,39,0.00230212635923837
0.219819982397351,18.1759530095875,86,0.00967548212817228
-1.96327814482604,25.6062629566002,100,0.0530775324326001
5.85928693077713,18.5543620957355,56,0.0078462055390186
0.19325749946566,26.4036304904413,100,0.0828983822496352
-2.27988382162782,25.5971322605336,100,0.0494436724317308
-0.34582516358205,28.7195564938249,88,0.110408062886208
5.8515012763515,20.801171257625,79,0.0107659339817915
5.82826483284883,18.4734416537487,65,0.00772198690455777
2.79890115782577,25.8587343994892,100,0.0459878807371246
-1.16056163077613,7.68421212807057,45,0.00241627495012777
-0.784731560424587,8.72389510484597,40,0.00268994646102047
5.82825651154981,19.5735667527753,64,0.00909462701472542
-1.81330807244728,26.0866893779981,100,0.0612066236245441
0.424800747958308,28.3071867092407,93,0.110128181289888
-1.0552226628969,8.68183970451268,29,0.00268266444734717
0.514951449961051,31.4319637463272,100,0.0436371125590936
3.61515424679519,27.4721139960664,100,0.0432493103516747
-0.831511302354781,6.61022709574058,22,0.00219588246454516
4.37981518891312,18.5490423878692,69,0.0087950185643242
-0.395365168445473,7.15714246071102,44,0.00230352756759552
-0.951650324264966,7.49527068526371,40,0.00237767361600388
3.30533195129435,18.2222184837542,97,0.00873844217247124
-3.45831427280397,26.9850971436358,100,0.0441919483816519
2.74196625606316,6.46270964281665,35,0.00212849150274278
4.12758780096675,30.6024345110046,100,0.0290257633253089
-0.609899745972262,27.2820571312457,92,0.107429553059093
2.89585630891632,30.5591648574917,100,0.0391147469347454
0.687122125955785,27.2235915989876,96,0.10121737282028
5.81363375983324,20.7283921502638,73,0.0107669520178812
-0.139039629932988,8.85718872218146,42,0.0027301955074692
-1.24229287237441,7.33863949566549,25,0.00234674990385926
-3.1386654624127,29.2710445705549,100,0.0459986218127424
0.429812890048698,5.9053261584959,27,0.00205825815109071
0.74057051146017,28.5070402944504,90,0.106763372290241
0.639074976792531,27.3113300241484,92,0.107390471080538
7.36650211005128,25.5120857321149,100,0.0143503195918427
2.43872098656834,27.5720221203704,100,0.062766740685636
-0.234141280862713,6.03340511970607,31,0.00208112208676977
-4.19030644686605,30.2752927261218,100,0.0300414519509746
1.24604219379463,31.9857355733591,100,0.0351307145204699
0.882607801619827,27.8819595827351,89,0.110126991737839
4.65003077807948,29.3198710693626,100,0.0297164428431756
5.91664957355073,18.7818916277654,73,0.00795910725176139
0.673496415266293,27.8724689590962,91,0.111672905159317
4.64734843563684,30.8759623986644,100,0.0246381735175181
0.0487074244559903,27.0790554715176,93,0.107351674385664
0.328451928886801,26.0606127399031,100,0.0754652968070323
-1.6860522390838,26.3563147639382,100,0.0666286467939076
0.131681421600623,6.21153278552773,24,0.0021185184880613
-1.11062453452712,7.19099517710976,45,0.00230471391234789
-0.161863744405928,27.1186761461387,92,0.108949140709552
0.840014840398221,28.2973774788582,94,0.103126331113708
0.344584254227696,28.5107838577218,89,0.113101048130993
2.23298115710649,29.69550314817,100,0.0547892916835672
-4.23717053787639,27.8386465930024,100,0.0359000370738148
0.287005077988389,27.2206744535064,89,0.113717895487714
-1.76408144625231,26.1543887664239,100,0.062789183419833
-0.128032023179327,25.2162922690675,100,0.059125702579348
4.86909614164373,18.5969913532369,78,0.00845770947426371
4.1906267356865,18.5851373487125,54,0.00909848944398354
0.510173914528222,31.741212122235,100,0.0396581562014939
5.54823234913456,19.1346214838337,65,0.00874602326751048
5.46863893106644,20.0241379738191,79,0.00998730479283295
-1.07004193359648,6.26657967442088,21,0.0021255107232459
-5.88643499685285,27.5192122480195,100,0.022387342778306
0.464928365692347,30.5481198407529,100,0.0576817548482289
5.63640094759826,19.4789376798352,72,0.00907993584634138
0.32614847049146,27.174010664326,90,0.111362900713582
-0.629008888650453,8.27834512014754,30,0.0025787401681655
-0.817472599641215,7.01315851841503,21,0.00228148201372208
0.179217029792248,27.9659453119743,89,0.119845406601457
-0.972957636392919,6.68226782587925,28,0.00220654920495291
-0.0192537825687481,26.8887563382177,97,0.0995313374780767
4.05956573741779,18.9572322117883,54,0.00979793204127953
0.294628230274582,29.1013532029202,100,0.0867626481870221
0.14897675192584,28.9965354177833,100,0.0891893627860594
-0.833940542777385,6.28777513026932,21,0.00213169319014705
-3.3248392824266,25.6203343322763,100,0.0384953026086025
-0.0739626789218476,27.18449698874,92,0.110321140157109
5.71012849714183,8.56791018209493,64,0.00242636598416018
0.71103598976219,28.0150765537491,91,0.110739038167478
-0.139625031870194,28.554124776119,100,0.101004078103463
5.61530289691125,20.0637293614943,87,0.00981029512162349
0.197548778066057,26.9601408459846,94,0.103605496548726
4.9822662584904,18.1559882045146,50,0.00800539197384473
-1.11944825917062,8.28999387637887,40,0.00256945445302644
0.516031809422753,27.263394458329,93,0.107242020984218
-0.688067480390175,30.102125280671,100,0.0649518397674952
-2.79604683460471,26.8130826983873,100,0.0531420143196493
-0.804392327647504,27.3007279654586,93,0.103495926784057
-1.08091804537233,6.56916601471665,33,0.00217997138396956
-2.12469103118228,32.9883396410701,100,0.0245685117045871
1.21708935320013,8.65239341582799,44,0.00266125947963908
1.40695883790758,22.6813734864174,100,0.0258321128477069
4.27488334445825,18.1946447414383,77,0.00831126626345534
-0.934964771310723,7.84381911539214,30,0.00246626076241471
2.9132068973675,33.237975319822,100,0.0211429441155068
-1.22116114118448,26.0844041210392,100,0.0687315210123754
0.459491803513044,27.7145682271578,92,0.113203564767827
-0.798986785901098,6.09311001114993,21,0.00209428172142672
0.574276535846813,27.68460294482,95,0.107968126667491
2.34731996747552,6.51917679312915,47,0.00214318906814415
4.62401070200224,18.5964194116121,69,0.00869419329481372
-0.163412237358599,27.3967863806625,92,0.113078465534137
-5.36143691702809,33.9536642854146,100,0.0131989345363741
-0.879627574061246,31.8193812225929,100,0.0379626793836145
3.01303054295196,25.8048531519895,100,0.0430884741450585
0.804170898152543,27.8116858279317,90,0.110495454635728
5.11246116405058,20.095758667055,66,0.010644991351006
0.380415286669917,27.7729525056573,88,0.119710161734678
-1.17337534041931,6.523210763988,21,0.0021753832225286
-2.52674751153968,27.2496541322246,100,0.0600258648835122
-0.041144085150965,28.7851665208961,86,0.112913449525089
-1.02575949107517,6.14141925115386,21,0.00210170745980912
1.70820981067218,29.511223711036,100,0.0643440978186236
-1.9716916012646,27.9494205122467,100,0.0724829691628251
0.855975248772857,27.9601754904416,89,0.110576868834379
-0.738203683566607,6.99159493779196,31,0.00227227357889649
-1.32280868729802,21.2277778278913,95,0.0178083013835853
0.299980860742273,27.1902250356591,93,0.108210540709424
2.21707022085597,6.26236119999124,39,0.00209983549180804
-0.117997911464155,5.86264170415757,35,0.00204769883507359
0.0465304153651817,23.7371963257443,100,0.0371597104314956
-0.369166089624574,5.85510889162172,32,0.00204705397872774
0.114279213819335,28.4740559090402,85,0.12063296198678
-0.833286817105603,24.7730196532512,100,0.0496710642248354
1.85977605953049,8.39967348123784,44,0.00258056409319997
-0.0204895250794768,33.4059609588109,100,0.0246030317025167
0.415684407310796,27.4108953490036,89,0.115252518122804
0.577510523414046,5.87341037336412,20,0.0020546580818028
-6.28024940515781,27.6687405759608,100,0.0202512831927459
4.29662126579764,18.1909879378893,61,0.00840508140464813
5.34788011381783,20.2038208977952,66,0.0105555575660977
3.49216986237577,29.3508690618583,100,0.04112644049512
-0.237493745395412,18.1560644410609,81,0.00968544075129084
4.86964450187875,19.0259921562899,57,0.00922713796147394
5.00963321354258,18.8794094504818,80,0.00872062890734389
0.228271521171633,6.25055193733538,25,0.00212551252143672
4.17597824165883,18.8967823406807,54,0.00960603541627607
-2.50032487666263,23.1707863464541,100,0.0262102997932769
4.52909890932853,18.7963132145358,79,0.00896969124353803
5.93733288238222,19.970806959743,76,0.00943291321881339
-0.335657587441851,26.130696578399,100,0.0768732165419172
1.72387523046003,31.3071095478789,100,0.0404092781279546
-2.43572707416465,23.543362229962,100,0.0290041723239602
-0.0219023105908911,27.2817075003425,99,0.103763150008365
5.27539435657347,18.9114963362123,73,0.00861114158100515
-0.578754300641201,27.4446263394134,96,0.105157779299912
3.26730178136418,22.1734675842408,100,0.0188939597865655
5.69387455972227,18.873365624587,61,0.00831925873890318
0.0129193716782611,28.0809676087163,85,0.125794882196468
2.39723135179872,6.5961636290007,47,0.00215725988433819
-0.436507886242069,6.78340925472879,29,0.00223081676973864
-1.92876751439867,23.7257870728222,100,0.0325488200213071
-0.524690028269475,26.8410194960945,100,0.0891492773040052
0.546161572103925,28.2344876021389,90,0.11313996971235
1.22974536757168,32.7672254386076,100,0.0281832975301279
-3.37401428514762,24.2925893180467,100,0.0293942925540274
-0.167437364291183,28.7945000346216,93,0.104166476996116
-0.4827228919529,6.73997907937049,28,0.00222201727769022
0.133172049846984,27.4181281516929,95,0.109708317829838
-0.513769548510607,27.0699778258131,82,0.117771088891631
-4.00197281399293,29.4694086213792,100,0.0350840184133151
3.54725031706667,6.41533641171583,28,0.00209991133005151
3.81016435571718,8.7004885978072,55,0.00257697034058143
-0.0362215069424853,31.8148999998191,100,0.0391638165934959
9.89175910878357,8.72088021977925,54,0.00212539350517184
0.511502033888881,27.828568182606,96,0.107948210536785
-1.61385697185291,27.8312000658277,100,0.0799588278023207
-0.653200594704214,27.1674653944093,98,0.0989218670416582
0.248691310220151,29.0396492557899,100,0.0880940399489718
8.11111808517521,8.8889855699334,55,0.00231407819975244
0.739633091597825,28.35518537066,90,0.108789739576728
1.45915964954488,8.90882882203482,38,0.00273206221438122
4.15115805464189,18.230898950071,68,0.00849787338998211
5.71081561002771,18.8836741795396,69,0.00826370973084241
10.8914989376355,8.86628794176417,64,0.00205451114575786
-0.773968097892363,27.276126632928,99,0.0976335644468805
5.9235122028392,19.2333720246725,74,0.00848687292823844
-0.905817272362961,6.19929259569122,32,0.00210898702283596
0.189816755680728,27.3133906085555,94,0.109443140388021
0.949195597442919,27.9722617159443,86,0.1121793194174
0.710963904829347,27.3165128641996,84,0.116235917783999
2.27839862958114,24.8617340406905,100,0.0415125325871282
0.437230175360207,27.9367620932279,91,0.114970617861624
-0.606710039647608,28.4727892471725,85,0.115699298674996
-3.4392514914284,31.4083445959494,100,0.0291448052111005
-1.0453433617702,29.1062705917397,100,0.0797203125716778
-5.35528825931402,26.4124049431941,100,0.0245825737192105
-0.0455338665439023,29.4130166535943,100,0.0812275280832572
-0.77160964072521,7.57994917252343,23,0.00240890156372971
-1.45927037545318,25.3208199055829,100,0.0541003091330088
0.614905622846744,27.994694072837,91,0.112398447412532
0.722968886435079,6.67275928773785,33,0.00220422001855556
0.721920254010224,6.38865702544855,32,0.0021473336910916
5.94365408131344,19.2821855377394,74,0.00853037602505346
4.20616762759336,18.5322015698168,63,0.00893465616836089
4.68806241794941,18.5481277525178,51,0.00871741463363887
0.172596366097842,8.25348363658753,42,0.00256676981453472
5.73345294185467,18.8407107000444,76,0.00814708055090479
-1.29207190751412,32.3311854579145,100,0.0316948168163949
-0.411510274386569,8.07898523990573,45,0.00251947696605431
13.7676454243376,6.60338573087546,59,0.00154262603942144
1.79809057457567,6.05315899922899,46,0.00206472354278509
0.864031073215634,27.816641153566,87,0.113000244499473
-1.12398610807378,8.24110287689295,42,0.00255549278741715
-1.06241112124992,6.53202419016824,32,0.00217313362776505
4.61119322075665,25.1384559861562,100,0.0259217565309774
-1.04221199436192,29.0535725445107,100,0.0805874966958638
-1.11042050693921,7.06726348195266,21,0.00229030370495902
-0.755085465150569,8.71770974406934,29,0.00269653898068844
5.6844818678998,19.9481762862082,78,0.00964963671364572
-0.555756861505741,8.74992046618496,38,0.00270086146054488
2.00747957531095,8.85778718633018,43,0.00270006078896412
-0.614537929603808,28.3822199487411,91,0.109288645314074
-1.08443315106305,8.4783697044509,37,0.00262142099806628
-0.840489287624667,8.1529797212945,22,0.00254957145632995
4.93497231700649,18.7386199302111,69,0.00866723334679798
-2.77726817994047,30.8791277534574,100,0.0374225017832285
4.54302782874429,25.0616142915855,100,0.0260566070021704
0.187549474452603,26.956046414207,96,0.101465748281614
-0.885196005368956,34.1825926693206,100,0.0197456268974918
-1.19902955508614,8.15453800284416,43,0.00253169294556702
1.17199107938317,29.7743257688069,100,0.0669591600007241
0.223295155283249,27.7440025868816,90,0.11813901270401
1.64491423018101,6.33413729924971,46,0.00212033894231937
0.200977035835082,27.2588747998584,79,0.129798816488548
3.31492931007021,29.1272875248179,100,0.0444589807413428
-0.527306774545624,27.4198522234835,99,0.102313598375319
-5.85726267008689,24.5779054295307,100,0.0181855266949629
2.68855697675847,18.3487198642583,77,0.00940580719992668
-1.20869298945546,7.77396370646038,31,0.00244522430277441
-1.02884939765517,6.58158443842868,33,0.00218301006695894
0.792551478327485,18.2017631949262,89,0.00963998994335894
-0.517596671310704,27.9691374165446,100,0.10329992560682
-0.253775725212737,27.2165212554881,95,0.106597774269557
5.38413255751602,18.7782439753899,71,0.00836885752050022
4.76024913156129,18.4866000862633,56,0.00854373959675519
0.578005259841455,23.6614756622319,100,0.0358769171295007
1.05133499973566,32.1892390063274,100,0.0336271026218064
3.288863927955,30.128782678982,100,0.0386706649956213
0.537624456821182,27.1955734550707,90,0.109491292564327
-0.0377182858530865,28.5929770760161,93,0.108250085117925
5.04252012435959,18.475062753836,60,0.00830369930729315
0.00706959255271511,28.7252227931951,93,0.105847843832461
1.02647425655085,6.36056737635427,27,0.00214163309118897
-0.958004219276453,6.26997707375571,31,0.00212268605926947
-0.195817639255067,26.993443402267,93,0.105347345711996
1.57736404742158,6.2406877131452,27,0.00211176662053751
1.98447632235868,18.5613140257233,47,0.0104136629204961
-0.667866678187533,31.6625765948004,100,0.0403270718229253
3.93100413165927,31.0353518512981,100,0.0282256192091885
-4.40601119395294,32.178976477135,100,0.0208520917209533
5.59047453578493,18.9022998522797,80,0.00830447955015396
-1.17670316078275,6.82154626462092,31,0.00223187301808093
5.86989795300534,19.7950424483704,75,0.00926610790010683
-1.23245291752194,7.52931341514995,28,0.00238887544829471
-1.22224386981732,6.99279656009159,33,0.00226661444715629
5.16128793890512,19.9099938813791,90,0.0100238426543439
-0.929712386464154,6.21403814446003,31,0.00211208171507559
-0.261439804012684,28.2992454925686,87,0.119600010228985
-0.779493723871854,8.62144651043225,21,0.00267538413279498
2.38393951294711,25.4465722115488,100,0.0466967476143802
0.77583983450139,27.6811740609262,90,0.110676402930425
3.78716278864195,8.78221596591919,43,0.00260720434330851
-2.83878786960801,25.8898606444746,100,0.0457748939573338
4.80230944669676,30.291135532979,100,0.0257283774830736
2.76261940756494,25.5703294644466,100,0.0438956172702864
0.450368003263867,27.2496420645107,86,0.116578946267062
0.339009986336955,27.9947451309135,84,0.126043760131839
-0.341086261486122,28.1071302789328,99,0.105509673439458
2.91875619423269,24.3587190076929,100,0.0325862805652978
-0.205216293430347,6.22818190776529,34,0.00211715428806554
-0.723699343886112,7.71854398888123,32,0.00243692760741277
-5.53546840469606,30.6469176059802,100,0.0207028905382556
-1.2322742366206,26.7923076369481,100,0.0796044795819918
0.365171570701037,29.396987504666,100,0.0806914697217286
-0.967822399493374,7.24689701052633,37,0.00232294165732266
0.940997996327773,27.5784733098745,93,0.10345078902307
5.59211265660951,19.3165087263052,82,0.00881950221807811
0.0422953987811536,27.9356855344193,90,0.118929656828411
4.61831824935048,18.1527983222569,64,0.00813778103730521
-0.119045712539523,28.8297516869045,99,0.0975305747561029
0.0962732223523747,27.9288641777252,90,0.118837642321376
-1.01230435289228,7.77970275512633,29,0.00245041746959556
0.605035383787377,27.7110554203566,90,0.113770535949614
-0.445555900794029,6.15584528748886,24,0.00210693319938099
5.83349402527012,19.6953045969944,73,0.0091816332871061
0.883803272997067,27.493097097536,89,0.108487706016214
5.38997705651998,20.6930692802347,92,0.0110453955082525
5.08382268427779,19.3509342155596,65,0.00946329083827197
5.46034889798337,19.2674988079869,78,0.00889927336300397
-2.33178469219018,25.21564327982,100,0.0447680088818833
0.494278198869648,29.0500681559826,100,0.0865154179365163
-0.737806419779475,8.73113403274478,33,0.00269755438115879
5.54430934714288,18.8027757436867,57,0.00837548547828505
2.21997467205504,29.7241337601849,100,0.0546457747213198
2.54418250905935,31.7857173768029,100,0.0314708658687403
-0.669119096546821,6.40558747652471,22,0.00215566689978587
-0.340213009947387,28.0585528696763,98,0.106886951444198
0.857741057725188,28.1273855598803,88,0.111017912327533
-0.494612836962146,27.3612558658244,99,0.102086424462162
0.351450372192401,28.3463454989492,84,0.122551290044624
0.591568050025675,27.5362716066409,89,0.114200169121276
-0.969569228347354,6.65788270624363,22,0.00220447256770702
1.28619363708553,25.0425818025592,100,0.0512817772655084
0.827378635017068,27.7413707305293,91,0.108696561555221
-0.781797205223604,7.50874743212826,40,0.00238244998932956
-0.557155203006695,8.46738971135104,23,0.00263412513139875
4.03068832532708,18.6357835636945,69,0.00916116552176338
0.0465098086809015,18.2157749154955,41,0.0102001183625094