-0.218838419186611,6.39556369176348,35,0.00214950232532008
0.446037721089404,27.2362009589494,100,0.100093906609102
4.34812665392083,26.0180729217672,100,0.0310516048522251
-0.477634153097949,8.63945969961319,40,0.00266947275063422
-1.03816747979888,6.49590147891688,34,0.00216517561569287
-1.08372473188648,8.08259037980111,35,0.00252035011135586
-0.401552401854725,7.35569481115686,38,0.0023510633469146
2.15267324620722,18.2465836416758,66,0.00956237435809122
0.91797135536838,31.9098602250582,100,0.0368527304165875
1.00685898425503,27.5143373455345,100,0.0906199020161548
-2.16982945577158,18.5944679990046,50,0.0103646120678771
0.715936591569832,18.5207835169958,49,0.0106886010123067
0.526005957551327,26.7648565795136,100,0.0878755504443142
2.0573004786788,25.140871971134,100,0.0464384832026211
2.42200358638054,27.1157966397023,100,0.0612640706906178
-1.09428376595752,7.89381401625286,16,0.00248511176998483
-0.655035070363821,18.4188955489013,89,0.010061591066116
-1.31037472164163,29.1917941876848,100,0.0746911466303128
0.407197071634038,28.1444551527725,100,0.103658924947576
5.60223759876914,19.8588910156994,82,0.00956721850025675
0.3305731204796,25.9633627190658,100,0.0734635071028814
5.58262024120079,20.4361315808753,90,0.0103951378158595
-2.07913492264624,25.9127784545926,100,0.0554930091023933
5.3727772709875,20.881797436851,89,0.0114442278006554
2.82438271882509,18.4346271475795,58,0.00965818825275474
2.26020908249182,18.7933653631267,49,0.0107370076839699
0.161629673472503,18.838597982733,49,0.0114632734976546
-0.350059485308579,6.57907726158422,33,0.00218696919283833
-1.80224537898713,25.8580140879912,100,0.0582683164433261
12.2388480912358,8.42258949496619,71,0.00186688591468916
4.14684220525607,18.2045940590098,83,0.00835784765358687
12.7493456817009,8.65190278535825,72,0.00185306908288568
-0.996247125187233,6.60915689676151,15,0.0021975879243851
5.09529280592337,20.2835068603092,97,0.0106399975516891
1.35780344671143,28.5757435008716,100,0.0815983383699155
5.60386405716748,18.6260986153682,81,0.0079559526368711
2.26146196063655,30.1324820424087,100,0.0495693172801765
6.75855574404178,30.2929517497945,100,0.0162621938137036
0.229611666772491,29.3473078353734,100,0.0822224279238956
0.273265169278991,28.8113449303646,96,0.100216655468879
5.56579487860708,18.9384458037634,83,0.00834757616208167
0.522995042886799,6.60621301694697,39,0.00218889979532584
-1.3018223595419,26.8971705575371,100,0.0798392792675073
0.83570965862312,6.16564773263785,33,0.00210261629410942
-4.74868779588778,18.1531362594783,39,0.00822380380292979
0.435263515705138,27.1413063283113,99,0.09991254941761
0.284681683265223,26.0420769171561,100,0.0752367179395774
0.554228749010816,6.32893263937105,42,0.00213197684063566
2.63037971690253,18.6540944483277,89,0.00985305658250779
-1.08312480142675,6.52028595018077,14,0.00217907509209507
2.18187628491725,18.2860748636175,50,0.00977084531405557
0.0750359254561024,27.1539420921456,98,0.103019557622518
1.58912068454551,28.5587254088614,100,0.0774425594528492
1.38639048931029,31.700098051739,100,0.0376506842100004
5.63938852265697,19.2058967151626,83,0.00862674348249779
-2.77515092766079,32.1089916913221,100,0.0280537226596676
0.05569143134826,28.0148680610364,100,0.106070359809743
-0.769634512605164,6.66990020528243,27,0.00220620984624363
5.85985496061154,20.3215792299675,84,0.00995170232587826
0.0137511812993685,26.8807461875813,100,0.0965013540841825
1.03028235646474,24.6188906164092,100,0.0465651588792249
1.89151274398883,6.39419625728983,36,0.00213259355468343
3.07868887181383,5.97368577872426,14,0.00203730646623459
3.01368295121132,18.3169362693226,88,0.00910109092237222
5.39756181297834,20.0299895101398,83,0.0100338047584455
-0.931855482966984,7.48020163370856,14,0.00238916709606589
0.0475694864149718,27.2008228054666,100,0.101632129427016
-1.23472707083609,7.47831703917368,12,0.00238612842494466
-0.391103082802543,8.02210864041533,16,0.00252369161925593
-0.617188760745374,8.71204413796553,38,0.0026898100673066
-0.0155706249826315,6.31978300900091,32,0.00213613398612097
2.82051031056797,28.3647548018089,100,0.0552186913551146
0.878111688778916,27.7142986099029,98,0.100063333449829
-1.16056960182823,6.36117106547431,17,0.00214499890769903
-6.84891213999784,28.2477772877648,100,0.0175567925815434
3.85092176107975,30.8919348248946,100,0.0294848392019738
5.29932004271024,25.6354446909205,100,0.023289427209237
5.56285114219775,18.2465340884885,92,0.00749126512680539
-0.836115059695851,8.10057831164554,41,0.00252408181579459
1.06489193042056,6.12543246959933,39,0.00209038778486399
-0.972386845296071,6.50962020438487,15,0.00217752004414327
5.79262069118225,19.0595668234446,87,0.00829016708864022
-0.961535382356312,7.74132273437426,45,0.00243228251606712
1.80922977027734,6.28906487071052,39,0.00211223188146321
-0.810452200311657,6.06587692396473,33,0.00208378699332082
-1.96211876134549,25.4941473342038,100,0.0516688585542016
3.02305676031214,18.7679056076551,90,0.00983008449191959
1.64874820790328,27.1980509749128,100,0.0765744586809272
2.84206187911103,18.163771074919,54,0.00922346393398445
0.789045024590471,27.7282482662797,100,0.0995889196071507
0.392639812832624,28.3184897796848,96,0.106789149406826
3.67454527291665,18.5044443996538,48,0.00936743338290149
0.249742150888559,28.6263674605926,99,0.100514658536986
0.0500128304079834,18.840601537222,50,0.011457989911026
0.0545850767983503,28.724160912384,100,0.0985355707344539
-1.06507220235645,8.10303924028553,38,0.00252383950368782
5.73723397191415,18.955350575383,85,0.00822154467906997
4.50516015655685,18.4730123407161,88,0.00846480537659763
2.20533212914332,31.0769223162942,100,0.0398324966433996
5.93121431923687,18.7812128578833,82,0.00789097082377088
1.22004102222489,18.7315134545596,42,0.0111183591147229
0.309118180682553,6.29934928746642,37,0.0021294197336152
-0.655045034116863,18.377985380027,90,0.00997385635444959
-0.00702861460198945,29.23178570555,100,0.0848935598180413
-2.38115558326451,18.2604513900856,47,0.00966688285165538
-0.397597339363049,6.75225382155662,32,0.0022229720946428
0.362381719938608,6.15038325424061,37,0.00210042803017809
-1.63688635004208,18.4095730208874,56,0.0101508079728769
0.921476713314438,23.5786835172886,100,0.0343756334409236
0.66865249236684,18.4075788457991,51,0.0104362645388367
5.82382923182031,19.5103484801801,89,0.00881404353670501
0.821645637350763,28.5933547333505,100,0.0899919927639262
2.76389639036975,18.6083765912683,90,0.00969410014696497
0.249742150888559,28.6263674605926,99,0.100514658536986
5.16197509256616,18.5461536030412,80,0.00817542884804622
1.46426261381844,27.2637319675496,100,0.0806316634041404
-0.449486324429558,6.79172061507112,27,0.00223350137271427
5.79291696350639,19.298927170902,87,0.00858575338862508
1.04458162761567,27.3088016218717,100,0.0885164568640189
-0.389515143831144,8.66006356372077,34,0.00267997552732937
5.79408222397875,20.7892817031419,89,0.010708366705227
3.30167173459125,30.5774916564068,100,0.0354860567021217
-0.372052655233539,8.89620252593291,38,0.00274339459468811
-2.18368075493778,18.7107057416317,50,0.0105930339252794
1.04533435797773,27.0195571819791,100,0.0854544060756596
1.36069235626294,27.4311134583211,100,0.0837697115304018
-0.529303989081746,6.59416204248533,41,0.00218545993456049
-0.417382392383271,30.6438888223137,100,0.0561218684372171
0.336276802078726,31.7022444677006,100,0.0403756062025099
-0.00799677394693077,28.4689519292478,99,0.103408521783089
3.91912628791018,6.01586744057728,38,0.00201093681041845
3.49160943656964,29.8422817622066,100,0.0384365846525958
-1.95201391428888,18.1539370018447,46,0.00965782262281354
3.90153084734868,26.8648134484906,100,0.0382909957087289
0.557766992921108,29.4136046247,100,0.0792270412411349
0.651685709553345,18.8318656762191,50,0.0113823631517821
-0.897508871450478,18.6259956827851,50,0.0108700163903966
5.47916319012088,19.2283645364411,86,0.0087681845175878
3.09880389918931,18.56878421838,49,0.00982769676821494
0.574408658911929,28.2520044931654,98,0.103266894561468
5.47283374168878,19.6507568114054,89,0.00933141584019547
0.431750670980569,25.8407982479642,100,0.0705737400665325
2.15369937028642,27.2005015786387,100,0.0667735460337585
5.29711827905024,18.3079844600162,86,0.00776246410039824
0.131153554851533,29.8049515805384,100,0.0730127795009376
0.736755662464664,18.1645774753564,86,0.00960901025982574
-0.631541372796387,25.3388212925628,100,0.0600152946213176
-1.71052123064322,29.5626018968157,100,0.0636070423395849
4.82151424224373,28.7857185647893,100,0.0294094568875804
2.06310909788358,30.4130310428597,100,0.0483814509949189
0.729765962309894,27.3332350756765,97,0.100884320876417
-0.956421045289524,7.07460658935562,48,0.00227946363987512
2.51103459281924,31.5396551877748,100,0.0336280673997961
-1.72817579086281,18.8405926211303,52,0.0110546593660158
0.950730306603825,27.6902176597296,96,0.100663013860528
0.383729037331089,27.5214467431199,99,0.104561992151754
5.00399795690886,19.1220701422252,83,0.00904044604259255
-0.896010972288624,7.97376987017717,15,0.00250805628358239
5.36745298524511,20.9068089111944,89,0.0114976090754541
0.546436469914045,29.9384741266989,100,0.0688965634034378
-0.368573944304672,25.5701847728606,100,0.0654203592296499
-0.29723903912641,28.2486315925405,99,0.104828103844411
-1.60152263779472,26.5304734548445,100,0.0702404883464406
-0.99451573391858,6.22154552867803,16,0.00211969378872017
1.25454225276302,18.4150706485435,83,0.00999950886929385
4.62110838810511,8.85936481519386,73,0.00255998858315422
-3.52766420614253,28.4587386105076,100,0.044048158996745
-3.26368990808765,32.0562592258417,100,0.026211705750822
-0.763373586882512,8.35990025664488,15,0.00260901899637024
9.89523344367247,29.1432520083806,100,0.00913573977973158
6.31683915150916,28.8491632077465,100,0.0196930028207293
0.465178387567261,6.59893711688308,33,0.00219056738222927
0.468472836657094,28.0731580880031,96,0.107928679625173
3.91545569605259,18.1849389026454,82,0.00847008897954226
4.17899541563604,25.2255369121184,100,0.0291443982032828
1.61956705776517,18.7809215888276,85,0.0105846872338746
2.23871997797049,18.1530387963787,86,0.0091943915164964
5.95028832008857,18.9744401396237,88,0.00805918228508809
1.35863843630248,5.89048154111996,57,0.00203599252307155
-0.972049986361451,7.2480953940324,40,0.00232154602541119
-0.959116212201682,8.08051582754917,40,0.00251827141333752
2.18059262074218,28.1106429632378,100,0.0679431456556423
0.0686809992968617,28.3440880158086,100,0.103746672233232
4.61406433914672,18.769911331512,85,0.0088227948184234
2.69643720061517,18.1646213189984,56,0.00927677301948612
5.12721226553082,18.647355573278,96,0.00821794694256359
5.26583495860458,20.8886274853949,91,0.0115811401859534
-0.0659098702184091,6.37950255251344,11,0.00215763599865346
3.0443543377349,18.6955817958214,89,0.00970136238947422
-9.19795906116905,15.1970337923128,100,0.00392333085949566
5.12367302386951,18.975395654861,88,0.00870237346320114
-0.377746204531805,6.31346019320948,20,0.00213972249217026
2.08066145112715,6.2569065156235,35,0.00210315029278213
-1.23985226212569,6.62864732432893,16,0.00219847360078646
0.677260449584119,18.1880182070052,50,0.0100069228377661
0.747735184430874,28.4751027556133,98,0.0986490934331003
-1.25744964539147,18.2130112540216,51,0.00993340489411857
5.32282357953246,20.2312671502676,87,0.0104004298815829
-1.2084971091317,8.19170829636102,53,0.00253452160456133
-0.389290736662129,18.1722877670535,51,0.0099971747525924
2.33622475106057,28.0289075006062,100,0.0649896735608822
5.19554016930337,18.9506673174026,85,0.00863611050298397
-0.964160262017491,6.00593433737655,27,0.00207389363824305
5.55966178164792,18.5179626745607,82,0.0078549911421207
-0.915625618385434,7.24113361368097,41,0.00232003498625323
0.519359215366419,27.8665165451772,100,0.103404469293601
-0.565094318616163,8.56912776468117,40,0.00264966807489045
3.06098986281368,28.8678595661457,100,0.0493000613185097
5.30525050338783,20.722998419829,93,0.0111980684416455
2.44957073460932,27.5429593331793,100,0.0624894679205587
-1.00792815343947,6.57939954499292,32,0.00218324655644218
1.67202829947818,29.5917194802706,100,0.0637297753696238
1.15814151288999,24.3402151519527,100,0.0423014029626443
-1.12703819893594,6.35694857113381,37,0.0021353578460039
1.26864770441443,18.6377080581097,50,0.010801010471626
2.48177191373606,27.5215186078137,100,0.0618215105664845
-1.21280744620062,8.10811667132586,14,0.0025383441275661
5.35527961028535,24.3951499440379,100,0.0197652791754059
1.29793014517666,33.0152419595337,100,0.0262127302739718
2.7218939825959,18.2306224434987,59,0.00934942759097933
7.48835011768873,29.8765144038661,100,0.0142780173118027
-1.68841976926365,29.940116286333,100,0.0585702799063114
-1.58342000514689,18.3750954837733,50,0.0101631101714984
0.19777546708642,21.0026153329089,99,0.0172768894910019
-1.7823973727161,18.4861290775311,50,0.0103124076162067
-1.14368500584775,30.5416612604419,100,0.0543664517256414
2.64132472327305,26.9200217074084,100,0.0562952748930592
-1.57912471909487,30.0578049199146,100,0.0580735236568186
0.918850722132332,28.4849490952402,100,0.0898125210468798
5.51950636774817,19.8449538722245,83,0.00962216400136596
1.90038929620237,17.9445263380329,100,0.0089402572062899
0.171668378009293,30.031968641407,100,0.0682941094628574
2.13237168380841,25.8755730352208,100,0.0543748200867189
1.21924913388265,18.6385823661908,49,0.0108289678823393
1.75160398172429,18.4654571064007,83,0.00994532329895353
4.82325411601705,18.361216170752,86,0.00812907987516573
1.97136190741273,32.4977590168934,100,0.0283409633428629
4.74585706902861,30.2998244173488,100,0.0260614340154412
0.629506606353217,24.4323799000068,100,0.0453425677261338
0.751909515922379,28.427782772155,100,0.0972068256441588
5.57848538208512,27.4893623532301,100,0.0242961473015996
0.225639236286378,27.0743526418449,99,0.100289856698728
4.37396790384295,18.6969468084737,78,0.00894320097358671
1.37065709682317,29.3847651864343,100,0.070917746871284
-4.01081515916127,18.4012129045071,57,0.00891427113581036
4.63878696556927,8.53800880251871,72,0.00248134989809222
0.148979068896277,27.2998732654673,98,0.104840236667011
-1.13744696680433,6.9208818176991,16,0.00226094360070781
4.33915103447257,18.4489354734885,59,0.00875498598110004
0.438264691653037,29.442988678533,100,0.0793964709651831
-1.59516985679672,18.1893148015098,50,0.00980472691447295
1.08201787147217,27.0269711632043,100,0.0849779390832358
-0.671783658681033,8.17074377606743,37,0.00254603376854739
14.2381482400235,8.33539518501865,71,0.00168923394417166
4.69272262127969,22.9379271132393,100,0.0178057562025548
1.43467270101496,25.2743031870708,100,0.0536149738257036
4.57152326239332,5.92716786023874,41,0.0019723742964031
3.05825535473622,30.8133315152688,100,0.0357541321980782
1.34530786341872,26.7694853809222,100,0.0775027249642337
-2.09077636865262,29.4197836480767,100,0.05987515784869
3.06558124913096,18.4931185613973,85,0.00938434843452447
1.3443949930541,18.6554473468113,50,0.0108160799164228
0.0195815224302623,27.4763445381916,99,0.105825428587409
4.80619080695745,18.8893369252987,83,0.00886560672238898
0.892869241002176,5.97577151181106,35,0.00206538274434112
1.87877728319405,29.8179592398719,100,0.0579388681195819
0.670836818843476,24.9638624694773,100,0.0533452997128891
-0.882736630584591,7.49981703660802,48,0.00237491559246988
0.00750272779022043,18.1736732326326,82,0.00971346030486216
0.767221505102836,33.7951755801498,100,0.021881229687631
5.51188235691097,18.8448605104963,91,0.0082184888732523
0.11614438840545,27.0334793584955,99,0.100003298341937
-0.939370313105193,6.64542865821222,15,0.00220558774074192
0.496487429258374,28.3106799132319,99,0.102569364470904
-0.830287616932288,26.9740070213289,100,0.0878923663419025
-0.732042915442183,8.73776536373707,38,0.00269582465750129
0.886755810388226,26.9183687501483,100,0.0863831325691092
0.828532521969345,28.6827871637845,100,0.0887909201327305
0.349883577788499,28.429980338826,100,0.101554918367011
0.0240591916740102,30.1896120572128,100,0.0652617336737261
8.7737713850932,8.84375333058905,69,0.00223991906509902
2.87916202382956,29.6954683385072,100,0.0463929846091168
-3.31095381204997,25.7777631927468,100,0.0396758119909422
5.75398131866277,19.8360786591842,90,0.00930990796154104
2.15923488065713,29.5661864278704,100,0.0572404863368565
5.20153937473539,21.1547047285878,91,0.0121899827850107
4.63618751797674,18.7458730713028,82,0.00879622966976641
0.385070656099144,28.5279158801022,95,0.105332546599642
-1.18096183420875,6.23609782869667,14,0.00212160054811311
5.5501797019043,20.1663972341474,92,0.0099884099845234
0.0298858481169475,27.9562496422158,100,0.106259527737761
3.10952339910043,18.2147548694299,50,0.00920600683038888
-0.0621556908393259,6.52320940704105,36,0.00217478185982527
-0.486120270804047,18.4543973318084,50,0.0105679287215619
-0.981550499131859,6.80238860674933,15,0.00223794009738431
0.338775607206004,27.2478065873246,100,0.101091134641784
0.663600654326171,28.257550561094,95,0.105280543023878
4.24990034190585,6.44507454595491,39,0.0020767801660234
-0.260593286519414,27.0667047764171,100,0.0990080547109509
0.411200325089874,6.73456218345059,36,0.00221726332730886
5.18776871260234,18.9033260415007,90,0.00854276704760743
0.792698244087813,26.8816661459945,100,0.0870403292247826
12.8442866573426,8.86993742919565,72,0.00187354994739465
-1.04717277250265,6.79588227195143,41,0.0022229795749224
1.27499428339355,31.9945604493608,100,0.0349516122958759
-0.110762448841866,27.0544411261067,99,0.100359428270931
-1.23731080718644,8.13166964034333,14,0.00254396145219623
0.854669722693743,18.2708551746912,51,0.0101310081104854
5.77971543946239,18.4495873987191,57,0.00777694263900982
0.765032791910009,27.9633295237237,99,0.101043799529607
2.62037472803105,25.8265576533413,100,0.0478302324286581
-3.29126179629051,28.2002528819864,100,0.0479654568395539
-0.68017924960254,5.94078553507823,18,0.00206752631156904
5.16892608952112,18.8184079995282,88,0.00846084311841656
1.69920652131968,27.0005580609815,100,0.0739149166370391
3.28029939046865,26.4841707392715,100,0.04433081538664
-1.45642588923254,18.237635391623,52,0.00991710683196599
0.237873951648679,8.62797213987372,53,0.00265833004836083
-0.693294594652708,6.67207359287635,16,0.00221257416632774
-0.348949751782685,6.63737178242292,42,0.00219454574270721
1.61384491658056,18.222405583303,89,0.00949554512391112
0.338775607206004,27.2478065873246,100,0.101091134641784
-0.751926409113038,32.0062447792523,100,0.0361696446087082
-0.59777105525752,6.12389284701556,33,0.00209612666211968
3.10036938659498,29.1027020670377,100,0.0474957194906194
5.77195712407059,20.6902744909922,89,0.0105776256757513
1.21229328977016,30.4336636954704,100,0.0555924920986573
2.49136076959231,31.731919074933,100,0.0321646130132075
0.458679421201095,27.1670513994399,98,0.101078724931048
0.471918730124375,28.241721035546,99,0.103428913250133
0.221942081799207,27.7242704060267,91,0.116699489237988
2.75369406392954,18.5578082127439,49,0.0100062443871425
-1.22261299599756,18.922286015726,47,0.0114941729373256
0.348521604852234,27.6329491241263,100,0.104443200750036
0.54825507861611,27.0973025710192,98,0.0991554184767357
5.76357877421321,19.2279987946578,93,0.00847798034121785
5.27542442285398,21.181167149365,84,0.0122317546446834
2.28012277914361,25.5232312322436,100,0.0486234103457164
0.551043329370885,27.2769152464749,95,0.10475504946414
-0.798448796825631,18.7553276542009,49,0.011191179914283
3.69587972643598,18.195555851393,57,0.00879616596091958
5.36614639700658,19.6268904244663,89,0.0093984105389324
3.60041363628462,18.2268396935971,57,0.00889793980306082
1.96396824170412,26.7091818098691,100,0.0662892617697997
3.44847140069382,18.8783822584784,85,0.00980540083792815
3.31114576471976,27.6274248148521,100,0.0478026237331647
2.62596981726429,29.6276600639111,100,0.0502084345219244
10.3642992485115,8.54318303277858,73,0.00204579780231995
5.81137106001989,20.253787313264,90,0.00984772410604188
5.42689108264141,18.3049388530552,86,0.00767607236422367
5.56387258183814,20.6096781887343,91,0.0106902976072293
-0.0159252185176659,18.3913873446383,49,0.0104734762645181
0.924340375878932,26.1681475180014,100,0.0734109129456283
0.83451238450928,28.0600575834593,100,0.0986490891337777
2.01887513340793,29.7270257227347,100,0.0572802348012784
0.201523777382025,26.3757219439658,100,0.0823156164850837
3.63851119152036,18.4937206259055,50,0.00935540305158476
2.53646943922742,18.7881496964656,90,0.0101362753388955
-0.694621535025628,18.1901407084537,50,0.0100086496207581
-1.04955799697162,26.5592892156876,100,0.0787548121428023
-0.650757807157152,6.66896112755785,40,0.00220052509487898
-1.74618271578636,32.2548726911223,100,0.0310037146556736
8.42564611323675,28.0517341402903,100,0.0123565402496792
0.687716761411513,28.1357754852915,97,0.103634176933627
0.588322613071305,27.4715982020946,99,0.102051844981919
1.32575504372382,5.89368527013877,13,0.00205536368357824
3.19298555596732,25.8628454367284,100,0.0415114818057667
3.28204450697855,18.3327679094505,85,0.00901188991569541
0.198845896088677,27.0736295168466,98,0.101410999359337
-1.16656836836235,7.73170722770279,40,0.00243037107991971
1.16553368508696,26.3551800083311,100,0.0739225454848116
-2.80456083644967,18.6733734459053,50,0.0101850236491694
0.370051106396059,27.9922709286097,97,0.108048441572542
-0.986607520785058,7.20929381025663,15,0.00232624626556553
1.36135607930998,28.7377288171895,100,0.0798560645121634
0.62485416987229,27.5128112951426,100,0.100879239846097
5.54192182965058,19.9517115408417,87,0.00972058462222007
-0.0878613280990749,29.5782713337426,100,0.0777790607367476
5.51235751927001,18.4065518804254,83,0.00775325227168587
2.15369937028642,27.2005015786387,100,0.0667735460337585
14.0301169432736,8.25032649058252,62,0.00169914022759401
2.29509265103674,6.32358497463572,35,0.0021117591443601
9.93286333190274,8.86191634019519,72,0.00213795399431208
-0.24032333705112,26.9847336173688,97,0.100735253421262
5.65849378997929,18.4800217632944,48,0.00795375824972642
3.67562093565056,19.070561085776,82,0.0100112977030018
1.38486956560016,18.2602722305538,84,0.00967142640444919
0.404346653117495,28.7504560209327,97,0.0994509423759414
8.81194292730323,8.86978557924432,73,0.00223950865076078
5.90747839264042,19.7694731086911,94,0.00903538878381425
-2.5670564699134,29.200375826113,100,0.0546924029674966
0.514393425200906,18.9311999269538,84,0.0111968114376343
-0.0586185339715115,26.1942743496548,100,0.0788444775953507
5.50241450546489,19.5186583254587,90,0.00910944568529295
3.78777031049033,6.11940867285799,37,0.00203394553834809
-0.302061897840957,18.2318051784897,48,0.010150411365174
-0.370350637959234,7.91866825269174,15,0.00249847494140037
0.500957644897732,28.3641013097446,96,0.105209641353632
2.6422095896944,18.8476129373547,85,0.0102429979302041
5.67514417550836,18.8550839222383,89,0.00812222108340716
-1.5169814880452,26.8435457584672,100,0.0755405353741023
3.3228651530264,18.8122355646988,49,0.010128958113318
1.39494033706343,22.8167403686027,100,0.0268141140601681
-0.496479803253489,29.8923666887633,100,0.0700624288773074
5.73293603782169,28.2842584281095,100,0.0232847825011629
-1.94094444370392,27.1251292172804,100,0.0703723915442999
-2.14720589383206,26.6850592843479,100,0.0629133238308354
-0.958215977804704,8.5718208190786,41,0.002645497700488
1.58040195294198,26.232844267155,100,0.0664437294303353
-0.901134775725278,6.40258405515081,39,0.00214552321532509
4.25762712589899,20.9405421391844,99,0.0130166996980686
0.0750359254561024,27.1539420921456,98,0.103019557622518
5.87814214668104,26.9143787409083,100,0.022050671278694
0.920529049702137,23.8873916797715,100,0.0376792441774561
3.87554650574033,25.5164965238546,100,0.0328745548970154
-1.47847941216771,19.0758061303093,52,0.0116999192828507
3.08222417912191,18.7079894732293,50,0.0100823706036218
5.83548660964809,20.7982445873341,80,0.0107712485093296
1.76114300773987,26.8416493637577,100,0.0712140081490514
0.953210193121944,27.6038071719696,98,0.0982716073290058
3.60393574463926,8.57483053556087,53,0.00255653274096514
0.529261309862213,28.6825595995832,100,0.096565266314368
-0.221772514952873,26.9822451006289,99,0.0987868224949048
4.44365388930155,8.42064227846169,62,0.00247045499650239
5.63447068837256,19.0556041203393,83,0.00843971534855221
-2.6874129678207,31.6324704323695,100,0.0319026083042703
4.83881180245288,28.8779068484454,100,0.0291131665706875
0.280678117727885,28.7800497851917,99,0.0978090822171727
5.31554239515586,21.1740129638236,83,0.0121691601373302
4.60316493712018,18.5736771093732,49,0.00883010993959542
3.65849207836976,26.1287360471528,100,0.0380414445402545
3.23066655856038,27.6794706913854,100,0.0490888015114206
3.04335581998892,18.298227921206,90,0.00904043604528749
0.66915255762745,28.5974320106345,98,0.0981282038534925
5.92035857281573,20.0082303832492,85,0.00942317547924085
5.30955487634159,21.1146259032097,91,0.0119461299984533
-1.04955799697162,26.5592892156876,100,0.0787548121428023
5.68270996287653,26.3999104961317,100,0.0225582580322397
3.06622903060546,27.6872521077979,100,0.0517249473939062
-0.324687569607512,6.66507405011733,13,0.00221442894216699
-0.57127883236496,6.07778486453812,35,0.0020866106494252
-1.01513325753552,25.4092932307798,100,0.0590196214453093
5.10639706331288,20.3277709103333,89,0.0107957104029018
7.86641945143564,5.94085446720739,39,0.00182753657605261
1.03957457664318,27.5767404953881,100,0.0903942312115855
2.94760309325214,32.2253302018346,100,0.0265712339148199
0.29283094837416,30.1145679785675,100,0.0663823023270908
1.94103703503383,6.52124802838684,12,0.00216795728263932
1.04309880601315,25.6092303565921,100,0.0622642386037005
0.270920767447628,27.0392676696792,99,0.0995021944885956
3.40017830398165,6.66051327219189,43,0.0021448510280564
0.0750359254561024,27.1539420921456,98,0.103019557622518
0.730350967870299,28.5292336179106,97,0.0992001130181747
5.31908670310433,20.3683534536604,83,0.0106795426535854
3.72866704536155,8.89561343653195,77,0.00261643948492887
-0.380538420529841,6.34375423012108,12,0.00214939212020896
-0.0359491238409765,25.5788671228995,100,0.0661747722545673
-1.22261299599756,18.922286015726,47,0.0114941729373256
3.02449500257939,30.8937630834229,100,0.0354047571000811
-0.114577810641862,30.4300665703265,100,0.0605582753021969
5.21020066820883,20.9798112677572,91,0.0118341523045065
0.36208158041895,5.81678356960608,35,0.00203877765132272
-1.26694464347445,24.8447298484162,100,0.0485308342206575
2.46986493044147,18.4173455256195,49,0.00989234208573434
-0.724390024048384,6.2714352635811,31,0.00212474268107613
0.179297979653069,28.9328868944654,100,0.090239807501427
4.92336988309653,18.8621161417773,65,0.0088790449970111
4.14967098984558,26.9205896869047,100,0.0357071642316068
-1.04673130824568,6.75122546338625,44,0.0022122465580355
0.16549082298695,25.205378950219,100,0.0588860088578542
-0.434017810091356,7.35805108365825,47,0.00234648170836053
0.501671629556862,28.524773336552,99,0.100070484231211
0.711336806857841,25.4259864474673,100,0.0612091028532284
0.306033386584562,27.9289101150316,96,0.109899333557147
5.7128407635677,19.5675339680074,86,0.0090152596719491
-0.774423693925569,7.01948927654252,40,0.00227335178067222
0.154647463832722,26.8593990286403,100,0.0915030901117289
0.0686390350087794,29.2539621931415,100,0.0844209692093741
5.40268538472317,19.158340482567,87,0.00873130661252306
0.339830280733393,26.9025850350798,100,0.0914453277308633
-1.17765845043107,7.28851720706653,37,0.002329782437249
5.19424890660651,21.1725739880657,88,0.0122820823923145
-1.08790702201526,18.4028961752575,52,0.0103364804120379
-4.34318683240542,18.1690316677256,100,0.00808387230947257
5.20092855916094,18.8611026984281,85,0.00851404007524696
-1.56682248122976,28.7459320248272,100,0.0761114932129317
0.585023681087717,27.1888974741392,100,0.0980844934498214
3.68043374170433,31.3982901698591,100,0.0278107285190691
0.298098033992654,25.7598195694832,100,0.0694164250960488
9.83430325700507,8.82720501043351,72,0.00214082864470594
-4.70648394673193,18.5320533555173,44,0.00873472026495294
1.66884009591169,18.373812293821,49,0.0101422726296068
0.655565642205733,26.1366555662172,100,0.0751600355345459
4.72061094568567,18.2775102045817,82,0.0081147119576521
5.3496389335341,20.7505950636502,86,0.0112763919684176
-7.37054558090968,18.2936787094857,50,0.0065891740246051
5.53531091672876,20.8436202505238,87,0.0111747332926347
3.78068334980519,28.8140048031102,100,0.0398369308001399
0.303904115374217,27.3038147261348,97,0.105218014729627
0.363200235662464,27.1785596305803,98,0.102051634770359
-0.749585328805388,6.812417576365,12,0.00224358300190734
5.06079322629824,18.6287925506263,58,0.00850697228761667
0.458679421201095,27.1670513994399,98,0.101078724931048
-0.989847305877712,5.99600397145748,44,0.00206454102589679
6.65879938983999,26.3994267173455,100,0.0177375741904181
1.32931084889995,6.30177944358874,39,0.00212143868604936
1.03884650216378,30.0742983184965,100,0.0629808273247041
1.3666029904876,23.4011471130518,100,0.0315846048772368
-0.954286597922657,8.09222956674992,34,0.00252509139942593
1.74903121015492,27.360937310378,100,0.0756978850432088
0.249862607101393,27.0273888997392,99,0.099416110233194
2.52347027534604,28.1505310101173,100,0.0611523775151921
5.25797397102494,19.1506909876003,81,0.00888723937889903
2.63249043176865,18.8194203990864,49,0.0105836422697722
-0.467143761721567,5.84655917117902,15,0.0020522704729949
0.289783204777754,28.0187900536837,100,0.105154708393721
-0.695086784162258,18.1630740232682,51,0.00994643974683103
0.199950213087831,28.9227926965966,100,0.0903515134802066
-0.403817846322863,5.82254238203235,33,0.00204053283990729
5.85992083694326,20.5239598082491,90,0.0101962481480641
1.49695824304667,27.8671669695896,100,0.082359303069444
-0.190304786958799,27.3951507822249,98,0.105770286145753
0.170610030167171,28.5132110561746,97,0.104655280683084
0.406118656426423,27.6768774128579,96,0.108696593076426
5.79596713567717,19.1540362650771,90,0.0083815581609277
0.994972064904803,27.9180346378893,100,0.0962075417786438
-2.15480995762932,18.2149653835686,50,0.00965299993363809
0.496487429258374,28.3106799132319,99,0.102569364470904
5.50237736681823,19.0668418879695,86,0.00853835924479942
3.53313971406453,18.5693145753063,91,0.00918915996403341
0.225606040835768,27.2679307657769,100,0.102000131804192
4.19528844235498,6.20544587838303,56,0.00202809034748232
0.243656430365743,27.6784550735517,98,0.107598877693219
-1.17500043764937,7.67605670697581,35,0.00242000035797733
2.97126244337016,23.8436265859876,100,0.0286774663954798
0.101934522861273,25.3622022640294,100,0.0618943672781176
1.2866861879851,28.0132428619259,100,0.0863582654247213
2.21035533341026,5.82334302703247,41,0.00201793790714769
2.97140686548536,27.0450606581114,100,0.0515559573632494
6.22349718149006,27.2624991669271,100,0.0204117446208357
5.38046678251804,21.0620598159914,97,0.0116578355829619
0.615690777198517,31.1119174070797,100,0.0479685181150662
0.870874323334993,28.5094730136599,100,0.0902556919977844
1.75877494055404,26.7501468463194,100,0.0702799566682019
-0.320843938703215,7.93221865302658,36,0.00248898831978266
-1.24285268989995,7.42670126778272,33,0.00236230210337235
2.73503866290031,25.1290297147969,100,0.0402473013903635
-0.458428339188911,26.9622636982211,100,0.0915809008626875
0.753140808777941,27.9611158636174,96,0.104403781648731
1.42009854852418,29.825484021164,100,0.0633876203139645
1.58180141896506,18.405898503003,92,0.00980329700788094
1.17306288324976,18.4244126012568,50,0.0103809057624306
5.09515998811865,18.4629300225252,80,0.00811755479109677
-0.373669832563386,8.86976844998407,17,0.00275166403001629
2.28858505228314,29.6163545823336,100,0.0548875628546891
0.793447251818121,27.309829084205,100,0.096762258749117
0.190025783016186,28.5834362503411,99,0.101433423169782
-0.0421461323799924,27.194788367092,100,0.101554510924306
-1.75859310150861,24.2810818475271,100,0.0387429437763252
5.70494255341817,20.134438018657,93,0.00976078532334436
6.23334177997793,8.63970220831643,73,0.00240082837164365
1.51481366236406,24.1005988555471,100,0.0379678824669439
-0.590583484820085,8.85728235026588,38,0.00273074797151805
1.42884488552052,18.1845554531041,49,0.00985408665253685
2.45405087657661,6.0803531969538,33,0.00206342893526372
-0.139150853517621,31.2862017293499,100,0.0461877660336667
-1.00606982694857,8.34258450635381,38,0.00258604466773357
2.96794302727888,18.2259093252032,85,0.00900501749126986
-0.00312610069375918,5.90430695290777,33,0.00205631112459665
5.83859533098041,20.7347378941819,87,0.0105845679873697
-1.2047368336602,29.7544356669785,100,0.0669496551289351
-0.382768291112067,8.42831256054096,38,0.00261447467165173
-0.729903575676302,7.31310219914596,38,0.00233940262959572
0.885679479487854,29.824503200461,100,0.0687765137414659
2.86239686424958,27.4716576068632,100,0.0548062717793364
9.3729308011313,8.82640020791436,73,0.00218160654421426
0.0977058275701729,27.1378873122744,99,0.101690302271408
1.27540988597398,26.9354953892948,100,0.0807450141667421
1.12664967034459,29.6324039373023,100,0.0698940173381505
-1.45394928937891,18.35113162691,84,0.00981768084335891
5.63617470574144,19.2884130168446,97,0.00863105025828351
14.7549909233155,8.61717847368163,72,0.00167744565868792
0.744760216664073,5.88746771334628,42,0.00204707389771285
1.82158464803274,18.2126129188529,50,0.00977372905051672
-0.00965553348870318,26.7682494711897,100,0.0901249038501643
2.19461916501445,18.3039703258249,51,0.0097886938321906
-4.60621993417642,18.6806855035195,42,0.00904152877607463
0.208645289763219,26.4297380882214,100,0.083376978145662
-1.61414924746335,33.4045176479483,100,0.0231297022646065
5.61577742501089,21.1256630022389,83,0.0116136065161797
0.102139373533929,24.5217902787485,100,0.047475877184955
0.723011603622802,6.20705898995978,41,0.00210780531620474
-0.690271063886007,6.88560129297857,14,0.00225858689988024
0.402517890913064,18.9053220757513,78,0.0112269469393151
5.19942776640947,19.0653168713965,90,0.00874865853357843
0.139300643248043,6.32730080737205,39,0.0021343315897089
2.17945693448609,6.4057781980346,35,0.0021299812918827
5.64463510785579,19.0790395083174,82,0.00846812639516947
0.888025896963591,24.9551136471196,100,0.0522598854087193
0.0891350744252699,27.1624307609747,100,0.101037927406006
3.27794863764755,18.6111602664776,86,0.00945091650588049
0.688250022348098,27.4366861385154,100,0.0994536961421337
-0.760936800109703,5.85301523679835,27,0.0020469077764242
4.35016703233777,25.1468592942821,100,0.0276298103206005
1.23545552232688,6.03976820968858,13,0.0020837509676845
1.27100356737048,29.5263100878081,100,0.0699842828366624
-1.11804747232612,7.41130130049213,16,0.00236994427482865
-0.520568498263917,26.1805223115655,100,0.0769420801250935
5.45611389712764,18.1927546485544,83,0.00755003564350512
0.228882413855911,27.0880048293448,99,0.100489653632488
0.591513988222226,26.7574778317144,100,0.0871902647430759
5.61737930986081,20.9225362097967,90,0.0111605272300655
0.667301400849863,26.8593130063658,100,0.0881046373183369
4.47032442867531,31.5090462959,100,0.0231527989588826
-0.224323714989512,28.5787907130546,99,0.101356081099341
-0.364730728825862,18.3293969817359,47,0.0103530408708872
5.84393434613583,19.5000422991603,89,0.00878255172718775
1.53582366831067,28.8830097024146,100,0.075166627504637
2.41633020473122,28.4411731405239,100,0.0622046096490443
12.4804515501333,8.41019303775555,72,0.00184431837884976
3.67666312379162,27.5488388513484,100,0.0425234367487411
5.74560990562371,6.03290814417006,43,0.00194292117407058
5.22440547083276,26.7224179721618,100,0.0259792093498446
0.364720079966247,26.6388562304769,100,0.0867435666809776
-0.223923400587797,5.93701358147724,27,0.00206473923913315
1.5743204678607,25.1831320112001,100,0.0511463832271307
1.00042898345607,27.7031736368404,100,0.0915177523070711
0.479653781770961,32.0624711533127,100,0.0359952458432547
5.58224682551333,18.2648431086964,89,0.00751578889630745
-0.616416587576495,29.4016638978644,100,0.0790270926447988
2.62933219095797,31.1388056215037,100,0.0362886152896368
1.63887568082542,27.5408467102761,100,0.0788049224717914
1.18094551554971,28.7355355388389,100,0.0829185167547198
1.5419394128689,26.3559659916882,100,0.0687549174970433
1.45984734334431,5.98976172963665,31,0.0020640110489183
-1.02657002211824,6.11198764939697,12,0.0021000257409096
1.46173400628817,18.276403699109,84,0.00967991690658189
-0.762957773285499,18.7324599234575,43,0.0112211213880556
-1.05892569954095,6.71492390669653,17,0.00221784159782977
0.862120997826095,26.8683236109335,100,0.0859835827505886
0.320323193268979,18.5520384538513,89,0.0103557445330205
0.426831634717604,18.6932334271162,50,0.0110944137727753
6.55097285538276,30.0397890447622,100,0.0173724696379921
5.62261004835092,27.0203728675704,100,0.0236844506483615
0.490834234150001,29.3562792903477,100,0.0807945438368512
-3.77410481189773,28.5787851768373,100,0.0405519208908421
-0.140612323439136,31.0743729836604,100,0.0493948570532776
0.59351484278165,26.1531253293666,100,0.0759249493941939
0.870874323334993,28.5094730136599,100,0.0902556919977844
0.406118656426423,27.6768774128579,96,0.108696593076426
-3.73659375199787,26.1391975113928,100,0.0372737271482884
0.721239807710604,18.1850771536179,61,0.00988638250812832
-0.85953617919048,7.16462621442114,17,0.00231648005799279
-0.938297674858047,7.25824865418187,15,0.00233773500702256
5.7368782976914,19.2516466270225,83,0.0086030535722196
1.36069235626294,27.4311134583211,100,0.0837697115304018
-0.4855059944775,30.1319838431877,100,0.0653893385339055
5.60707902085185,19.5522237936214,87,0.00908430108949939
-0.142238875249143,5.81832648390329,34,0.00203993756645065
4.84922799238235,27.4178611212171,100,0.0297507542579432
4.56149015654883,18.3674738971106,54,0.0085295334481948
3.77084027987377,18.7656268336284,53,0.00969458770689564
1.94818977411449,27.0395754545585,100,0.0695818248132961
0.0592587247268443,25.2000000077819,100,0.0588696301592784
0.803707991575865,27.1541445953403,100,0.0905229328435929
2.11188191373741,18.6116274185647,87,0.0100385178270804
3.15884738636069,30.2864114866651,100,0.0388186790838303
-1.03651147315948,26.063306841918,100,0.0703833563505205
0.416433699085235,28.2479987435062,98,0.104997871021897
3.58029907529417,18.4877942444588,83,0.00910075881856116
1.8001466463581,8.87314461544924,55,0.00270132186577997
5.86502752819718,19.2537947383354,90,0.00844683137777542
0.916405339560545,18.8878634550991,64,0.0112787624914153
5.64803537414287,18.6222888111666,86,0.00788895853604136
-0.909799736156883,7.8622990096812,34,0.00246861034417339
9.36853082174303,8.27888954348775,70,0.00208707853906382
-0.984751766518755,7.87323189357964,33,0.002471020889118
0.27244854126743,18.5077252430716,47,0.0107338304282482
0.57012531443257,27.8600014005356,100,0.102816721690739
2.31485627270818,18.4775611966571,53,0.010038859638047
0.357086750691998,28.3134986354907,98,0.104898193258173
-0.991673784390657,18.6147451605599,49,0.010836348831501
0.698895756469933,28.0779176615413,97,0.10377312518998
-0.430632732348243,5.89326482462922,39,0.00205095309312653
2.66972059261423,27.8466399209967,100,0.0587246609832587
5.12532514823959,19.1183566649464,91,0.0088724930958403
6.94924483845451,6.02860381152977,82,0.00187245993242122
4.30827918759975,6.00527222501971,33,0.00199821993958065
1.8612266205958,26.9941225459097,100,0.0708363298390985
3.3383237554084,27.8530433489571,100,0.0475161579148221
-1.15545133845847,8.14690041424745,40,0.00253234381784148
5.7094912693211,19.6757059133281,96,0.00908247152436732
4.34517997861355,18.7579301602026,57,0.00922919925631527
0.104541933320005,6.77388290596423,31,0.00222871829545732
0.397888620571477,6.6253904064926,13,0.00220594507719775
5.71629272765141,20.1565353883096,84,0.00986782927413071
5.43947201879018,21.3378444117898,100,0.0121886574283988
-0.81607161475523,6.76281753085882,41,0.00221822830418985
-0.726089774875536,6.02490546047335,37,0.00207488885020938
0.441422599845045,27.3836732819894,99,0.102839185988744
4.02482813542768,18.4454947997715,50,0.0090288220414427
-0.775210577132294,6.63139271187698,27,0.00219824577373606
0.838732918226954,27.2792866457373,100,0.0913814693216531
5.26119604420471,19.5026427853176,83,0.0093679219225591
3.31377922764828,5.9047640325828,37,0.00200936854654196
-0.86422583540907,26.6160141099964,100,0.0819775392713011
2.44783397502644,27.9376999345259,100,0.0628980742876974
-1.09665102042453,7.42858154940018,40,0.00236073436895338
0.966640745700044,26.6285707822799,100,0.0809398261555347
0.927344884631945,25.648942542678,100,0.063876499406851
1.75842024697453,24.3227537083962,100,0.039194326160192
2.63270776767443,18.3265375841604,89,0.00929000060538929
0.135119539466263,28.204511561483,100,0.104853725433349
-0.382948590015495,8.71125007198012,40,0.00268983799695067
0.05569143134826,28.0148680610364,100,0.106070359809743
0.798001906993579,26.3618927712598,100,0.0782115432912146
1.66747976811603,18.2333485721874,43,0.0099326861414031
0.0195815224302623,27.4763445381916,99,0.105825428587409
-0.0549847086587943,18.8019291860089,52,0.0113410754986971
3.64434970964482,28.7100278405228,100,0.0418362204928613
5.72151711603747,19.8608550188573,80,0.00946585593975938
1.06205281390668,27.8979169059357,100,0.0906593517074596
5.50437231217762,18.3760772871707,81,0.0077359057230486
-1.32273415076947,26.4973935646501,100,0.0740154584183113
-2.35819178990028,26.6801958940123,100,0.0593228052174298
3.58568364400383,25.8751265645154,100,0.037449316667906
0.25116227575281,27.839093412444,99,0.106785437448181
0.496487429258374,28.3106799132319,99,0.102569364470904
-0.912692758176364,6.59764197484312,12,0.00219744274124557
5.53916171862292,19.9198359122666,82,0.00972297833991955
3.00647530372705,28.4132930114194,100,0.0519624638725475
1.90828097069202,26.1649037469715,100,0.0609010484672979
4.46512366513219,18.2974059180115,60,0.00845271593156408
-0.835156178318917,8.45965572219875,41,0.00261698037203203
-0.287781974554114,8.89401890221305,40,0.0027416855157606
0.980969757264515,24.1640757577646,100,0.0407625968764781
3.69421372270151,23.6932212630056,100,0.0244375933109117
1.63302328562568,28.326808738817,100,0.0782195769318017
-0.389137109114581,8.74743302484787,40,0.0026998577631196
1.06191739039845,27.1210656156048,100,0.086381742249914
5.73889653700678,19.7300278403522,83,0.00923766402391271
-0.98468914140693,7.31285957201231,15,0.00234958885713673
-0.242706960046347,6.02787522700473,42,0.00207531079244338
-0.252959528550601,6.10412642737801,39,0.00209101434795497
-1.17172370980238,26.4652193091528,100,0.0756269566655309
5.61351012871193,20.3340170221785,87,0.0102279275375054
0.628981129667745,24.6808789773999,100,0.0489925022213738
-0.429670966023029,26.7313694701884,100,0.0880110086611086
2.53255105713666,18.1550357906226,52,0.0093698642011746
1.93455904408493,27.6331164941597,100,0.07301637992164
-1.13855954500395,6.37124069596981,41,0.0021362171438793
4.09412752541732,18.3865142425562,88,0.00860339179438542
-3.48831201636867,18.8902040596499,49,0.0101575713092073
-0.287268640895792,6.5868440134777,15,0.00219740006203801
2.96967401209075,25.7405782171137,100,0.0430716047221087
3.04042301538768,26.7328494805482,100,0.0489753674700363
2.48050811533785,33.332573759012,100,0.0217441126603642
-1.1898559446773,23.8208993821216,100,0.0361780427369862
5.74222228016046,19.1509506279976,78,0.00850751160495668
1.61647590811207,28.696961991897,100,0.0756862890281483
8.75103258232862,8.82916598720293,64,0.00224164356786189
6.00480908428704,8.44758541997745,70,0.00237615169682089
4.35872555843311,29.5025405175673,100,0.0316522107690044
5.87538981448066,19.0381449177902,79,0.00825299473113529
5.88468931868809,18.6508585060234,94,0.00770643907796185
-0.636291946239958,8.42911550926717,38,0.0026129229196172
1.37934625951488,18.3470145331044,89,0.00978243841038162
2.36489251114142,22.6428327563148,100,0.0234052557043146
0.181767416588419,6.59764887828422,39,0.00218830750951527
0.49101202314344,27.413732724419,100,0.101601733318159
-1.03237189076932,6.15049928614799,40,0.00209501799112587
1.42034398848125,32.9283542210429,100,0.0265999422655052
4.77946165763768,8.88699176541296,72,0.00255776593611036
12.0737380910591,26.5757188455329,100,0.00635611917462856
-0.421749133150674,18.1681021012135,90,0.00961208393398251
5.0651758522035,20.7428035778196,83,0.0116919293820123
10.4383512912473,6.68087950061538,82,0.00176470276124821
3.25719943348796,29.7665495308822,100,0.0414240447922282
-3.67212573395294,30.3193699133009,100,0.0339813221123813
1.32880101706245,29.3652634192757,100,0.071793635153891
1.19412358499407,8.44195314827851,46,0.00260392615454333
-0.687597824965041,6.39501225351983,16,0.00215622942006687
2.91660804901928,6.36257356527124,41,0.00210216488280353
1.04317414299309,18.5427915339015,50,0.0106584110810356
-0.448561892850379,6.22000653318176,34,0.00211485788900357
0.0822987676617865,29.7432791662944,100,0.0743502136533087
6.25332999741899,27.0239004356313,100,0.0201181877140101
3.78258335426135,29.7717057811884,100,0.0358952586609444
-0.607905255205358,18.5769225322066,50,0.0108144326656748
3.83173410263783,23.5940804371947,100,0.0233689627924292
6.64499395395136,28.7759132878862,100,0.0182170666720052
5.67844594541935,19.1492989756013,82,0.00852925087529583
5.24429465706614,20.9897670646886,91,0.0118034895856934
5.82523939555507,19.8157553780529,87,0.00923666632489529
3.8721880318409,18.9002417796412,49,0.00989175910521698
-0.654353367566902,18.4562307660294,47,0.0105838812703918
0.325801151207191,27.9707600485817,99,0.106166782942679
1.4761497785292,26.9813678797309,100,0.0777956711546717
1.18077182888692,6.55033365071977,33,0.00217509624496318
3.75622556055544,25.4926389974715,100,0.0337604239905676
0.566509878749679,18.4570989692428,58,0.010475622356962
3.4297938822216,26.1298048036414,100,0.0405476540906918
-1.42876839452034,26.5668514571883,100,0.073433247446499
3.01515000416139,8.85920759778008,45,0.00266262512998273
4.56011970065812,28.1406182375222,100,0.0324952312191288
1.01258859837315,25.7665988526823,100,0.0653004103988795
-0.0750417650916572,8.76622118318744,39,0.00270690049890341
2.11597542765291,26.8902519087934,100,0.0652692023655449
5.76714678114715,18.9870937254436,92,0.00818924501287523
5.75196477744322,25.3545506871708,100,0.0202965039757302
0.0457704401283795,29.1840409557328,100,0.0858154852946761
-0.992966827773692,25.0150174336202,100,0.0526650021704726
-0.694921887943399,8.73852096477068,15,0.00271324669091112
5.38337260110279,27.9348248012398,100,0.0257154581051163
-1.08481410063149,18.1608802295389,85,0.00955340515220403
-0.26766054543422,8.42040875720534,16,0.0026279938336069
-1.05179634910915,6.0323591531543,32,0.00207595017583207
2.31262159974614,19.1100429596843,86,0.0109370187975242
-0.917053187662589,7.63375675750189,16,0.00242428419078431
1.91928140873964,28.8902743853068,100,0.0682893974739856
5.10950745047274,28.6415592501581,100,0.0273097410550094
1.74570802920784,18.1729566153828,49,0.00973603190526756
1.97948146547125,26.8238638581788,100,0.0671344265368405
1.50258940248549,6.11795120887627,43,0.00208233902548166
4.50042006429365,26.9632423762516,100,0.0322985180248364
13.5765594136559,8.71386148003049,73,0.00178844195583793
5.62513523921106,18.765744732722,79,0.00811878737719814
-0.332113575735913,26.729884398076,100,0.0885641118689224
0.203018569074377,28.6650789388029,99,0.100116331192924
-0.206404898791523,26.6720917741297,100,0.0880462557163691
5.77332890322717,20.6687502926559,90,0.0105302869490046
1.21794619055782,27.780265298935,100,0.0877889970228767
5.54948296891151,5.98679027468043,65,0.00193539973809377
5.38035109631943,20.2447818565057,83,0.0103993833291415
5.95450996391589,20.2420376502892,86,0.00970785485245998
5.19572316258841,18.4789944129238,83,0.00805003957092215
3.46512309842536,18.2245058638284,50,0.0090273368491193
1.58373815778856,19.0022787856201,54,0.0114560206826315
-0.833792188629978,6.51173180183461,38,0.00216826834050086
-1.41254447462758,30.5572863061275,100,0.0521785307575136
0.605304845575497,6.38977321070105,42,0.00214366362939831
-0.0586185339715115,26.1942743496548,100,0.0788444775953507
5.53818820700979,20.6591687326709,90,0.0108175588554099
-1.1361698680768,8.40323293741349,37,0.00260074130239991
0.0628451278232944,29.2062541579706,100,0.0853677608625112
-0.557309462730812,6.00879639456582,40,0.00207150546870904
0.873077641220883,27.3892585371971,98,0.0981737034092979
-0.766274410575277,29.528970186651,100,0.0753607068914792
-1.04834588211618,30.32981120113,100,0.0585004219303539
-0.0811685045288716,28.75586427237,99,0.098932043392015
5.4273612583452,20.0782526733579,91,0.00999679343533626
5.47652261939132,19.0924386592385,86,0.00859216495866804
5.80704525939642,20.0835486403311,90,0.00960474629194449
5.30335528884307,19.8546757464096,83,0.00985886244313837
-1.34361364988309,29.7439666700561,100,0.0655695855376005
-0.670854451775517,7.18170151867407,16,0.00232237229771712
5.48547464358848,19.1160392229066,82,0.00864529188190466
3.32314434630332,29.2764656490502,100,0.0435783698786082
0.979948922769263,28.6404649989316,100,0.0871953756495
0.304167290427138,27.9147786268108,99,0.106423911405401
-2.69566569818741,31.2855511733316,100,0.0346098009162956
5.64876060815368,21.0437636172932,93,0.0112882841417618
4.99375819997727,18.4012454808208,84,0.0080821118633615
-0.602439145126722,23.1699079807103,100,0.0309861440342463
-3.04337338742591,23.1135522867809,100,0.0239787337850063
-0.116703143165058,8.72505424452495,38,0.00269608590630494
0.0905774945234639,27.1417828553512,99,0.10176235338303
2.72311651460257,18.2555881592754,51,0.00946209598982377
2.37878260690485,25.9908787108587,100,0.052471837616103
-0.53434119976455,5.93946501164508,36,0.0020603664576406
-1.42905607095849,18.4340171901509,57,0.0102547641102306
4.0345746456124,24.0348008392276,100,0.0244975570870104
5.49632317587727,18.9061732733261,82,0.00836794086577711
0.249742150888559,28.6263674605926,99,0.100514658536986
7.89803574825481,23.5611358016337,100,0.0110167552561997
1.61647590811207,28.696961991897,100,0.0756862890281483
4.72013570136402,30.0176691608676,100,0.0271511252382029
4.91406510140906,21.0742322785576,87,0.0125293732271257
5.86340609799429,20.7783033821217,87,0.0106215224072906
-0.253840279918888,27.0179121784324,95,0.103341767399461
3.67542967428136,23.9528728944783,100,0.0258497567482052
0.0193749879758278,28.6757014947917,97,0.102409387442607
0.0228234806717924,28.807822592501,96,0.101035129701873
0.230030824058008,29.1309222886818,100,0.0864601796730955
2.35367158938255,29.3574759625386,100,0.0565626705629917
3.78062067742042,18.7038442759086,49,0.00961983272690349
2.65419513648602,18.8271420889406,85,0.010197775634895
1.04309880601315,25.6092303565921,100,0.0622642386037005
1.61647590811207,28.696961991897,100,0.0756862890281483
5.41414317064665,18.3034288344834,57,0.00785758167974992
1.77511740212745,18.2995690851255,49,0.00996239084246265
-0.569066122475404,7.28519066206249,15,0.00234687537026032
5.2406573529722,18.3835954567152,83,0.00790569110202868
4.51134221043,24.0673084514181,100,0.0223978748425805
0.495125095813269,28.3545268590295,99,0.102150419866403
-1.42876839452034,26.5668514571883,100,0.073433247446499
2.15369937028642,27.2005015786387,100,0.0667735460337585
2.22424246286071,29.0507697704873,100,0.0614883411644673
5.47464405169574,20.2468167420692,81,0.0103143712626897
-0.227731326573266,27.3998910668921,98,0.105644585094097
0.0977058275701729,27.1378873122744,99,0.101690302271408
3.03989179919544,26.6906336238719,100,0.0487513523121246
-0.441458231526908,27.0498235756431,98,0.0994601788780677
5.74095815627332,32.3980735401501,100,0.0157623050429037
5.38436161654599,18.576125381672,60,0.0081896309218574
2.27859868943847,6.34464334056534,65,0.00210279840693855
1.36135607930998,28.7377288171895,100,0.0798560645121634
-0.492330759985691,7.80039074388464,41,0.00245289887003151
-0.347558938089673,18.6686164764787,45,0.0111078964267175
-1.40174642688031,26.1639500845731,100,0.0678119117359143
-1.2197516936235,6.52708657945859,15,0.00217848447291536
5.84363343892803,18.8196376726577,86,0.0079745104207144
1.81013704031942,27.6669404179075,100,0.075669599620541
0.206053170940163,18.2679282174259,84,0.00986436425301222
6.97558775290165,29.4566354714325,100,0.0163652394821888
-0.150834915613279,25.9014643612304,100,0.0726508962862977
-0.501699054029137,27.5186445526096,98,0.104492436257109
1.24879204605507,26.8493611166308,100,0.080100145269922
13.9889390597555,8.39441563567448,71,0.00171630064620876
5.42970836396314,19.547564758411,83,0.00927645003158036
-0.846266673901063,27.3440285811291,98,0.0981867793680529
3.02287276946979,18.2046203648376,84,0.0089534347458311
3.24957373065599,18.1625413663404,50,0.00904769382240831
2.55307186072413,26.0921074033035,100,0.0511535350735176
-0.975201646859033,7.44689926526836,15,0.00238040175599422
0.306033386584562,27.9289101150316,96,0.109899333557147
0.875317331537578,28.7714657775648,100,0.0869890547490874
5.31449381555792,21.1515064383135,91,0.012009803064356
0.877962813732461,25.8372223625476,100,0.0677119178047304
5.46105731827784,18.971486108806,85,0.00845653118977008
2.21111815620813,26.8241510158113,100,0.063029493980769
5.37417180425715,18.1632509672185,60,0.00770216459115998
-0.257654624303016,6.03327851773233,16,0.00208756455177519
4.37705772550438,28.3368779513235,100,0.0341461601063246
1.64714038668124,25.9244588269543,100,0.06110536052111
1.37427174673415,27.6803755255156,100,0.0845856717281353
0.249862607101393,27.0273888997392,99,0.099416110233194
0.159237743651206,6.29090303273554,11,0.00213992722836042
-0.0249789354873868,6.16156031738068,29,0.00210669332237474
12.7351902936213,8.85168497745479,72,0.00188093991640245
3.04921765198214,18.32259216507,49,0.0094264522370975
5.31683853197015,21.204293270787,99,0.0119926141912664
1.61975636001513,26.533353888579,100,0.069989385071336
0.427951100170939,34.1344537667096,100,0.0202275983790495
4.16816669622523,26.6905550194396,100,0.0349099760733867
0.155959521061676,27.760696590596,99,0.107118776499617
-0.0705176226644535,18.5988921042541,50,0.010905484242875
-0.862539103696938,29.4952443277558,100,0.0751035055304928
1.64427357397941,32.7174466103937,100,0.0276339129982151
0.162930924761216,27.1928434355067,97,0.104446334962067
5.2873686667038,20.3245989598315,83,0.0106430349680378
-0.350750757972609,26.5218034773042,100,0.0846159351194835
0.968087548511602,25.5157042994272,100,0.0612005916130364
1.18681578135236,6.34148537145583,22,0.00213853796025916
0.86815906050147,27.9935402094855,91,0.107849216098852
-3.1059916632189,18.686563018608,44,0.0100884958725831
2.49136076959231,31.731919074933,100,0.0321646130132075
0.419107188150086,27.8135450152508,100,0.104395845538053
0.23139393148336,28.4582550755782,99,0.102976269396728
-0.797270415702304,8.68342563752152,37,0.00268078517440253
0.238752163525654,26.4853165705679,100,0.0843799526822856
-0.0569492403742391,27.7171054759792,97,0.109588839880992
-2.11026638695178,18.4105367273172,50,0.0100331156625822
3.83919695605142,27.3344899953956,100,0.0401318018810157
2.01091579252108,30.8606757040515,100,0.0435892764805525
0.934661859867153,27.5704680863755,96,0.100410290187502
10.5804638595826,8.68992094452035,62,0.00205513293965446
-0.582897015630853,8.09290723997151,38,0.00252635250074678
-3.66009817056213,25.871814307895,100,0.0366903589047496
14.0683736519669,8.6484892575708,73,0.00173837532892173
1.38513019585291,18.3594469818291,48,0.0102141315443415
-1.01763790716481,8.06916534820808,34,0.00251849432358453
5.50209874172818,20.1733034574183,87,0.01010321508897
4.26368305687071,18.637090910547,85,0.00887588344069812
1.55118008710517,28.5422645912819,100,0.0783026495415496
-1.1384183559252,7.47232606782492,37,0.00237189043390695
-1.24960094747304,32.7110583015499,100,0.0285850830717554
-0.109292492828893,27.074676845052,99,0.100688510316223
3.27675729333497,18.7833128057227,98,0.00962956753357931
1.78662671020477,31.1355712786568,100,0.0419915622066291
-0.337772102575323,6.64825996002692,31,0.00220213177171816
-0.553905411314787,7.61849363538773,30,0.00241559652195001
-0.130362565974664,28.7115737065292,99,0.0995909895212562
-0.838565939054829,7.9846258498329,40,0.00249573345446862
1.67123539737554,28.6908480214332,100,0.0747256582322594
-0.285045658833769,6.3978556510057,12,0.00216048545417183
-1.05413111960703,33.3162300620557,100,0.0245283473104786
4.47392441738205,5.82582221332841,34,0.00196125943921314
8.52496174940573,8.78531059356962,73,0.00224836878397528
-1.07427897350832,8.61771804476007,35,0.00266050812733859
6.73224331169938,31.0510762905551,100,0.0152907109816491
-0.529889721858773,5.9795021050757,45,0.00206401735251735
3.9282100868557,18.3055689372815,84,0.00861752472922816
-1.01596787170308,29.6796574422361,100,0.0702254680268319
3.06643693355549,8.23093472918814,62,0.00248847367630264
0.893807171123879,27.5414093366487,97,0.0999782027596489
1.44985922807206,26.8938759830454,100,0.0772864617169559
5.74474624881174,20.3382402346104,81,0.0101421348066853
-1.16263535031526,7.7225580539388,35,0.00243120267373637
-0.896916684779969,7.76611696805515,38,0.00244308074600699