-0.654529971211032,29.5087907605363,100,0.0766644995494
-0.843885918937484,7.9051045706429,41,0.00247549069005451
2.28786370063221,24.5616970238257,100,0.038428613750223
4.76424475260844,18.43426190985,59,0.00844831033077226
2.71803199922316,18.4688095724696,60,0.00975549152047241
4.31452181066282,19.0152653453573,85,0.00941023329517472
-0.218035972491725,6.24143014611729,38,0.00211790578736839
-1.0197374227439,6.52845818082722,15,0.00218089064384437
2.36747475830518,8.8836074611316,72,0.00267482443522027
9.9199284482341,8.8980968432916,73,0.00214497169608872
3.21047919473527,6.10628962947525,42,0.00204630435722607
-0.797591199984015,6.04533803412645,33,0.00207999431308033
8.91616651811151,8.50877952813152,73,0.00216348791234721
9.88103169209566,8.81902777882487,73,0.00213473840316314
0.314643617614658,6.07474288820524,36,0.0020865880969376
4.30395718127627,25.6822284348682,100,0.0301448880874693
1.13005231627656,27.0830727680432,100,0.0848640266503366
2.17921473979292,6.66227552176274,31,0.0021827108295871
2.19716665249252,21.3054786857875,100,0.0173290727558423
-0.766290219141254,6.22525882023982,36,0.00211325482576406
3.95619938501587,18.2157662349747,57,0.00867396004025729
11.7187630487172,8.27773866008527,71,0.00189091762879792
0.450710216940224,28.1531443764181,99,0.104282351197169
-0.601617651812663,29.0464405798369,100,0.0857070304854222
5.88882510105993,20.2213356748349,83,0.00978020606863267
-0.624362608558439,6.49206963229072,12,0.00217802245292863
-0.608866576426137,26.3092194307061,100,0.0788614103786879
-1.21162467709437,8.03564527502,38,0.0025048652475112
12.5114116934565,8.53043712199227,73,0.0018572992469552
-0.702177677549003,8.81378792118003,40,0.00271592026004533
5.62563708317149,18.7625554952741,85,0.00807527610076257
3.94845952734338,22.4842141936052,100,0.0183811049356913
-1.09443315311981,24.4060860710377,100,0.0434087252077288
0.363245212013816,27.0477664036597,100,0.0980903815979123
5.05507822907027,20.5696614514468,91,0.0112711778952573
2.51903937323834,28.8431293922635,100,0.0581034753535258
-0.723018715394426,18.7554706357516,68,0.0109722855443098
4.82213757203766,18.4894646313987,50,0.00854816986906047
3.00369183138178,30.7584574349141,100,0.0366071631064276
1.15401601699011,25.093746239605,100,0.0529331552787415
5.88525553179921,19.9249159384516,86,0.00933511528581823
0.243656430365743,27.6784550735517,98,0.107598877693219
-2.86451059602271,18.3049639756843,50,0.00948507866474367
4.09709394989047,25.3320721824487,100,0.0302262307370315
-1.10850635753117,6.30617731599012,17,0.00213469803358532
-0.990588873754206,6.43591612376551,15,0.00216250541481477
-0.00429275098765647,18.4151620246175,51,0.0105009667416719
5.38760481489843,19.0744662179847,87,0.0086329987783723
4.14656598972762,28.0598500470023,100,0.0368535104549352
-2.33622061565649,18.2083814313708,43,0.00963052273911162
7.16337768045632,6.49740858249128,39,0.00195111256686639
6.09569755010863,28.6176350691323,100,0.0209948764244146
0.852563144053816,32.0328358330744,100,0.0356759199613278
2.33078705501618,18.4377760863561,49,0.00999648518701453
-0.855579955641653,6.28870433151315,36,0.00212491468550393
5.25401406913978,24.4931698174078,100,0.0204710251788291
1.9986256602842,29.0240733198541,100,0.0655836801898684
3.19620798290093,31.5902497482602,100,0.0293924946355189
3.42245260094203,26.6950544787401,100,0.0435271615861839
5.80208908371299,6.69964437784572,35,0.00205812902438032
0.186098134760456,27.6136494890696,97,0.108731918091169
4.87441189322925,18.2701743438836,59,0.00815997797649224
2.69841677933432,6.30671338271601,13,0.00210934913163597
1.74671133046232,18.379418380565,50,0.0101156357510443
4.88534735024817,18.3191978174182,98,0.00796063581487653
-0.567867814477663,6.46697707922987,11,0.00217373452179897
5.19955499805637,21.0149107382788,87,0.0119748233945836
1.62057876211595,24.7228835288275,100,0.0446896810721605
0.352175873551242,26.2653764092296,100,0.0795431366225973
-0.836193711025877,25.5454336225697,100,0.0626442404972562
4.0859657336107,19.1195231958722,92,0.0096886405661079
5.4369829966927,20.3872789997611,87,0.0105238993097012
2.52967328743211,25.9327061350187,100,0.0499513637314405
2.25787311194312,26.7711429574854,100,0.0617768505946728
6.77710412697078,29.7634541769082,100,0.0168212609913725
5.65858902874075,18.70568506537,85,0.00798436735666431
0.809912815274961,28.9658634810525,100,0.0849101056903311
5.31314208448758,19.1911923773731,87,0.00884954725975418
-0.0834850750441918,18.1562326008726,50,0.00999050342236516
3.00145033651417,27.2692833417984,100,0.0519207786071786
0.931361161193443,18.570107681677,50,0.0107418891600266
-0.699311117653591,29.941547139778,100,0.0679452537366678
-1.23887486612867,7.50054964909818,38,0.00237646341256399
0.957392594227763,30.7752818811027,100,0.0517886092558209
0.728931778964629,6.68697814917561,13,0.00221689415436011
3.07891295522072,28.3037045310096,100,0.0510816968158314
4.52064053092615,18.5657929505547,86,0.00859531511381563
4.51438250171753,18.196390018608,60,0.00828569798922196
4.11349890028579,29.7678942127097,100,0.0328329378400705
-1.85300849564203,22.1690781281137,100,0.021864949446812
-1.91193171417114,18.7006469377273,50,0.0106982913382036
0.184742040754266,18.6815964300269,50,0.0110863629218763
2.74825938944549,19.0557571274541,92,0.0105052628453835
4.08605036051098,18.769444284502,58,0.00942884935894685
1.20722250051297,29.7657144737432,100,0.0667315059224019
2.05210170550664,27.533001805712,100,0.0703241856614352
7.09254358985308,30.4671516385487,100,0.0149262704598427
-3.7604992400043,18.6441608346489,35,0.00966213217687241
-0.682772756859312,6.48316640784026,34,0.00216549103552151
1.55282771101622,30.3118572808077,100,0.0545916497639634
5.00474786528829,20.4845441411272,81,0.0113040230038502
0.0475694864149718,27.2008228054666,100,0.101632129427016
-0.612159715720812,6.93759618105862,41,0.00225644785946792
1.61647590811207,28.696961991897,100,0.0756862890281483
-1.15827059336368,7.08809623910045,40,0.00228432585283217
-0.730880808967147,18.3141666740103,50,0.0102478215455391
7.28460902655641,34.1522794511928,100,0.00975193425442234
6.99489960782099,29.4650216137415,100,0.0162861808764137
2.96556956267145,18.4839480143483,90,0.00937830043486881
0.00653857711809136,28.9977555213303,100,0.08934378835182
3.26093311818558,24.9122977438999,100,0.0342103496105978
2.16059718030171,18.5330798122517,49,0.0102581279896412
3.75783538043416,19.0185032030447,56,0.0101197934810184
-1.19155870723685,24.0389074586129,100,0.0385638724659789
1.67371753040632,18.2006816349357,50,0.00980116990500762
-1.19708194620707,7.80012765195398,35,0.00244928712044106
3.62905502851053,25.3652838374629,100,0.0341287418964988
5.36301397290174,19.9946507345916,99,0.00985745345422379
5.65376531585948,20.0672233494527,81,0.00983161475222764
1.71606058403129,5.91746685306934,37,0.00204467676931454
-7.81875752114313,18.5785443993109,47,0.00654012278813189
-1.21414562893809,18.5006866069525,50,0.0105268665078623
-1.20352346357276,18.7393076300224,43,0.0111285406923493
4.48978632156873,18.6613155913502,82,0.00877980759973154
-2.08928789750769,29.7831680674767,100,0.0556794493862306
0.94136065103815,18.1712648395769,51,0.00992233822734438
3.12690934481697,28.8090540943986,100,0.0485981342145188
5.35702100671198,19.132638367786,87,0.00873460955979246
3.94463038885402,28.0419657582209,100,0.0392252661036195
1.16018907200875,26.0079175637074,100,0.0681114141348074
2.19094301045315,24.0699421824807,100,0.0343936455691499
5.73075077168799,19.2568515456849,81,0.00862977084570652
5.79839204443752,19.9932897576279,83,0.00954864285448232
5.41127716335383,18.4526362238532,58,0.00803182751459488
1.23283420348692,18.3417188807831,50,0.0101997018225962
1.45434364265114,26.8722296153066,100,0.0769571240442692
-5.94180519137166,18.156521694122,34,0.00747453850760683
5.42280233931072,19.3266177373446,90,0.00891682908102341
4.25091300118084,18.7306404498809,58,0.00924735482830537
3.85561317699721,29.8573744772823,100,0.0347810084603977
2.50621753379099,26.2793067819866,100,0.0535199377655322
-0.429659942072455,5.81784442772759,15,0.00204709669793311
-0.123239213927144,27.7176074783499,98,0.108262402669599
3.03376904228781,18.2341690215234,89,0.00895374034792906
5.5893417245316,18.896666484849,83,0.00827778640822493
4.4762107555759,29.2654733720474,100,0.0313387808037479
-1.01629075705097,22.40446867203,100,0.0245638963071863
-3.45650932492037,19.0279644912511,49,0.0104411230403484
3.16248550388938,18.1547525821671,47,0.00910596454380382
1.44240935016975,27.2091143460502,100,0.0806009148330163
0.539862384440096,29.3315011648874,100,0.0809445794715488
0.491016762774667,27.2692749479043,99,0.101086527912552
5.09149207166413,18.5831741955461,54,0.0084526053795296
1.78068284223632,23.44074260816,100,0.0306630036738707
0.172163271662606,28.5254593165244,99,0.10233494442516
0.961377109727041,29.0120283320228,100,0.0823074431122778
1.18331671732427,30.0596890439716,100,0.0619792376544287
5.25638167555214,18.5482287171831,82,0.00809961565209162
0.264915224851994,28.1241423532744,99,0.105928837524122
-0.126140312756888,5.81422968487514,15,0.00204713575862957
7.11707745868207,32.6093125952616,100,0.0120339803212366
5.22304719022098,18.2336867393085,82,0.00774767843893971
5.51482390595015,21.6540894460059,100,0.0126834425224939
1.5810002970944,5.83892558808051,37,0.00203217870778005
0.00630825136830082,27.6958960554084,99,0.10719978392518
4.30464524377028,30.6608194375553,100,0.0275720295864973
-0.503424701637339,26.9458652611815,100,0.0909724443049222
-1.03817079406732,7.05072270342612,39,0.00227813135126701
5.83434162246768,18.9473997978809,82,0.00815680553561419
5.49762824071091,20.4838522931976,93,0.0105428844243121
0.55744796623251,27.5516403800841,97,0.105179041970232
0.740705292145757,28.0248120211368,100,0.10023654297022
5.45900521032597,18.8734606840498,60,0.008511953943503
0.680366352004191,27.9420349047237,99,0.102349673437667
0.922453018154924,5.81505407090859,12,0.00204504812971569
5.5439041184052,19.7767371897976,90,0.00943440817511517
1.28606494358232,29.1347170655065,100,0.0758914339977299
0.83653526380223,6.43586066216585,33,0.00215541634158392
5.95092009033744,28.4844099985614,100,0.0218804993636484
0.0410813910713226,18.285327286331,51,0.0102353400742533
5.17564142930596,19.0338288833017,81,0.00879419484790698
5.17934845041832,18.1582795109024,60,0.007820197376693
9.64088049391591,8.86417301753962,71,0.0021652709318479
0.103639980883172,28.5630821429378,100,0.100965945308034
1.93011304809845,6.19367053591634,12,0.00210389133635394
2.31786925596322,18.5243476163721,49,0.0101676649923559
1.55659335389455,29.6889252214622,100,0.0638388945622166
-0.990650343698232,6.63196290104642,11,0.00220427251684155
16.6049622376916,8.65184261183254,70,0.00153226985760883
4.43900276641372,18.4795918710646,54,0.00877031519486768
2.63016608169352,32.543822824258,100,0.0258095186190668
4.37509147577451,26.0524854662773,100,0.0309463361358334
5.92185879501207,18.759737793389,82,0.00787360180756757
1.39923697862259,18.3262816347654,51,0.0101138603977348
5.83354422250718,20.5451598330877,91,0.0102505012217608
-1.66600225674274,31.4421910565203,100,0.0392159871365109
4.48077539865003,18.5498673890263,49,0.00888257798817323
0.444502675130947,27.7615342536822,97,0.107428428552894
-0.688295905860858,8.77621629582287,38,0.00270699937543134
4.66166549837782,18.3735932644456,83,0.00826805119104307
-1.03904718448104,18.2130996347704,57,0.00992386906690074
5.29081695202482,18.3837381786441,83,0.00787298020962794
5.19149776002849,18.6147812506673,86,0.00820011091755399
1.11449852443871,18.320594815348,60,0.0100840061679794
3.15504192627124,6.58914183398764,35,0.00214198228313765
2.9698827469608,30.9874859164685,100,0.0350943150827019
2.33530958642313,18.7054618943653,90,0.0100823866175961
5.51257458631923,19.2870021849804,86,0.0088178009577591
0.693303648105491,27.1283932081397,100,0.091585758530848
-0.739121324096785,7.95771155868691,38,0.00249129556337867
1.37208561127806,26.2557038817059,100,0.0696313294587385
7.04704051052564,28.008878436167,100,0.0167831477773179
4.97020861208297,18.3210642013839,82,0.00801161061924795
5.21576846135685,28.2833704706386,100,0.0268215605654781
1.54912888430851,28.5927783476723,100,0.0779061636557296
8.80075545371675,30.6463511062615,100,0.010514012838762
-1.5081545168217,18.8844593925189,49,0.0112792923823663
1.71617643541822,18.466770430582,50,0.0102984235620846
-1.03341011926455,18.6645798448003,50,0.0109233011543786
2.73823665533967,25.4428401547005,100,0.0430152350106082
0.794209796196052,18.4457354253512,41,0.0106063191742121
1.45764446985633,24.659243049145,100,0.0448863561846319
-0.481643553462878,29.0916356518996,100,0.0858600190378687
1.95187703198637,32.1016132422317,100,0.0315540776209311
-1.02759533357891,8.71902639424295,28,0.00269410246129897
-0.581408667498012,7.57830835600121,38,0.00240132833768758
0.975582537944886,18.2878740632711,43,0.0102247381666355
-0.733192808507245,7.8206914182819,39,0.00245723194467878
-0.608385909534884,8.84062458077609,41,0.0027236469367501
-1.23117080871886,7.84696348975618,34,0.00246070333058473
3.81737184904821,18.246678187896,84,0.0085974879175082
5.65285859674562,26.7876278058477,100,0.0232512478676078
-0.806447366705266,6.75174392253461,27,0.00222290389829026
-0.847863987632939,8.42520071744092,83,0.00257945141475145
-0.320365015338127,29.4964024451896,100,0.0788805036826507
5.56441536424127,19.4204776545185,83,0.00897584562746078
-0.601617651812663,29.0464405798369,100,0.0857070304854222
5.54793211466988,20.5215061023315,88,0.0105985889987287
-0.551142239712154,26.0611347002992,100,0.0743764192423721
-0.649957565296073,18.6162553836545,49,0.0109059452020967
6.39112116591029,22.2032943548545,100,0.0120831712685827
2.48387999260612,27.6023541610776,100,0.061966777816656
5.66342406952205,20.9451133665329,95,0.0110732012522031
2.58855388795453,18.2319221283855,50,0.00949439568544495
-0.800022926689559,6.64244654559775,36,0.00219597759455483
10.325774792048,26.4202953948947,100,0.00843177897719419
-1.13440283148714,8.51879151535539,53,0.00262042133755529
2.30132315339525,25.773258228835,100,0.0511332707166706
0.347329920268625,26.9669325742114,100,0.0968859287247369
-1.13993191566029,7.93855183531555,40,0.00248068920219626
8.29999609875567,26.2226223012954,100,0.0122735545597385
-0.250195657216766,18.8484579951592,37,0.0116422891462402
0.545678428864658,18.5988122162704,50,0.0108705985359435
5.43967541602741,19.8997598051493,90,0.00972042426894609
3.08461030399584,19.0091282872041,85,0.0102800673366863
-0.455516583151604,18.1996340525117,49,0.0100649143816817
0.122924930454962,6.09081362801604,22,0.00209613991729443
0.838336064491338,29.0502523886461,100,0.0832115123461867
11.1271801819787,30.498639575514,100,0.00710878384333118
2.71615180211124,30.4146011965007,100,0.0420200629736213
9.40796558592537,37.1418666160438,100,0.00541885219690988
2.73111947746842,24.7869254388543,100,0.0372975708725417
-1.79408666754959,30.3611930232374,100,0.0516274700430299
-0.828065879403642,7.58154367263625,40,0.00239892947754283
7.57096946940749,6.31759189354513,35,0.00190168599219591
0.0894201686494299,29.7390841817858,100,0.0744307314324286
-3.20199885220854,27.8483876459023,100,0.0496180360823006
0.587771182853576,27.7052056538242,98,0.104484251370719
-3.06045765381744,31.041803267293,100,0.0340328088262761
-1.62467410745816,29.4970544960137,100,0.0657182692474112
-0.930783204023899,7.21994697257496,34,0.00231894726410202
0.837166052101084,27.3231497083246,96,0.100086238344741
7.830598187944,25.7432070240607,100,0.0132091124270486
0.72081421512198,28.4328177922569,100,0.0975868798894517
3.17072037165953,6.32392184508559,45,0.00208633087669796
0.316618270733957,29.3238301913079,100,0.0823694080518672
0.230487432182296,18.6067438828393,86,0.0105042298906176
6.92889638569756,24.8885500918032,100,0.0149818423374426
4.99927254961912,18.2572459420338,80,0.00792830614030668
4.8721691947732,18.155362367742,60,0.00801005993425814
4.87249987734092,18.3678849306183,58,0.00829421470674415
0.627887941178011,27.0489844955943,100,0.0912825578874649
0.0641055533240724,18.338148324384,49,0.0103633060255811
3.02333371271239,18.4092613132442,49,0.00958944078426018
0.863848694193813,28.2902581817791,100,0.0967932886209904
1.05057465608064,30.0211953244441,100,0.063815669980809
-0.633630398200754,24.2721540642116,100,0.0431332048146704
-6.86447322787657,18.4527525625211,48,0.00707506043961699
-0.559250489069683,6.56111670660823,35,0.0021814588389069
5.86313791038155,20.2888603639771,89,0.0098504450980297
5.85170224376211,19.7471113799548,87,0.00911723023788631
3.40278842523837,29.6362242375683,100,0.0405999813803212
-0.214245378055737,29.2285280897173,100,0.0846282198444085
-4.62090179997381,18.9865866623616,33,0.00958652088923484
1.62519601216981,25.3607674696435,100,0.0532067615659667
0.421677849244225,27.4884737266051,100,0.102904333410108
-0.730811728128191,8.54176312403194,34,0.0026449630964338
0.70801366259802,18.534126484526,50,0.0107069532766544
5.81525070938552,27.016659386816,100,0.0225065803307396
-0.527268396602153,29.5091287406037,100,0.077552064477765
-7.7027502380076,18.5202135878813,43,0.00658813363567441
12.950013429639,8.41594340687564,72,0.00180530427924539
5.63179018905409,18.776765750345,86,0.00808109174754451
4.98331361814002,20.8652141091496,87,0.0119934659307744
4.10134829225062,27.8922416045352,100,0.0374209213929992
-1.6703849669719,18.2415493306233,51,0.00986878922583282
4.11454854543941,23.5540177942115,100,0.0220348591661459
1.92992660083692,18.3456543017188,52,0.00996294708792658
-0.920883605445893,8.33377300233958,37,0.00258551040257086
0.129086046311505,18.4891881101096,48,0.0106891349054764
4.63179042132348,18.4241573089055,84,0.00834634443781034
5.31782032109917,18.1670657420643,81,0.00761863285923494
1.78801665600808,18.8445003244068,49,0.0110742558093149
3.43776309360807,18.4433870867163,49,0.00940600259381498
0.711461799911157,27.9510542480199,99,0.101882324296826
-0.959883521028457,27.6399573207672,98,0.0983154578239816
5.10876899411025,18.9080719052756,87,0.00863113156706766
-0.791291878593819,8.29297842150366,37,0.00257636448652792
1.63442928489951,23.6783770400589,100,0.0332572118482243
12.0743182318229,8.54978214561771,72,0.00189817288963497
-0.980886184815089,6.13185597538504,35,0.00209411328990086
5.59499461577054,19.4061865503145,89,0.00888156086198561
5.84208701015188,20.0687755761255,88,0.00956448899636177
-0.783751846822172,8.67233168711391,38,0.00267716610937508
1.99266212093886,18.8212999959701,60,0.0108000526835048
10.3640017756575,8.22495283255729,72,0.00199562104883259
5.71973069648434,20.8427709949028,90,0.0108843339716392
3.72600481300833,25.8756800195987,100,0.0360665223736298
0.187078655104954,27.2272453873354,100,0.101647273205793
-0.767394331088762,18.2043125658522,48,0.0100456010407598
0.961377109727041,29.0120283320228,100,0.0823074431122778
-12.6930981567386,18.3307973763048,85,0.00382635984278358
2.66568757110021,24.7768233686593,100,0.0377066939317446
-1.13272547570115,6.69368464664211,37,0.00220288923998876
2.69286074160952,26.5735939812702,100,0.0531617405037723
2.18178253120181,26.2982984521286,100,0.0584660335633034
5.24620634677742,27.1308115959215,100,0.0263454624441407
0.195860652791116,27.7362613919804,100,0.105764369814844
-0.319427864305101,6.43575069207806,37,0.00215631356610864
3.54033065423054,24.7053472477538,100,0.0308693677369753
0.0359096487769864,27.4501709255405,98,0.106709193270767
1.45371876785798,18.3239374169504,50,0.0101036270515052
5.48915680997137,20.4950059242597,81,0.010707419452868
-1.02599820979733,8.53276551944939,34,0.00263891628668604
0.157782527972507,25.9585066277894,100,0.0738210403138043
3.51147210890349,29.9057986539841,100,0.0378620456762268
6.90347786040182,30.5580659703217,100,0.0154245055858894
5.72067469774851,33.4341550728248,100,0.0135713662890359
2.48877777270875,18.1785366665414,57,0.00938529362811741
5.74600752117073,18.4093394324838,81,0.00761290239196185
3.44706262243274,18.4015780244284,90,0.00898728042319637
1.94180035500547,26.0480555046234,100,0.058965006400267
-1.16963893512381,6.59294989746089,16,0.00219197761368093
0.306085073410764,28.3109905103141,99,0.104199582783494
5.52060016669843,19.3503809354272,83,0.00891959799286055
4.22478077631305,28.4752578413068,100,0.0355532855479961
2.62434100827335,18.4730484549942,49,0.00991805439901399
0.560073327737057,25.5489102854741,100,0.0642610283977564
0.497375326612569,5.91658456340241,36,0.00205627575051979
4.94049225593467,18.5568074363985,83,0.00832072396042368
5.8775152443043,20.2262389818817,89,0.00974285096923031
8.3091426239929,24.5735374577747,100,0.0111418364257497
3.39409652161518,18.967962558624,92,0.00992938229217398
2.18178253120181,26.2982984521286,100,0.0584660335633034
0.5471863788681,5.99311127817012,34,0.00207118548003173
2.47951180848681,27.5604568100093,100,0.0619599923941909
-0.61587539249104,18.2974881655584,89,0.00983810701126468
5.34215639265145,18.4734782316331,87,0.00791956093678665
2.59346419850451,29.1025854724427,100,0.0550418146407884
0.698323343554241,6.20144880762615,31,0.00211133033787629
-0.317921659193862,6.74418945423298,13,0.00223098892394987
3.3925601783152,27.1042464211382,100,0.0454886672888687
1.05057465608064,30.0211953244441,100,0.063815669980809
0.959162640385832,27.6478805361454,95,0.101352925523775
-0.413975368115646,8.52218341781212,34,0.00264220812623284
1.57723375970051,28.3508013359601,100,0.0791869665885877
2.85983441871174,25.5302386732837,100,0.0425293021221967
1.77438282455401,27.0488251192127,100,0.0729424106388023
0.944989775479506,28.1324415244786,98,0.0983520306522089
-0.862539103696938,29.4952443277558,100,0.0751035055304928
4.15241437182682,18.2227691164196,83,0.00837916847940256
-0.986597107444889,6.7855591643462,34,0.00222489943009386
0.821979003841111,29.5739046755156,100,0.0740198789003477
-0.596028125624258,29.8164342005099,100,0.0710275172200574
4.88787023802134,29.6545978858464,100,0.0270208756271366
-1.05666110838257,8.39771942521356,34,0.00260249943535868
0.794209796196052,18.4457354253512,41,0.0106063191742121
0.909030971876727,28.0623236035247,100,0.0973920964863292
-0.0045688069881239,27.7732070832722,98,0.108592136464196
0.123743750911014,26.1638825056136,100,0.07814135730023
2.41785201776057,18.5366802254994,49,0.0101425696111561
0.19157650757858,27.5755482517994,99,0.106164788514237
5.21892676578881,19.1360320883692,82,0.00889146736133531
5.58708972800716,18.6606113113123,83,0.0079956464123136
-0.699311117653591,29.941547139778,100,0.0679452537366678
3.3868063711457,29.5794069072454,100,0.0411123869104196
2.52483369863796,22.0111156124625,100,0.0198021013913113
1.22742140440212,6.10278460536038,34,0.00208664692914813
5.15158120334677,20.4575032197781,83,0.0110430071193967
3.9193418832048,6.22615986687731,35,0.00204985766454998
5.92934569010508,18.8126861064382,82,0.00792805190664959
-0.92683651700403,8.04538846403213,33,0.0025142821918824
9.20321178317292,8.45584089280728,72,0.00213051783631454
4.89240503611584,18.4936967250749,84,0.00826532250046146
-2.37945822964497,18.2739254727386,39,0.00976759569047191
5.57925295167442,19.3986499988828,82,0.00894099132470089
2.85860640899656,6.43581549290461,49,0.00211406986487009
2.43550011019893,27.3248481515334,100,0.0620333061781247
5.76317211124551,19.1604570478156,92,0.00840204081513508
0.833023133843995,27.3856772219284,100,0.0968890527398846
0.117887280645892,27.4770483592663,99,0.105680346428653
4.49273325252516,29.6974269597862,100,0.0298888878745467
0.374311655197634,27.12819983957,100,0.0992215978961162
-0.471354516080236,6.89237187091147,15,0.00226082491427862
-0.305605631500826,18.678421551428,50,0.0110719322713335
7.28238192626664,21.1170080521219,100,0.00922350163293798
0.89167084357283,28.1121155772534,98,0.0994132868712886
2.0330614449666,18.6201484067435,49,0.010489653425904
2.81566685731605,25.0138858858915,100,0.038555880031217
2.93193022543553,18.4578115598464,57,0.0096504974393608
6.5124234576281,32.8454496170647,100,0.0129609149090347
0.699073349272998,18.5384986655331,49,0.0107292533539415
-0.0575308427208439,5.8727371551691,36,0.00204918712786967
-0.73176831711775,7.09527397132462,34,0.00229325369761212
5.88810360309585,18.7200409972117,81,0.00785964524047972
5.68432121172044,18.7240745026679,91,0.00794911147653685
1.11678848310214,27.1234421191897,100,0.085524499737319
1.21979393424992,26.9399488035456,100,0.0817149223417474
0.0977058275701729,27.1378873122744,99,0.101690302271408
-2.73695174681002,30.3524731097571,100,0.042376170169189
5.25068456033656,19.105901054515,91,0.00875453026241934
-0.116145506216589,5.85507486873351,25,0.00205050135965398
3.28133775793181,27.7520480946384,100,0.0483556669300653
1.13005231627656,27.0830727680432,100,0.0848640266503366
-0.964962357263223,5.98279502253733,25,0.00207040057018735
3.46158909234035,26.7149352673813,100,0.0431079005413652
-0.673777280241978,6.49985296360359,32,0.00216983916698507
5.85438462737689,20.5388524782074,87,0.0102572396443324
1.34438564910777,18.7367056491348,50,0.010993188099686
5.60055787555544,19.4554424725409,83,0.00899081602931122
0.197134236230774,6.14307619668856,32,0.00210164250721145
0.780969482373501,27.7942389742232,97,0.102929349721041
3.17603174000242,26.2167242417144,100,0.044067237232624
2.95364551955477,18.6848397418566,48,0.0101387728608106
2.12612713110977,26.6805096560227,100,0.0632289879199269
2.67158502318985,18.4550040429503,86,0.00951333926741762
5.75269610751249,18.7734822927404,81,0.00802041834511858
-0.250195657216766,18.8484579951592,37,0.0116422891462402
0.950090613493739,29.3816560826089,100,0.0762465347582619
0.0303005466393435,27.7793751666736,98,0.108593912902153
0.974323482915765,29.8808505502712,100,0.0669830492367952
-1.91201696362281,18.5130024892646,50,0.0103149915664716
6.78312405540085,26.6248022020873,100,0.0174093071184385
1.98134384185529,31.0551796165488,100,0.0416181108373741
4.81126307612276,18.2646951167071,60,0.00818713533850035
0.498235374243428,27.2704312667965,100,0.100017118574463
-0.545425005828133,8.72508739063827,40,0.00269258250188306
2.67214144754055,18.8047684405613,49,0.0105306455257564
0.179223556376296,28.8120790169132,99,0.0976827313186038
5.4574139728308,18.8193198482826,89,0.00824126395170801
0.746048620054446,28.8160687855791,100,0.0879562040136217
2.17932789843732,29.7699032045902,100,0.0546642802532293
-0.462269407991819,5.81495277385974,35,0.00203809905615394
2.67048793609484,18.309868045376,47,0.00961897961579634
0.941567838296521,29.9042584765898,100,0.0668382546324604
3.40397137944152,25.2885907218644,100,0.0355789286833326
0.386836791453616,27.8505351465218,98,0.106943210901067
-2.32552858057629,18.2109380596327,42,0.00964903294056739
1.80704694698613,31.7803477655515,100,0.0350559136305132
1.81985099600407,28.9871985540895,100,0.0690576741610963
-0.163234962984107,18.6540839531489,37,0.0111857711597021
5.1696841312889,19.7437203948774,87,0.00978275535976643
4.17075540567958,25.1574552455624,100,0.0288961972952673
4.51192299768582,18.4919552186217,58,0.00870762576723021
-1.56761270155292,26.3513915722028,100,0.0683151613858656
-0.834935967877567,7.8616376154523,35,0.0024686357120169
-0.881439255085019,7.64181915494592,16,0.00242657933515935
5.06019776407325,18.2712991627452,92,0.00783247984089168
3.04566810679217,28.3130714971512,100,0.0515962599328456
1.18005696267078,26.397024498422,100,0.0744188868240501
8.54878499165188,30.2665827689506,100,0.011265267652944
1.76140189823629,28.2345602720742,100,0.0760866630282801
-0.364536686826566,18.3987203040847,51,0.0104522603453785
-0.881892969160079,6.99876515161545,15,0.00228091047953906
3.95875083417543,21.05387520903,96,0.013790656164636
4.81392161973879,27.7602358479786,100,0.0302251388901202
0.625586933150094,25.6046237563255,100,0.0649998252772337
-0.954509216915875,18.4058527378196,44,0.0104584617396733
-1.24099326873699,32.1517403490222,100,0.033501405491024
-0.463975602004864,7.14874052813348,54,0.00229608612909928
2.73502684672493,23.5207164158937,100,0.0276079276596553
1.95378937518519,5.99771982050875,33,0.00205747929670517
-0.810087948695779,8.60019334001132,40,0.00265572509675374
3.91548040636759,18.7736770887471,49,0.00964174092714433
4.53106249485752,25.1185546606993,100,0.0263478041799045
1.8845686753829,18.4176733405453,43,0.0102110136362236
1.9630382334613,24.4186459749518,100,0.0390534330075817
0.722386935362696,18.1689565278873,50,0.00996381942192907
0.982684209732153,18.1640114563241,81,0.00961512321138592
0.0122375393798509,18.1585591460472,49,0.0100056949210709
0.920609753526074,27.3603786005352,100,0.090914213421196
-0.658904641281939,8.51869059913723,61,0.00262075654310125
2.96814579431014,18.4620833033747,89,0.00934973033795476
1.92979376474502,18.4986116062557,89,0.00988300156932121
-6.84060493985892,18.2242601844653,51,0.00686501176943567
-0.967805245990017,6.32417465336106,34,0.00213182048873085
5.45063990589346,19.1114884489312,82,0.00866787327078618
5.30977000361497,20.0366579363613,90,0.0100685998288026
-1.18499103535387,6.79571158312989,29,0.00222736241766129
3.02317738995035,18.4986240251317,83,0.00943404236445107
5.91156779945148,19.1864880845089,82,0.00838230829291251
1.886257833296,18.933448228079,49,0.011227835842007
5.25514169860652,19.19186697964,44,0.00925279350173739
0.509563952859855,18.1602245707031,51,0.00996310924791797
3.28088310114588,18.282364943478,54,0.00918949060329744
-0.50708064048216,26.1777595216892,100,0.0769691221265796
-1.10158660168939,8.5166356989372,35,0.00263277031400705
5.15136004339213,18.2391612919848,87,0.00776869021128061
-0.573249461545371,5.9985439948196,41,0.00206907864833329
-1.18667526230085,6.326326944233,14,0.00213921362283232
5.22149697469779,19.6156745455176,87,0.0095370423632268
5.76659332630306,8.20161980183798,72,0.00233723988405139
2.39013459376926,5.9372208185835,42,0.00203468662767995
6.09364210828194,28.1680597069031,100,0.0212189816590666
5.32291937992307,19.5109535540322,83,0.0093229936940971
-0.175077583069654,6.01357184368396,34,0.00207618748230137
11.7576707188144,8.55186406814696,72,0.00192605617711532
-2.88944243810569,27.2819267613337,100,0.0538054539020662
0.225606040835768,27.2679307657769,100,0.102000131804192
-1.11432523580154,7.40683950532332,16,0.00236896627563535
4.9076527259919,18.6775601749722,56,0.00870125483607378
0.370417985392063,6.04725313332898,36,0.00208121722339928
2.49757351415873,31.5471604338194,100,0.0336418128662121
1.82918542547009,19.0199418875006,97,0.0108559484792148
-0.611916271005656,6.63305637155361,27,0.00219968260442181
-0.288325387111888,29.4404080715161,100,0.0801415831017254
3.67014291396639,29.39210679525,100,0.0388885419207893
0.378629314828812,28.0433980554872,98,0.106637737861749
3.20334088404904,18.2687357210156,82,0.0089783975436957
1.74793784813859,27.50573942456,100,0.0764370293502181
5.28879470192731,19.3564094265251,80,0.00915713848325464
6.13556142194367,20.5774290255593,100,0.00994036235024588
-0.397302598765415,18.8024686191119,50,0.0113481472464576
4.97825432729376,18.1723607341045,60,0.00796442670428574
2.29551774980741,29.8818408785547,100,0.0519392916352877
4.82089841780245,18.7736081309599,60,0.00887098625679254
1.82158464803274,18.2126129188529,50,0.00977372905051672
2.91473171695324,29.0290378169989,100,0.0506062050767132
0.386836791453616,27.8505351465218,98,0.106943210901067
2.70320306840383,23.5561722055252,100,0.0279783835462769
4.2168534397485,18.5585811265745,93,0.00873192869582978
-4.62488006909948,18.6630432515394,32,0.00908287808867654
5.73764001546202,20.5270308562011,87,0.0103829141386023
0.0560907593306631,22.9146522536001,100,0.029092741790525
3.77517036285028,18.3406693738474,49,0.00903390551235275
3.6636115286297,18.3928242554506,48,0.00919338475679672
-0.770973439707252,18.7066504522836,48,0.0110985534464686
-0.579051838599515,7.76232569973329,34,0.00244736640828091
5.26627368556723,20.9126374280803,83,0.0117346572508212
0.256246074794585,27.7048487931347,98,0.107629663028454
-1.16807446870715,29.4254458068438,100,0.0729280181567128
5.23113526085725,20.4170240486512,84,0.0108598781944452
5.75203940235109,20.8630474831236,88,0.0108978051709488
-1.75868766053335,31.1905000096022,100,0.0415317184480937
1.73672306652836,26.6169000925454,100,0.0691296249670431
3.89014104329412,6.01723298445278,36,0.00201290410612128
-0.699479758660173,6.56359333444625,31,0.00218302553899675
-0.450500172589441,26.5609898116905,100,0.0847846348311375
-0.333647765366318,18.5731025489552,47,0.0108717230949728
-1.35504142736447,26.4717664336213,100,0.0731648663407876
-0.0840493501566207,26.570872818476,100,0.0864072659867685
0.86622894053225,5.89226987391936,33,0.00205091682142839
1.55706048632051,27.9766196323071,100,0.0810454815484153
2.13703956792178,18.1601359788537,51,0.00955298935275745
-4.55659677154652,18.4859430076242,35,0.00884488552030444
-0.735035530477596,6.70574698984832,39,0.00220801252196026
-0.911917902072154,6.21139080419462,37,0.00210904442677243
0.0262999181255392,26.5292120660535,100,0.085645924584227
-1.40265207939802,26.7954696851192,100,0.0768976996234882
1.79038365529023,18.7695718124596,50,0.0108974215212875
2.87790104802309,29.2817916576055,100,0.0495017806540818
3.21453784955745,18.7838753430576,85,0.00979118096738631
3.76932368687838,18.2354208699324,60,0.00879004090772216
0.574215875941178,28.3631389324924,97,0.103277718035665
0.313319639818575,28.1266881892095,100,0.104497202315131
3.02615668028725,18.5287215199432,50,0.00978909911951798
4.73809396750807,18.7594047377121,89,0.00868856061790599
1.60367049737257,27.0056919052791,100,0.0757305287776201
1.66329211527834,6.6884823763617,42,0.00219224677254058
0.21507854784693,27.5546241894905,99,0.105917960162051
-3.62507119202032,18.5544927325502,45,0.00950953553906563
0.708867171900945,27.829722314066,100,0.100964353301041
-2.89716249619801,18.262263102638,47,0.00942197799016936
17.3359227280984,8.73609627072427,73,0.00148256611090024
-1.12867127141726,29.2390971639655,100,0.0764911906465168
-2.18822187006806,18.2227716856941,35,0.0097953453946395
2.6239233993859,31.1299987049846,100,0.0364023085795461
5.52060212320692,19.3918684812786,89,0.00892791539586174
-1.53016698087692,26.2956490469434,100,0.0680574305098175
2.83529116493141,18.4590243019186,50,0.00977121135955636
4.43093101196924,19.0603071650038,85,0.00939050956452106
0.500625465843624,6.19639419207765,43,0.00210607461312571
5.16028786667962,18.5291770136135,65,0.00825648668317276
3.94400739181816,5.83649763096265,35,0.0019800204692385
5.85907737035562,19.3691554034848,86,0.00862476289368248
5.87748131220873,18.6728558319538,83,0.00780200920814962
6.99489960782099,29.4650216137415,100,0.0162861808764137
1.03788521513084,6.74499766034662,42,0.00221202861854637
-0.093507739801076,18.3628348147571,44,0.0104679855092595
-0.942338330327951,6.78314574011509,15,0.00223426301139798
-1.37776052629235,18.8575648629776,50,0.011252984531157
2.86829562971547,27.2866472013688,100,0.05417625275224
5.53387151492283,29.2348340031912,100,0.0235785071644868
0.710189273951741,27.969151298047,99,0.101863962105875
3.98180971262712,18.2944365890941,83,0.00857784075724978
-1.49733903173543,14.6826734832232,100,0.00538162363764878
-1.04955799697162,26.5592892156876,100,0.0787548121428023
-0.361560218997204,29.0267576026631,100,0.0877950256045682
2.95831369752695,18.509079789395,58,0.00971671489048537
5.96733979231365,8.31763822767164,72,0.00234927990034115
-0.362531265953694,28.7901404200298,99,0.0971317689056446
3.43618929473934,18.5174859089295,85,0.0092153958419892
5.46367914938953,24.446568411976,100,0.0194504308254497
0.099140266013903,18.9845182090039,49,0.0118193609370405
0.297537635080895,26.9971472266287,100,0.0976927165237257
0.310355225459956,27.0747368603736,99,0.0998412436096342
7.44390889385023,6.71743578888127,43,0.00196977166043283
-3.69280422385843,18.2307611402774,45,0.00894583654103483
-0.785750458600146,18.3251482499606,50,0.0102611073437085
0.684302068397637,29.5694184180024,100,0.0752606427383729
0.932745298936627,18.5042406595301,50,0.0106017139431462
5.2653054890023,20.6038902339111,91,0.0110627416143278
-0.234042289403888,30.6157749504949,100,0.0570019419791194
5.32222187510296,20.4893001180593,83,0.0108846522002079
2.23376711997467,18.633788409118,50,0.0104127076541637
5.53998221508055,20.9640103930539,82,0.011446346534017
-0.76628811310471,6.78852871191263,25,0.00223190781063175
4.14983639875098,18.245411487654,60,0.00857734312416271
4.98147340419936,18.8590261129685,84,0.00868388318803784
0.712934647826999,27.9940172991399,99,0.101761421521543
0.503778960675477,28.51931834055,100,0.0991289939152823
4.36626356412095,28.5820636346717,100,0.0339157224310467
1.87275353756169,26.1291051750775,100,0.0609440891371392
-0.38542123095653,7.84254699052075,19,0.00247710259553025
-0.0343067928004427,27.220349056549,100,0.1019065417636
1.4776166725349,8.57340503615086,70,0.00261708330171794
0.00487814566649669,30.3930140780234,100,0.0613086004828521
-0.744857023946259,18.4147744490106,88,0.0100511156262079
4.94260595118796,18.6190818614163,81,0.00841412560996579
5.31776531900893,20.7229626857564,89,0.0112315923461848
0.683863000152527,19.0466296976842,41,0.0120241519120761
0.080833132364708,5.88355538119943,47,0.00204655516475037
5.09452385880615,20.6683580269821,91,0.0114034625148023
-0.348745161490393,6.74553714762544,35,0.00222027158529098
2.55348917490102,28.7646899805735,100,0.0580129301034957
4.52238963702533,18.180422070981,87,0.00807942647072419
2.17932789843732,29.7699032045902,100,0.0546642802532293
0.56858157381868,28.5732932397664,98,0.0996878686827627
2.26367375029661,18.772298844621,59,0.0105782054423342
3.29243579953988,18.7300834411053,87,0.00963214119414172
4.59779554629139,18.8019802354308,82,0.00890386047166256
-0.00870089093183202,29.167746781261,100,0.0861471374845542
3.12690934481697,28.8090540943986,100,0.0485981342145188
4.89510837095858,21.1180119942665,81,0.0127495480680871
-0.570856717211411,8.04636614854601,34,0.00251726887320828
2.55348917490102,28.7646899805735,100,0.0580129301034957
-0.680417350168619,25.4338026657712,100,0.0615142374587941
0.325375891358887,28.3588249419538,97,0.105770136804371
0.949733146636109,18.2560854798541,50,0.0100946978634996
-0.698198815762106,6.52023251811419,32,0.0021737859200432
-0.308023416643939,28.9185689457504,100,0.0899779670530929
3.85918975667143,27.5689792203323,100,0.040193314630861
0.77428159127737,19.0741395699309,69,0.011680391128838
5.89737103279218,25.7411321485573,100,0.0203356089602998
4.39620907791089,18.2840487673764,64,0.00844950237864891
0.805073596176959,26.8848625356731,100,0.0869380140308123
2.46401493766903,18.4529091483116,95,0.00952480924626479
-1.20918563119609,18.2171688351994,50,0.00996302157674551
0.121079047606955,5.97763101656758,31,0.00207078859680809
3.45072378553518,18.3441839756997,87,0.00892197798485018
5.42629989353232,29.8695843742153,100,0.0230525256862986
0.833023133843995,27.3856772219284,100,0.0968890527398846
5.71322126544588,20.1110943397651,91,0.00973647365196245
0.693303648105491,27.1283932081397,100,0.091585758530848
0.864529919429353,6.03041227565802,36,0.00207540672413012
-3.62155494547966,18.2679399153706,47,0.00902950962746027
0.559625857172668,28.4681502283152,100,0.0991814921036374
-0.0732486438521988,6.00825880447994,36,0.00207443501358822
2.16699765595964,24.980882247753,100,0.0436808732942207
2.25754998704178,23.058238422359,100,0.0262699447182696
-2.72631623035577,18.8368851854826,33,0.0107442887431713
0.746048620054446,28.8160687855791,100,0.0879562040136217
0.0449795140755448,18.5752410977243,45,0.0109131323400558
0.10264354117706,6.06197212111261,35,0.00208498641990589
5.65934546734291,18.3966048277161,81,0.00765647364206884
4.99840971571184,19.6478648963676,81,0.00985760097966585
-1.87658924180968,32.0745495121797,100,0.0320773963732442
-5.92704363924407,18.7664242590921,32,0.00820032121814092
-1.78870339696143,18.3722049607288,52,0.0100662190797589
4.31727730768837,18.404145399992,60,0.00869743390751775
0.897820080658304,31.0092162072023,100,0.0485039871522902
0.744182690536136,24.0819763118597,100,0.0404242773006159
4.97651859458726,18.7522629014084,85,0.00853678455576299
4.99565629210374,20.8478314490579,87,0.0119409512609742
-3.53529398040442,32.5920640672633,100,0.0223313779903942
3.95853502945414,27.5761849615881,100,0.0389829298462108
5.34282465202354,20.7056900515316,83,0.0112424466689017
5.2666133953603,19.0453774518609,85,0.00870643495439966
-0.319188109803417,26.2218990583526,100,0.07880030714557
2.76081156130189,19.083401332832,56,0.010968104374151
2.05036209116703,18.2225904982765,82,0.00941544517840645
3.44915029743757,18.3184782740254,83,0.00891568681379414
5.03304239835106,18.188570798667,84,0.00780074018862737
2.20477656301037,18.4464702816727,39,0.0101729556399812
-1.02068570953086,7.79435536745405,40,0.00244724661392834
-0.970927314713886,6.01277078564472,20,0.0020781417822237
-1.18675983812057,7.08459113321369,42,0.00228217568338655
3.27781388103432,30.1750611434871,100,0.0384632371297938
-0.743169820935155,18.7379081401114,47,0.0111871328729242
-5.49950317719147,18.357345869587,50,0.00790704739392416
5.89611819967681,19.5237388647499,82,0.00881997048018724
1.79542383499879,31.915813576282,100,0.0338247528411247
0.756096283174921,28.904939754773,100,0.0864902294373242
3.48182755357222,18.5468027259643,86,0.00922655744951039
4.34859771047431,18.6710546265082,94,0.00879733937387008
-1.08643865361239,6.17882797813827,17,0.00211011350432646
5.68166207226928,26.4123219533467,100,0.0225827252614082
5.03123591086826,18.1726025925102,57,0.00795014006592839
0.850223186539274,6.23627250795934,41,0.00211254402953549
-0.826674853045515,6.8927233426638,16,0.00225803514002688
8.35257325894936,24.5529538712502,100,0.0110361621925804
-1.31433517800614,28.9261140316012,100,0.0783549061700359
-0.560596029897847,6.182906774261,11,0.00211745427626333
1.92346877049821,26.3692469512251,100,0.0631841152983829
0.0909609477985883,27.7421786793055,99,0.107256451506857
-2.82848414562495,18.4402950729936,47,0.00976987585374593
-0.71776048254976,7.43785620264961,41,0.00236613243386874
-1.04332457879765,7.54875164037208,35,0.00239184932056515
3.50063885451776,28.579704728887,100,0.0441079107865564
2.54244844302619,18.4424083148212,85,0.00956211677525289
-1.16557234852345,7.54661113763469,17,0.00240013326085684
3.8834758882911,30.004750351802,100,0.0338100096294937
-2.1461968227802,18.7024884359976,50,0.0105943635741394
0.832772284222751,28.351455841967,100,0.0967602219252787
-1.00691903361237,18.2560338766999,51,0.0100730508597618
-0.952267458677556,26.6988200076583,100,0.0822434453163002
1.48035033045868,24.2910180413645,100,0.0402594453146062
-1.52440480274383,26.2169478896411,100,0.0669859996525299
-1.145763643444,8.45211421269175,40,0.00261145852870369
3.45383033880156,28.8013547097018,100,0.0440261613720852
5.47510578546332,19.0864431464276,97,0.00850522616935486
-0.964658462763626,6.59619241818706,16,0.00219474578895765
5.16339036805013,18.3874592809741,58,0.00812255038651328
0.47530853083896,27.4875991381506,99,0.103449818439289
-0.289605818374584,18.3308312053576,45,0.010382762353605
2.55690895907978,28.9068403104166,100,0.0570383228324734
-1.30804829293022,26.8335143134216,100,0.0789378021651497
4.70905701400409,18.1674003346258,60,0.00812699811686878
-0.83974572416905,28.9692049660139,100,0.0845039336078778
4.94421900276977,6.70899553162806,39,0.00209791573510801
5.24239460536263,21.0623233139875,96,0.0118752277008127
3.06850346190949,27.0033176326894,100,0.0498685042188856
-1.43519286885713,31.3715592990883,100,0.0411808189160518
1.54079372929638,18.4063186440526,45,0.0102911888851893
2.84039521023806,18.2146482330548,49,0.00935230640905514
1.63895167718023,28.7040720935561,100,0.0752019038320095
-1.97526930376108,29.8020261262363,100,0.0569172823290828
0.306357924701089,18.4383688689763,48,0.0105724701197356
2.0259118139938,18.201438502899,50,0.00967894909427696
2.51500545208822,18.4430558718205,60,0.00981081175927861
7.57254550795936,26.7811263174268,100,0.0146175147738544
-1.96039550034468,18.2561190044227,48,0.00982294935565234
0.455960584278162,27.6602346120126,100,0.10363444425635
5.66234233147645,18.557532397217,89,0.00778682677655517
0.584810725440252,6.61974204051051,36,0.0021927705895139
-1.21165527969158,6.8411934559689,36,0.00223308350909556
4.80898944315418,18.8778695802268,82,0.00885518037695212
0.461568757750575,18.6791860601112,56,0.0109861036094599
4.79454966883905,18.4942998393719,49,0.00858161408626194
-0.556409414811495,25.868252236449,100,0.0705090589828562
2.60502206912901,30.6343516274336,100,0.0410217507276962
5.90174095094968,19.1708496828528,58,0.00854303958256424
-0.129851430176836,5.99807763254186,41,0.00207032674436542
5.05670979860722,26.2657482829205,100,0.0263040950385047
5.94790828387186,19.5872576773708,86,0.00882321855626953
0.976037467975345,29.0811516320594,100,0.0810251701388186
-0.0045688069881239,27.7732070832722,98,0.108592136464196
3.44050430246959,27.8217848155222,100,0.0459989509165643
4.48118115114052,18.5132166433576,86,0.00854938733101212
-2.38853802416398,18.2440461661293,51,0.00959725599418922
0.118090507452293,27.1758704847506,100,0.10116674671787
11.2479957334688,24.168345186981,100,0.00666418542190792
5.64127363068078,18.7721942260877,79,0.00811453542411174
1.42339960730978,26.111382557337,100,0.066715357012339
1.81941310187764,28.5285074917682,100,0.0732251204621576
2.89742377653154,18.3434077700833,82,0.00925196783843349
2.44601754513171,6.24337661033388,34,0.00209373292229127
0.933847834575709,28.5175373023062,100,0.0892554033534629
5.70484254297895,21.0492465985522,94,0.0112045540096453
5.81392072021903,20.503822337587,91,0.0102109368819312
0.14813052495174,27.4828632240452,99,0.105640032299029
1.5504024847399,29.1891486930087,100,0.0710828011939593
5.69030842180855,20.6700685805082,87,0.010673099521127
2.38689174981206,28.0023674551747,100,0.0640279863515996
-4.91631626032928,27.5842791308838,100,0.029284402922805
4.50074044247513,24.9217295760389,100,0.0257742845560404
-1.09114220615804,6.2909733128577,35,0.00212373828021595
-3.86229353580729,18.8344524654595,37,0.0099008795252013
3.43275902543703,26.27354761968,100,0.0413127742935332
3.41189219004664,6.63337714459845,42,0.00213965992705965
1.89612512887201,18.7646242097579,90,0.0103901898466863
0.785127482433124,18.1583553117848,51,0.00992424682204199
6.55054955766818,6.20408477025618,35,0.00193669753646053
0.614362325537869,27.3354087175564,97,0.102512214098484
0.0475694864149718,27.2008228054666,100,0.101632129427016
-0.0459648497400404,6.37210323667835,11,0.00215616718147023
5.85837227359255,20.1283115101813,89,0.00962281980498342
-0.861761511955842,6.29940027080343,47,0.00212198717541398
6.01320581456008,27.8972425084954,100,0.0217103686072145
4.14181098841935,31.6879270042273,100,0.023981296035251
-0.630132867383476,8.08776521403808,40,0.00252341600855305
1.09668077235993,18.2150409138425,55,0.00993514499318035
-0.301340317221531,25.4353290817421,100,0.062984868575846
8.33213747018395,25.8228725884356,100,0.0119788540784289
3.70757546057063,18.3857883480602,92,0.00880039838587173
-3.30520828815337,18.6104619159301,79,0.00949647608673143
-3.8549195785741,18.2927414367309,51,0.00889541309775563
5.40518929377437,20.2382213591455,86,0.0103276530729968
5.46572634395579,5.89322004842577,38,0.00193360436247626
5.51893836538027,8.37983747454492,70,0.00239300538055336
4.97817233610245,20.1334361398825,88,0.0106154760947013
4.18183621948242,18.6060268420821,57,0.00911181272804553
2.695093006405,28.0780849623387,100,0.0581005200791755
2.83050426810726,30.9826227630322,100,0.0361587657357171
3.11505217701021,30.4179817783099,100,0.0382533515470014
-1.19066201895373,6.85400824660855,38,0.00223502502278918
4.48544197320861,28.3881135175368,100,0.0330057078208232
5.38386316615242,19.2007134002019,89,0.0087879925705562
-1.12533053781102,6.36159456366734,16,0.00214591381165043
4.88045272093693,18.4220067923857,79,0.00821565352839769
-0.0817301000673708,5.92418131544434,32,0.00206040260856385
-0.11414621766702,5.9758423333635,37,0.00206789103507787
5.12962519311539,18.3638827383602,59,0.0081093944984584
3.52910785943968,30.5289722754434,100,0.0339300263152745
-0.249639985167202,18.5757729483862,50,0.0108479707139273
5.60729281970105,20.9317668063554,90,0.0111906551928712
0.185965228560989,6.10612875786283,41,0.00209064945799535
5.49841501142515,18.5603927717935,60,0.00808804661122477
9.93750263669825,28.3091837114085,100,0.00918648055594602
-0.621537806025592,8.37188130635647,37,0.00259860236735645
10.2864497495025,8.86487359261725,70,0.00210715372289402
2.1706233460529,25.8675141299772,100,0.0537995049174758
2.67057206617829,6.10878155180908,42,0.00206014715322299
-0.0959528083603639,28.8559080887303,99,0.0970913378371602
3.34133309790328,18.2286264064136,54,0.00907007514472709
2.77726752074112,6.59418950316794,35,0.00215330928471057
0.87191372964942,27.7970615268193,100,0.0983733776671107
-2.9261189364627,18.9854724179324,50,0.0107247407767222
0.591271939048691,28.1944555590428,99,0.102441824415558
11.632085523508,8.12792935555822,72,0.0018768423722216
-1.1050002280215,6.45873685220633,12,0.00216736860360017
3.28118077804365,24.9093055584498,100,0.0340355558240643
5.89572680863122,20.2483825064664,83,0.0098119895983957
-0.85781855247646,8.02881681444257,37,0.00250839249280536
-1.0022868918104,8.1547046767147,33,0.00254095417001967
-1.17367613994376,7.72060136394072,34,0.00243117543229324
0.0475694864149718,27.2008228054666,100,0.101632129427016
1.66699640216677,18.4852290702557,56,0.0102891901998985
4.64486896186966,22.1732586224282,100,0.0156668865047127
4.57968993040349,18.2259586470232,83,0.00812921386258303
-1.07149641373562,7.77824379489806,34,0.00244632954330669
2.93186711343365,18.4999768694993,65,0.00964971414545902
1.32442499822828,18.4574306438274,59,0.0103106971651142
3.27748981252847,18.2580098315563,51,0.00917726821307341
1.34101160546387,18.5512929815894,52,0.0105736918686668
5.48996275988564,18.8885536830829,95,0.00826106862143785
5.74273440214851,18.8135865538202,79,0.00808800038535655
5.19317029588974,19.8020400609815,87,0.00985021244764739
2.22762404543178,25.2082536325919,100,0.0456587166076046
3.27781388103432,30.1750611434871,100,0.0384632371297938
5.09636555899919,20.261384161243,83,0.0107605924391449
1.75656188503092,29.5991028977773,100,0.0624738708900968
4.56875466774193,25.048495330488,100,0.0258491257315736
6.48237478940444,28.437453637568,100,0.0191372140325373
1.59801811650562,26.4783877493026,100,0.0696042901302965
0.129443704510918,18.245802168452,37,0.0103013857052251
-0.614451613032942,5.83965722929929,34,0.00204236489051385
1.29211255010976,18.5801088872048,91,0.0102239169869192
-0.501827785827536,6.39569739882611,36,0.00214812541339053
1.28789417627176,33.7043910241109,100,0.0218808159159311
12.8713633801381,8.51324172116351,72,0.00182442510527617
1.58619122662846,18.7521762890919,56,0.0108705143758329
2.05257430328969,18.7052834636862,56,0.0105769153410573
0.225364864273008,29.1074465461664,100,0.0869200104265885
1.7387265355691,28.181104417285,100,0.0767666741288179
-2.22526680817005,18.3997346315621,33,0.0101345035149732
4.53487797764547,18.1575597008432,89,0.00803035813911918
5.70925064473006,18.6791248194252,85,0.00791717343104928
-0.985351418299251,8.0698288637406,41,0.00251463704661355
-0.404026068514706,8.58450258644051,40,0.00265493765583112
5.83509046237974,19.4721643450742,81,0.00881633632760045
2.64533573649691,29.1061286127078,100,0.0542047744514763
5.81553805551179,18.9314345251722,87,0.00811933256255997
-0.185197067848538,6.35459935668719,32,0.00214283858921245
-0.00714307149539339,26.0754482763805,100,0.0763936807345534
0.578549399283066,27.5842119914695,98,0.104031625219792
0.552328483231848,27.5256227148637,98,0.103964122156344
0.794337213842549,27.3399353883486,98,0.0989733917127861
-0.218796159266007,6.31905007804494,12,0.00214493480799008
-0.260553776199259,18.3531219037864,50,0.0103763375882927
1.08637081366269,28.8365445197694,100,0.083108740794325
0.24386852679429,8.49947030723165,41,0.00263200537900787
0.0909609477985883,27.7421786793055,99,0.107256451506857
3.75843558047476,22.4731792983259,100,0.0188473025813256
-3.16224565548932,18.3213817147646,41,0.0094331068094055
4.88443951117227,18.4495375698261,82,0.00822782436698335
2.02883477848859,30.1960489636531,100,0.0513649641820296
0.47530853083896,27.4875991381506,99,0.103449818439289
3.09012596964474,18.7603805096415,85,0.00982555273791765
-0.498077730555137,7.77449705637391,15,0.0024622890999158
2.11352845548755,18.7454983907589,49,0.0107106895670356
2.22071019215073,28.6409722526825,100,0.0647645627280948
-0.343615464426591,18.5286437565058,53,0.0107047647745943
-3.45094613305146,25.7588962259097,100,0.0381244876037634
3.03751390008695,26.7931625697491,100,0.0493381995204996
5.48391175553595,18.278950787167,59,0.00777034144102193
-0.358948604721062,28.7393563645551,100,0.0970785199936626
0.514443006592872,30.6441143135155,100,0.0558345276265437
1.28507515910379,18.1661290244306,45,0.00989633463300673
-0.87369906835179,7.36266379508848,34,0.00235152582018743
-0.311936110773905,7.60637404588486,38,0.00240930341643184
5.49077483247925,18.9332875832549,86,0.00837816581457673
-1.29376230443424,18.7808402774766,49,0.0111199572852388
-0.824983179942617,25.2633389056935,100,0.0577011893314219
0.740813684337408,6.02953663842841,11,0.00208692941103655
4.64936898934706,18.3365855325664,86,0.00820771467572113
-0.931080200365421,7.9233999877634,38,0.00248086505336028
-0.75634810911892,6.58428163271139,11,0.00219644166230321
0.0606497930284239,18.3720279909939,50,0.0104221228160126
3.00308384426037,6.52497925019482,39,0.00213194453639147
-1.24703680546196,6.76353386627179,17,0.002225837348464
-0.407990525801883,6.58754786684654,31,0.00218944260384539
-0.54983473094077,27.7238426231008,98,0.10501780198506
4.26121204051539,18.5747591073085,52,0.00904997222874473
-2.76047001485425,18.2520490918605,35,0.00958242998475986
1.71537452658261,29.2778646245996,100,0.067338493339054
-0.385830353671163,6.80777526069141,35,0.00223314944928676
0.402937465352059,6.07217445184249,29,0.00208887515730989
1.66342574605288,29.3773407594133,100,0.0668156228038092
0.941286354328157,28.0518695723481,98,0.0987814200366574
-0.974631983018015,6.96672232845883,16,0.00227256406657642
-1.23418717040172,6.78601482362578,34,0.00222227577697063
-1.65039362603385,18.3335657164407,49,0.0100703620678021
-0.512791272319745,18.8300064988429,50,0.0113989917836493
0.793711221572619,28.4520862853596,100,0.0963383540331514
3.42886344424335,29.856148611134,100,0.0390049344928859
5.42987260160508,19.6428387253944,91,0.00934347456818086
4.97825432729376,18.1723607341045,60,0.00796442670428574
1.13685475832644,30.504099283676,100,0.0550110489974286
3.99752042360608,25.0753406343509,100,0.0297244120341709
5.14331615167566,19.6656783155493,83,0.0097255580905916
-1.20720342404367,7.08504009716865,12,0.00229774846750737
4.97109670683141,18.2273409724984,50,0.00810210393124997
1.97666902777925,18.3583981143934,58,0.00990961011216091
14.177780841849,8.74311578106387,72,0.00174030179084495
4.19613607945905,29.1483406955212,100,0.0342874418442367
0.710769250976719,6.45060299905663,34,0.00215879496438855
3.82493548278678,18.2064919488491,90,0.00849291452654338
4.95341999235644,18.9561601188755,90,0.00879215627509864
2.14167403449386,18.2126592141534,48,0.00967278917769776
3.14102250478422,29.4103323235967,100,0.0451126682365106
-6.57381031845991,28.8308916346667,100,0.0184992605754153
-0.367049457823788,29.5209721907021,100,0.0781833300849208
5.81816172563385,28.0545436077599,100,0.0228365905571208
3.73264976013085,18.8709060992532,83,0.00961911187199965
0.647392865951671,27.9922508215248,100,0.1016540902518
0.0977058275701729,27.1378873122744,99,0.101690302271408
1.44040051818642,25.77824631149,100,0.0612947960937931
1.547427346446,27.8856486965761,100,0.0813264183725941
3.24041201778621,18.6398349867855,87,0.00951153491179818
1.52676250284774,18.4751944427839,49,0.0103917939813605
-0.801299610393476,8.76754436856449,34,0.00270627108966037
5.10425360297512,18.773266223798,56,0.00868465701246692
2.59079184915424,24.4441410686978,100,0.0353485062836255
2.20267023793033,28.8802731755587,100,0.0633264359752582
-0.0488815873896179,29.0215716364213,100,0.0888907160141909
-1.02043071832336,6.45043966789393,38,0.00215440876835782
0.452099004596263,27.5114035275511,99,0.103866146204322
5.06478274440754,20.8179482265232,87,0.0117839867713637
-1.14480428816753,7.44463657101759,15,0.00237784363777547
2.52717953370312,26.3389331159141,100,0.0537488716472797
-0.108967074441409,28.6295747095625,100,0.0999678246853203
5.78103166008513,26.0160514271352,100,0.0214013463456082
5.88579086544735,19.7531279819522,89,0.00907564996731804
0.87775325817185,5.86972564033162,34,0.00204625364818161
0.700471754834456,27.6972674384575,98,0.102896047436805
4.06736235258044,18.1513228889932,49,0.00857435528500014
0.699009536011822,6.2689428036208,37,0.00212171547849582
4.23997093770912,27.2931257357018,100,0.0354596065244433
0.40176866525608,29.3168165463296,100,0.0820941664250557