-3.8968628491855,-3.12328389305867,100,0.00101509754775401
4.36652534853115,6.4599298546121,41,0.0020743297138078
-9.26416937096192,6.23327836075474,100,0.00177464060650265
5.71453614640378,-11.5028645913898,35,0.00063028282591372
-24.7089440289358,5.16372112067745,72,0.000881981923216774
0.185413753093357,6.06018704650871,98,0.00205752382645947
4.19040195444748,6.32931936026369,16,0.00206746599561886
7.92170701427506,-10.8837942646818,16,0.000638393579688036
-1.01233069661248,7.76159792348088,43,0.00243770889230719
-0.606159917841468,5.89393601519464,16,0.00206002633334389
-8.95257436482327,-11.0859944458228,41,0.000624205570314963
-5.19668273298237,-10.7442058845733,23,0.000657640923839432
1.67870116536143,6.24700000858088,15,0.0021168760069624
-0.683318712970487,6.12703437438246,23,0.00210064865517372
0.709568065802047,-11.0923305170581,13,0.000657858029912039
2.61050405097094,5.97679317223862,14,0.00204899323668576
11.1010757076285,0.923381190185725,100,0.00116443866189548
2.5653713349416,-11.2808970770479,34,0.000648092889167712
2.14402395716358,-11.3659001298881,50,0.000645466938184399
-0.437607029062413,8.1363855665991,26,0.00254606976383672
-0.218166012243564,-10.8634067235586,46,0.000664387140316013
-5.0797149964067,10.0540130782793,100,0.00283445359042798
0.855229999467239,0.230057764922803,100,0.00129179870541776
8.18708301329746,-10.7414396849518,50,0.000639756020736702
1.70383955199081,6.07663954749813,49,0.00206922509241852
-4.78866606112467,-11.4905880347544,33,0.000634639234474047
3.62333561610423,5.93069564434268,10,0.00201621784874766
-14.307947382619,-11.4111007856748,58,0.000570211649856251
4.65562335659813,-10.9878352639794,49,0.00065073403039684
-5.37787373072437,18.362615426079,82,0.00779749505591227
10.246348240183,-10.8289337743075,23,0.000623007206032656
-6.07406831878029,-11.6262441165044,31,0.000624938922836807
7.42287257968748,6.45842602207677,16,0.00193918595731486
-5.3314129753758,3.41605014068387,100,0.00157259392952731
-10.3378493063039,-11.1914107419489,95,0.000608871997982458
3.17732554119896,5.88403503178157,58,0.00200082534294836
8.10982413480196,5.87906699935872,18,0.00181262532777977
-9.57247464919202,-11.0801585903746,81,0.00061840415357516
-0.844095559002695,8.5054753047968,33,0.00263463678965555
-3.13178105071081,-10.8015625695071,93,0.00066014399200276
-0.75769842768423,5.85952462404133,74,0.00202860166155725
3.79431160723493,6.00858239064235,63,0.00200346093955344
1.09422676054902,8.34749091462365,86,0.00255437909062632
17.6886162799042,5.86752860017492,58,0.00124484742020097
-10.5300426620453,6.39649332034318,100,0.00171963732469024
-12.617070244591,-10.936003303579,42,0.000598975552802492
-21.8233226325322,-5.95873676073311,100,0.000613516146514497
3.74468172825447,-10.8026893994935,17,0.000661584484975456
0.651102742552835,6.08855343474269,51,0.00208127534073399
11.2662452110313,-10.8556341539482,34,0.000613412147301179
-0.15041275941597,8.12478236067976,34,0.00253902986087718
-25.1354458070344,-0.678924981389218,52,0.000688500196252017
0.920348067035003,6.41575201809978,26,0.00215398023483037
4.61411244007608,-10.8285577944951,44,0.000656387137027729
-8.97658000723925,-11.1791254618161,25,0.000621840354213663
10.0320162445459,-11.0606463112115,85,0.000615401561165945
7.21983286250218,-2.64241077488195,100,0.00100755724518792
9.15408732848585,-11.111457196695,42,0.000621979855913659
1.1775839911875,6.3706443701748,65,0.00212479687507949
3.68323797237155,6.64918780277386,43,0.00213347797546367
-15.0989222024151,-11.2816017705808,61,0.000565886062955274
2.77997793497681,6.49085899104308,41,0.00213027809189572
-19.35692845853,2.78071102432466,100,0.000986558728967371
6.42798220211322,-11.3903137204793,25,0.000630754017377207
18.1916449515557,6.28239507705619,81,0.00124133653974638
3.39991003580108,6.13515274563392,49,0.00204338903116594
4.94046345570235,5.96689124733953,51,0.00196166321296521
-13.0510008453081,14.3226637372747,100,0.00275086094395357
-24.7148352391482,2.08712928085654,85,0.000778495678870998
0.19742858351917,5.99167206215382,15,0.00208022255849284
6.29231817803759,6.58531207136684,32,0.00201467003424009
1.63643699070081,-11.4723369148376,23,0.000643911327463479
15.4712145391604,-10.9899068355162,40,0.000570232464786871
2.57565848147791,6.55800139531744,22,0.00215720497069364
0.76393808900036,5.86435644648347,12,0.0020552986281303
-7.19675751857539,-8.82247683939712,100,0.000710535564043262
-4.2212181327014,-11.2126192724182,96,0.000643051322975205
4.81575766451297,0.177669330472211,100,0.00125082496275171
-1.12363804760614,7.12923035742172,25,0.00230160397872787
0.145767914805731,5.76781050473854,100,0.00200786404961792
9.44799405277094,5.87203486875086,68,0.00172268093683103
-19.4252760244674,0.518196442721506,100,0.000881147209669355
-21.1308163367109,12.0859967403397,100,0.00141789555588201
2.52973056767173,6.36950172953099,39,0.00211373961725015
-17.0935065884332,6.82937231986666,100,0.00134331280922677
-1.72054695955384,-10.7755691157954,16,0.000667439128350407
3.83886037746454,6.2921110090552,20,0.00207097225455991
2.56080659730813,-11.4746678174836,16,0.000642519894944764
-0.894026932812564,6.10084438591348,30,0.00209111001095322
-13.4220793181175,-0.329721912497112,100,0.00101545181793097
4.79343511535777,-10.7357102875802,85,0.000656986080017207
-24.8046088259159,1.08494034034115,79,0.00074569012620594
-4.08640993015029,-11.2687208528522,83,0.000642238792837955
4.1112153981443,-11.6887893253432,46,0.000630275573501724
-8.72056851833511,-10.895811097995,33,0.000631968241274465
-2.47697301218424,-11.0255664264008,19,0.000657410424541736
1.55082729656618,-5.21682948004599,100,0.000903779589336886
11.7066369116381,-11.0428984499267,37,0.000604164625316129
-24.6538065287162,6.46937171837353,60,0.000932554816148308
1.62465359576514,6.5890722707637,30,0.0021784335832045
14.6888349572668,-11.6950826283052,53,0.000559701953021936
12.2031844261399,-11.0600124270377,49,0.000598952215589785
-0.891489262957712,7.54264816176888,37,0.00239096737458008
14.3762414593984,-1.33320937755709,100,0.000935547385167695
-2.28266868624301,-11.1752399038377,18,0.000652844636341211
-1.19958330067974,6.6070383125643,19,0.00219307427109183
8.11598213911175,6.28857439554976,47,0.00186271810636183
1.69000303941868,5.81856054584635,11,0.00203775287364575
1.08707667492383,6.80728133568487,56,0.00221753222762768
16.3441929081931,-11.4665285992726,44,0.000549720368155262
2.0032176010576,5.94830086596223,36,0.0020462845150817
3.47928244039195,6.12944203271968,66,0.00203302748771417
-9.38653751697726,-0.430627618490858,100,0.00111304332972187
3.99917779743473,5.91312948447153,52,0.00198486031096808
-2.76800350440699,13.0660200074231,100,0.0042290226806248
0.664821484241659,6.32312836176641,12,0.0021439303737045
-1.05056264694315,-11.1949085937639,71,0.000651683552250469
-6.12380301301306,-11.2199122952164,25,0.000637658275365061
-1.03469411570085,7.51963603990982,39,0.0023829252670554
6.92554361124271,6.1362431580392,27,0.00191007570699782
8.89818027379966,-10.9072799094256,37,0.000630208508174623
-0.520543716018366,7.76899009403431,70,0.00242794878900674
-6.06614278149238,-11.1561146581854,96,0.000637083595704004
-13.9480201358554,-2.39332265863986,100,0.000893027319797241
2.44667737538535,6.57320459835917,41,0.00215439469191743
-5.13920324134604,-10.7981675005448,43,0.000655238490398944
11.5037805295994,-11.2895290824347,63,0.000597971553444838
0.736979046491124,-11.0180734806009,12,0.000660395190707962
-24.0953136789418,-10.956905602383,97,0.000476636871587617
7.31357562168513,-3.94008288093049,100,0.000930480753641064
4.8180815609288,6.3892130670454,36,0.00204598277379686
-7.8585257300355,-11.3270084091882,52,0.000623606275988392
12.2395555929907,5.29719585776487,100,0.00149511780250831
-1.46086668810113,-11.1838302079486,18,0.000653871573539579
0.682317430197903,6.70811906570948,13,0.00222162533126328
-5.78469764399643,-10.9050590060685,76,0.00064733745650899
-7.89326363462621,-11.2106396102918,32,0.000627740063548081
3.51630063250496,-10.8077280858752,23,0.000661877263249633
-0.725267588689264,6.43294091875182,10,0.00216638329413481
-8.30511210834113,-9.12550986107506,100,0.000691135040935852
-5.38269218916641,3.08264923858775,100,0.00153173903012319
4.30983793411877,5.82609186269412,53,0.00195954223472411
10.4218914714334,5.83063075414943,30,0.00167262013865966
11.2014713908186,-10.9133460940345,41,0.000612016768400049
-10.6370821988395,-11.1343581432655,33,0.000610498798588156
2.6468577373617,6.20688526539527,11,0.00209241024752452
-17.1128494372102,6.15835750574159,100,0.00129238115152303
24.5953819959234,1.81631635813868,45,0.000775992865314777
-1.03276170417402,8.13978259523579,18,0.00254645166068376
-0.669916257097242,6.66946092041054,87,0.0021779796696801
-9.27148983046083,6.99860948312126,100,0.00188284665003634
-2.56856195976437,-11.0173005104634,55,0.0006559359511472
-16.0532230733038,6.58365801609084,100,0.00138822892943513
4.40490133391622,5.9557363604591,29,0.00198785397510669
-6.97264952703025,-10.8473661895713,28,0.000644880577468459
1.46891619228908,6.19025138437192,26,0.0021039773906324
0.204450387901156,6.68837108714837,24,0.00221418719103593
-6.20872904062495,1.37197550210427,100,0.00133310186200405
-0.0241836343887719,6.12560467052222,40,0.0020949461275671
-7.23563533532609,13.7927360055317,100,0.003843520975085
-8.10351484287781,-10.9901662276074,28,0.000633392695049086
-10.0943071842461,-10.7609731496857,81,0.000623997291546425
12.6326257169709,-6.68524780299419,100,0.000733705990008437
-11.3747323055909,18.2548750391144,95,0.00430908736727098
1.34384931512235,6.17795700787105,52,0.00209173728723812
-0.853467523479875,6.16247106153562,15,0.00210985688850177
4.51060173784833,-11.0940792366223,35,0.0006483978016639
12.0104308487897,-11.0789593874571,39,0.000600459863203015
-16.9434962908435,0.187429974021991,100,0.000940890800065061
2.29145182602183,-10.8319950893623,41,0.000663386061207233
2.74553551632745,-1.4315305391652,100,0.00114219777148108
11.4891741560903,6.4111294291666,94,0.00166000125166636
1.2636112038358,6.02169618398806,8,0.00208219158916656
-1.90346995682629,-11.6080125226763,30,0.000638836496693951
-24.5279105521995,-4.68439373504814,89,0.000598573935242224
-2.77972890669319,-11.2149779160206,73,0.000648139231701935
4.31894498601622,5.96837712666233,17,0.00199779625147119
-1.45668237332077,-11.4005199861736,16,0.000646785185283151
-14.1081570281826,7.69478121202342,100,0.00162436024811552
1.47136893961955,6.37797955544079,17,0.00214455950809355
-14.6251932427317,-7.14729819450844,100,0.000689943175191054
-1.16531394766325,6.76695363476578,39,0.00221666727908511
-3.23286500953687,14.8234418205283,100,0.00525385340501107
18.4215689801201,5.84949155693015,78,0.0012010971977489
-7.80010427746371,-10.7950154140578,63,0.000640062108983166
3.68798078675356,-4.16326988280381,100,0.000953224180071515
0.490659385197661,8.86011701648704,29,0.00273909370889131
-1.13936039441932,6.72935845194541,37,0.00221016268755211
-20.9662053509195,2.86787452150039,100,0.000930967916499177
4.3809435814393,5.90112996253295,22,0.001982003749895
5.17977681108907,-11.2480946627964,58,0.00063976628004463
-9.58342033565393,-3.91830014914808,100,0.000899537940596903
-8.68152765264602,18.3789027411396,91,0.00570500898383893
9.87581030684204,-2.92616879792793,100,0.000947600615438414
-10.7816066819092,9.31678837699252,100,0.00212747592654363
7.58425581130182,5.97112265711264,16,0.0018546028880284
-6.38140046817184,-11.0119717512128,58,0.000641622212298861
-25.1416427800527,4.19016751640303,68,0.000833248152179293
1.30930502836563,6.02199933159903,60,0.00205944579000763
7.82422233853209,-10.9635469849437,33,0.000635815536092629
-2.027397491081,-10.9731665038449,15,0.000660230676559924
-6.87985618314451,-10.9543609452803,38,0.000641566873185505
1.77405039588387,6.34183835148143,42,0.00212164349828509
7.50855519769667,6.17840601677211,18,0.00188955724313036
-3.31285419358739,-11.0375069538785,17,0.000655012600595588
-1.23757917813821,7.47093791178121,14,0.00238324001616305
-2.34112288473568,-11.5031690116177,25,0.000641668041528739
15.0483721220218,-10.8917568689855,35,0.000577150960171218
-11.686731965708,-10.7349095478314,39,0.000613104569458801
17.4024730020189,-11.5429998607753,34,0.000537680414583822
-0.690694323486333,6.12588840501715,12,0.00210524816310077
0.118646044890868,-10.7803445789362,98,0.00066494366116865
15.0366418568708,6.23144637827275,74,0.00142399554711315
-3.18175545490865,-11.438298750627,53,0.000640706117431682
0.293245517799211,6.46996794462298,32,0.00216556464292938
7.23790038533028,-10.843370638457,45,0.000642741778743375
17.4169805864486,-1.60004781704915,100,0.000846582746506662
14.0102888769274,5.91400930227301,58,0.00146055776135943
0.837482007631548,6.03618930502757,9,0.0020884019335172
-3.21902692807958,9.47128973957874,100,0.00278976408486015
5.28857753750133,-11.1496732542786,55,0.000642582224638783
-1.09442305207593,6.72026598919609,31,0.00221170744749923
6.68691214181786,5.8217373435409,38,0.00186861651038026
20.5126163518532,5.90312166354885,83,0.00109633831267206
0.448288028259194,6.0845465158532,40,0.00208626211272629
1.35119236450912,6.26767036674236,25,0.00212085124877418
-2.22368183985069,-10.7937968166144,36,0.000665045151668289
3.06837926096662,6.32059769678685,38,0.00209154684041493
-15.0680524390341,18.6328460043165,78,0.00311613477418361
4.8453151837819,5.97434828174451,19,0.00197896783598635
0.0366629643051373,-10.7948809159748,30,0.000667468652268794
3.47877735425737,-10.7563826008043,31,0.00066338365190046
-0.694764719993694,8.62069299482123,54,0.00265264525174587
3.3364180912925,6.2167753621775,29,0.00206861448822544
-7.13505663974779,5.12521193859453,100,0.00173089195383139
6.52391619310019,-10.9045915771699,32,0.000645389528576709
-5.09655273952124,-10.8248837571268,99,0.00065214909182242
-10.1937217348658,-10.7885097655899,92,0.000621961797519328
-4.46402476722557,-0.375404836805062,100,0.00120899045552911
-21.623173184127,5.68192201346466,100,0.00103158232963818
21.1601480449495,5.90519772465715,72,0.00106618847808959
-0.769531110507332,6.23563574984032,9,0.00212738910697997
-1.5902360945468,3.55318271463309,100,0.00165751911256473
2.63330356628412,5.93753590124968,10,0.00204296810101788
-6.11406851218285,-9.60293638311478,100,0.000689252540538151
3.82316006077891,6.45634952291209,28,0.00209869443162344
-8.00523485819003,-10.8763946542332,34,0.000637353181301
-4.11339935647972,-6.89743399559046,100,0.000809725661994658
-20.6078860459628,7.88489443158805,100,0.00119955830330713
7.11903265724394,-11.3787299818423,28,0.000627290969623368
9.79849275245135,-11.3312351651245,34,0.000611112007052314
15.1010980009759,-6.859701365043,100,0.000692766585149369
0.748968806813377,6.51259870230008,13,0.00218090018099114
4.00564498037034,6.1316297761211,56,0.00202133736718916
-8.5829176828415,-11.4856067792817,64,0.000613820226114445
-21.6413905658044,-10.8875178606926,76,0.000505480241717329
9.7004507522312,5.91441164499465,24,0.00172692830934449
-3.71357289362361,5.23381905765985,100,0.00186674568161884
-7.21880341221256,-10.7873335042879,56,0.00064419540087673
5.96238722804408,6.419811924966,78,0.00198418321262806
5.2600286351892,-11.3772684946317,30,0.000636444417311117
1.31635859864432,6.63746961949432,29,0.00219306878858786
-3.1730930552804,18.44694212349,35,0.00969946741602594
1.50453348000167,6.26930924502391,55,0.00210581327809398
-7.27383697318344,-10.8557864851661,61,0.000641470757696261
0.169607265581046,6.23952413536468,15,0.00212798474802327
-5.23923237098639,-11.6784649721701,33,0.000626944118560811
10.5521476920756,6.08093433214887,59,0.00168767726088668
-6.4013631778662,-4.16794367001835,100,0.000928723459926615
20.6149274437002,-4.82396220187009,100,0.000665248180493707
-0.376253391052338,6.26935763125035,52,0.00211661817865475
-11.9415081661228,-6.59928921079594,100,0.000746252841480107
5.793937300983,0.279101413633451,100,0.00124340243755604
1.20372807479393,-11.0235890286651,20,0.000659465496881486
-16.3693361090698,15.0313961169034,100,0.00226008645569784
8.11346147119296,6.26272105041649,14,0.00187046962446596
5.94199783192107,-10.9454242316886,89,0.000644718224224586
-12.2894598076892,-11.3900944704714,44,0.000589275626575711
-2.93834157692003,16.22173240853,100,0.00649296304698987
-8.15597712830151,6.33717804250865,100,0.00185286055092638
0.197762113900198,-10.8818281452103,17,0.000665041699123882
-0.383360206514133,6.26046756057286,10,0.00213382882869932
2.11631930753348,-11.2143534882335,19,0.000651813368547675
4.18643215646035,-11.0366652303096,37,0.000651391995317734
11.6669667165593,-11.4590824226303,54,0.000592239342713742
2.40833199220391,6.25910979053748,9,0.0021085795792675
-1.26675155281256,-10.8627427661407,38,0.000664075809308007
-1.57658835802222,-10.7718449094093,22,0.000667511490238513
-11.3728202083422,-11.1970058651121,34,0.000602704354368741
3.99398113770698,6.62141912619437,12,0.00213136590231229
1.29480128803449,-3.31593357428074,100,0.00101668026854809
6.32301441356907,-11.3790693982516,34,0.000631280028937981
12.4986239437013,6.46225887401302,28,0.00161856084732385
0.962313798362346,8.88204595936793,48,0.00272600865269364
1.26581131365332,6.43082693064081,19,0.00215672627553038
-11.836165894885,-11.258276598209,50,0.000596540517136469
-5.96591857957622,-11.4686253223114,46,0.000629750222802778
0.51439991923122,5.98540929281621,43,0.00206604146656567
6.28075512334291,6.26333411481786,23,0.00196418026459585
2.47290758715407,6.63574635229677,57,0.0021587190754039
-1.18311906476327,7.02559184431585,81,0.00224959313163728
-8.10935867807073,12.6641376246705,100,0.00326142446973608
6.237215639129,6.45528767967801,69,0.00198051775740592
-24.4375262413914,-2.60850289594898,87,0.000651381495077764
-21.5838642320032,-10.7791662398259,99,0.000507679963738029
9.69483002662549,5.8966722778157,22,0.00172552793856928
-24.4475444061296,0.474612064034916,97,0.000736208648550596
14.3972078210737,6.52846093719135,56,0.00149506358123296
-0.32905843694379,5.93208373316956,12,0.00206997771633979
3.497652450983,6.57331848056538,47,0.00212309719804988
-13.8334517564138,-9.66743207464773,100,0.000621246777652825
-0.64791147202461,-11.2255997464759,73,0.000650871533649809
-6.17249980703688,16.082406868387,100,0.00535499424535382
-4.69387773948163,-2.22115173398624,100,0.00106736853920781
2.76629404995084,6.13097474903312,52,0.00205779258490847
6.28541024418202,5.87118811652282,40,0.00189404852688642
5.28753516688142,6.30912689342256,32,0.0020138860477005
-18.8468972666059,-10.8639479720306,54,0.000537303247367
0.285076638158694,-10.827804185416,25,0.000666522662014709
-11.0133262196695,-2.42045367321233,100,0.000954039100268984
-2.79494283929433,-10.9436044122164,24,0.000659226927707811
17.7166567972313,5.81609341503928,53,0.00124058823238238
-5.39665132902777,-10.8521719505119,100,0.000649876972890712
0.68174745604834,6.01448169938172,17,0.00208183076108287
-7.98545312479105,-4.9407481430935,100,0.000869838566439192
4.82390075109888,6.37499296461142,15,0.0020519991024637
-2.01288998635267,-10.7400365921097,63,0.000666084529577602
3.13625251016502,5.93256689811514,40,0.00201774160730147
-11.5380275994373,-10.7298875273705,50,0.000614136735890577
7.96026562271597,5.91742212984966,18,0.00182615786029186
6.18917681323401,-11.0091069100636,63,0.000642504039197092
4.02629393024031,6.29252921630726,22,0.00206389341498702
9.09448124736586,6.3198318683785,57,0.00180719841957426
-8.41963050248945,-10.893300153194,93,0.000631709851669033
4.41521764101005,2.12385195058204,100,0.00144548761475816
6.94735049163025,5.8195794788339,47,0.00185287680014916
3.48576768878631,-11.4806081723997,64,0.00063806751899846
-5.87552825828158,-8.16418704677868,100,0.000745015518035539
5.83062278377484,-9.5760198646481,100,0.000691828338514797
6.19802101698141,6.26438999533625,19,0.00196989910857325
4.42237933612093,-6.24133234310441,100,0.000838614093185344
-0.77372947723932,-2.87819117856803,100,0.00104666884346969
-2.33552445135636,-11.0088571510488,79,0.000655677598733785
3.76191603995699,-4.18729833416236,100,0.000951328556690327
2.79561621588295,2.04110879322745,100,0.00146114360388433
8.87011299681606,0.965076830363057,100,0.00123155246833448
-1.17071988677827,6.59882509255081,25,0.00218884624532662
-1.97111417693478,-0.736161552441936,100,0.00120250492734894
-6.44367300296913,-11.2661023693736,49,0.000633604944902897
13.1318780713694,-11.0063496939335,55,0.000591878332906972
1.0437269779735,-2.16518226838605,100,0.00109579896965227
0.522286425235701,-10.7439038859327,75,0.000667097794148337
16.1990245630577,4.25261553014556,100,0.00120528927329924
4.09747866653507,-11.454609590098,22,0.000638722135951095
2.67349582871774,6.53186437966354,63,0.00213087554914498
6.94391774071515,6.32158168120638,31,0.00193732486194322
4.32222752520281,-11.5383395617959,23,0.000635239591261063
-18.2023984171821,4.00472428571424,100,0.00109846479376889
5.54025528522696,-11.0570207091567,64,0.000644070063146674
2.8502308440711,-8.11236364258255,100,0.000762122703022868
-25.1862161899439,-0.0393875878589895,35,0.000705621056110713
-5.29507081583614,-5.22924366605978,100,0.000882675945931607
9.16101052233787,5.94992957785086,35,0.00175923016773209
17.9627733805122,6.70110227761971,61,0.00128631678031787
1.26813004935717,-10.732403201316,26,0.000669085131979632
1.41570338666199,6.42403926494497,16,0.00215490022025733
1.57309187385334,-11.2084062802168,43,0.000651842657767166
0.0536780181548358,5.98759991448666,22,0.00207658518267024
-13.1217255854413,14.5500384240321,100,0.00278343234520169
9.37236416964621,6.13102461964712,66,0.00176197703720604
8.15094336592797,-3.23151422141287,100,0.000958682712523637
2.54332085247789,5.89040152418122,15,0.0020342277620898
6.15228886040031,-10.9611233693286,14,0.000646275708778664
-13.003488292879,-0.888889830943316,100,0.000994469329242736
-10.7942457804674,4.9643522821573,100,0.00153684427019024
-18.1622356807871,0.767138309147734,100,0.000931221886956616
-8.15689808432971,12.7710290463354,100,0.00328784787616708
-11.5724500917145,-2.62072722729028,100,0.000931990188820642
2.78340824318129,-11.4557717150156,30,0.000642064700042585
1.36836780704548,6.36920616775279,43,0.00213228360665957
8.57856645314465,-11.1385943422273,30,0.000625594490606766
-1.04753427192624,8.09845063973157,40,0.0025216483275608
10.2473679731728,-7.62141922083405,100,0.000727839990008288
-8.03476607368943,-3.65476043416568,100,0.000936578218072138
0.425178164035367,18.6780955154376,88,0.0106143769967675
10.3061148620384,2.32332534931939,100,0.00130157173494371
8.33771610854748,-11.2349910629853,31,0.000624206687301051
1.17661924207309,5.99432765779283,32,0.00206762326160062
0.0197409802844591,6.09437901328562,25,0.00209556865023832
-16.9903551596142,-10.7500620121413,41,0.000560379337007467
-14.6656805990166,-3.07222425191991,100,0.00084612237742253
-13.7103518730325,11.0955705039906,100,0.00208784708514348
0.21355729424622,6.43888260059007,18,0.00216607833090568
0.367178377917915,-11.1675526864408,53,0.000653773320820701
-2.96378532305784,-10.9257372894173,44,0.000658538414097784
0.395622194082089,-11.2762160980007,51,0.000650238328225742
-7.23821011299525,-3.13136130412932,100,0.000977675982886073
4.16117952432912,6.02101238260798,41,0.00200275670591566
-0.500534213034152,7.62042146375217,33,0.00241463016023326
-8.04781771249659,-0.450165689856219,100,0.0011412869642914
1.46642290288444,6.57734686356946,17,0.00218457317825073
-0.409416403091488,-11.1842906782368,28,0.000654269671142394
-1.77858391029804,-10.90202148802,57,0.000661220644893016
24.9855792997093,4.9456109620281,59,0.000864897753229971
-1.13338061751763,-11.0507223148917,71,0.000656415197401438
11.219583553927,-3.09833806925504,100,0.00091384684495188
-11.5104035085307,-10.8394152141348,94,0.000609558818074087
-15.2412475646671,18.8988716168542,80,0.00311022063649876
-18.5411474301019,10.8265537468448,100,0.00155314342895205
-3.85603991462889,-10.8289299285693,62,0.000658371638424009
0.696234691241453,-10.8498893201185,16,0.000665984278042934
3.86801390718948,6.6115033309461,11,0.00213440948630289
-13.6018268268554,-11.2320817491857,51,0.000581632679729332
12.1315217542523,6.0738681468609,62,0.00158991559145491
5.91888648748403,6.45170349037902,100,0.0019829376574999
-0.557617087057389,6.12939677167106,11,0.00210710515566485
5.07913420457173,-11.0978095022511,84,0.000643954058474979
-10.07645252709,0.487063958112026,100,0.00116173544030275
-1.97391613324232,-11.199333867046,23,0.000652390005444864
5.59833740464904,6.59357964330537,20,0.00205526366264767
3.4659423895462,-10.7805344175546,17,0.000663217863481803
-0.885393992957582,7.28862664737664,40,0.00233145249066813
1.07006015112447,6.5115374175853,44,0.00216330509834053
-7.51749085345237,-11.5424638227732,25,0.000620129960734095
3.93800391801263,6.27328059048186,81,0.00203853365478173
-0.884938913979895,5.92801094628353,62,0.00204519693993285
13.926925196751,6.41870896430956,67,0.00151207649966766
7.89645867661547,6.03770477369519,98,0.00182042735081518
21.6841729659659,6.10488001620557,71,0.00105092424476145
-7.92223137585053,3.09717301133178,100,0.00145789266218594
1.8163408268501,2.77564715307129,100,0.00155645209002943
-19.100003324683,0.273376085602104,100,0.000880435821953336
15.2172704148976,6.218028026985,62,0.00141423760557681
9.91137244458604,-10.8460410072905,98,0.000622204134139411
9.04713565796352,5.91973137613529,35,0.00176155183982105
4.25822345919063,6.15557909519209,17,0.00203306165591365
-1.32522573781006,-8.28463373741038,100,0.000758621100169816
-15.2301124925999,-10.9752408354217,47,0.000572793705506372
1.01204629096477,6.20607154453459,13,0.00211787510491003
1.64355306170416,5.8204362884114,44,0.00202511503951095
-9.1999361935455,-11.2202789155502,74,0.000617167902029022
-1.78329967396666,4.21825763962735,100,0.00174803302392035
-0.632439095050813,6.53681156729469,62,0.00216341555722015
1.37075241036007,-10.7580214436018,14,0.000668615909813759
4.02317071767168,6.02202913213403,12,0.00201923177447162
-2.47349719190211,-11.4800180090447,71,0.000640264942100311
-6.05860798681146,-11.0412254453389,35,0.000643289848737691
0.731823964826152,6.20779068501049,83,0.00208939148098868
2.07398257702298,5.91769562516561,15,0.00204825123895585
0.832261121246566,5.95426237917725,48,0.00205630516732648
11.2512230985359,6.19638785500807,100,0.00164783559723341
4.20078102699773,-11.5805811796864,32,0.000633952806492851
-21.6396317189618,11.4142914925142,100,0.00133569013788678
-10.8011735338772,18.8658948483651,86,0.00482899309377826
-5.29460761738329,-11.137497743993,26,0.000644149317357829
-6.85569793768796,-10.8889788308068,81,0.000642021298796886
-1.54632022463457,-11.3344068159921,31,0.000648218160424417
3.59273365563916,6.71214798059233,13,0.00216266413891888
-13.9162066983312,3.89507208848344,100,0.0012854481448129
-7.4910816463377,4.32509940840273,100,0.00161298903026201
-17.4861733894326,-9.99652052403703,100,0.000571795510397854
-14.1450475384784,4.65478178487882,100,0.00133596451384909
10.7912244890079,-10.9302504493014,49,0.000614616466521544
-20.5860794161825,-11.6056001795015,63,0.000502861582945838
12.3544785428641,-10.9816904832366,62,0.000599338189523605
10.5158108565162,5.82577628028615,92,0.00164949881391169
-0.721155292612996,-10.8996130666631,25,0.000663867594380702
4.30928759070818,-11.4143787710659,43,0.000638429012636103
13.0365766891162,6.70266939593653,47,0.00160452279731059
-24.8670049048629,1.96709852202395,68,0.000771262585665076
3.95121705832542,-11.0990132109964,19,0.000650908554169665
-1.96858364431063,18.4102818365739,37,0.0102252780498769
3.97498438998832,-11.2330575136732,51,0.000645092507916455
0.139202531101513,6.50670896728612,22,0.00217800299304294
2.91386009669318,-11.3561347859595,16,0.000645580404001595
8.61467857625486,-10.7824437906417,83,0.000634216893332052
10.2296589852803,6.17801595399511,23,0.00173007703479772
-24.4735306518885,-3.18863110545856,70,0.000636557928665791
11.6799845656244,-11.4521645496525,50,0.00059246392408935
-0.73743207029817,8.61233030865814,49,0.00265346889913452
-0.104835974702089,8.79433960432086,15,0.00273255012964225
-0.693142653317857,-10.9223967326257,44,0.000662272885227899
-1.27898722108341,18.680710317922,70,0.0106588381705224
-22.0851902277503,1.80677296019908,100,0.000849984776570531
-6.97900945761688,-3.51683331735501,100,0.000958597418351834
1.19224112792354,-11.1163318844034,27,0.000656050364211882
0.159241387317818,6.25122345753308,9,0.00213301940080817
-13.1591337865414,-1.67803375955727,100,0.000947299596142638
-0.0894685066320538,6.01316037063274,24,0.00208052721026493
-4.45971624946311,-6.86174749465128,100,0.000809404873436472
0.850719371846477,5.90721783252687,28,0.0020559057240326
3.57165174936895,6.51276294485711,65,0.00210121560753395
5.3131128048004,-11.3955455235757,33,0.000635515782617979
2.95257966009591,-8.43680237092246,100,0.000748409835645432
-15.3357996782919,18.9859475595277,69,0.00310792107639648
6.07618482998578,6.01452444062507,15,0.0019357343269122
-0.118927387503268,6.15186410019353,94,0.00207636038947412
-1.14128856373931,6.76781998616112,58,0.00220781876326173
-11.5663101348955,-6.69784297792137,100,0.000747378316495297
7.37461449952102,-10.887845821164,54,0.000640132220679349
4.23432623756388,5.98931469096976,73,0.00198211556994002
-1.53822876653564,-11.3923454359053,27,0.000646491484372284
-0.922026121844908,7.97551476782853,55,0.00248328111441529
-0.386358176952904,5.87943127263688,40,0.00204813107579563
-0.455159257750212,-3.99631170378307,100,0.000975598810106671
-10.7811311879413,8.12518089578914,100,0.00193931626807073
2.9706397185955,6.37050706806181,76,0.00208691099448809
-1.09694979475818,-10.8589990100467,35,0.000664513254148969
6.51596151991976,-10.91514293832,19,0.000645633519438389
-0.427964660637153,6.00864603929102,14,0.00208324726403223
-15.51792180518,14.3331050452995,100,0.00230564976230313
2.82756202415275,8.4755914885074,58,0.00256082398211421
-19.189911264432,10.6785975076985,100,0.00148500864851597
-0.651738084256874,5.84906701579758,8,0.00205481703084148
-1.26181903514408,-10.9750187683962,55,0.000659522780560951
-10.2190182679604,-10.8045894998915,39,0.000623334381470234
2.89823088197274,-10.9850182716105,15,0.000657967375394489
-1.10719977088127,7.61221080145592,22,0.00241341917219168
9.23286329985453,6.10400269601493,28,0.00177833434031462
-5.65285775579827,18.6308565017868,52,0.008113214914456
-1.0689835575941,6.56166130701517,10,0.00218954641602587
-9.24640354292399,-10.777237977885,64,0.000630624925572346
9.31284613868275,5.94980425010415,24,0.0017539522957474
-12.8098452307735,-11.1739899272025,34,0.000590966959221142
-8.27025304160226,-11.5835891145268,51,0.000613386938827415
2.03568990234867,8.63720936538268,53,0.00263221466779323
4.74164528171258,6.36845429970341,37,0.00204489001949234
-4.66764093830317,-11.3404129016169,37,0.000639730952867441
3.38393100544293,6.44940508636291,11,0.00211901003797389
-10.6679543985367,-2.27137244673927,100,0.000969292495524108
-1.90694939025043,-11.0020044487944,59,0.000657553459940472
-4.02388678793335,1.081295759544,100,0.00134542810189807
8.20925890119074,-10.9418234901093,20,0.000634529708718256
-24.7219595256772,1.41485145575704,92,0.000757181377660772
-13.6543879560129,-7.64347696639175,100,0.000686375746666394
5.77812258783868,-11.2878755949493,36,0.000636723423137479
6.8102158421802,6.01374520106455,52,0.00188753007296587
6.60896393282097,-11.2965800402608,27,0.000632665556831291
-9.03426291647082,-10.7805848639159,96,0.000630791769388348
0.484904353203684,-11.29976203113,21,0.000650694341570028
7.22115757889074,6.2806980972,30,0.00191656898263119
-12.0095715664742,15.1679356495561,100,0.00317207883561868
0.59819559629108,6.31141360727157,37,0.00213058948533174
7.06412883863691,-11.3864928329726,57,0.000626218340721843
7.87978771733882,-2.31996293297557,100,0.00101740080028834
9.36388513984044,-11.0273421409377,22,0.0006237895224153
1.69875140101074,-10.8560170052849,26,0.000664269796178154
2.52838374550606,6.70440213728967,27,0.00218528921619119
5.85271848498238,6.0594455782324,51,0.00193958815690301
0.0365338327419503,-10.9248526544454,70,0.0006612606452779
12.9804458933051,5.97550698328695,49,0.0015307416559594
-0.0437411675202902,6.0137897785988,8,0.00208762248797827
-7.05930466998867,-1.10454553508898,100,0.00111265489706903
4.20946738355625,5.89256998200643,25,0.00198513967456827
5.41616596801111,-11.1467113652317,16,0.000643726074963737
-0.680185644923769,8.59442215735963,87,0.00262278737201997
-2.23393989634693,-11.6086594779598,17,0.00063878819633214
4.47146360281337,6.35039488573136,17,0.00206053326741724
-8.57126681764434,-9.22538190100536,100,0.000685502058532268
-9.28012393151387,11.6985992949759,100,0.0027991405256358
7.28203282444695,6.52006129083821,19,0.00195589561126467
8.97883481482559,1.19871105928234,100,0.00124779966443672
13.2865003281845,5.85384278236491,97,0.0014892976762591
-12.3752754289724,18.9839537852642,67,0.00417441408046792
4.75275435625274,-11.5716028015174,36,0.000632095896336676
-13.2758977833372,-11.5799930220742,32,0.00057604981099701
4.33527877046205,5.84553632062467,19,0.00197516559607052
-25.0885920675756,-9.00807714531505,84,0.000500479287510135
12.4496921349482,6.31718269760731,80,0.00159225005647112
-3.43245437365028,-11.2427046329311,53,0.000646370254088729
16.1182837224032,6.67637397562712,65,0.00139665108979245
-4.48344922625357,18.8891424291024,37,0.0095056333337675
-6.36708118562837,-11.1645106600582,28,0.000638060456961653
-0.435555478168556,-10.8916407247003,25,0.000664285802448285
-24.9484357966259,-6.56613890925426,82,0.000550427535579817
-12.0119923875522,-10.7657346962961,38,0.000609372710113522
-0.342972600979978,6.23012566563141,16,0.00212529211637442
2.43392982899531,-11.0575063320482,18,0.000656472308053943
24.4451741390634,-10.076410603313,86,0.000488679124964693
17.9615921286948,-2.55132968599111,100,0.000795264088653319
-8.50375859651661,-11.6676331917101,37,0.000609962000369355
1.24674691742997,-10.7670887367675,23,0.000668046034228662
-0.914257723816858,7.03945573943135,16,0.00228894030327997
0.305986370047747,-11.4868903930467,16,0.000644799512329201
3.14910582864834,6.33934222360207,10,0.00210521986195657
16.3486825685414,-5.80741161833314,100,0.000708838674924447
1.47540228433216,-11.2711264964984,52,0.000649511092274027
6.48233305522078,-10.805062769168,18,0.000649433184857445
-13.1022943612098,6.33142984506466,100,0.00155013846874464
-14.8197342698441,18.8143804641157,66,0.0032365485086498
12.2566220960548,6.17683960277788,67,0.00159225825732412
-2.40084431130831,5.30037917660081,100,0.00190600606159809
4.21981216565275,5.91478618424004,36,0.00198430626608648
-16.8058475161416,3.69814090752414,100,0.00114130149868096
6.7557130631846,-11.1602933598095,98,0.00063330404342831
3.09547270207538,6.09651419961277,29,0.00205302530861647
-9.04612375911839,-11.2570782375932,18,0.000619280999973107
-8.82169509269358,7.57182436702243,100,0.0020024689684625
4.82660502250267,6.70303969286575,33,0.00210452601201713
0.294429704030811,-6.4816463589636,100,0.000840745032578145
-0.543691995252442,7.37405307797318,96,0.00232276568924359
-8.83755112320851,-2.21834080091726,100,0.00100726820983962
2.58501255867664,-11.0432519812738,69,0.000654432078067144
-24.3967854199966,7.09562530178178,80,0.000965889872994918
-3.96012183975609,-10.9675183571314,43,0.00065421233436311
-4.65044964527849,-11.1792169194434,46,0.000644627028764098
-0.959172259555252,-11.2217636226374,40,0.000652187303278877
-15.7337856088432,-7.98971748169953,100,0.000648195742238283
5.87986021374941,6.46078618608275,21,0.00201794763419206
-4.53665639543492,-10.859584161545,66,0.000654714141345514
-4.25104994824989,-11.417311670399,32,0.000638987143508956
6.77629221903454,-11.3316999507202,45,0.000629958820966069
11.3333487188309,-0.850940558521875,100,0.00103870758131615
7.01657023633301,-10.8014137094368,69,0.00064439893654666
8.87083617652161,-11.0075615466424,30,0.000627598202263096
1.49896757763143,-11.0999889156237,39,0.000655726984575018
0.707520927083886,6.512621685915,11,0.00218214395441345
-2.85476889663748,-2.87384526933163,100,0.00103874960756006
-12.5844120169332,3.39055888638266,100,0.00130364082359485
-3.26223403285255,-10.9717396945811,13,0.000657530000874067
4.80877045583768,18.9363717705617,60,0.00911755967640772
-1.86383057429425,-10.8574739915289,43,0.000663212061749228
-0.945433019854886,6.04350169896529,9,0.00208895452243888
-11.3548473314908,15.6725972488946,100,0.00347951389832556
6.7972642387578,6.09668842868984,19,0.00191314577745046
1.73916195800035,-10.7312915372843,20,0.000668758164405156
-9.42312935399728,10.8056497700687,100,0.00256680507925643
1.29338449247199,-10.9964771217211,23,0.000660155032221025
12.3566015370339,-11.3690231162044,78,0.000588096983075152
-15.2166521258801,1.44770680886583,100,0.00106482436321673
-0.423598533684641,6.47862791633639,14,0.00217534899206228
2.41472517553651,5.84463497339247,20,0.00202649599825001
-4.95532622187484,6.16780530864273,100,0.00197995814043399
5.95898139458244,5.84185410847886,73,0.00189191981429266
-1.01253338108298,7.89251021479374,72,0.00245172417985071
4.2198540887724,6.32975303443189,67,0.00204493575852548
-17.2262124316816,12.7811309042224,100,0.00187247348151273
5.44125483127697,3.71065269030302,100,0.00160575781932392
-0.561172684036239,5.88893932158061,60,0.0020408257997416
0.135752510576069,6.1441623932371,21,0.00210681242216562
0.170213721578345,6.01402124101905,15,0.002084502587797
5.72484843187494,-4.42016394206441,100,0.000921859793411544
-5.640262028253,18.8636239787793,70,0.00828702450907469
-17.3186555761841,3.9568444833085,100,0.00113474307727578
2.87483772972033,-10.965328013864,35,0.000657822139962641
4.53853039265415,5.85244217572367,96,0.00193991594149877
4.61966074088891,-2.42507989633581,100,0.00105429272111107
-7.67423533404751,-5.21552712365225,100,0.00085994347383242
5.19391895822831,6.64667534738239,68,0.0020629813025409
-0.159804983002841,6.23453379876657,13,0.00212792771469751
0.93459420103167,-1.76493381845895,100,0.00112551217682289
-2.22044066363788,-11.5489952270557,17,0.000640739089741445
-1.11757658424548,-2.38173987987594,100,0.00108016142243922
-0.349834866164205,6.20914905873467,27,0.00211623979123811
17.8370651041501,-7.23006772657061,100,0.000641247006147111
24.6639041052664,-8.74038401148936,86,0.000510858883999455
6.66964170403749,-10.8015238144313,38,0.000647670869423102
-8.86867032876804,-11.1252497542654,42,0.000623557879750018
1.63374099004628,6.54596059997173,62,0.00215465666743789
12.522040940984,3.55413952106457,100,0.00132006677345724
-0.504702389725786,7.59568714115749,33,0.00240877844465389
-1.25695320111709,-6.65399468211013,100,0.000831405813376861
5.39482421335498,6.28658416368014,19,0.00201057271835834
9.80561865586231,6.39336731559709,34,0.00178151330965972
1.82919364301109,6.6556694356007,9,0.00219865753618959
-10.3898570148779,-11.1344763879004,61,0.000611390562774295
-0.520000235849514,6.92667591020553,17,0.00226691985535706
0.26735358114239,-11.4439341151568,26,0.000645799232998201
3.72410158396819,-11.4212608049233,95,0.000638005556304902
3.66165244052566,6.21572021791179,34,0.00205661007784132
-2.26232883110955,-3.53494442734278,100,0.00099926128410343
8.40153956933421,6.55328013465181,43,0.00188744828768319
-9.65539794884438,8.69748122786506,100,0.0021259533961767
6.19592472165654,-0.0615206247315591,100,0.00120777205103427
-0.321451970336385,6.50989858968808,98,0.00214277787416471
-6.87733924124344,-10.8887307407777,28,0.000644098030442192
-3.02428319669473,0.579869658775113,100,0.00131006616501269
-0.141188341231975,6.21844577308602,32,0.00211626196163562
-5.23480270198989,3.62055422499705,100,0.00160021814036239
0.0206268872298069,-11.4488083371286,35,0.000645294099230483
3.84926168543702,6.53563527541608,75,0.00209205436054758
-4.41519876699987,-10.8024906908379,48,0.000657860665242655
17.7590872499016,6.37358651998467,65,0.00127468872939104
-18.7410954504392,14.3990842164239,100,0.00184379656815842
5.98194178709503,-3.54435048407761,100,0.000968996497014606
0.332855503879245,6.75492940385486,31,0.00222425884891129
-2.58938729894876,-10.8395901773899,31,0.000662927817987498
7.33162476411101,-11.0124038137157,30,0.000637424366899105
-1.26509705739563,18.2216836233936,78,0.00968781632589968
-0.829314579012194,-10.8897497516644,35,0.000663689954973814
6.67068935981448,6.11088831951805,30,0.00191763118149354
2.17648762058546,-10.9467292304979,34,0.000660024076578558
-9.60470206299336,17.7625785186299,100,0.00489873866856334
-16.7291552413098,5.95208511574411,100,0.0012990783402054
0.0612114535147767,-11.2644124875199,44,0.000650990342896444
15.1531237177463,-10.9822456169384,85,0.000572136646510288
-4.30453691725829,-0.748596054463937,100,0.00118070373834865
3.51132384137111,-11.2477895235212,61,0.000645641875465548
-2.43879811327475,-10.817044966482,50,0.000663192362778784
13.4030077827641,6.52066173112374,65,0.00155651297633926
7.5634921475125,6.79463256796598,33,0.00197937811257999
-1.22646450884849,-10.8205971457314,83,0.000663574668821787
2.43542393268007,6.37134649334595,53,0.00210993775671088
1.62737954720223,6.69962754688041,56,0.00218836085736308
0.921942705312824,-5.55147408999585,100,0.000887185368561756
11.3761317275918,5.96203815818039,40,0.0016289504140599
2.41863155380322,6.49672946032115,93,0.0021164338832576
5.26823965712233,18.1652714813198,91,0.00758914941474561
-1.5344068987746,-6.05647280144888,100,0.000860091971097081
-4.56012320434949,-11.0040963271285,32,0.000651291938414605
1.0877729982674,6.17443711832808,10,0.00211237191039026
15.2633814428592,5.91787983883232,35,0.00139104755882709
-1.10832648565098,6.6175285841695,35,0.00218854545807844
16.5626583996246,-7.59491324564433,100,0.000648777216458259
0.434847423029965,5.88945284833044,31,0.00205360173015358
-24.4039240951488,-5.47888628099092,39,0.000584140725734864
-9.95324429510687,-10.8941961495739,38,0.000622761338650465
6.73686729162799,6.17642926394317,66,0.00191161746159622
-10.4594827247543,18.6042076324162,64,0.00494084942062598
0.285822351436662,-11.6077039036215,38,0.000639967277718341
10.2828156734759,-11.1673260135665,57,0.000611409164455655
8.66479810001087,-10.7712838473183,60,0.000635141907389593
-7.10316537092713,-10.8368115163239,53,0.000643419979515209
7.71161457590877,3.65438648682316,100,0.00152592186231852
-4.75416318556768,-10.9935457008459,22,0.000651297305163812
-0.811813923210207,5.8676669987488,34,0.00204634099352994
-3.55588399837525,8.22353715225352,100,0.0024498724399929
9.67336570813691,-10.7639296373034,23,0.000629454014254038
15.9523043940183,-10.9686318705479,39,0.000565919543370542
-4.05182164830235,-5.18314339531126,100,0.000894255013286811
6.94874142592871,-10.8134677305454,87,0.000643658577032748
6.01397819604427,-0.717760982284928,100,0.0011589795572054
-14.4888191005991,6.1671858589612,100,0.00144831259133291
7.6514654631831,-11.3657032998204,45,0.00062394760643944
8.30352851645863,6.59989803524365,28,0.00190587251074459
-9.46492538418196,5.3292744882366,100,0.00164697138349919
10.3946157016989,6.02030502185568,31,0.00169757587057221
24.4022704956795,-10.7629204305364,93,0.000476758671122521
-12.0813390093001,-11.3421861763242,43,0.000592393182110084
-11.3032439254841,-5.83987254647524,100,0.000785281300315197
4.15655336486187,1.77764675787987,100,0.00141336453271619
11.1673899816768,-11.0044063748865,42,0.000609626092030369
6.84229810029421,6.59940277966196,23,0.00199170024683
-1.87186087810556,0.962264142781462,100,0.00135692660128267
1.58607310521635,6.61685599618372,21,0.00218894874501447
0.725503007851008,6.42572406367419,20,0.00216025405654228
-1.20230926537081,6.43281935152845,65,0.00213664449516093
6.16964799395174,-11.1150259037898,16,0.000641142966269466
-11.00971983131,-10.7979270897599,61,0.000616239461669425
8.37215325083836,6.5593764227682,45,0.00188941924033731
2.5914034127606,5.83172992786232,12,0.00202381832274124
4.26780340569246,-10.8175039792671,14,0.000659387010503964
1.17362674291371,6.40134968901573,9,0.0021565429812307
6.49692635648087,5.94255399479458,43,0.00189451470086137
-21.1285215023177,-1.96540923660726,100,0.000742972866485886
-19.7885440707539,4.37479206585502,100,0.00104920728250085
-1.52493582635342,-11.0972157220573,29,0.000656216475709674
-0.590836236817823,7.75943330675425,81,0.00241877423964904
4.5448257046159,6.55822778337286,13,0.0020978672286797
3.10504509682463,-11.471037215887,45,0.00064017617550675
-8.00656866027298,-8.77823083752401,100,0.000705987011370119
6.82661767417478,5.99030756123316,72,0.00187602756216206
-11.8779004418312,-11.2832355527748,37,0.000595956381193228
-1.02995484123301,6.7880088560487,15,0.00223442366975909
-8.4770997038083,-11.1586777563559,24,0.000625893513807988
5.46666291991498,-10.8421704848209,73,0.000651025112015904
-4.29555436392067,-10.792913228953,91,0.000656773028467412
1.68467091356904,6.21808723715067,64,0.00208958033397732
-1.85436183591145,14.7590903097467,100,0.00540523380593187
2.78470391535681,-10.9269125891644,79,0.000657429333907588
0.802722187968033,-11.5147442819249,28,0.000643164092760276
14.6595278633108,6.09168752649091,60,0.00143736814750599
2.63186848277691,6.3674423798684,43,0.00210921122158409
-0.498892963899075,-11.0456672970195,40,0.000658372490227892
17.8262444311328,-3.36880950271941,100,0.000767464586721564
0.0357969388536868,6.16783225952399,45,0.0021008136929194
5.80438468547337,6.17795043881505,17,0.00197450228905073
5.77571270335523,6.01842981733565,36,0.00194186812468818
0.934326828195676,-11.5442883969504,38,0.000641696419214335
-0.873866050568312,7.27911086460043,47,0.00232564355481508
-9.37032203155485,-11.2101063029465,48,0.000617255867206469
3.91393513893455,-11.659304398898,53,0.000631555154650169
25.2060194783397,-5.25337833910922,70,0.000574771414129527
-0.383046305414834,6.1297972711011,13,0.00210702355077324
5.04535808529493,-11.5257824366507,37,0.000632353544311029
10.9803554923584,-11.0987368458629,38,0.000608587656733497
-17.6348238972645,18.2654185680148,61,0.00243862159276322
6.37154606520125,-11.2666670351089,27,0.000634843898905582
0.752921095486903,-4.82060071601417,100,0.000927153266075594
8.98966082422536,-11.1762561428809,89,0.000619371164271998
0.560065794520404,6.16532102140198,13,0.00211314902980772
-6.528482329205,-10.861424662224,60,0.000645591749417281
-11.8029795944392,3.15591475383301,100,0.00131654438499882
-1.04033826690549,-11.3543417458694,21,0.000648531636976882
1.46877031878315,8.22413788539311,42,0.00254534598053619
8.75724940026517,-10.7671337128034,95,0.000633215437983819
-0.179135594389044,6.01073792670198,8,0.00208691001424309
-5.4152432903149,-1.80465171906738,100,0.00108779514117589
0.58930231928935,-10.8462996106966,22,0.000665902400900983
6.15331196029014,5.88916292436477,14,0.00191227904561204
24.4814839101967,-5.50983133483178,70,0.000581100685723161
4.50268757194036,-10.932535108051,21,0.00065435097283489
-15.1045662094387,18.5125045740541,70,0.00309168998587356
7.03709595408133,6.13977514767677,15,0.00190933131452201
-21.3980906941239,0.937507053538147,100,0.000838457389079433
5.97692371695282,5.83621530148718,57,0.00189600006142828
9.80373696150428,-10.7686889796998,89,0.000625709654984176
-14.2626791480724,-10.8052812092217,71,0.000585986295641374
-10.9317887668664,-11.2731726008356,37,0.000604008104786308
9.54878434541955,6.66699703877623,89,0.00181760006261978
-4.06558289011265,-11.4454801258003,57,0.000637694961124823
-1.17232119528904,-10.7934177807974,15,0.000667575647803832
3.10277044603402,3.94754128666334,100,0.0016909230487372
1.69058289891345,6.06945349111488,16,0.00208228852369425
16.7587293907238,-10.9583134345079,99,0.000555983845250881
-12.771776717759,-10.8182331979853,41,0.000600881878538718
8.12764544775529,-10.9346914479773,39,0.000634524374113129
1.28961659447706,6.43112617544678,38,0.00214770309262524
0.153583748278599,6.49094774919805,43,0.00216490610426818
-0.524825599654517,7.52409395982219,18,0.00240052363035384
-2.62445336647901,-11.0595196099919,18,0.000655989796882082
-5.77555953658432,18.2709789724158,66,0.00752835669320327
3.0591456924053,-10.7735677730845,23,0.000664360266350831
9.3204867084618,6.20244098060406,38,0.00178356170600518
-4.59241897321923,-11.3974635119021,15,0.000639085124417023
-15.5368955280429,2.97387900388518,100,0.00114853200816421
3.26652682000216,6.06224173798946,23,0.00204470820839656
-9.90128434095978,-3.44131807416445,100,0.000919298204622355
-11.5418846766267,-0.771056785559916,100,0.00103850325785973
-0.837642351577074,6.49346587305314,40,0.00216363935670745
1.82511350256783,-10.9755042649872,27,0.000659968246376363
-0.436309213856356,-11.1270031567313,43,0.000655533892149062
6.22325212513632,6.1884466500608,16,0.00195717829043175
-7.85617858803938,-10.8579352995737,46,0.000638408677227468
5.26555409909283,6.24580753141512,31,0.00200419358503837
24.3314093818727,-10.7047064559554,91,0.000478617664564166
4.89301336756073,6.46701796359062,15,0.00206588036767205
1.68398276302595,5.84464157986158,29,0.00203513780539624
-13.6616915080929,-11.0575560840306,32,0.000586367481438242
-6.86016314034504,-10.8014376785465,74,0.000645092554416208
10.0825640271802,6.05660058816478,35,0.00171968687062763
3.57901059813061,-11.0614033904676,27,0.000653004866627579
-0.556563512925953,-10.8792018960153,64,0.000662939939803979
9.53535416976043,-10.8189681016019,62,0.000627280891411907
-11.4172864501084,18.4708531233191,80,0.00439686613347762
10.0255289404909,6.64687166017993,30,0.00180355181694709
-6.02166931040132,-11.182809037112,31,0.000639100581875278
13.2575988663125,6.05792992867681,44,0.00152334741783091
-25.2182588993948,5.70983556256367,57,0.000882420851851657
5.30739937840012,-11.0677169895862,34,0.000646022855484703
-0.568055058606163,6.66830071921234,12,0.00221452462258262
5.09181065970984,-10.7844567270664,44,0.000655859379312589
-6.46195616122962,-2.78524399450925,100,0.00100921962630586
9.4541880965367,-3.29718293661538,100,0.000934466143403348
3.5504567707611,-11.3671515095347,41,0.000642478172592327
3.05305494099246,6.29048616794636,28,0.00209065331002069
2.99139004089387,6.21897106052548,78,0.00205745638024646
-9.92023952653056,-10.8275058659149,52,0.000624480556782692
-1.70979926959451,-11.3821402728922,67,0.000644925382491673
-0.743908107013444,8.48067016875971,16,0.00264088653060169
-2.61770934097446,-10.9532988892942,38,0.000658708804667543
0.875219965557784,5.81660260396099,9,0.00204694521090352
-9.30686269910988,-10.7778500752449,17,0.00063203228854777
9.5527630320401,5.89868513042197,17,0.00173547865075708
10.4249836829271,-11.4576813125103,29,0.000602969555929384
3.59242075021685,6.19006514519347,66,0.00204062424716344
-15.4378339407358,-4.15906098498664,100,0.00078522081237444
3.89584124370266,6.22295842962151,14,0.00205891110985913
-0.045141404127418,-10.7570998216852,61,0.000667387943637705
1.80508082232017,5.95261745210714,38,0.00204940344041703
-3.77145118045682,-3.74232717785967,100,0.000977603079928371
24.6475925324745,-1.17768187976284,66,0.0006857470972248
1.14898208326876,6.32657632035688,79,0.00211031584516565
-7.78015141717381,-10.8393725058666,58,0.000638990360018157
7.57135004266265,6.28534249351361,38,0.0018955710510591
-5.04344346485418,-2.30990883256708,100,0.00105749014739314
6.48495837295908,6.18561381593679,29,0.00193915598800104
-10.9892967773006,-5.86603922749406,100,0.000788522442915674
-7.62726569741782,3.07159185061692,100,0.00146498117689843
4.07859083017071,-10.7371245231303,86,0.000659643956561597
6.77599237789786,-10.8485166613391,49,0.000645094697775616
-6.77285100568603,0.0191624262126281,100,0.00120343669047435
2.13809482228689,5.86932989674046,66,0.00201728257258851
8.67551397607418,6.08623022742008,92,0.00178725768285117
-4.72250282719924,4.92321380966877,100,0.00179097244047243
-0.453111003582437,7.10254472910021,26,0.00230080989769068
-10.280422133681,18.5925098856052,81,0.00498511050799435
10.3223903689078,-11.2682992002432,17,0.000609654519819029
0.0840461905294191,-10.9118801586538,72,0.000661610821277761
-3.27484453692452,4.57940092253964,100,0.00177724242474717
-1.0672761120311,7.17821234849941,16,0.0023178863593624
3.81010673978638,-10.8005273169339,27,0.000661004136189288
-25.1550138676485,8.64697754477197,77,0.000989546978495059
15.2697290525611,6.58549435311077,96,0.00143611555347841
3.76453837815042,-2.14579716066505,100,0.0010816718799578
-10.8659889469599,1.53461033593131,100,0.00121793493679902
12.8527356849996,6.10865300554819,80,0.00154495350197722
4.52647863420936,6.0179684362146,51,0.0019856306417834
-8.04793876276485,-11.2476995284619,85,0.00062356613399086
-0.866536370711669,8.78782789384572,14,0.00272593375218666
-9.23278712116286,-10.7597823298472,38,0.00063229974396926
-11.0142394101875,-3.70825725976728,100,0.000886644803332633
-10.7196875575134,-11.3020981871761,91,0.000602889252546119
2.25877443768726,-11.285795418817,45,0.000648091033103562
-4.71782303707284,-10.994696652503,19,0.000651532717995456
1.9969796602288,6.14718446300632,14,0.00209297430803943
-0.142857601157756,-10.7727502181005,22,0.000668580464547948
2.93795377534955,4.6453934926044,100,0.00179369654121061
-2.85561599255636,6.82571238850011,100,0.00217132262657301
0.708821308129668,6.32768401499338,12,0.0021445546574222
5.39820921854658,-11.3571677199296,16,0.000637054328399642
0.453950930720044,-11.1411294458048,29,0.000655655344728285
8.44625649055543,6.06205149983521,38,0.00181407645416675
5.83172184759946,-1.62557350346617,100,0.00109483229285186
1.48694683706329,-11.2796920845833,15,0.000650777185347654
13.5783030588591,8.7977131862564,80,0.00179633444972293
2.08175211416795,-6.70530333544772,100,0.000827074914798731
-11.968265034606,5.37294521140163,100,0.00151776487706731
4.40271639481496,14.8859716461758,100,0.00505964331734144
-3.33076207792236,-10.8446267394539,59,0.000659613738966468
7.55404126159731,-10.9058200875215,15,0.000640061790705252
-7.90255924729334,-6.32246439123757,100,0.000805881777418776
0.277568939874776,-11.0549833754936,35,0.000658349450057978
-0.83409503063949,6.90959038850367,21,0.0022590285327935
8.55800716461348,-6.34645750349279,100,0.000797889254233495
12.706781803917,-0.495333728676503,100,0.00102515910949666
-0.766131916193692,6.87467786589814,25,0.00225010568036025
-5.52078335085448,-10.8411089482342,24,0.00065289001930712
4.27770658781975,-10.9163418028505,45,0.000654707219291259
0.807832100997813,4.04546493936077,100,0.00173086882505698
-5.59080295516711,-10.7657158091144,56,0.000653680448202801
3.92168911564565,-11.0829831094561,89,0.000648578744304018
-1.15605155247026,7.36122105911191,11,0.00236078421340909
-2.29030890448671,-11.3869453971253,35,0.000645133720677983
10.3986008533382,5.94838346415693,53,0.0016820716525023
1.09452844894316,6.05658453313807,82,0.00205870687757449
-1.82964608707359,0.385601747021256,100,0.00130181370002547
15.4475983051795,-11.3920993600355,85,0.000559017235210868
-9.9695851904276,18.4556991735967,71,0.00510574645981072
-1.14714631851463,7.34152648935616,41,0.0023398631956682
-1.11186234201442,7.88569940079993,47,0.00246390811557154
7.73317049203384,6.07381828946305,86,0.0018382539272934
-4.98842936371587,7.69433000198562,100,0.00226505945288751
6.8319719079867,6.22623745550413,51,0.00192030727968716
-3.06716504089898,-10.8157400358699,16,0.000663210474390815
5.3534442475995,6.29705250472303,88,0.00198659302121598
-11.9227161837806,18.2088797648516,49,0.00414731017770493
7.38409212226929,5.91194204949405,54,0.00184298738697588
3.67830077768623,-10.8607912683715,40,0.000658836928402585
-0.279703074011803,6.509231650105,15,0.00218156124981133
-24.768106024953,1.65157577468598,86,0.000763413352465034
-5.21423466630297,-11.0642022795189,40,0.000646295864962668
-0.456731793790178,-10.8558841746064,12,0.000666078306445845
2.72969453750416,2.08674320452646,100,0.00146697107577992
-7.45419669466621,8.57670719823863,100,0.00228645070495351
1.40078130311397,6.75407759960023,18,0.00222135681219669
16.372211847632,6.05998154537335,76,0.00133006137163253
1.55196897429792,8.25267094974589,47,0.00254773550906959
1.28699840966688,-11.7205509321876,17,0.000636547285016282
1.19781776691261,6.0343985087567,11,0.00208399938071223
10.5078303910114,-10.8472360882938,22,0.000620400778165437
-11.7404148088047,-1.58952923796043,100,0.000985138303293129
-2.96997554125674,9.75580468995324,100,0.00288576645392396
0.233691107274989,6.07243344778461,9,0.00209816245637896
1.65837146414726,-10.9361580939883,55,0.00066033233381758
-14.7473051821162,-11.6649323463718,79,0.000559095882634744
24.3246490748229,4.5456106688285,57,0.000875727348316084
-19.3042426391179,-11.2868221563027,42,0.000523471076175995
-3.34683767210596,5.68434058708666,100,0.00194963316949837
2.24871074488254,18.2601423942629,54,0.00965822499079982
-8.36246850787866,-11.6331930915817,55,0.000611193972473429
-6.34952132884756,-11.282457615592,61,0.000633093245607208
4.83638200578049,6.10468852648642,13,0.00200425327251214
3.76741807669131,6.09512903129419,16,0.00203891123019237
11.8055838244756,-10.838890696545,42,0.000608949389231613
-17.7853021367521,-11.3701618626137,33,0.000537744116670354
7.55572969226835,-7.91747705387034,100,0.000742331892480103
17.9371751318838,-9.52263741452212,100,0.000578303033030986
-4.27540995427451,18.7542543745205,59,0.00925778142546454
4.41579574849312,-10.9199336249151,52,0.000653774516145954
3.65407912248052,6.04025075669831,46,0.00202016659308476
1.57658760131245,-2.77557202230225,100,0.0010515240258898
9.27454312407202,5.82057579990967,94,0.00171789179031033
9.70275322805792,-11.6142564298707,49,0.000603042141222991
-5.06227920146362,-10.8557763318083,25,0.0006544354016792
13.2417710817186,6.37204003922327,77,0.0015486323984481
0.263895511022906,6.48800914131455,37,0.00216691552271873
4.46072268875398,6.27133074740235,53,0.00203159931165652
-1.22896809262928,6.80399049156347,56,0.00221523713253764
7.68290595333822,5.89570874793994,18,0.00183751778146157
-1.08039788338626,-10.9523031997993,16,0.000662181900224418
9.7301276002436,23.7488590597539,100,0.00823126393002542
0.842609140058748,6.43040511218865,90,0.0021281508949906
2.55769751592651,-11.1795557676833,27,0.000651751881212318
13.2002586287512,1.61717026877553,100,0.00114560817189504
-0.610093729378631,7.36931405554003,46,0.00234856417433773
4.66009382937263,6.41923114704837,62,0.00204676013359954
3.46499733427794,6.11243931740798,11,0.00205331492503773
4.53419392561542,0.402032902392061,100,0.00127474968574074
9.09020264475279,6.14445197704393,31,0.00179130738092818