-0.424463893782941,6.27785207298246,27,0.00212936478377355
-1.46231977494804,25.3949151455804,100,0.0551811925808973
2.94051061729765,25.1650931388502,100,0.0387344859091662
5.78216554896811,20.9610010404155,93,0.0109591830312875
0.710091405113244,8.86788954247698,55,0.00271996026036126
5.29820745723845,19.9109664456492,96,0.00982523033489161
-2.10550087273748,18.4022920656109,45,0.0100699103820199
7.27031991592962,8.8359903407522,72,0.0023645216863393
-0.801193627675564,6.35779007647153,37,0.00213839208504764
-0.0900594143761323,32.9460097495759,100,0.0279610490652743
-0.220208644586175,27.1537349487645,98,0.102563584561107
-0.0042958706771381,27.9630224369476,98,0.108561378476431
-0.169374234273197,26.9627903088785,98,0.0996324374349862
-0.760015925504877,6.23003586260926,40,0.00211243461483925
-4.54174746936716,18.7283737796324,87,0.00879990131436257
3.69522554333002,8.71139919986737,61,0.002581498341243
0.560416918555402,28.2389202210081,98,0.10354418624426
0.717647686122549,32.2918870338588,100,0.0332815373595553
-0.0582117264970258,28.2424104772338,99,0.105823658232816
0.656144045312865,27.5861027337183,97,0.104088348971747
-1.86186623855646,18.2449723593111,50,0.00981931790747783
-0.627689579015395,6.22092632751727,40,0.00211149546357132
-0.312906853671704,18.1903933539112,54,0.0100075954133303
3.71771776805195,25.567224269765,100,0.0345007059911176
-2.89624123264771,27.9084694439068,100,0.0546703684885939
-2.1430089240102,31.1532040968939,100,0.0394780328361572
0.296251189161446,27.5221922472616,94,0.111065262512043
5.00680711980372,18.9086945690325,83,0.00873995147036735
1.4176568390066,5.8673750206953,45,0.00203607658512412
-0.933937321433092,8.73696531314175,37,0.0026938859852864
0.444819130110329,28.3983309263642,97,0.104304269227795
-0.990568674102879,6.27097973105214,12,0.00213119017835414
0.441689143690245,28.1864888047439,95,0.108673458646857
-5.67794995984947,18.4406247896001,50,0.00788096422827757
1.15958047619858,6.00353093675331,36,0.00206780375255682
4.01037353283883,18.5974519253782,49,0.00928489702819567
4.93178807262155,21.1390629213507,87,0.0126404446232888
-1.4499610345866,26.7850696644957,100,0.0759790635709498
4.97949467011335,18.614019874602,65,0.00849564483876691
5.09185687948386,21.2259058930926,91,0.0125069399596954
-0.657119211574906,26.5446023092942,100,0.0828752452650298
-6.64133198174969,33.6228213521441,100,0.0114673429679622
-6.10575737539211,27.2533062181455,100,0.0210301176412106
5.24415259324727,18.1710345950955,83,0.00765684266904808
2.16121464910898,25.1516675044927,100,0.0456337431848148
0.389279324797874,6.14736174727201,41,0.002097998064584
-1.19186957307776,6.83238197956579,41,0.00222898722651776
0.920231610364063,26.7878303636881,100,0.0840334343743895
1.96485514096346,28.9974800293658,100,0.0664332345941167
4.98762031084907,19.0426585093788,81,0.00895698899054017
-0.339706562487703,6.51676543287939,14,0.00218339269840367
2.21150687938589,28.1831678994114,100,0.0671348067105116
6.82787463007781,7.95802409729018,70,0.00221897410570539
3.78510261118913,18.1750829747181,88,0.0084853946079906
0.348550338871109,28.7689215865462,100,0.0966521539802681
-0.562351642722462,18.6862615314521,57,0.0109772627319791
4.86548499025525,18.4960403028218,84,0.00828632019734947
0.554420344242331,28.2192422754316,96,0.105970925611884
0.718225639635933,27.7530493798086,93,0.108359357001839
1.652838332525,26.1467117561189,100,0.0642159006054972
5.45610036113963,19.8958579703533,89,0.00970710985372287
-0.820899257543997,7.3756986606536,17,0.0023644457026053
-0.933534573353632,32.7450312936397,100,0.0288817459084592
-2.63735772914769,29.9354656125489,100,0.0472610222424687
-1.01520103183803,7.68787292959849,46,0.00241840190472331
5.63219514935729,5.83157784105743,34,0.00191817653476272
-0.465389267964787,29.5942082360359,100,0.0762149765984195
1.63010090692642,25.0866577871635,100,0.0493668409270969
-1.17475741254202,7.6700283111375,12,0.00243210822685662
4.26719303854883,18.2302887148801,49,0.00856420448986446
-0.904098851720759,6.45131360807963,40,0.00215469336035305
5.23198159084258,18.3555767431035,49,0.00809505638195265
-0.169374234273197,26.9627903088785,98,0.0996324374349862
-0.935577391031887,26.6917711113037,100,0.0823455123427951
2.09309098282723,23.7704992779735,100,0.0322412628500163
-1.37088080398662,31.4158608343472,100,0.0409572971865411
-6.00956313379573,35.7797639142316,100,0.00919802957645151
4.19711181192569,18.5041029494729,86,0.00872047276512515
5.54620758847716,18.7915015212875,82,0.00818856645587697
5.03314651121722,20.8977023191553,91,0.0119297061016055
2.58801394018244,31.433057780168,100,0.0340637408856979
0.860511439291685,5.83519482479462,32,0.0020408664770764
2.40535587914339,22.8003532630804,100,0.0242135039047611
0.296251189161446,27.5221922472616,94,0.111065262512043
-1.10466767672785,7.49302559926137,16,0.00238899946532781
0.836129914939139,24.5681679019163,100,0.0466322011181841
5.77879612361273,26.7492049178735,100,0.0224557131199795
-0.283990428172756,27.3745688536888,95,0.108477574052759
4.45689846754635,18.7771105920436,82,0.00896971406626288
5.37839206351407,19.5370354344081,83,0.00930921767375317
-2.26647422810151,30.1689645086013,100,0.0491074297150633
-0.436775258402096,6.37649629596588,56,0.0021354480423655
5.43965477400503,20.8280608898241,100,0.0111164973265994
-0.775359847904204,7.7580455196249,39,0.00244176130287688
0.828420925013508,28.1501686314407,99,0.0992973379373196
5.17604370511311,21.1682526268732,83,0.0123780067538539
7.12712107868734,22.1767123598537,100,0.0107514556691097
5.30154399827557,19.5943750322334,93,0.00937660969727344
-1.33459028533272,18.4764257683471,50,0.0104431236916966
5.25180047615259,19.1768637547601,81,0.00892851360525065
5.36958541720008,18.9097375183611,82,0.00847007074657416
-1.08373530889439,6.99737056745117,37,0.00226718116570607
3.3903954002599,19.0476895675294,82,0.0101755923176392
-0.282806561606529,27.2442269906021,98,0.103501675185819
0.496191533227729,28.83127181832,100,0.090186158701742
5.19393615977862,23.5776743510823,100,0.0181071275439635
5.74072394587739,18.8551348546412,85,0.00809934560692881
-0.94063006073333,7.98938670849068,48,0.00249080786302615
0.786467026578773,18.6679382817587,49,0.0109967148669716
15.6511831998028,8.88643725777383,72,0.00163104594519596
1.41334382008293,29.0961315173872,100,0.0744961733149
0.134165197539653,28.2291125589232,96,0.109237880032315
0.397683777525782,27.6435951669042,100,0.104095970170325
-0.476281843506631,6.90295759848627,20,0.00226051398371668
0.208273330548615,28.2399626300833,100,0.104299084964343
4.85121856273256,18.8716475133277,64,0.00895671965056692
4.94529652659099,18.3671607350571,83,0.00807790863143973
5.180942419485,27.7040132271935,100,0.0271976494384818
-1.16348786524579,8.51004651740372,32,0.00263211070953105
5.82499679414597,20.7586303797553,91,0.0105956233435455
0.811425768823055,24.3623025887154,100,0.0438559077044619
0.586181914190752,27.8309409012083,99,0.103674998624238
0.790285666346051,28.0337575063934,100,0.0994498910586208
0.316836290967238,18.3678796199842,50,0.010403099723403
-1.76042933767025,29.6506293524224,100,0.0617206194563816
1.07892174909448,25.6335350436236,100,0.0623918958406599
0.667258604135615,27.3415231345769,98,0.100843706284565
-0.828314066820625,27.5331582634289,98,0.100052637331745
-0.00222067936352233,27.7763229690891,98,0.108598679299347
4.72179137172001,18.5853753363601,83,0.00850789402569164
2.31807728964775,26.7689297070547,100,0.0607252483298975
-1.50181286396615,27.0645079446454,100,0.0781786434505751
5.45015583785531,18.8383111779887,86,0.00829061135412165
5.36845983884644,26.4248189135259,100,0.024519025963651
-4.32375122293181,26.9284854496717,100,0.0339375947228285
0.10124025858894,31.4426453889472,100,0.0439797359246292
-0.298371429984202,8.6303712191151,38,0.00266939887513128
-0.513166663213938,8.51195214816627,16,0.00265140084621197
2.88130604139552,18.5578278491213,66,0.00976979211856941
5.53723130419527,18.5753399595687,86,0.00791203142024783
-0.917539583022174,7.26279399694103,16,0.00233842269735722
8.33449310909429,6.60944181284607,65,0.00189213498058155
-0.342792482635752,27.4446802010574,95,0.1087899539243
2.24667231060563,27.5085291494,100,0.0663440645688444
0.286058079801144,27.7975444258268,94,0.11252535717025
3.70116330812109,28.7511297561427,100,0.0409978530417222
-1.16533842869914,6.72346716992968,35,0.00220963088829603
-0.066165815879853,6.11036976227464,33,0.0020950940148229
-3.51560499219856,18.2779247156217,47,0.00910744083426321
2.52183312305393,6.08136119695685,48,0.00205582139678861
1.34104109451655,29.7488641072783,100,0.0655199281467555
3.41984188472202,26.8972502821717,100,0.044393960589308
-0.725201585380813,8.6210673037999,42,0.00266091200448987
0.115264111941701,5.9854184061076,34,0.0020709693415428
-4.02021131584884,18.3381576775273,90,0.00856515531755822
2.71331928494834,29.8180368294053,100,0.0474109542284073
4.80115169902661,5.83333964139914,14,0.00195855591879311
4.72964193776523,18.2273107176644,47,0.00827930914722473
11.6154840599168,8.71975545903374,69,0.00196418606060235
3.8051037829465,26.5873749302667,100,0.0384577870395062
0.497456405233716,6.39653015093394,27,0.00215247231497341
3.96201628918617,18.7298419393717,88,0.0091927880681032
5.81161022207178,6.44606785349294,39,0.00201132282320177
-2.36711928833581,26.9276239801952,100,0.0610654031630471
4.33111726869695,18.4996920968227,86,0.0086282708910101
1.22031846076301,26.3076470606483,100,0.0724437411605993
0.066753720471232,27.0590335333004,97,0.102574786445702
3.8759760566463,29.389840860225,100,0.0366826770122506
4.90429548937205,18.186206107712,90,0.0078394903245901
0.356644333236048,27.7507024453667,97,0.108220273522585
0.0659154173089194,25.0982375464848,100,0.0570141551425777
5.87530425671175,19.194081487679,86,0.00839350333266289
3.21084227279463,29.5497497485192,100,0.0433621491091029
-1.19579914577358,8.01395396072124,39,0.00249909076607186
4.47440327631502,18.2476489693809,66,0.00833733972863729
5.57964233587946,19.8599471563541,87,0.0095461723060511
0.903650445484643,30.4692910513221,100,0.0570791355025132
-4.55733460856443,17.2072772431201,100,0.00693591275245273
1.73965810959466,26.059096553247,100,0.0618233585899628
2.09062018990222,25.5393385634693,100,0.0508571997219856
2.0610513949976,22.6693274694396,100,0.0243280326521074
5.62916488714687,19.5881444460517,86,0.00912137970739145
-6.79041449154894,29.0499083033166,100,0.0174144211936626
0.136102116975372,25.3869676952959,100,0.0623382080585534
-1.15847062673273,18.1892257132593,50,0.00992153725807094
5.7153353599967,18.9143300951308,90,0.00815573012877327
1.78572024529966,32.1650342164061,100,0.0316330785975757
-1.17794020196709,6.87988565113767,15,0.00225222386892265
-2.87777803578657,27.9375441603237,100,0.0549800083480739
5.45644413170667,20.5907063554514,87,0.0108419441434537
-0.863532769147381,7.89863993152063,15,0.00248971795659461
1.10919271250824,18.7418984730984,89,0.0106164301722675
-0.484064429495326,6.12187243894904,43,0.00209189600447496
3.20788126871497,18.2560348619913,50,0.0092207212125859
1.91199478263617,29.636987079561,100,0.0598443443703216
-0.439542389642373,6.79960415327774,30,0.00223370583603237
-0.0161275149545353,28.8487272293701,98,0.0982665823823623
0.525763431937133,32.1017668255164,100,0.0355119551868415
0.745900440169867,27.3484158198567,98,0.099796895791707
-0.341072034633563,30.4134955224378,100,0.0604910907422686
7.04255247715268,8.68731233354112,71,0.0023516249034048
5.75409316412302,19.7063379713511,72,0.00928393509395398
-1.24482349441213,7.7056846296602,37,0.00242484891958303
3.25713595873479,26.39792095867,100,0.0441477229735282
-1.7112165664107,26.4196248253351,100,0.0670803097057476
1.43041363606529,25.1131441265544,100,0.0512844424843009
-0.438490847890068,6.50797449070805,45,0.00216658883813084
0.541861325506782,29.3171251930406,100,0.0812068788212892
0.41400551388002,27.0556641374818,96,0.10181903574349
1.03375577671026,26.400677504975,100,0.0763190910544871
0.505806487833135,18.1782232174731,84,0.0096788956606301
4.93508743969286,25.0952838764273,100,0.0238626022756799
0.648889593087386,27.3819142452225,97,0.102545099462692
-0.619646263493496,26.0381802566131,100,0.0734835231698095
-0.150807504625704,23.2426504782186,100,0.0319948061990899
-0.535572759499731,7.12357253727999,19,0.00230873027344916
-0.286322656002966,6.49931376933667,47,0.00216443333489487
-4.95764939795848,31.9825665312831,100,0.0194308113422888
-1.06957837580915,6.81450702094406,15,0.0022395925595787
4.28973760884139,26.8511914982776,100,0.0341028782397528
0.836126564932136,26.1432586462898,100,0.0737922805373123
0.336256043337184,27.0893132769902,98,0.100908861451749
2.26520468209208,27.1076091029011,100,0.0641021310524755
0.0228234806717924,28.807822592501,96,0.101035129701873
-0.106276991794169,26.6741999507371,100,0.0883286980174367
-3.47573411479464,31.3989174232046,100,0.0289880958433185
4.53103945598101,27.2167422669399,100,0.0324183887034165
-0.460869564980333,25.7980495217155,100,0.0695887531377008
-0.297509848967677,26.2628769294008,100,0.0797177160169522
-4.11994277061055,18.4626271696334,84,0.00872533562613976
-0.421940033664777,7.85059428191035,40,0.00246606201937206
-0.715352202048383,27.4056840465669,89,0.110861596944757
-1.08749102450618,7.24379628980175,17,0.00233174997498043
3.69167768650527,28.9673923354365,100,0.0403990349819376
0.313241811548054,27.5356117529259,98,0.10632471023154
0.9427771693181,27.8323516154263,94,0.103192112991528
5.95179253500168,19.1112755053627,90,0.00820434470714195
0.610156816441891,28.5828607671064,98,0.0990684200808712
0.607325546524872,27.6698676605462,97,0.105191560439802
-0.730740344719027,27.0462806642936,100,0.0900971253204526
7.870213451941,30.4130069569929,100,0.0127627864056633
0.376444782772338,26.9911921603616,97,0.100003134727107
0.025620072260211,28.0534082063538,95,0.111874509977753
2.77775891359622,27.0124337751976,100,0.05453333013361
5.80443669212647,20.0575886183338,93,0.00954295050118492
0.407522727637378,27.9880955166487,95,0.110093744945364
-2.64989143155269,24.8493391884224,100,0.0384697568625487
-1.15726035847217,7.89545594751209,35,0.00247296667210234
0.454125987818833,6.19115320748413,34,0.00210926094816354
1.59104664732686,28.7590347520455,100,0.0755374158542451
2.24687691685123,28.9872214250772,100,0.0616625470708992
1.09647241693167,18.517514366899,87,0.0101928090925627
0.873914793083074,29.1876985619722,100,0.0804878812548111
12.2730677031804,5.98204874787715,60,0.001571763544325
5.73672010694226,18.7168027085055,83,0.00795344920048291
5.59393284137181,18.5904422887565,78,0.00794024513310675
5.82778735516483,20.0012535790767,91,0.00945685272626526
5.71471054962546,19.5868837140019,93,0.00898280362795831
9.94502746365339,29.2855904648436,100,0.00902255441695051
-1.03716875389705,7.17741496361901,38,0.00230628815945955
0.10812122042299,27.0354876051159,97,0.102097592890641
0.483114619036711,18.643962923523,49,0.010989914547263
5.39204905524222,19.4720674283591,87,0.00916982474560566
1.81220504915393,28.3477260827659,100,0.0745058771579393
0.885024667052571,25.7041837283161,100,0.0652011953749453
0.172090699180518,27.7179935872123,98,0.108094861773717
0.910356978254754,30.0558163199542,100,0.0643255028173771
1.2866861879851,28.0132428619259,100,0.0863582654247213
5.78324332532015,20.9955469894242,82,0.0111501881057531
0.376757806139452,27.1398751265899,100,0.0993709065824251
-0.788280324521741,18.3931167429479,51,0.0103877040637988
0.366317280169245,27.5472491443474,99,0.104890235087841
2.27154059325378,26.8125061470099,100,0.0618783910899835
1.71264278604539,30.2086935741575,100,0.0545116468910142
-1.19620220866652,6.81572756596786,42,0.0022249647889487
1.24879204605507,26.8493611166308,100,0.080100145269922
1.62381300567708,26.937353659044,100,0.0746751994113689
0.861996862402192,31.0740425116463,100,0.0476958929161147
-2.24107472348479,31.8515787225743,100,0.032418848527701
3.50067860589526,28.870801921623,100,0.0431499934679379
0.809051947893076,27.3084605065487,100,0.0965146109621406
-2.90334826004222,30.22999134369,100,0.0417685922275536
0.718225639635933,27.7530493798086,93,0.108359357001839
-2.76200465843038,30.3862035089983,100,0.0418320218962913
1.01757009010485,29.4701228379362,100,0.0739373364305212
3.6883114484457,27.7112271707376,100,0.0425040966945302
5.05045488625059,19.0985158925115,81,0.00898526249762928
-0.626826892126209,8.89474357381539,40,0.00273956287146272
5.61544458360778,18.8256537014051,50,0.00839800066910727
0.426810902733243,27.0259948318105,100,0.0972687428006243
3.85909353522711,18.1517561538727,49,0.00869810298877118
0.813760380971189,28.4284330493691,98,0.0981843868426857
3.41397554809336,26.2095983443903,100,0.0411791481207909
-0.177277699435561,27.3033250145025,100,0.102630504174301
-2.07050292416313,29.7986556926308,100,0.0557364563989031
4.53777544993482,18.4761618179137,85,0.00846940714050597
1.64654465833416,18.8223028937281,77,0.0107510215734744
3.11786857337074,28.4111204457842,100,0.050189521630983
0.841620619477481,27.9199362722141,98,0.100879965676651
-2.44467712030805,30.3058384460643,100,0.0457592008065307
1.05401318801352,18.2527508703901,50,0.0100669527208468
0.357121161442915,27.3358237894605,100,0.101993012189784
1.78104963658279,24.1849218283952,100,0.0376103554768238
0.565815364925111,27.4186487788281,95,0.106190590048532
5.45111612745562,21.1884521437172,87,0.0119272379036017
5.80998675772388,18.727170407019,60,0.00805879075010743
4.16232332527062,27.7838377933032,100,0.0367216040223434
2.65198530438663,28.4018130640057,100,0.05805094011097
2.67604157292588,18.7280310778568,43,0.0104408517863223
-0.0316364963360067,28.4486395548439,100,0.102595206401496
3.31180578985668,27.1772484090235,100,0.0468671725583639
-3.18775195479463,18.7610844817877,49,0.0101239663702255
1.98641711939318,27.5450696028911,100,0.0717009633362379
-0.576255209501529,26.5318863817198,100,0.0833316678666958
-3.14411970856896,23.414390449805,100,0.0252774695566334
1.05489284111336,18.2328273345579,51,0.0100180276727925
-4.08913394183879,29.0224898069681,100,0.0357519179796053
-0.636576574198746,7.94202114938915,45,0.00248397006940453
5.85692757537793,19.2214797924784,81,0.00847816988177093
2.95125427239655,18.2078724113068,52,0.00925940280632168
1.55198327831095,27.6937123382043,100,0.0810522777795691
0.497990163061666,28.0757025457159,93,0.111172994875236
5.93353980724446,20.4659333192368,90,0.0100202014463544
3.44717554931379,28.4309635063352,100,0.0452312491100382
-3.21274730315079,26.5955689096504,100,0.0458197332981027
2.1409438398997,28.6905114368319,100,0.0659094172187265
3.3846309414151,28.5660335697219,100,0.0457593305417886
-1.89291987897568,28.421406340209,100,0.0724746038630369
-6.75871356263928,28.6336698420531,100,0.0178006057697875
-0.973299524111836,7.52629354795934,38,0.00238573414954997
1.92684433454919,24.2987205865112,100,0.0380152345776803
1.10368024063057,27.6359899052206,100,0.0895267509303805
1.80836825850743,25.8090965253629,100,0.0575292194671534
12.7531366530013,8.82869466551511,72,0.0018762390860729
5.59178625014356,33.8136634047892,100,0.013054750467163
2.65307655636545,18.6425735804492,49,0.0102224875796693
-1.3046046792053,30.9832334354971,100,0.0468387083494561
2.22192576081221,19.0006261328336,93,0.0106782439304873
-1.05118692001578,18.2334710469453,49,0.0100401760373435
0.988530689558377,25.5780949598724,100,0.062146831865418
5.30629634494426,19.7402349108702,80,0.00970794278663968
1.88471879414397,30.4264749026992,100,0.049916099024121
1.62381300567708,26.937353659044,100,0.0746751994113689
-1.12780747493381,7.42334174456085,34,0.00236249978709966
1.36578635122572,23.1343074010266,100,0.0293167232916442
-2.95671280130467,25.4484841674643,100,0.0408755195727767
3.85838173577521,18.258707953487,82,0.00860610009982097
4.48218101102011,18.3836345611003,60,0.0085604806163835
1.63042901491235,18.1902034747719,84,0.00947973649492607
0.595858743175425,28.6140135212289,97,0.0997732950999442
-0.447681902697123,30.9671360090757,100,0.0506379483873103
5.42879986204451,18.5664419810354,73,0.00806022215569517
-0.189273332313134,28.1986748673122,99,0.105812384914436
-2.15518753469936,18.1720370295079,46,0.00961294391486346
5.79939879121932,19.1356591724618,83,0.00840550064346789
0.225639236286378,27.0743526418449,99,0.100289856698728
0.644725605778714,27.4187056853148,96,0.104031166371465
5.68472146416079,18.6822912564398,81,0.00796368050125283
5.4964851427314,26.1492180880005,100,0.0232323906097413
3.10660759300466,23.6340831864635,100,0.0267230847252778
0.441689143690245,28.1864888047439,95,0.108673458646857
2.14045964227166,27.1143565117126,100,0.0664876107020241
-5.04934510797764,18.8722501830197,49,0.00892070625728214
-0.605632056589864,6.67929136398641,43,0.00220146699432758
-0.967408185764642,7.03408661653553,38,0.00227579431946228
1.68247510959473,30.5811316740031,100,0.0496781938861234
0.400984996621016,29.3359204286877,100,0.0817228227279574
-0.633628749695241,29.1343675381074,100,0.0838690474278759
5.13857515544667,18.1999694117453,87,0.0077312002653379
-1.45490334752545,18.1863275069816,43,0.00990868223594112
0.197758607871977,32.9275010723728,100,0.0280842449968048
0.0298858481169475,27.9562496422158,100,0.106259527737761
0.0553687696428671,31.9322596235253,100,0.0377681999992603
5.24746488354045,20.8067149409811,93,0.011428159796885
0.761834894883723,27.6003464729175,100,0.099507877558486
1.08486456599755,18.2118211020864,83,0.00966285017649009
5.15829801834751,20.9314200425682,91,0.0118159475735798
-1.03480640351118,7.30295009855034,16,0.00234623407403377
3.57692019348792,18.2162699423117,60,0.00887148314417402
6.49272320348676,28.070971890796,100,0.0191936944534871
0.912436187353882,30.9473263345071,100,0.0493644455016916
0.424643353634797,25.2357513193127,100,0.0589119301655483
0.691405001224765,27.0826968646798,100,0.0910318706835074
-0.904435149864939,8.17908209798786,40,0.00254384199976436
5.72930930376407,18.6017920454472,66,0.00793252385956809
0.0911335148344302,25.7505101688864,100,0.0696162232870086
4.44890454919081,32.3032945955957,100,0.0202324144385163
0.699055764805058,28.2812435578121,99,0.100340298968456
5.63614438826137,18.5311616665271,63,0.0079354117080767
4.7919534399289,28.0669468476943,100,0.0303894700908808
-2.05583796117737,29.2481384668137,100,0.0623015351694884
5.82412797450838,20.7009601709626,90,0.0105162408817083
1.01406440683737,26.9214829536503,100,0.0846563573093048
2.24687691685123,28.9872214250772,100,0.0616625470708992
-0.352492493580115,6.21995284261187,15,0.00212372671634199
2.04915818972626,25.7958206440733,100,0.0544484702925161
-1.89378704978341,31.7903923946874,100,0.0345713312514651
0.662943908975964,28.5983138827834,100,0.0963040546644083
5.48640953687293,20.9161950373135,91,0.0113205052098361
-0.476000894176649,26.9945690680128,91,0.105499832847811
1.13084882723927,30.7628294479456,100,0.0510228421382505
3.33013392918951,18.1549670689852,49,0.00900070210217718
4.70109766933722,18.3318421956445,89,0.00814925119038033
5.72573154649072,21.0076170171351,92,0.0111287821835483
2.23992257454386,27.1273465617115,100,0.0646962496811184
1.40377861444664,26.8103124875911,100,0.0770651487793731
-0.999507579955429,6.04144731441831,38,0.00207553630814503
-0.98725928865588,8.37279459960635,43,0.00259084124345977
0.148112600374562,31.7514852215161,100,0.0399090421415201
0.34125414570015,24.0830940833737,100,0.0411661397361754
5.28156573986363,20.920610589512,86,0.0116865825353917
4.94069689696535,27.1963357390066,100,0.0287740158416241
-2.86679143059747,29.9485486669656,100,0.044491173455807
1.46886195941316,26.452362310659,100,0.0712074222940004
-0.660805719047557,6.89179273970577,21,0.0022565457640068
3.1696044806192,18.4586581868307,90,0.00922885040613826
-4.57971387474171,27.1123470222925,100,0.0318110540315735
1.60395633067441,27.7200285198915,100,0.0800408823537839
-0.325257652499728,18.184894031212,50,0.0100362930659939
4.31262944541364,18.8817693221392,49,0.00952103570924902
0.78995232922052,27.563073142036,97,0.101896023861988
-6.97790717135058,29.1398140205757,100,0.016603862318277
4.29424636278879,18.376504388982,60,0.00867290044286674
3.59917404198923,29.5832901581555,100,0.0387288792377393
-2.63215449254989,18.5475285239353,45,0.0100934268050923
4.4137413754452,23.8045485060582,100,0.0218155682052219
0.534009514270752,27.0074973083424,100,0.0916167427731203
-1.21178374112563,25.2638192375026,100,0.0551998464608315
-0.964459457973503,8.05701613731285,42,0.00251105935293115
0.314135831383243,18.1615555099322,43,0.0100620346325291
-0.956303006661746,26.2182021028915,100,0.0739914501019438
3.8874981563012,18.2439318752606,55,0.00877145463504079
5.0425075658857,21.0153367144904,87,0.0122108745344263
5.57707907481608,19.2382434255864,86,0.00869861667911705
5.91188524429629,18.7756533254069,86,0.00787406564046605
-0.257587837099552,29.6722896755476,100,0.0754872639612135
-0.391457762438354,29.8656495524403,100,0.0710635391583368
1.48232545772985,18.8285669707719,49,0.0111622847056562
2.58071936722088,30.0479400448821,100,0.0468542345945609
0.255030851297067,30.9076010899259,100,0.0519578160559753
-1.02076758235738,6.56802159963317,34,0.00217986532843234
-0.208358230605056,27.2570005628377,100,0.101941856540561
-0.230771209454287,8.41530750834306,53,0.00260146777351273
-0.273648317153901,8.06350358503867,45,0.0025161911705065
-2.77801070985728,25.2367145566359,100,0.0408055754389372
15.5815106900252,8.61616559264184,70,0.00161015764453651
3.54928271477592,6.02948759624713,35,0.00202583492333491
-0.109418093409049,29.7004188251733,100,0.0752130409085668
-0.485807305992574,30.0442234456777,100,0.0671030873376327
5.57219675292622,19.604709273853,91,0.00915578144438065
5.83082481730364,19.6668934917142,94,0.00897289406144923
-3.21714246472633,30.6625136961263,100,0.0355895143143513
6.10131460173475,8.74458123084841,62,0.00244037242698299
2.55113944301455,25.5320261119318,100,0.0457990164378537
0.880616088356244,29.8569489591495,100,0.0682158212523065
1.36742611367154,6.1379751977492,30,0.00209349154937947
-0.345685327989339,29.8495114735796,100,0.0715628096358628
-0.426459265563052,8.87864123778116,41,0.00273581521894713
1.29355878935465,22.819806293799,100,0.0270341104104259
0.491473041165509,27.3347336988262,100,0.100808990444448
1.33402124072797,28.4618764127499,100,0.083046946862589
8.72606275149141,6.10741460064123,66,0.00179573865650218
0.0648614220634005,30.3300906338903,100,0.0624982367689855
2.80150182600401,5.92616556309048,32,0.00202799971204233
0.688825281628178,27.5882989753262,98,0.102564368114168
-0.902931310358281,26.3631324968639,100,0.0771569316671857
1.96299127605361,28.1762316319908,100,0.0721836268590774
1.83804818979817,26.209129685003,100,0.0624653488076297
5.09623393666695,8.55644838525204,62,0.00246458747709567
-0.155183334849776,6.00510408580307,34,0.00207462176504389
3.01208595910913,29.6930071985139,100,0.0447847118508194
4.90816479583721,18.5003448510854,89,0.00822927685391818
5.81047893782721,20.7450530404318,80,0.0107178009274934
-3.35153095560017,25.7710199008792,100,0.0392114390179249
2.23517221177779,30.2256978318667,100,0.0488098315309358
0.104568925567942,32.5964490260789,100,0.0309270258317858
-5.01285390247328,18.6572433962683,45,0.00867730309963313
2.29887684544709,18.3802642956265,47,0.00992313001389563
4.99380347550819,18.1631887672699,85,0.00778869649028467
4.39066431477233,29.5628194540988,100,0.0311775898544695
2.05556850456628,24.602622805615,100,0.040412334723726
0.79268357966621,28.1623700589955,98,0.100806155653192
0.611854019442259,30.1084022247616,100,0.0652523333546817
1.68535857438541,27.7026328090514,100,0.0783294618041566
-1.93943276601867,26.8889925407464,100,0.0684572512880986
-0.633426802782174,6.48369237189903,34,0.00216590113617338
5.43344518264864,29.003258013741,100,0.0245534094622375
4.66316336692251,18.5060555185631,81,0.00845555200234071
0.390473333670044,27.4394585042362,99,0.103827437806075
0.0996442660572839,27.0014028021591,100,0.0985198215264568
4.68420660531875,29.078422378386,100,0.0300081008768075
0.417869331796169,18.4685263447814,89,0.0101834440614409
-0.24032333705112,26.9847336173688,97,0.100735253421262
0.261455102056062,26.2288427852352,100,0.0791510850497753
0.29294121556546,27.9402287148163,97,0.108777774156383
4.54956133210921,20.7000038740308,89,0.0122275173541374
3.04059701334329,27.7883968969921,100,0.0522151338569256
0.897066853527028,28.3396393369196,100,0.0914528284934096
4.63641394210458,25.7340838232932,100,0.0278380087136454
1.12791337190478,26.3286343454497,100,0.0739532527241205
0.302863950080608,18.1578061756769,51,0.00997513475806437
11.9436781936847,8.7795724181786,73,0.00194188963381738
3.46967130742784,27.1447596276443,100,0.0445375635275253
0.702396540880503,8.80833231012516,47,0.00270923789183379
0.564801129017209,30.664884539067,100,0.0553083677107841
7.55886387485929,31.7824194687262,100,0.012133992558755
5.25350710731726,20.5684176364681,91,0.0110149708438281
-0.650177573176657,6.76757065283357,53,0.00221451355728913
0.963445330027856,27.5816784564211,100,0.0916810521266337
0.610156816441891,28.5828607671064,98,0.0990684200808712
-3.75295117877532,18.8246051257053,50,0.00983803294712433
-1.16359111243496,8.16686159574731,35,0.00254049990035183
0.797734541308175,27.1560110497421,100,0.0906230328122976
-1.78482975827968,18.4483248381399,50,0.010236513701119
4.47877520870416,25.9852760820151,100,0.0298688886513711
-1.80615350742513,18.9392654488709,82,0.0108737321381499
1.54562743672761,6.14149491902552,13,0.002099353560242
-1.15814624834037,7.22409162229165,17,0.00232647941190768
-5.82799324124605,18.5754978967411,49,0.00793704760175581
0.066753720471232,27.0590335333004,97,0.102574786445702
-0.978936638814615,6.08493869757299,53,0.00207741947999034
-0.38392831276323,28.7147532440683,99,0.0982618167773994
0.756133984930101,28.4891264942634,99,0.0973995737855051
-0.447352885180455,27.3184017116763,93,0.10874537474055
4.21138056476712,18.1857097263241,86,0.00827454748233764
1.43097765050948,18.2765475344294,50,0.0100185397698343
0.291047069584116,6.56092764737201,35,0.00218250626322578
-13.0133908044653,18.7991044548644,90,0.00382597090792772
5.82459663347201,28.1285775242567,100,0.0227798747910793
-1.13079527779325,8.54256386099138,40,0.00263580468439756
-1.12887527999744,6.77357627715464,38,0.00221894438870326
1.11324827944804,27.4347603334024,100,0.088322033993104
1.25786605203214,6.55924587173527,42,0.00217175073447671
6.58364803458937,27.4700010971547,100,0.0187271227115494
-0.937863932530154,7.91751080239312,54,0.00246954584537188
5.37561509837781,19.6093860339844,87,0.00938163209018156
-3.01191682060359,26.246895862537,100,0.0463419168370682
0.582898310753371,29.8948114763302,100,0.0695594075917653
-0.981693133054707,6.71382213783433,33,0.00221054160127522
-0.299393211391298,30.2089373643174,100,0.0645063942888719
4.5436877979417,8.30202487670099,53,0.00244254624928651
-1.16382662512996,7.41717853536354,15,0.00237126987541683
-0.468416652216972,27.1890590602828,97,0.102330728954179
4.94197957808917,18.6861817530499,83,0.00848854797853613
-0.0383709932776409,27.2995720860215,99,0.103972385447463
4.02369062454321,18.7378702127445,85,0.00918890583762649
2.0234241316682,6.11818740046192,33,0.00207876266641031
-0.280472492034827,27.2397874628705,91,0.111534162632414
5.25349095032233,18.7587206328873,95,0.00827431342950337
5.49862039259369,18.6311929128738,83,0.00802378138693039
-1.12340224508628,7.18980522078663,35,0.00230962311844097
-0.222286342849286,27.4682865476053,89,0.117580379674259
7.09360667154424,37.1400209973078,100,0.00683451734982554
-0.070405124779935,28.3212466190072,100,0.103976402053063
-0.943379496859936,6.67939388633328,33,0.00220380142978154
2.52249972831328,18.5250529738808,60,0.0099573512836743
4.35873591366786,22.0598042516355,100,0.0159856292278372
5.824030423972,19.752893639608,91,0.00911863452331826
-7.67273500948741,30.7087721891893,100,0.0130072288812656
5.21942481617268,18.2809513926665,74,0.0078539020939018
0.418353272224889,25.8796280835813,100,0.0714143475390186
1.4279862843892,18.1701285862841,51,0.00980798870581284
2.07917797400256,30.7966851975569,100,0.0437812184171384
2.79530118689938,24.5778246555817,100,0.0350932637923806
0.510255962582455,27.003633651902,98,0.0980695737903876
-0.506932902160296,8.7625833130708,41,0.00270258213687535
5.94027918473824,19.2655396420765,83,0.00844780756601713
5.8130036763412,19.6295101986466,89,0.00898042396083554
4.83625495340656,5.89803747815907,36,0.00195973742708207
-0.570093743621848,7.21918618205196,15,0.00233197960118157
9.12228979957947,8.56512259575008,73,0.00215630096606079
1.80266156317459,5.95523191051279,13,0.00206048091172091
-0.585556925256245,27.3370130858788,98,0.101846618486831
5.82325657363214,20.3738269688343,93,0.00998276899144224
5.88871832479542,19.9048057481085,89,0.0092779197314211
4.68567855510954,18.5235936630075,82,0.00845679239466069
5.70451993021066,18.6816963154044,65,0.0080511089535374
2.33068428328315,26.7026208789425,100,0.0599682971572243
13.2927918565643,8.46475010812474,78,0.00178055395125674
1.35604024067715,18.2343135448084,57,0.0098894873090322
0.753140808777941,27.9611158636174,96,0.104403781648731
5.22261982116824,21.1854435581025,83,0.0123391348076081
5.49084734010547,18.8276701993289,79,0.00829492016468919
0.690289257761253,27.166963225944,95,0.101424881558558
2.79342958800293,29.3738924695481,100,0.0500190592907424
-0.733005194414935,6.65462152204532,38,0.0021980013029614
2.80435672572039,18.5116093038547,57,0.0098153794376618
-1.04965101150492,7.9214960015527,15,0.00249316878720575
5.48944968873768,19.094729560825,82,0.00861425207616124
3.0829099330315,30.7252346206589,100,0.0362216171485912
0.208069310819488,32.834682341322,100,0.0288355093145852
1.12566926980694,18.181948456525,45,0.00996445340887778
-0.68995389230806,7.14027137598199,37,0.00230183819498621
0.291001935364548,27.4446365302284,99,0.104610859157782
-3.37278516374857,32.2462414196801,100,0.0246883378731942
-0.114044592664033,29.2436949641881,100,0.0845651686018454
9.58944800549262,30.5534804914801,100,0.00916534042452263
2.32387985325795,29.3109804682971,100,0.0574607718459444
5.5711072963876,18.2898508571921,78,0.0076132676009596
4.01382287234896,28.2329790772773,100,0.0382409658272204
3.91894093497388,18.9662829825055,49,0.00997214948785326
0.172983601452495,28.3244496857568,100,0.103675391441824
4.78243898776701,18.1767291983621,57,0.00811277470867775
-0.524056137015279,27.0165278540484,98,0.098143456752075
1.14005288205329,24.8213636413493,100,0.048919985978845
3.50317902298714,26.1922635289417,100,0.04006613866541
1.0450343084682,30.0504495885889,100,0.0633482573178608
-0.0824579952776799,6.44589797425786,35,0.0021597129695146
-0.77660917551576,26.7276573846031,100,0.0848239607622745
0.412096492303726,28.0466158745882,95,0.109827480390274
5.66015489733722,20.7441619124046,88,0.0108235541015592
1.93021862365457,18.3858355377104,50,0.0100593548937044
1.57314098478532,18.9138167876716,90,0.0108187548415173
5.87371933917409,20.0727651035524,80,0.009609669262912
5.44235467799491,27.3876636734608,100,0.0251607172511833
1.29934014016951,24.741942591251,100,0.0469059110033668
2.82988795763903,29.4040883181073,100,0.0492861884444518
-1.31810064951148,28.558503734293,100,0.0824771384863661
3.6408572416811,26.4015218297815,100,0.0395450637666634
-0.866539769987144,6.17919765150416,15,0.00211299151267259
5.79293804860798,19.7741238470816,87,0.00921145264712341
0.238361768026889,27.8080540548298,95,0.111599113873084
5.16122455667618,29.0679797864596,100,0.0263189269159181
4.20131099842072,18.5858909407437,82,0.00886650308918131
0.73944904169442,30.6752292088728,100,0.0544474174440531
1.94034447548101,18.8380009478609,89,0.0105280110063455
-0.778179102222506,30.8134086605217,100,0.0520240271382883
5.76418880870227,19.9557790396506,87,0.00949459163109129
0.23233422974374,26.1513335422731,100,0.0776473186497852
2.3281735241055,22.4701037572675,100,0.0225297806573309
-0.219416636908266,28.7432993776318,96,0.10175859313847
5.50256144219587,19.1618530438226,90,0.00863122257110235
3.24494849097271,25.937044795437,100,0.0414366903223973
5.42269657358989,19.1357019326712,80,0.00873808288544044
0.0342752626338901,28.6439685708962,100,0.0998517655681678
2.83106698261924,28.2172143645904,100,0.0554241970429794
-1.10798431267316,8.35027857112038,42,0.00258393873559363
-3.79691354639446,30.805480560636,100,0.0303157721747793
-0.364280378851848,25.9589477187546,100,0.0732471947369303
1.16804386533493,28.8097564362559,100,0.082202920235343
5.03662047031108,19.9104916337108,87,0.0101850752533693
-0.358449472122801,6.36359584755677,34,0.00214326432742116
1.77004585447256,23.6170570816483,100,0.0322091118944532
5.12216694828226,20.538586889243,91,0.0111285729910583
-0.0758888914689774,27.5011284855694,97,0.108266863944086
4.96286880709363,18.8960625613648,89,0.0087103918800546
-1.74325053846699,26.8624041858384,100,0.0717484313145296
4.90186718281558,18.3552135977846,87,0.00806492202890086
14.5021403067301,8.63090338322093,71,0.00170033685975992
5.11917395177369,18.4094729638418,57,0.00818714088867073
1.21329364968505,28.6639677038314,100,0.0832122591049436
3.30078060035846,18.5100345615753,82,0.00930742376416278
0.72288140247159,27.6266030473402,97,0.103320621120029
-0.858625121650575,26.7338140213833,100,0.0839678724379198
0.544451240462386,31.1317340408157,100,0.0478615778048521
5.6447278165105,18.5373474049521,57,0.00797455503530295
-0.722580239191931,8.31355235409516,46,0.00257642282860006
-0.459062415583584,6.02403928739006,35,0.00207695151893608
-0.949344757121668,6.93669352499415,55,0.00224649069603645
5.4163397781301,19.0075365634079,95,0.00846555643394441
1.45380475140594,26.1142783994683,100,0.0663728197269374
0.42296114115856,5.89399541691185,32,0.0020540648589509
5.9437488545818,18.9189480631271,66,0.00814374294783291
0.29806159531708,25.4137561540024,100,0.0625782340215221
1.76957983836671,6.08251052294339,47,0.00207019927453027
-0.890686986700161,6.02345517151669,15,0.00208297322079527
1.10332211777812,18.309451343903,82,0.00984689019252865
5.61896461820083,19.4085886834229,83,0.00891098766651988
2.93127012489693,6.34495659857541,43,0.00209756349497879
4.98321728265031,20.6394562664187,87,0.0115490039776933
-0.565941615991217,28.6303064738699,100,0.0969672552475131
-0.114105444362885,27.3915153238268,99,0.104880538904294
1.29335090843769,31.9744059690623,100,0.0350976627080545
-0.905401440989097,8.55350909203359,38,0.00264334139366467
1.37044112018838,18.9508692231664,85,0.011028551295523
-0.395398879900091,26.1436903167481,100,0.0768798904213301
5.53476816369263,27.3651262972864,100,0.0245213534650361
-1.13647525744304,7.46544426559953,35,0.00237146152861419
0.873752299098038,28.0498441939797,98,0.0999998377790822
-2.69213682233333,27.1568866251548,100,0.0566742152337777
-0.211006536079929,27.3186985014334,98,0.104823226579908
-6.04996635188796,33.1227109540001,100,0.0134795933751276
12.9246957988557,8.29897823430965,73,0.00179233735331389
5.62925478908189,19.6055627627056,86,0.00914531154851202
0.0725530091197626,28.1708276509056,100,0.105239771634722
-3.48228433744867,19.0007799371322,85,0.0099965030663802
5.83982096361148,20.8844974242886,90,0.0107898858194956
0.295224954052605,27.435216993648,97,0.106727575251536
5.1860276278933,19.0322015776343,90,0.00871476956506431
0.110363300319084,26.0905049454604,100,0.0766361766020924
-3.56966164657169,24.8805743505188,100,0.0317180124566404
4.90526999107033,18.230590539846,84,0.0079294594643682
-0.971470669740309,25.8270820003079,100,0.06674437146919
2.94221588866912,6.01889620534804,13,0.00204940949430771
-0.554135997286671,32.4979011508893,100,0.0315390428455218
5.91667878429741,19.338719485623,83,0.00855861230935036
-0.993375371035511,6.14830933036504,10,0.00210819701939929
3.33913999268799,18.167768455961,56,0.00895943634793858
-3.52766420614253,28.4587386105076,100,0.044048158996745
5.62185976078251,20.9690168037586,89,0.0112474566181405
0.352699276059884,27.782655614145,96,0.10951017434754
1.17014993138796,30.2565213022411,100,0.0587970925164069
2.55627274747974,18.5404887609142,84,0.00973597449354507
-0.186082217328187,26.2639604223341,100,0.0800838311708944
11.0758942235319,8.8316693882493,72,0.00202880567648042
0.066753720471232,27.0590335333004,97,0.102574786445702
2.19892051254687,6.28542149314305,48,0.00210061080189293
0.917455120340483,27.9233002534379,97,0.100537110470658
-2.0041012717403,22.4197271254422,100,0.0229740146307798
0.967699744086579,30.9625153088135,100,0.0488868999343246
5.48851861914581,18.5174873370548,57,0.0080625348784005
0.461196456613406,29.2756442779371,100,0.0825473884252291
-6.13506845713284,28.4364083829829,100,0.0208895224400776
-1.41808996331661,28.458140488056,100,0.0815110558645757
7.33185965150174,6.51990660845464,43,0.00194397655581443
2.0593340661545,28.012525918018,100,0.0705978091457631
-3.84922667816155,28.865537722827,100,0.0388709263772329
0.00520325421486212,6.06660203881803,33,0.00208678049451678
0.885024667052571,25.7041837283161,100,0.0652011953749453
14.8655297713877,8.76878706980641,70,0.00168518524508521
0.916264312252267,27.9725250055906,97,0.100472970617164
3.74880428308784,18.3532630836731,57,0.00900445989600962
-1.15590644299717,8.14456054507808,34,0.00253559724222889
-0.452325182560367,7.70314330104009,38,0.00243158557929648
0.426893575356308,27.9921551975834,99,0.105258969427456
-3.1349335338431,18.9371205396182,49,0.0104966334424331
3.4767939633464,25.0727451222713,100,0.0335967584703352
5.69346032335767,18.8276212887551,87,0.00808913051548323
0.859346729687826,27.6954910324787,97,0.101348460358874
5.3379990541424,19.2013659456303,83,0.00887401374819807
5.36024333624089,20.5295799492935,87,0.0108593685620749
5.74653084721166,18.8330555854698,60,0.00823508506176883
0.749533844487371,27.95076528081,93,0.10786536416803
-0.730164254083891,18.2697828571902,92,0.00974372933715796
5.93133467362417,20.6734035121472,82,0.0104224572740517
4.99479876166589,18.2167558470966,60,0.00800864886469157
-0.945223571021005,6.60790921632399,12,0.00219926029912955
1.70246891340823,24.0989390042514,100,0.0370998632259826
0.950735854650444,31.0041821605752,100,0.0483488604248285
5.0805036264328,19.0618033906174,80,0.00891722369653463
5.67283336916496,18.6143833668288,83,0.00788107038657637
3.91080850632543,18.3439614077604,83,0.00869006527501806
2.16829353057648,18.6906150144624,50,0.010559351926244
2.40785199375706,24.1893953595828,100,0.0342686820001405
4.10585110270466,18.8702254954648,58,0.00957879373133616
5.91969617326184,19.2581124585087,95,0.00837117570059288
1.74663463830177,25.9226103225773,100,0.0598444004637441
2.25680051528483,8.895642670003,51,0.00269695985641919
-0.491866492566086,6.10629258674771,26,0.00209634602985812
0.611590297742194,27.2570976906321,99,0.0996013406805133
-6.73906699380165,29.1766076173067,100,0.0175296430858465
0.782837849428845,26.3754500076569,100,0.0786077350392333
1.33268502144811,18.4346502853621,48,0.0103801670745639
-0.974519952155454,8.47791645465704,46,0.00261667932483955
0.240957108620848,24.9870798516256,100,0.0548852465969604
9.60030359826677,8.72433253694533,73,0.00214321891473695
4.41184713708896,30.258717312151,100,0.0284792266997141
-0.663769187772676,7.49322893221115,15,0.00239407824778053
-1.21626716408373,8.32375961016833,37,0.00257869347257348
3.12259866579538,21.5780828043782,100,0.0169119938899596
0.0888232902524159,28.6069948941288,99,0.101367999004633
0.661338777007075,27.7808355498534,99,0.102618483292502
2.07343666576628,26.6153645210149,100,0.0634826529553742
-1.04239716041022,6.50891098782087,40,0.00216492687933236
4.44581628436411,29.8414521762655,100,0.0297729460097039
-5.90700239599895,18.2863574902482,82,0.00737071917998406
5.11933837760359,18.8000759991091,82,0.0085169269350976
-0.786985283011077,7.00734848747619,16,0.00228307916801394
-0.132360771733846,27.2119736758025,98,0.103733787452818
3.23459569391716,30.0541469120855,100,0.0397259408551236
3.72519634022122,28.3273798689951,100,0.0416746923355768
-0.828692677309012,8.26121704770743,38,0.00256707467698035
0.384718380560736,27.481208490531,96,0.107602910040613
5.80491523204099,18.8697316888549,89,0.00804212876970435
1.20356379882712,29.3131071545295,100,0.074308026739743
4.00016914865398,18.9034092473988,87,0.00944777660518125
-0.595490048437906,27.1141446095985,97,0.0998626530758636
0.0421474709811351,28.3104188515129,99,0.105212856620638
-1.02614756146665,8.22092138506427,38,0.00255430498696002
5.64019120294367,20.8666229035233,79,0.0111685215563725
0.266898614748114,5.96074327313694,22,0.00207123470782907
0.418340723367683,27.4035961079197,100,0.102192613959004
0.261532937308174,27.2733354877889,95,0.107353428528258
2.68324362086856,27.5820406941438,100,0.0582114659363161
2.56120244392004,31.9150511254755,100,0.0304005174032305
0.678718276678462,27.7115637653195,99,0.102207057099481
4.36876499941279,25.3561303320248,100,0.0283586087041861
3.49147730527439,27.5761066625542,100,0.0451004813080893
4.28912043942393,26.3212371210299,100,0.0326060553266016
2.16412613191952,18.5956561418306,49,0.010380399330406
0.171756737090505,29.2731095116354,100,0.0838652636431341
0.0818694926911804,28.4636405460882,96,0.106716819109937
4.94699902940922,20.9367294592796,87,0.0121917637321685
-0.972009423328631,7.58353362889606,40,0.00239790323901924
-0.666600954897881,5.92155273311167,39,0.00205509695162614
-0.979494701725638,7.13483251366905,15,0.0023097664708539
2.34825130267272,30.5909775627604,100,0.0437315722016461
5.80705107886764,20.5748063788122,88,0.0103610950051021
5.01091306479056,18.2207339007426,65,0.0079713334389012
0.88553834587888,27.5937943030332,94,0.103555011503791
1.41526401961503,18.5040698143061,81,0.0101460496707229
0.459617803339131,27.6015109991717,97,0.106613155667373
4.2224241190053,18.4528861035717,60,0.00883026311044697
0.921476713314438,23.5786835172886,100,0.0343756334409236
1.1460811203439,26.9589871323706,100,0.0831355088032699
1.73965810959466,26.059096553247,100,0.0618233585899628
0.259320801521894,19.0960684460833,64,0.0118769916188891
0.405872705814328,28.3874363263031,100,0.101598967694044
4.24368218468542,26.6287130886128,100,0.0339801446893502
3.43685900716035,28.2922552523774,100,0.0456646492546399
-0.386142846875878,23.4470086870363,100,0.033857553288292
-3.30939580640574,30.0834464515501,100,0.0387727329378636
-3.29971069108935,35.9153532978649,100,0.0116743464432168
-0.639743648109036,7.91097149286399,34,0.00248309437215379
-0.256486197104762,25.086199169572,100,0.056600740941376
0.316737985382549,8.41329992034717,16,0.00262588815492805
-0.2259215059163,28.5635194053636,100,0.100550586379175
0.783744630359326,6.43225513879185,43,0.00215046148474121
-0.942515317019972,6.63059564594302,11,0.0022044425858863
0.915512361214318,27.7907090821772,100,0.0976168134212243
-0.531186552053116,27.2150864420991,93,0.106375418235963
-0.494915919166504,33.2385533397337,100,0.0256006644627449
0.0397886666231207,27.6430460546336,99,0.106949699665383
-0.986709350761428,7.93154305040778,41,0.00248036021770969
0.688894643120038,28.2928908539551,98,0.101400318619334
-0.00222067936352233,27.7763229690891,98,0.108598679299347
-1.03835012916984,6.60271088297809,12,0.00219729971218873
4.77852533228914,18.3676726559992,58,0.00835679889507703
0.671018282969901,27.512401587951,97,0.103381069454964
3.72662360846343,25.986457293585,100,0.0366253171807226
0.828420925013508,28.1501686314407,99,0.0992973379373196
-1.13113274051459,6.90123726245508,41,0.00224415510695963
2.48897111115469,28.2174523418498,100,0.0616413838861979
5.38911438605576,20.306442441188,84,0.0104801528197138
1.35663202723642,25.3957576315292,100,0.0561166193303195
5.44570297138816,20.6594317888005,90,0.0109382070714671
-1.01240781209788,6.90855745563533,16,0.00225967917827911
2.35373626369283,21.657623898002,100,0.018543973723222
-1.12843806971251,6.76359338024595,37,0.00221736920717776
-1.09834317252291,7.82437531044491,43,0.00245168264096211
0.168611296799155,23.6070985403491,100,0.0356797359553714
0.383391550296398,27.5128668442867,95,0.109058984775164
2.81048595353197,31.5505752133167,100,0.0318359233479496
-1.52500780758187,34.0986790398457,100,0.0195570915255468
-0.188832302193782,27.5214249312769,93,0.112967173869785
3.08255490868613,26.4970601414527,100,0.0470275753561429
4.29313671817194,28.3305565487622,100,0.035023466739148
-0.842251081008334,8.30038552051904,34,0.00257973144427496
5.6260228093016,19.3480446593281,87,0.00879294377687532
-0.769334185628415,5.85312647836551,15,0.00205191446531559
0.399654989041187,28.2214589640536,98,0.10536869442381
2.70176282439091,25.6229759029007,100,0.0450240955759563
10.9540946297901,8.67260400246593,71,0.00201532949161855
1.35793527568227,29.3845577168423,100,0.0710959540768207
-5.28648687115276,27.187896272825,100,0.026108754265369
2.05344467322842,18.8415131172286,49,0.0109441482133514
4.77324867617466,21.0322026533095,89,0.0126229800017908
-1.23277653363909,7.99854550020429,34,0.00249783186771136
-1.01253880784789,6.07025970937425,14,0.00209129387829061
2.32443601507008,5.84359987317759,34,0.00202232528703177
1.48486278730083,27.3071536738829,100,0.0805618418063406
-0.0489415416565959,25.1968434194664,100,0.0588152890066745
0.602996025944807,29.5147468518716,100,0.0769307513972416
0.0681487298946218,18.4984430164251,41,0.0107912661152504
4.15723940613083,18.4900619218863,57,0.00895234802118277
5.34662902716093,18.5800358420001,90,0.00802387173453267
-2.59001408163952,29.9667208034405,100,0.0475234570871844
-0.564661610118434,23.956079827584,100,0.0392617447991558
2.83106494389831,27.6477970368636,100,0.0556746845200566
2.8824558976894,6.05771946265565,35,0.0020487484329552
0.394440582194719,27.3352510597242,95,0.107143890971796
2.00985609541608,22.8329125409521,100,0.0254942338274079
5.54612823000029,21.0170334915548,81,0.0115468583675519
1.51951659243558,25.9721814309968,100,0.0633775536247369
8.15411312984038,8.88645243485242,71,0.00230132138385018
2.72039935209746,26.1621070327682,100,0.049532877569237
-0.646412229793839,8.06620787775336,53,0.00250964974399521
3.51422231945208,18.3402162494083,85,0.00889675195667073
0.167344141596378,27.5017867823451,100,0.104622125706096
5.90212184880257,20.3169313458576,87,0.00986654789612118
0.15397485777124,26.9369782355124,98,0.0992165836174228
-1.17569820816903,28.9995045083237,100,0.0794980681276256
5.27652197524078,32.0567254882171,100,0.0180685388809112
1.35655418186692,27.6987372382446,100,0.0849787700529318
-2.89922761125865,18.2599346384634,51,0.00938161075736316
-1.0282307092405,6.33296110388338,10,0.00214396801846702
3.61744866929893,28.328157430438,100,0.0430942522545244
0.296251189161446,27.5221922472616,94,0.111065262512043
1.80767080753482,28.8193575315147,100,0.0709890927597499
0.680173739503425,27.8288374905094,99,0.102409847456409
-3.81686787720174,18.7089236235726,50,0.00959377115824584
-0.591925872162619,6.06685718027899,34,0.00208486956144124
-0.519545721468061,27.0600949441829,100,0.0969673052407693
-0.65197318922434,18.6446686417165,49,0.0109683785700677
-0.796745163576927,8.81262582069785,40,0.00271454882195481
-0.63530313197619,8.23297526601772,41,0.00255968402421825
-2.96913624675647,18.9943728280954,98,0.0101897298890667
5.45786935139459,19.018861568911,84,0.0085268269930411
-0.87770865723066,26.7024910360593,100,0.0832357961102588
3.3363285923387,18.3473061325067,60,0.00921260378425765
1.08028038190139,29.3420200380095,100,0.0754106423220296
4.79420059154333,30.6032314985713,100,0.0247500860368127
2.27455832059691,27.2814137281817,100,0.064889519484342
0.856493471684167,28.5297515086843,100,0.0902405367121781
-1.11529037353479,18.2149277384486,43,0.0100506420661791
-0.00755049731881841,27.7963422748737,93,0.114872968871978
-0.0811956147095559,25.3152931852549,100,0.0610149855759724
-0.0877447994198655,28.7641975679529,100,0.0978087018716113
2.27315430220051,35.7660883066579,100,0.0128940877598118
0.969692249612484,24.0933605562978,100,0.0399389946263376
3.64882860235522,6.01033849361686,41,0.00201703726245757
-0.883637588014621,29.1236844638293,100,0.081462465531426
10.9893972073932,8.46926795053165,71,0.001980918735125
0.330326196604644,28.5507770404101,99,0.101157417112094
2.73220055710362,28.2355112986859,100,0.0571232652853037
0.424193979922301,28.267576870733,99,0.103669338585454
-1.16210708518354,6.21934019675404,11,0.00211988754180879
0.0611431977414143,28.4818407968153,99,0.103200355467806
3.15183503293445,18.2222903932534,82,0.00893301146796248
0.387527458775618,27.2397129591749,98,0.102696100006263
0.635346358084201,27.5318273991847,95,0.106234083045302
0.931355283008144,27.8824612999097,94,0.103424668074625
-0.960007006660216,8.69499154531541,38,0.00268119854332956
5.70093048226066,20.8041778122995,89,0.0108573300426689
0.9640281269095,6.59612391080456,35,0.00218562355689104
0.065884734731527,28.476365161835,100,0.102210559058878
-0.330943510509642,18.3065387415509,98,0.009794054664191
2.50492193524589,25.6764289142391,100,0.0477349415826509
7.92854401731859,23.718734675409,100,0.0111206099088338
5.60382761662401,20.9085413204586,91,0.0111428255853826
1.22263330675516,34.0055961917934,100,0.0203462950248989
-3.1731352954991,18.4845032259626,48,0.0096438617717288
-0.782701267298025,6.9564307483303,40,0.00225976192061913
0.475598117858742,27.0345768026914,98,0.0989065035544141
4.40702557822543,18.627246546838,82,0.00878816239244749
-0.429067544592756,6.18328518466159,46,0.00210252482938414
2.14318272195528,27.375725767953,100,0.0678888832179485
7.60208661455701,22.6698967843879,100,0.0105660529083088
-1.53655444451923,31.0843691353931,100,0.0441489636204718
0.0134798955843124,28.1512229166988,99,0.106549896396093
0.0485520193150018,27.8568187817597,98,0.108655770684319
-0.92585793019218,6.8398549407076,33,0.00223735337151324
0.0298858481169475,27.9562496422158,100,0.106259527737761
4.17180243626332,32.8934007496879,100,0.0190014292637245
2.28342361575003,23.1136161777025,100,0.0265569580368231
10.8434921711876,6.36698752256628,80,0.00169927857046763
2.16550146424641,25.7129604816365,100,0.0520684632940408
-2.20535421626179,18.5853133711503,91,0.0099100834979156
-1.10259843527524,7.02729143488094,38,0.00227288245176935
3.54498968910319,18.5401255868597,86,0.00917843407692508
0.82103301979394,6.45420094849992,32,0.00215965819805998
1.46154683587674,6.1946444763814,42,0.00209785091207412
2.06186339788938,28.8508043439442,100,0.0660871849004965
0.0932512937079322,27.5634273541048,99,0.106401252012182
-1.33039116140485,18.2014574218751,56,0.00984423872991581
-0.87121136379699,6.11312773796571,21,0.00209757846187871
0.198270104858268,27.2360174440564,91,0.111966924386052
-1.05415402638617,8.54452336873005,38,0.00263888714907836
5.20898544600737,18.8196498001863,65,0.00859957576783264
-3.55867082654863,27.7463018179477,100,0.0442902202629535
1.37817447834614,25.4803269491542,100,0.0572439609323186
1.61290871038868,27.0494891827652,100,0.0759797185168499
-0.686811699079039,7.25523186775119,41,0.00232514823291315
-1.04679448244022,6.14293547353236,32,0.00209695767821544
2.53097788690487,24.7033847208361,100,0.0380533833745756
5.73034055091968,20.8879248972907,87,0.0109811833123675
0.861621987258178,26.7474953830644,100,0.0841480967699972
4.63464507738182,18.4119009716264,60,0.00849828050284899
2.78480646511639,27.8129231535754,100,0.0566300120134171
-1.48327411534317,18.2179913570385,47,0.00992129784765117
5.43281403377277,20.9513409717075,87,0.011512366418988
-10.1041648248769,30.0529271253321,100,0.00856174221826034
5.77939366144331,18.8597545989052,91,0.00803670820090151
-2.94319674492646,33.8195430581753,100,0.0184963116560048
-0.390743685920557,8.69470952047339,40,0.00268521679835294
-0.619044392181498,6.24958238850256,10,0.00213061624720848
1.78308294029016,27.7543816822278,100,0.0763836755856767
-0.2542358943798,27.0423202286677,98,0.10064150368879
0.158032209099203,28.1931421016995,97,0.108270384934143
-0.770248674477371,28.8300622062034,100,0.0874668129653871
0.576844481635156,6.13592777281274,26,0.00210162289648742
2.79174623304423,24.9296026111697,100,0.0380382604904185
3.68072079613874,18.6322631944076,56,0.00950365813295144
6.04155345654737,25.1822409065859,100,0.0186642442421795
5.08671641511327,18.5744160935279,83,0.00824261624077832
0.909833598389872,31.9464200188798,100,0.0364730187903274
4.17568725284099,18.314541472489,51,0.00872777525742595
-0.896034359682918,6.14536526916592,47,0.00209212501500515
5.26365867431138,20.5049546262063,87,0.0109382892119639
4.5461656678907,20.7616357381377,87,0.0123957297970533
5.39570151176954,18.2133268156971,78,0.00763960956139133
2.38865054695023,27.1521677905047,100,0.0620754473207273
-3.14676374265524,26.0964577929054,100,0.0436346563568569
5.59981652576484,18.6862864745224,82,0.00802319412445062
-0.35255751132544,31.7052597672287,100,0.0403196259667594
-0.643163239250592,8.79293457384765,46,0.00270625177621703
1.80048975304313,28.99279099883,100,0.0693328348890847
1.33677730932583,27.7205125887504,100,0.085413314195082
11.1490238398886,8.49481960120844,70,0.00197137637457579
4.67097112595145,18.6363660077999,66,0.00873994521484552