-0.252856177250734,18.3760806393396,43,0.0105005503259991
-1.04902310307277,7.40213084350826,35,0.00235806553922368
2.021568924089,26.0985270392296,100,0.0584970369957029
5.88523830304955,20.7233027698963,89,0.0104835959928871
0.465762750294218,23.473994278394,100,0.0340531919950092
6.99489960782099,29.4650216137415,100,0.0162861808764137
-1.17595854256264,8.22706899459123,32,0.00255764691241874
-0.661918862434073,18.1643042911099,35,0.0101143307293969
6.20989301115819,8.75730621322232,72,0.0024294022078544
0.388279574199517,27.9909159048129,98,0.106739785206025
-0.955716927665539,6.64117767200632,13,0.00220553241908356
3.01768181610462,25.8114340747457,100,0.0430865656112968
0.421677849244225,27.4884737266051,100,0.102904333410108
5.9238240270163,20.3633334136663,86,0.00991952973194669
-1.24132279042838,7.58850458897578,15,0.00241007113967841
4.51473062687773,27.1416254801742,100,0.0324658126375707
3.45072378553518,18.3441839756997,87,0.00892197798485018
5.70781096602302,20.7143835159838,100,0.0105755641881037
0.726876679794018,31.0268558700727,100,0.0488985589845595
-2.88504276581472,18.2667342575747,37,0.00952572094485084
0.370239910045794,5.90895113140195,43,0.00205237295406908
0.0795474188018553,8.22550702874236,17,0.00257619634915612
3.2274362767587,6.6129999639459,33,0.00214543993393537
-1.42582869133481,18.2582779209625,54,0.00994522303559642
2.67994786397988,24.4457134927648,100,0.0347839239498678
-3.64186143412725,18.3108624866057,42,0.00912627054039252
0.931740415223257,5.83177742275039,32,0.0020397083287963
5.22768932231885,18.5819332675264,90,0.00810798602576147
6.14759624871264,23.2553230080004,100,0.0145120247713601
5.26909770352584,18.2841438721222,95,0.00769911373199294
0.256033695485867,28.1201241444864,97,0.108300397517164
0.059524423425212,18.428564595865,81,0.0102061823962594
-5.71586139833081,18.2972458995415,57,0.00764865309028674
-0.0343781917315237,27.4645844907146,99,0.105713675212733
5.69988771287266,18.701504654128,82,0.0079687374417436
2.47676383749022,18.5706739130346,48,0.0101884975447956
2.59937057683562,28.4978639257549,100,0.0586062628294637
-1.40265207939802,26.7954696851192,100,0.0768976996234882
1.15852824545383,18.2890935757971,50,0.0101143842121918
-0.881892969160079,6.99876515161545,15,0.00228091047953906
4.71472866421495,19.1347493703021,94,0.00920122076501633
0.254913354880011,6.23337470846082,12,0.0021279749022364
4.81360542622929,18.6691024969246,58,0.00874377249194769
1.22955090693563,28.1466144987291,100,0.0870001242486037
5.16832769917068,18.4971944350605,60,0.00824416709364943
3.42457131117212,31.0290539817289,100,0.0315818452911452
-2.46805952444083,18.2038103168765,52,0.00948243144622436
-0.936940759965961,8.78633183699169,39,0.0027061342447415
5.00859848557045,20.3162167496195,83,0.0109631847816434
-0.614411166270207,6.23053386843327,32,0.00211700354551578
-0.902777713462194,8.69948542939314,34,0.00268608755765695
-0.601617651812663,29.0464405798369,100,0.0857070304854222
2.69506731680941,25.1717343872129,100,0.0409872929474167
2.38390802668303,26.6734247045582,100,0.0588411382124503
-1.04835905748975,8.63710527705646,43,0.00266051378879689
3.01768181610462,25.8114340747457,100,0.0430865656112968
4.91197579727901,18.197576364575,84,0.00788551375132525
-0.1984777992859,18.4004206581888,40,0.0105879021838974
0.860922289787014,18.2532266985685,81,0.00979853954935082
0.491016762774667,27.2692749479043,99,0.101086527912552
-9.13513749117696,18.2485474871132,36,0.00554460456770371
5.53998221508055,20.9640103930539,82,0.011446346534017
-1.07915502372418,6.22312241115457,35,0.00211071313119064
2.45076230594479,31.1651385412863,100,0.0372814243981164
4.63083711894607,29.8007453937576,100,0.0284840638398097
4.96617720409801,29.0673621786519,100,0.0277633894290294
-1.17928249415873,7.8270251311251,54,0.00244462136479574
9.56208153866143,23.0954582938726,100,0.00806145809329339
-0.123239213927144,27.7176074783499,98,0.108262402669599
0.132252712231202,5.85111171094606,36,0.0020451401226781
0.743646861204999,5.96834326995216,37,0.00206418478483887
-0.801299610393476,8.76754436856449,34,0.00270627108966037
2.05036209116703,18.2225904982765,82,0.00941544517840645
5.79576958770334,21.9567620973132,100,0.0127624674285628
3.30757969108169,30.7317598847004,100,0.0343867222302624
3.65009196906799,18.5858854734161,65,0.00936712918539026
-3.13974958756027,28.0083169236784,100,0.050554429565221
-0.596028125624258,29.8164342005099,100,0.0710275172200574
3.87594277432583,18.664261939751,82,0.0091989330132415
4.12663101978397,29.362757840446,100,0.034264585212055
4.48544197320861,28.3881135175368,100,0.0330057078208232
-0.0962647965548901,29.2057637950068,100,0.0853386307765399
3.43392160710732,27.2988882811982,100,0.0454358500707041
5.3342797923698,18.7182065419401,81,0.00826101338227544
-0.429887725274604,8.23226618085575,40,0.00256159187476336
1.60367049737257,27.0056919052791,100,0.0757305287776201
0.328340239566367,18.4218550910704,52,0.0104919998048042
0.378629314828812,28.0433980554872,98,0.106637737861749
-0.977458548770719,7.58318562626151,34,0.00240121553922159
-2.05735153002506,18.637770629971,48,0.0105256505356696
2.31885750365674,27.7971127331877,100,0.0654355539334704
-1.18150181720042,6.97316716326063,41,0.00225882341282664
1.63481430701568,18.2608591044379,48,0.0099462059730397
-2.1461968227802,18.7024884359976,50,0.0105943635741394
3.27129270422657,18.3618715674109,59,0.0092815800850518
-1.21102663091084,7.02199622898637,38,0.0022704491367338
-0.489547980712919,26.5002867603805,100,0.0833830894064748
1.18005696267078,26.397024498422,100,0.0744188868240501
0.485659848937453,29.2690707324772,100,0.0825159795300313
2.40577895309437,27.2381219351148,100,0.0622004921589415
-0.553683363689624,6.6250453976404,13,0.00220515264372653
-0.924705754075616,6.70144763616899,35,0.0022075410240495
-0.664068138955686,18.5721083853826,50,0.0107956532646525
4.99840971571184,19.6478648963676,81,0.00985760097966585
4.95341999235644,18.9561601188755,90,0.00879215627509864
0.579566682939157,18.3416647014661,42,0.0104102545300695
0.797493465356086,6.60378781094647,35,0.00218858565920951
4.14656598972762,28.0598500470023,100,0.0368535104549352
0.526997182071409,29.0014429399238,100,0.0871171320465104
5.83348804456915,18.7774777996677,60,0.00810075778128428
0.19157650757858,27.5755482517994,99,0.106164788514237
-0.156612457395859,8.7860299246108,37,0.00271378517744207
-7.7027502380076,18.5202135878813,43,0.00658813363567441
2.44866885262216,18.2580625874033,52,0.00958608124589854
5.51544265449261,19.5187563137033,82,0.00916438488315638
2.21032549340636,18.23861771479,51,0.00966358016023738
-2.15392785194542,18.16715343676,49,0.00957710958166566
0.856839153351958,6.01952324850847,49,0.00206784355365993
5.55333463321695,18.579222663813,78,0.00795568412569235
3.78580148254297,29.064153428182,100,0.0389403493183306
-0.29096810069936,19.0239447034317,89,0.0113657835115927
10.5935598496533,8.81077129109235,73,0.00206891683329546
5.43541747668754,18.7711633050239,83,0.00823898457706923
0.360899111251474,6.34879986205036,39,0.00213804891656609
6.00214019900924,28.3675166670503,100,0.0216529857599097
-0.723018715394426,18.7554706357516,68,0.0109722855443098
5.47438476334906,18.8765792981573,58,0.00851832724834976
0.690793793286651,18.2540134207547,50,0.0101340823089395
3.6411273641033,18.6642768960906,60,0.00954719006507092
5.56113867651124,28.2581936743706,100,0.0243992662950439
3.08245749368923,25.3005653475353,100,0.0385214286839347
3.7951870718591,29.7891708650663,100,0.0356870377871287
5.57449993051917,18.9566738303893,94,0.0082872512023993
-4.90717260728748,18.5921063821817,47,0.00865066103425723
4.61190632876579,27.2178984570947,100,0.0316610365689707
1.06611924830909,18.1633295931398,51,0.0098826930029526
5.34604021111999,18.2507554999746,60,0.0078221263035139
4.01425303555088,27.6109686986577,100,0.0383467033078636
10.4858518898392,29.06660895601,100,0.00824354638466937
1.31873968593495,6.61270476534724,43,0.00218130984750405
0.497055272503913,27.1930256456225,97,0.102097400176136
-1.00957677171888,8.3358993685833,37,0.00258492107838912
3.27162951056619,29.1799664823921,100,0.0447555244271635
5.4359840249842,19.9402347768633,83,0.00985287889418958
3.03376904228781,18.2341690215234,89,0.00895374034792906
-0.956918573518511,8.14716647512667,37,0.00253703293744691
2.31215767944906,18.4632823247568,50,0.0100433267229497
1.53384954158518,27.3051788996127,100,0.0795994957958453
-0.434099933920153,18.1850250151891,49,0.0100382963917101
5.83389456207218,18.5697787952142,56,0.00788230158238459
0.386836791453616,27.8505351465218,98,0.106943210901067
3.31899108440439,18.5260140920581,85,0.00929687152806393
0.609016469128801,6.08959831558262,34,0.00208909532806809
3.43776309360807,18.4433870867163,49,0.00940600259381498
3.87902138157926,27.6530502525169,100,0.0400141680827551
5.34795293814874,18.453414264293,83,0.00791711064500289
6.36852817694585,28.66030606256,100,0.0195703660813738
4.48077539865003,18.5498673890263,49,0.00888257798817323
2.18735251016107,30.3712822431106,100,0.0476511682307622
-0.558525343799968,6.6783796463597,16,0.00221471020266012
-1.38899503494649,18.2261353800142,51,0.00992403483684813
0.0232478494199053,5.89490276949334,31,0.00205540836074058
2.67189197104949,18.3876600239738,83,0.00942607958038259
3.99081286391511,26.0404278198965,100,0.0343136410436237
5.55982433964882,28.0630129958494,100,0.0244777903667011
3.70699300988648,29.9657002549028,100,0.0356232327415488
5.77930849614566,20.1215756532718,81,0.00977481320624916
-0.793706270072781,6.21882642446256,36,0.00211182158020102
-0.422170374163074,6.18104204914125,38,0.0021056620053009
3.44050430246959,27.8217848155222,100,0.0459989509165643
0.607127118974542,27.8569446204425,98,0.104497338125504
-0.250195657216766,18.8484579951592,37,0.0116422891462402
2.52483369863796,22.0111156124625,100,0.0198021013913113
-0.314873134307144,5.82281480038138,34,0.00204043262768317
1.08435592924404,26.9228022858881,100,0.0836296249841059
0.392879094547994,27.9450138566374,98,0.106810530451868
0.847112334778771,27.994600675216,98,0.100640217624362
6.42923005008005,30.3999565686676,100,0.0173367005584918
-3.92055657653186,18.4674418275866,71,0.0089593589628598
0.374311655197634,27.12819983957,100,0.0992215978961162
0.833023133843995,27.3856772219284,100,0.0968890527398846
3.2812574554198,19.0281707552463,95,0.0100815915462829
4.31632753646748,29.0832029201097,100,0.0333057038693373
1.81763383276573,31.1213864464363,100,0.0419579681504825
-2.00259565075347,18.3046850474421,65,0.0097333973001524
11.183243609716,6.21976173763315,58,0.00166633524527956
-1.64901198422351,18.2308147854043,38,0.0099835023977733
0.680176036590545,6.19597167810438,34,0.00210904920263669
3.00737415551687,30.1725636867203,100,0.0411733819254018
-2.9261189364627,18.9854724179324,50,0.0107247407767222
0.909937848472215,6.30624287518199,13,0.00213836639737059
1.44281055252651,6.0337143848437,39,0.00206900807485109
5.42022148211421,18.6449048395318,86,0.00807620340339331
-0.544594526983918,6.61897229652779,37,0.002192351000464
7.26983375195055,29.6188600515005,100,0.0151881678972694
4.19613607945905,29.1483406955212,100,0.0342874418442367
0.894599626918159,18.7302971925566,49,0.0111141554527476
-2.72954733350787,25.7328076376625,100,0.0457004243078785
0.476881108052335,18.7617563532198,50,0.0112449331829057
-0.326170464209747,6.00511949811817,33,0.00207470082668051
4.94340653245387,28.9767255360746,100,0.0281036350632389
-0.150986144893848,26.730657841955,100,0.0892697474245662
-0.168467765273508,5.93035203910207,32,0.00206146020084853
3.09629310139216,18.2151608208251,55,0.00917138443140463
2.87871220839179,23.941907305187,100,0.0298070415795255
4.32389907681552,30.7362860504038,100,0.0271274591806894
4.4647258813935,28.02404286406,100,0.0334881789336445
0.623030548962482,18.4045488044476,83,0.0100991641766347
1.66699640216677,18.4852290702557,56,0.0102891901998985
1.34066416601517,27.2809661140418,100,0.0830903407121902
6.34174367754637,29.0012559079833,100,0.0194483064626328
5.71948514059108,23.4310263152605,100,0.016066769384506
0.187078655104954,27.2272453873354,100,0.101647273205793
-0.565502630961612,18.2908393696348,49,0.0102340234334995
0.319542971992058,18.1675821607706,50,0.0100029981202562
5.61465946983753,19.8999878111919,81,0.0096240027395164
5.69042658493501,18.3881300217997,82,0.00762069153912415
-0.955302413091726,18.4003023655084,86,0.0100077196179696
0.243656430365743,27.6784550735517,98,0.107598877693219
2.40322133233313,26.4067661516861,100,0.0562051793611219
0.00317687720620663,28.1622388564997,99,0.106477982484873
-0.109830226592937,18.4109028188109,51,0.0104907735622068
-7.32134653149857,18.4339877124603,45,0.00676241704806906
3.72500274337815,28.34535821648,100,0.0416475435159367
0.263839075998616,27.9616967708398,99,0.106601813272896
5.79552067646764,20.8243194678966,87,0.0107866428079298
5.91044511812484,19.0647900641314,86,0.00820938406109494
-0.785750458600146,18.3251482499606,50,0.0102611073437085
-3.1730930552804,18.44694212349,35,0.00969946741602594
1.5405379393292,18.6628174578642,42,0.010859513512901
-4.22657997315972,13.7677689754785,100,0.00441714093348239
-4.11622246762401,18.498431750311,37,0.00915697363400291
2.54682528841178,25.9937682804851,100,0.050315088604306
-0.854035049921043,8.30307830813661,35,0.00257963395330713
-1.56761270155292,26.3513915722028,100,0.0683151613858656
2.18178253120181,26.2982984521286,100,0.0584660335633034
-0.324387658150343,26.7520804008107,100,0.0889960562768387
5.00398071177835,6.36452696967168,100,0.00200783331384719
1.11449852443871,18.320594815348,60,0.0100840061679794
5.73018131889406,18.5353784260743,59,0.0078984204410057
4.31727730768837,18.404145399992,60,0.00869743390751775
-0.88922432880655,18.2857387686009,70,0.00996195901324095
4.00384353182808,29.7459109786916,100,0.0339169723965254
-0.7561195387972,6.56461958838305,36,0.00218046117194887
4.04607755116602,28.3035894325013,100,0.0377822994382412
5.26530443209841,18.8293800133985,81,0.00845316762392818
-0.00976384570777541,6.00085566998721,36,0.00207306598623388
1.42680312005127,27.4813280037709,100,0.0827739398363675
5.94360545166148,19.2774400432047,83,0.00845959313831077
-0.651751906815129,5.91832783832982,38,0.00205500429197757
1.30498259336731,31.2325010672704,100,0.0435361651973797
4.04219806631916,18.1740965425789,49,0.00862209956202151
3.04889869839149,27.6136375136755,100,0.0519262343951259
5.28879470192731,19.3564094265251,80,0.00915713848325464
5.17068634474872,18.1780730392679,59,0.0078554202041769
4.66240865279209,18.5652483734672,48,0.0087831448289583
4.45330189040936,26.5396850136112,100,0.0317668121843126
-0.152394100977112,28.4380983259062,100,0.102490578622284
5.73534408863668,29.947308207386,100,0.0212103157296415
1.4929947667045,28.5413342297516,100,0.079411924181695
5.66704282564207,20.5328034801447,97,0.0103710455128132
-0.729193373699412,19.0616503181804,44,0.0120097865015568
4.36864168593871,31.1746342158979,100,0.0250221198556604
5.53387151492283,29.2348340031912,100,0.0235785071644868
0.0673850317386594,18.2175431526521,48,0.0101310606876108
0.726450273242107,8.82631048002038,33,0.00272437168981497
-7.9360220803658,18.2849579175933,49,0.0062310520038515
3.98180971262712,18.2944365890941,83,0.00857784075724978
2.73111947746842,24.7869254388543,100,0.0372975708725417
0.320852457743205,26.6244358489454,100,0.0867030448906811
3.25522147225191,27.0029343821971,100,0.0470939543207585
2.73823665533967,25.4428401547005,100,0.0430152350106082
0.47530853083896,27.4875991381506,99,0.103449818439289
3.97363426130568,23.5201365496712,100,0.0224537898618571
2.94080741150613,18.619745556702,88,0.00963813716364012
1.82105534139458,30.9581533209007,100,0.0438439942308247
5.44946242712373,18.8741987903602,41,0.00866067253007739
-1.04476385026478,8.26644249032142,35,0.00256773390128408
-0.319188109803417,26.2218990583526,100,0.07880030714557
-1.12686661739158,26.6505413862518,100,0.079135152578996
1.74793784813859,27.50573942456,100,0.0764370293502181
5.78951234708912,19.8424216558076,90,0.0092832553715415
-0.447350141533443,6.55101393407889,52,0.00217189848320131
4.15374064179901,27.7705103855877,100,0.0368150661687998
5.952750809256,19.9261446132258,88,0.00925053004106554
-1.22863339177967,18.1684234648897,34,0.0100239421687986
0.693303648105491,27.1283932081397,100,0.091585758530848
0.386836791453616,27.8505351465218,98,0.106943210901067
-0.319749565594374,18.4992418979182,67,0.0104876584097362
-1.81246622022231,30.0138444539964,100,0.0561174848870838
-1.13802461943928,6.87645687614551,35,0.00224186572482884
7.16386807559775,29.0389595152914,100,0.0159721346173495
5.11165962763496,20.5655546627467,99,0.0110917588511819
0.347198375804591,28.2761982480862,98,0.105332560077892
0.643501359011898,5.81724934343361,14,0.00204644433635225
2.83529116493141,18.4590243019186,50,0.00977121135955636
0.683863000152527,19.0466296976842,41,0.0120241519120761
-3.16224565548932,18.3213817147646,41,0.0094331068094055
1.30150531038056,18.6184917897239,50,0.0107500027352378
-0.377970852568242,6.30929043594275,31,0.00213387865415454
6.32216277702899,29.3515391456763,100,0.0191968991208483
1.83929347214507,27.0329916887588,100,0.0715820191662043
4.00629298543665,18.4096516824706,82,0.00873485839355704
3.44096047664801,18.2319464278204,47,0.00907734077576246
0.327656953592497,5.96082668659961,36,0.00206510756903878
0.868462141727611,27.4174110981629,98,0.0985007513793431
-0.641143034905682,6.73014525841749,33,0.0022166311390542
-0.973151043295616,23.8971165732376,100,0.0376473934967323
-0.974435653998619,8.10857308294967,35,0.00252832860976015
4.75959338616422,6.1114623365603,35,0.001999570599785
-8.08443906655993,18.9850027436238,75,0.00655537099582336
2.91654801856475,25.0068789196709,100,0.0376582513053904
1.9140772164629,6.06519818340465,12,0.00207972870609706
5.65854598542469,19.4627385928358,86,0.00892419719263126
7.26669375570581,28.0365765246274,100,0.0159396632678496
-0.503569992306402,6.52065232243049,11,0.00218495617235602
0.316618270733957,29.3238301913079,100,0.0823694080518672
-1.15712837407085,18.1648380156578,50,0.00987556050516722
1.1586825702371,18.6590145746925,50,0.0108785021417289
1.19196012565518,18.3853427886474,94,0.00985082729520673
1.56500478586594,24.1659163968198,100,0.0384532190122178
3.15273725925098,18.2336085271575,84,0.00893399896605127
3.25809276596337,26.285416771573,100,0.0434794443589784
4.5598264170216,29.9133869125456,100,0.0286497313055636
5.77801635985283,19.3603763774783,86,0.00868424309697279
0.787374397980256,18.6158961931736,47,0.0109054510121077
0.865297573632851,19.0519721548747,43,0.0119684704822234
4.65902767427706,30.1365307770049,100,0.0271853587510411
1.19928014207307,6.5647474489542,36,0.00217637477326448
4.0470414029167,18.3279229974582,48,0.00885240938326765
5.72801133451045,24.7530542517759,100,0.0190942066835635
1.08380315770862,18.4630118224754,97,0.00998978619923059
-2.11111845219498,19.0112404582005,36,0.0114573473178755
1.94180035500547,26.0480555046234,100,0.058965006400267
5.35662674754914,20.6575528244789,87,0.0110880113429626
-0.839838267900678,7.55665428336879,39,0.00239359078423455
9.29747926259509,26.6174073704857,100,0.0102154197377374
4.60677740724174,18.1619023529511,51,0.0082439913719928
-1.86100823168775,18.3531051123301,49,0.0100332199890965
2.61435634692709,5.91122720907409,14,0.00203691403809291
-0.301340317221531,25.4353290817421,100,0.062984868575846
0.47530853083896,27.4875991381506,99,0.103449818439289
5.84115200920872,20.0914028823626,94,0.0095428625562029
1.82269579245126,18.2765639031358,50,0.00989225802395104
8.77601771844499,26.9513353632475,100,0.0113963483222355
0.797122969776102,18.6263709310978,50,0.0108909762363424
-0.0308874085750511,18.6099063920165,51,0.0109183358715541
-1.07554132822229,6.36643518255067,16,0.0021473777982358
-3.39431840298185,32.7275616131659,100,0.0221712162333094
-0.810537874661109,8.39033808591615,36,0.00260231097618037
-0.864485082141894,7.05309577019115,41,0.00227932163913453
0.873345238992151,23.6804801185577,100,0.0355335094579312
3.47890259185771,26.1687997980692,100,0.0402121549483938
-0.447118629051123,6.55145321869146,35,0.00218003730397698
3.8408038278579,27.502007481347,100,0.0403521630124443
7.11302250803057,24.5891891336895,100,0.0140444746884947
2.41331929009297,18.879841775523,85,0.0104285565384691
2.61315008242691,28.2129381323431,100,0.059335743778198
5.42569657127892,21.0359735443395,83,0.0117338682308842
0.305890145316858,29.1726246187324,100,0.0853656801512897
2.57462783199008,26.865932533298,100,0.0570765277489519
5.60683152614283,19.7208760543415,82,0.00936303148186755
5.62491134034227,18.7564378842353,83,0.00808159358442698
0.788899566792566,18.4587479415334,41,0.0106348879568001
-0.0585882698287208,28.4218437050121,100,0.102894273348573
0.353072633934616,18.159285399595,49,0.00999465275570801
-4.55659677154652,18.4859430076242,35,0.00884488552030444
11.1271801819787,30.498639575514,100,0.00710878384333118
-0.736695643103062,18.1928132704397,91,0.00961334049770754
2.22061638033513,6.66980698365097,35,0.0021814590392802
-4.45815686099052,18.5684091533742,32,0.00906348883120069
-1.0299782066416,8.71667327764866,35,0.00268834456182198
0.388279574199517,27.9909159048129,98,0.106739785206025
12.077678216387,8.08563436568858,70,0.00183538194475223
5.82003970490692,5.88399022535532,49,0.00191324145140493
-2.80339787472863,18.7947683608681,48,0.0104426786486149
4.86049567392891,18.5951976257571,83,0.00842567303131021
1.81300389491144,24.9000706152808,100,0.0455446366205874
-0.895553664295459,6.65170230603976,29,0.00220047504647596
-0.538746143647155,6.25263308677941,34,0.00212078751524788
2.49578911206315,18.2565048797287,48,0.00959869594003529
4.66886236171817,18.3742872687982,83,0.00826436258582861
2.55348917490102,28.7646899805735,100,0.0580129301034957
-2.19802180357168,18.8958231775592,49,0.0109876921525939
12.641146952993,8.34242589733719,68,0.00182320878707538
0.279110319508867,29.9067630360533,100,0.0706060890967364
-0.950374081509527,6.78716775001418,15,0.00223503366704652
1.69868427252423,18.2700167598186,88,0.00956223969722781
-0.247599106224808,5.9110980943338,18,0.00206368171443148
-0.182963961074357,18.5838736061716,49,0.0108809281805936
-3.9712800477207,18.3761176235254,47,0.00898153592671616
-1.09874139194802,7.92399837307572,45,0.00247462478169816
3.12690934481697,28.8090540943986,100,0.0485981342145188
1.28606494358232,29.1347170655065,100,0.0758914339977299
2.92156926317494,28.7099008020719,100,0.0522007869643862
5.67001415017906,21.07185401298,85,0.011409564404814
0.961377109727041,29.0120283320228,100,0.0823074431122778
12.0674872234878,8.39611252871367,72,0.00187752431886976
1.72427146149377,18.170241897202,50,0.00972862259321618
-0.214245378055737,29.2285280897173,100,0.0846282198444085
-0.675064485296368,6.75751514316406,12,0.00223252290495418
3.50063885451776,28.579704728887,100,0.0441079107865564
-3.43446734674334,18.338602569867,31,0.00939169001921635
-0.0840493501566207,26.570872818476,100,0.0864072659867685
-0.950132547965425,8.44669386081372,38,0.00261418642827673
2.89099045196758,18.3801051188081,43,0.0096664435135935
-1.63232671257992,18.7630965996692,35,0.0111306978434148
-0.826974124880289,6.35151634119849,16,0.00214660028194227
2.91851937940057,26.846007885839,100,0.0514153541533916
5.32329171637984,18.8817930594112,58,0.00864537175302331
-0.0840493501566207,26.570872818476,100,0.0864072659867685
7.02439824081219,26.8938368066935,100,0.0166170836769999
1.9363300405255,29.5107332380812,100,0.0610828176954271
-0.153370302323504,18.519304620349,35,0.0109055773494648
1.9363300405255,29.5107332380812,100,0.0610828176954271
0.0579252906084805,18.7757566711902,45,0.0113700597257701
0.710189273951741,27.969151298047,99,0.101863962105875
4.11133004669174,27.2788436986954,100,0.036841619176973
-1.72243523879484,29.7113062149385,100,0.061385304841457
-0.107027846316486,6.16945312723322,37,0.00210461675839191
1.95187703198637,32.1016132422317,100,0.0315540776209311
-0.874376170403247,6.87173378306509,35,0.00224353718726041
-5.13433086181955,18.5698474084278,59,0.00836874351865589
1.61647590811207,28.696961991897,100,0.0756862890281483
2.20590060732541,26.5492516937068,100,0.0606490675007357
2.15190131800445,18.3171564156618,48,0.00985987833229706
0.456463370616666,26.740668276635,100,0.0879892067574325
-0.475937713656581,18.2996460984103,50,0.0102509942056568
3.44248118880865,18.4192530309622,75,0.00914054101858366
-7.81875752114313,18.5785443993109,47,0.00654012278813189
0.623693534770749,18.5424663731876,51,0.0107262236393731
0.0475694864149718,27.2008228054666,100,0.101632129427016
-5.36618061426941,18.1786620819828,83,0.00759018309905761
5.41271921273212,21.0469932137302,89,0.0116914717775564
2.35054252144548,5.92267322548207,12,0.00204529687842819
-0.97004946615774,7.2091709745592,34,0.00231615638510148
4.33923769651411,18.1791848473786,50,0.00844080634807553
-1.22655282273622,6.66920956864168,11,0.00220942032113725
-1.63562108698319,18.2985556922481,50,0.00999788980644284
-0.249842338643373,18.3023113408147,68,0.0100871064800268
3.27781388103432,30.1750611434871,100,0.0384632371297938
4.14059481997372,18.6673229718966,92,0.00894665983410146
2.11352845548755,18.7454983907589,49,0.0107106895670356
2.99704103761735,27.7898279158901,100,0.0529426755112024
7.35465989914988,6.28267920943313,39,0.00190648273248869
3.23226343642493,18.4369853008227,56,0.00945492154075184
3.57734930292088,18.903077371809,82,0.00978980987289704
5.82032614510552,18.9267041641109,81,0.00814975658586256
-6.58932590426771,18.9687297529271,81,0.0076047432313612
0.635485217389032,28.2579427394768,99,0.101397070225448
-1.00534042825398,30.1915192249937,100,0.0611922811352553
5.26692900967279,19.2046094501948,82,0.00894624663713673
4.51787320197356,26.5089558516634,100,0.0311130643881085
-0.618409237500964,8.53071141835383,15,0.00265637691619299
13.1382746723922,8.8838598162519,74,0.00184823731908853
0.264328912840486,18.4451272008733,40,0.0106798846452151
3.95890551832249,27.8116996895278,100,0.0390985642634723
-1.35228559835261,30.780990668525,100,0.0493713909247235
-4.44190165967673,18.8175304097761,72,0.0091224148609265
-0.200089639982246,18.2953651752861,50,0.0102619974268456
0.80436019484355,28.2401416854144,99,0.0990926578356572
2.02254986689852,28.5050237401792,100,0.0694146976942267
4.84198089391814,18.3280612777298,57,0.00826943850662559
-0.322571114609826,6.68261542176444,27,0.00221122011721861
-0.981971413218629,7.69077167186468,33,0.00242710853448208
3.50869001506704,29.4121220294316,100,0.0406220802861944
4.86935904165763,18.3277273518197,58,0.00824406114210746
1.68354917864541,18.5635535704162,50,0.0105061625469558
0.344597469824428,18.8536778466729,44,0.0115532345326979
2.08687313589821,18.513936540534,55,0.0101907668596669
5.28573946811278,18.8927631077022,83,0.00850531480956019
1.97320399161185,28.0728175709098,100,0.0722579854586001
5.80457425060251,18.7291671123258,82,0.00792463607763088
-0.939672075998199,6.00813010100798,39,0.00206935565291677
0.386836791453616,27.8505351465218,98,0.106943210901067
1.05057465608064,30.0211953244441,100,0.063815669980809
3.00234120803524,27.5728543700773,100,0.05263651970297
5.47416837372301,18.9760000251779,83,0.00846632996389404
3.72600481300833,25.8756800195987,100,0.0360665223736298
-2.09123409553325,18.3632035649653,50,0.00995154834015577
-0.37203594124283,5.9567138669495,27,0.00206804920013242
4.81360542622929,18.6691024969246,58,0.00874377249194769
-0.424590043479031,7.05031289803777,34,0.0022853184058385
1.55653176670675,28.5447757659504,100,0.0781798597691499
3.58684994012912,19.0390264505874,92,0.00992084460030404
3.00145033651417,27.2692833417984,100,0.0519207786071786
4.17404933843532,26.1082747090538,100,0.0328984592156254
-0.743516569860575,18.1826533698304,80,0.00969661484142344
4.23432679443618,31.6908831173807,100,0.0235312265507225
4.37509147577451,26.0524854662773,100,0.0309463361358334
7.99176781493455,23.6546296032406,100,0.0109331571949801
5.73614395086718,21.0318336978161,89,0.0111925581214789
0.708714363862263,28.180184575539,94,0.106326372401465
-0.404057362691525,18.7804972306765,48,0.0113219414406533
1.13238540890306,6.12135716539709,41,0.00208809410978898
-17.4098349905919,19.1003587190075,81,0.00257164393697959
3.05565787576542,25.7077401135065,100,0.0418837842696518
4.77376322660847,18.4891494904438,82,0.00835241746858046
1.95722052178423,6.67851274099082,35,0.00218847368870499
2.49363921444963,18.4703132728166,50,0.0099692288124882
-1.13440283148714,8.51879151535539,53,0.00262042133755529
-0.562932562044281,6.46750037380077,42,0.00215931510272762
-4.61806706402163,19.109662903996,72,0.00943239872524383
-0.580681829048337,19.0371209015543,35,0.0121060693514948
3.02170897908702,29.5166833274396,100,0.0459300639835932
-0.391484103796144,26.9662309383836,99,0.0975106179726801
-0.96703099069417,7.43679044776689,16,0.002377589138531
-3.86229353580729,18.8344524654595,37,0.0099008795252013
1.58378299433952,19.1251370489833,41,0.0119290760265245
2.58779700541418,18.9518504931415,94,0.0103761522078249
4.45133717699107,29.199528042008,100,0.0317395539555805
-0.83974572416905,28.9692049660139,100,0.0845039336078778
3.92203848465466,18.2164844666941,84,0.00849584371836325
0.0359096487769864,27.4501709255405,98,0.106709193270767
2.6691699290383,29.9732111472818,100,0.0465421332382627
0.529439031876119,28.1349130079097,98,0.104644051463342
0.23454050774466,28.311100165489,99,0.104620159810512
2.75395721740573,6.68171573593968,49,0.00216470200707019
-0.214245378055737,29.2285280897173,100,0.0846282198444085
5.57502195815466,20.6534532459685,89,0.0107719156265816
-1.11306126648175,6.50516723908011,17,0.00217428376836832
5.34214211160007,20.6767792650553,87,0.0111413291878183
-0.859849652887826,6.46510983658179,36,0.00215966607431946
0.794209796196052,18.4457354253512,41,0.0106063191742121
-7.67075212160675,18.3969846493514,60,0.00643859086699212
4.32190341054812,18.3548791721677,41,0.00876803307712741
0.386836791453616,27.8505351465218,98,0.106943210901067
-2.7794039744925,18.8713311518229,48,0.0106107019999002
0.118090507452293,27.1758704847506,100,0.10116674671787
0.959162640385832,27.6478805361454,95,0.101352925523775
0.450710216940224,28.1531443764181,99,0.104282351197169
4.51192299768582,18.4919552186217,58,0.00870762576723021
0.499271913715963,18.3358591859333,65,0.0101643502978686
0.950107499853229,18.5414313382595,60,0.0105638498493648
1.94862010149651,18.7493535797956,44,0.0108548737194318
-2.3594484519626,18.7843838867352,70,0.0104321805254164
1.13005231627656,27.0830727680432,100,0.0848640266503366
-0.804609242253892,7.53114468084805,34,0.00239085164950701
3.92138941094729,19.0544273353188,94,0.00968633989444993
3.36480120406117,18.7089061324479,58,0.00982433840018718
0.976859141004322,30.587251592619,100,0.0546854011208525
5.3100115123816,18.6023769490497,83,0.00812191390981646
-1.20352346357276,18.7393076300224,43,0.0111285406923493
0.482396640761089,18.8999763354043,49,0.0115824020132493
5.10584541448751,28.3816086031362,100,0.0275927185542745
5.62623154153973,28.6651918306425,100,0.0236956567429406
2.6921977810279,29.1673007075348,100,0.0530370765869631
0.254461786445292,26.9025366081643,100,0.0962940756831002
-0.0045688069881239,27.7732070832722,98,0.108592136464196
2.30132315339525,25.773258228835,100,0.0511332707166706
-1.24060295137636,6.53908913220815,15,0.00218067297594016
0.700471754834456,27.6972674384575,98,0.102896047436805
-4.31304626149756,18.6090477633126,39,0.00917377742766846
-3.1730930552804,18.44694212349,35,0.00969946741602594
5.55659217421405,28.9933632954988,100,0.0237764466110716
1.62321055498052,6.10061191154931,37,0.00208003750215153
-0.364536686826566,18.3987203040847,51,0.0104522603453785
-7.5327336674376,18.9887568322577,90,0.00687928430299186
2.38684008370917,6.647711625206,42,0.00217008420475195
-0.68168700792824,7.96407411570852,16,0.00250712815007685
0.866213082689707,6.14436863711463,25,0.00210183984632682
3.43166307705404,18.3070752275487,50,0.00917773927121189
4.16002060987567,18.5234075961694,49,0.00906603467227478
-2.35877230975918,18.3920038897844,48,0.00990774315862073
4.86474752147448,33.1672958868191,100,0.0162019298274591
4.65895223513904,27.4280574323057,100,0.0314520010749041
9.17239416332193,5.91264060969557,19,0.0017584747466603
-0.271132027362384,5.95975842043064,39,0.00206377382163688
4.28964701562676,18.4178595644694,92,0.00849766215366501
-3.55382111272899,18.7078360939244,49,0.00978326450100253
2.49726018624199,18.4401022744783,50,0.00991128757732686
-2.25473660344777,18.5967175294868,50,0.0103288568406623
4.58285052578852,18.3076780363037,57,0.0084122695780034
0.0738761828336407,5.97352113046322,26,0.00207220168463803
0.765276369115288,28.2828644498117,97,0.101374448206222
3.08032114369119,26.8418566099655,100,0.0489511908831508
5.73885523432067,26.6480184667104,100,0.0225696159590975
4.05958793209741,27.9488528006545,100,0.037894676478585
5.76311360267854,18.9161451543476,58,0.0083382581647538
2.45019796555773,8.40784152744139,72,0.00254751746001402
1.59832029790291,27.1163321081741,100,0.0768609424016212
6.85005724113616,30.7589554562538,100,0.0153324699718197
-1.07683385439072,6.64599097661739,12,0.00220581496705562
5.61425753093637,20.9122290871548,83,0.0112347455737253
1.84014467876705,26.9363341081709,100,0.0707084787979562
-0.536113368735634,18.2596080990109,51,0.0101543799573319
-0.596028125624258,29.8164342005099,100,0.0710275172200574
3.14060634714601,31.1214432770456,100,0.0329019219164093
0.388279574199517,27.9909159048129,98,0.106739785206025
0.794337213842549,27.3399353883486,98,0.0989733917127861
5.8472322817569,26.8278075412638,100,0.0221439314976697
0.726876679794018,31.0268558700727,100,0.0488985589845595
0.386836791453616,27.8505351465218,98,0.106943210901067
-1.23489469370739,7.03145835472368,35,0.00227373189225193
5.14575801013824,18.316789579849,60,0.00803365920968065
3.2062736667352,23.9015822005232,100,0.0278861875588612
3.09199392826978,24.2327860704721,100,0.030649392971563
0.815717099111454,18.1968821865987,50,0.0100033887131233
0.559492102998679,26.7623017442764,100,0.0875527377567382
7.0618118214218,36.2077475161431,100,0.00772591872394449
2.74891330595215,28.8401855124541,100,0.0543010003734991
2.16894176342804,18.6914956775174,56,0.0104943421221592
-0.786706907557573,7.99583028745922,39,0.00249966103167392
1.58882458838478,18.3154279070401,37,0.0101783438094765
3.17603174000242,26.2167242417144,100,0.044067237232624
5.02404785712983,25.7443522504915,100,0.0252377059665606
-0.0840493501566207,26.570872818476,100,0.0864072659867685
-0.00870089093183202,29.167746781261,100,0.0861471374845542
-0.627084222171714,6.59831756062105,36,0.00218815543845543
-0.522985012507047,8.70567425734951,40,0.00268737702913279
10.6569088300732,8.1768793521439,72,0.00196407860135939
0.680366352004191,27.9420349047237,99,0.102349673437667
-0.968383080240339,7.92272034006497,39,0.00247964728518978
0.81594809580751,5.81795964267587,36,0.00203635797751551
0.515405170502906,5.93587059730196,33,0.00206105555583787
5.70766465804182,20.1946604575401,89,0.00988583709830545
-0.827700816284321,29.6453740992827,100,0.072625658812063
5.90301756087542,19.8257416634562,82,0.00921524947396483
5.00212072509051,21.2456016971591,87,0.0127569202628929
5.34489624742517,18.3611617846526,59,0.00796049547416325
17.282938420305,8.08928743837913,72,0.00143321730316758
0.568066405062208,6.74022570440259,42,0.00221473756512219
1.25071983361284,24.0342185230807,100,0.0382975057924542
-0.486255505296075,18.3157533120508,78,0.00999463492478305
4.32864603105279,30.1424041993311,100,0.0295491631716405
-5.66808762566202,18.2863873013076,52,0.00769787738430305
2.23564055250685,18.2378169158443,43,0.00972674850646017
3.79560328725497,18.5278165858254,84,0.00902361606744403
0.0303005466393435,27.7793751666736,98,0.108593912902153
2.03513469790249,5.89316164784129,38,0.00203484031874095
-5.96326748247367,15.2920362325677,100,0.00491530110934372
1.68735969740495,18.1845249233354,50,0.00976687301031154
4.66730602116902,18.5138700122723,84,0.00844181117757896
-0.140512776911568,6.49038269936488,39,0.00216668712160294
-0.059484370299916,5.95583415338674,35,0.00206504410726945
-1.14319039264569,6.84606298822562,27,0.00223941410057365
9.70660478659057,25.7976524692744,100,0.00922700298324734
17.2729000868228,8.17290079278808,72,0.00144074653718459
1.56036100110113,6.64570656556124,26,0.0021928170071852
2.97517514267305,6.64754041552646,39,0.00215668982527324
2.07844403736017,26.8800255319983,100,0.0658600864207644
2.1124484282528,18.1964425320347,49,0.00964583703560946
6.25543155516872,25.0022632427979,100,0.0174809442626698
-9.69271279669824,18.4305430514864,95,0.00517363638689734
0.684302068397637,29.5694184180024,100,0.0752606427383729
-4.62488006909948,18.6630432515394,32,0.00908287808867654
-0.163234962984107,18.6540839531489,37,0.0111857711597021
-0.96879683121307,27.6687804461102,98,0.0982645850551628
2.46033928144507,26.825904333089,100,0.0587330786042521
5.92488420354681,18.8118993403826,81,0.00793677612184428
3.6524050419383,29.49555633189,100,0.0385920592892689
4.01206077330994,25.9680242637386,100,0.0338044759916703
5.42140976000162,18.5178298070501,58,0.00810425846098117
0.256476058115404,27.7780109271663,99,0.106681387663386
-7.46307548957688,14.0592285348178,100,0.00390481773778758
0.382394219603669,27.5434197884527,96,0.108128771457942
1.64640262526958,18.2110387680185,42,0.00990707720741404
8.44481838438393,27.9913385944073,100,0.0123102855290885
-7.42099011587333,8.05767297509922,100,0.00218745054139579
0.72368644587985,18.7335496312417,74,0.0108531231947137
-0.298571879954323,31.5269640645382,100,0.0426844977569918
7.0409720067109,26.8602138142461,100,0.0165348476282225
3.14102250478422,29.4103323235967,100,0.0451126682365106
2.24893739743764,18.5356406736811,58,0.0101291011573698
0.449582568302172,18.5977884016545,50,0.0108796665835483
-2.11325488892894,18.7299714606969,50,0.010667026910464
7.36403365437009,25.399327673678,100,0.014246844197205
0.0977058275701729,27.1378873122744,99,0.101690302271408
-3.1730930552804,18.44694212349,35,0.00969946741602594
0.560041393693137,18.2354714156964,51,0.0101040734166761
2.17932789843732,29.7699032045902,100,0.0546642802532293
-0.858289225046413,18.4989370896004,92,0.010153284464603
0.297537635080895,26.9971472266287,100,0.0976927165237257
-1.15171698222643,7.62369378132177,35,0.00240798164650477
2.55287112232948,18.1983648046009,47,0.00947964107380346
5.95770671099561,19.997687359989,89,0.0093343957283505
1.01538530455078,27.2654604131276,100,0.0885978502365244
1.97666902777925,18.3583981143934,58,0.00990961011216091
2.50621753379099,26.2793067819866,100,0.0535199377655322
-0.360488593073757,7.28643640831579,38,0.00233561192341019
4.29342897314055,25.1426667295956,100,0.0279914850590196
0.941286354328157,28.0518695723481,98,0.0987814200366574
1.09668077235993,18.2150409138425,55,0.00993514499318035
2.58855388795453,18.2319221283855,50,0.00949439568544495
3.23351227525743,18.248787102012,89,0.00887659809019264
2.81574933251204,18.2847827039343,51,0.00946629973259184
1.44814600789619,18.6528412164633,50,0.0107767148111593
5.73764001546202,20.5270308562011,87,0.0103829141386023
7.29461708672214,31.7410608963522,100,0.0127933709390471
-1.0077136842146,6.7727525016024,39,0.00221955573208559
0.235568806098383,6.61599565664758,39,0.0021919407091728
0.559209464603205,26.3301309660993,100,0.0796305327350281
-2.18822187006806,18.2227716856941,35,0.0097953453946395
3.46097045942912,18.6730259992838,50,0.00977493074359865
4.67959551173724,18.5441808114283,90,0.00843119654742923
5.88276659212629,19.1249051859467,86,0.00830348130431792
-0.801455124523766,6.70545456479429,15,0.00221921194391293
-1.19942656515182,6.96228068401823,27,0.0022634371631578
-1.96039550034468,18.2561190044227,48,0.00982294935565234
-6.86447322787657,18.4527525625211,48,0.00707506043961699
-0.63346049984577,7.74920959547871,40,0.00244023934025868
5.70328938233343,20.7581634077391,96,0.0106972297533336
7.32474206041796,23.973542509212,100,0.0127118097268039
4.5093012455064,18.3830732565577,87,0.00834931098285365
2.24613008277258,26.6646765353681,100,0.0610580592712607
-0.635828872856557,18.2877292481649,47,0.010239889349297
-0.975800708098783,8.6260137642837,34,0.00266491171791967
7.98252311592235,23.5288463320435,100,0.010823533032745
-4.49840548020594,18.927743418835,33,0.0095928840219346
-7.81875752114313,18.5785443993109,47,0.00654012278813189
5.31069510236759,20.4297301960466,97,0.0106347049944033
5.25514169860652,19.19186697964,44,0.00925279350173739
2.35145350966827,32.5884648123533,100,0.0264711135138512
4.36626356412095,28.5820636346717,100,0.0339157224310467
3.79497397152426,30.1170751804089,100,0.0340232813138414
1.45371876785798,18.3239374169504,50,0.0101036270515052
0.539623656027596,6.21363219563822,41,0.00211010113690208
0.386836791453616,27.8505351465218,98,0.106943210901067
0.746048620054446,28.8160687855791,100,0.0879562040136217
5.22867563716852,20.4920610214606,87,0.0109595304274104
3.06850346190949,27.0033176326894,100,0.0498685042188856
9.29549399675039,32.2146967740072,100,0.00867604947323448
-0.619319198212116,18.3289702738579,37,0.0104331160457394
0.525997931409507,18.6530574159468,41,0.0111026949954405
3.12690934481697,28.8090540943986,100,0.0485981342145188
-1.09339181617857,6.6083567356918,33,0.00218779425357632
0.503778960675477,28.51931834055,100,0.0991289939152823
1.25495780250992,18.4578680474549,50,0.0104276109445566
5.76019128762046,19.3415991742791,83,0.00869829863528518
4.5111080812067,18.6728800286513,87,0.00874301826311209
3.54185408216294,32.1003086123121,100,0.0247430012507232
5.02645333521608,18.6273014632481,86,0.0083311272716669
-9.88830735326066,18.4381692703344,70,0.00514208072047801
-5.92704363924407,18.7664242590921,32,0.00820032121814092
-6.67967902856596,18.8094627302729,55,0.00752141496069999
0.386836791453616,27.8505351465218,98,0.106943210901067
2.57971670944118,31.6307711433542,100,0.0325041150905645
1.06395005343407,6.319322013056,32,0.00213089201282755
4.6036374229654,24.8358284507996,100,0.0248462224436113
-0.0534356258699322,18.7374159999358,37,0.0113833058944712
0.196456140276832,6.74032835570423,32,0.00222107553259201
-1.07683385439072,6.64599097661739,12,0.00220581496705562
4.44616020181823,18.8365894663856,89,0.00900790686013605
1.95861318878944,18.4355466122296,49,0.0101542654791733
-0.876145996770738,6.47101415165481,40,0.00215884704971617
-3.98426893507027,18.6183978643989,50,0.00932788387184597
5.77114186579523,20.6865489078077,49,0.0110395734679905
-0.928689420722628,6.33116818149711,15,0.00214221169182762
3.19337688286973,24.1336602889252,100,0.0294174104283879
1.43433253606022,18.259697257914,49,0.00999521714846274
-1.36099070852471,29.7144216406141,100,0.0658432155127425
1.41469950663026,27.7782117961616,100,0.0839682193321754
2.33173183911172,25.7047901888997,100,0.0500294401639637
5.12920897241499,29.7578855697535,100,0.0251211686981965
4.24278135631048,18.1530451069525,80,0.00825415130362482
-0.689094275822916,18.1627826045085,51,0.00994670114887391
-0.457272412488964,18.6597164611213,50,0.0110158781785294
0.78889420402785,29.767413848105,100,0.0706370880314051
-0.280084659938864,8.72000300215719,40,0.00269275958713991
-4.09991985234437,18.3937424850784,45,0.00894104325166929
4.21812182346276,6.10063055241221,20,0.0020234006665371
0.348134961201077,18.5435453932706,50,0.0107710392788773
0.232595448274706,27.6083243612208,97,0.108470872024879
5.48532029546343,18.5171393327626,58,0.00805789586854989
4.10103881393991,25.2004135160407,100,0.0295862414203159
-2.82848414562495,18.4402950729936,47,0.00976987585374593
0.965195533269643,24.9964497438499,100,0.0525221081481598
-0.121693905053841,27.7233624427328,98,0.108285831993109
4.90108472592904,28.1117786746061,100,0.0294252629017319
-0.543507590847022,5.98365576962762,20,0.00207544273066062
4.47422538863135,22.8130372573246,100,0.0180492380174088
4.96980828716486,19.0683903789557,92,0.00891948277191944
-0.761442704080937,18.2940084556036,38,0.0103292304564132
9.81268547511574,28.7542582736473,100,0.00934690506287789
3.63912652275594,18.2114670049937,51,0.00889978389797279
3.43392160710732,27.2988882811982,100,0.0454358500707041
0.662932193417248,24.4766735003244,100,0.0458805236509375
5.03695124808702,26.6826462030885,100,0.0272769790973606
-4.90736995842625,33.1576978835823,100,0.0161197267684211
-0.332248620832218,8.84259434913319,41,0.00272613188912917
1.15388856945533,27.3006332198056,100,0.086604575526494
5.14969817738858,25.8119380419844,100,0.0246184070291463
0.103639980883172,28.5630821429378,100,0.100965945308034
0.388279574199517,27.9909159048129,98,0.106739785206025
0.234007633567812,28.6267909813826,96,0.103714704218258
5.87648968941078,19.3219329624003,87,0.00854307848899534
-0.637474889632439,7.93817784033576,15,0.00250165352390288
5.68774410448649,20.9564820205472,87,0.0111573450190924
-3.23981720385582,18.634034852404,38,0.00996624909059323
3.50166408822701,18.1733776416538,60,0.00884820709163516
0.377339012754924,27.8368473263961,98,0.107020782440674
0.777865857720563,28.7862623203941,100,0.088014614818869
0.757442878375171,32.854262751747,100,0.0282445676909098
4.94002196280084,28.5126568605141,100,0.0287942413354552
-0.891807165726582,7.02340980085871,41,0.00227266885139202
2.39149789297178,18.4569109337249,58,0.00991457723377319
3.38287825479199,25.4554660621097,100,0.0368560423112994
-1.18191750749457,6.39620463183252,37,0.00214249525889799
1.94180035500547,26.0480555046234,100,0.058965006400267
0.949860443456069,18.6650671276628,50,0.0109441816547769
4.6036374229654,24.8358284507996,100,0.0248462224436113
4.97825432729376,18.1723607341045,60,0.00796442670428574
-0.987322353880758,6.51043919527332,15,0.00217754708878795
-14.6464034561137,12.0428085501845,100,0.00210685650230613
-0.135173092958936,27.2221004727225,100,0.101752527757211
2.5298291145179,24.7577805309739,100,0.0385616954980285
5.92261989973548,19.9763667109347,82,0.00940295147444451
-1.85036741907748,18.8584634312069,75,0.0107671869229752
-0.142894748013025,18.6304878333424,51,0.0109615317339099
-0.673321429473442,7.4286931751698,34,0.00236830361998612
-3.69732458041222,18.4859373883791,41,0.00938373021955319
5.18617829642863,18.4876792113562,82,0.00807356583685982
0.075666521484094,5.83216666095276,33,0.00204295680021966
0.510007515882281,27.1269769596239,97,0.101007615100827
4.06630855565226,29.2022461709734,100,0.0354180714850069
4.01190611743007,6.47151566650772,31,0.00209372993993053
0.0909609477985883,27.7421786793055,99,0.107256451506857
3.73709703396136,18.8099442753282,93,0.00942571283098778
5.14579689459083,18.7773187056061,87,0.00843186141136138
-0.884244414204714,8.72745592127607,37,0.00269190294057658
1.57987975777195,18.4784644879508,49,0.0103806138470886
2.66568757110021,24.7768233686593,100,0.0377066939317446
1.20120452243068,27.4286373473891,100,0.0867224940005065
-4.91631626032928,27.5842791308838,100,0.029284402922805
0.868901392967553,28.180955078916,97,0.100419652981114
0.777865857720563,28.7862623203941,100,0.088014614818869
2.44335771973449,29.8133813413664,100,0.0508081820670385
3.70251336272153,18.3481631201683,46,0.00911509257312448
2.55690895907978,28.9068403104166,100,0.0570383228324734
-0.699311117653591,29.941547139778,100,0.0679452537366678
-0.663008944961785,8.52150928310775,34,0.00264015527637774
0.470574601607612,8.76225835829197,41,0.00270275107326276
-0.544530061436755,6.15137196314335,13,0.00211052525720473
1.50557294884346,28.0857399318558,100,0.0818454376485182
0.099140266013903,18.9845182090039,49,0.0118193609370405
1.53604331059611,15.0710274328473,100,0.00568666936102225
3.6930126163441,32.9978469737914,100,0.0200303993512359
-1.66600225674274,31.4421910565203,100,0.0392159871365109
6.38074638738965,32.8181160313985,100,0.0133004216173508
5.10888754192268,20.4604294434667,87,0.0110529399757656
1.57286596750265,18.3652754601086,93,0.00972307048745911
2.67810400346422,18.5574677658604,49,0.0100468848012544
1.23576757717587,25.5812756639469,100,0.0601455297929448
-1.24415437832543,6.48630098479958,38,0.00215918945223196
2.68346641532783,28.195903987358,100,0.0580922679558595
-0.899470815939877,6.23607464343401,15,0.00212378416090831
0.121462790515692,24.2461262162123,100,0.0435070697149034
0.835936087298858,24.827917526575,100,0.0505029879474677
-1.02759533357891,8.71902639424295,28,0.00269410246129897
-1.46080983398332,18.7463931443732,87,0.0105468186660613
-2.46774628321854,28.9735192419224,100,0.0580452239964054
-0.804609098754647,8.74659527922311,37,0.00269819688561615
2.60664988056745,27.3703212193115,100,0.0590436556748972
-1.09783976354537,8.10727219276655,14,0.00253984167921358
4.60275184768607,27.5874861133194,100,0.0320911249936345
1.05057465608064,30.0211953244441,100,0.063815669980809
-2.89445289676317,27.2524406188573,100,0.0536207718602991
-0.994040318935642,7.12853885399855,34,0.00229814350152534
0.941286354328157,28.0518695723481,98,0.0987814200366574
-0.802271960930155,8.72849908207493,37,0.00269319461184512
3.09095462390818,18.2451009836477,48,0.0092828920847228
-0.996755738447279,29.6537506558529,100,0.0708836198833747
3.84014515052478,6.09529562867431,38,0.00202755913315902
-4.91367137723547,18.4618015847287,50,0.0084463362187356
5.87460416899131,18.5349613514978,58,0.00780083723294564
7.44808922805449,30.916400734755,100,0.0133852563164633
-3.1730930552804,18.44694212349,35,0.00969946741602594
-0.800120202762546,8.71037144805694,37,0.00268819519490851
0.794209796196052,18.4457354253512,41,0.0106063191742121
-0.675998196995631,5.87215173859773,38,0.00204633814200259
-0.597826543487228,5.83207019149266,14,0.00204942167182115
-0.87141035002346,7.00105850584393,34,0.00227165674927064
3.31032879865668,5.88702124585966,38,0.00200591592667648
4.63179042132348,18.4241573089055,84,0.00834634443781034
-1.00814039276242,6.23504621323556,38,0.00211233649988796
-0.798154222930715,8.69221443096731,37,0.00268319926103145
4.16586444154176,24.3540280238409,100,0.0252806578755114
3.92086515509164,18.3309691324852,59,0.00884954455894332
6.13036575422126,8.74996241270171,62,0.0024394816253917
-2.81301197157318,32.5434307592245,100,0.0251654715460545
3.94876025167355,18.2802318904025,55,0.00878816923229686
1.73729088514269,27.9929513490521,100,0.0773004899268298
0.0303005466393435,27.7793751666736,98,0.108593912902153
-2.22526680817005,18.3997346315621,33,0.0101345035149732
3.07891295522072,28.3037045310096,100,0.0510816968158314
-0.23256704858067,6.3360659339567,12,0.00214828298412684
2.0855550288315,30.1733465109453,100,0.0510297916309147
0.297537635080895,26.9971472266287,100,0.0976927165237257
-0.511566126700108,6.64484891725435,38,0.00219733003504705
1.4956728273228,29.5993202995711,100,0.0659675205501453
2.77561477339105,23.6250739788872,100,0.0281293129322777
0.521236219273351,29.8625810110865,100,0.0705314615349167
2.57846121076386,29.8985963644611,100,0.0483084775611384
5.31677176515571,19.8094786006534,80,0.00980393547373341
4.7268518621813,29.0719020559398,100,0.0296649274558668
1.55207970059954,18.5556246595659,44,0.0106039647926748
-0.835295248138038,30.5835769914616,100,0.0555251403017003
4.56593613755402,28.7973335356369,100,0.0316205015064541
-0.545483934463524,8.30675404265217,35,0.00258346992465462
-0.605603568754735,8.49073237612362,40,0.00262823032624304
1.45811845993965,31.3424721250399,100,0.0414145279746641
3.19480443117899,18.787763139372,85,0.00981010763752434
-0.596028125624258,29.8164342005099,100,0.0710275172200574
13.8549742009327,31.5420366797312,100,0.00464231851471051
-0.978075832278752,7.92544889038932,35,0.00248266337308324
-0.214245378055737,29.2285280897173,100,0.0846282198444085
-0.96879683121307,27.6687804461102,98,0.0982645850551628
-0.908936422357522,7.89736901081526,40,0.00247351397755087
0.661080588123273,27.0974311459098,100,0.0915631428349247
5.89317237529881,18.7810173068893,85,0.0079000892914513
-0.83974572416905,28.9692049660139,100,0.0845039336078778
4.99414809504307,6.3149854769119,45,0.00202190362001226
1.94581014858165,18.6709821028926,58,0.010532087441186
2.29951325446032,18.642340403042,41,0.0104957353286145
5.31600934759843,18.3573705067452,77,0.00786259887637608
-0.893773921423245,6.59756181879901,42,0.00218319798881531
-1.86100823168775,18.3531051123301,49,0.0100332199890965
-5.77976467538979,18.2414110352291,39,0.00764831766320126
0.712563231356146,18.6073280223289,51,0.0108526310140169
-0.866542832365077,7.47646322730618,34,0.00237760760995859
3.88265879064378,18.4569399529425,65,0.00901576523806669
1.77876805516194,18.4464609389177,50,0.0102351001797638
0.974323482915765,29.8808505502712,100,0.0669830492367952
-0.25954702016943,7.9138615745955,38,0.0024834471943503
-0.37235478802425,7.68727747273626,34,0.00243055750757711
0.145258671772494,5.83985217388829,39,0.00204180207914847
1.8845686753829,18.4176733405453,43,0.0102110136362236
0.711067844513032,18.6791892588823,50,0.0110233413807717
3.36657081224211,24.9379982607459,100,0.0335794522473239
0.684302068397637,29.5694184180024,100,0.0752606427383729
5.24247533536377,19.2000099006933,90,0.00889668784394787
-0.546046838433761,18.8631370249321,44,0.0115520198818015
0.793498138492311,8.59221753000862,38,0.00265515601459166
1.02768104092201,6.13928218168612,32,0.00209643432039768
1.59451459759586,6.15799116614475,39,0.002090413290362
-0.514915424283287,6.44528180741745,12,0.00216915400669092
1.14304206920474,6.77569290221127,32,0.00222218438229465
4.21507078656293,5.95357041082137,29,0.00199396378222855
-1.23167297274791,7.09696815031343,12,0.00230005174307728
1.53396314422291,6.62520448318788,33,0.00218568214713932
2.53954826699711,5.84331867933475,13,0.00202659304347226
-5.17696200094684,18.7730506042002,53,0.00865074016697096
0.627887941178011,27.0489844955943,100,0.0912825578874649
5.10453530612429,25.944805557282,100,0.025233418324934
-0.656820590170622,6.08816365111923,15,0.00209687969039166
2.59937057683562,28.4978639257549,100,0.0586062628294637
5.56681989465536,18.3716440374778,81,0.00768977392534645
-0.841435277652095,8.45932484151584,38,0.00261887629083739
-0.537483158660892,7.16694988419579,40,0.00230710653693066
5.71789095992147,18.5761980504572,57,0.00796767023661321
-0.305605631500826,18.678421551428,50,0.0110719322713335
2.0330614449666,18.6201484067435,49,0.010489653425904
0.263037246718772,18.9023326227554,41,0.0117189147072519
-0.83974572416905,28.9692049660139,100,0.0845039336078778
-0.1635901138667,6.06714256996344,43,0.00208242114768485
-0.680991939303215,8.36093592288777,37,0.00259520211070544
-0.593435689087829,18.5884102270757,50,0.0108414647002751
-0.0045688069881239,27.7732070832722,98,0.108592136464196
2.50123199384433,6.39771069125375,39,0.00211981144706776
4.84611861770115,19.0476501927012,89,0.00901183789943498
5.86937848176234,18.7660645935884,86,0.00789435818624542
5.01136553181967,18.2094975865335,92,0.00778993145889665
3.51147210890349,29.9057986539841,100,0.0378620456762268
-0.82590942383358,8.24731910498564,37,0.00256417585438359
5.18359905608713,18.4144920227085,83,0.00798010296134543
4.42689869357727,20.6897531262105,90,0.0123565718356287
1.82040643030124,6.04511794408587,38,0.00206629553822816
2.45476834352582,19.0398910521323,57,0.0110566864090596
2.3248005254348,29.7864614073923,100,0.0525978297374295
-0.755570058365075,8.70910998052167,38,0.00268762434614731
14.4743926616891,8.8041392438975,73,0.00172152012078201
2.78852777134217,29.6200805437238,100,0.0481453864875325
4.4266638831996,18.6477091518733,85,0.00878075481700579
-0.92313905576786,6.84660824525069,38,0.0022362972023138
2.53176004174673,18.1984517937858,48,0.00948045199866778
0.525997931409507,18.6530574159468,41,0.0111026949954405
-4.62844245651981,7.0412937845666,100,0.00215149325196594
-0.767394331088762,18.2043125658522,48,0.0100456010407598
5.18369059982098,18.2432334602004,60,0.0079190598314734
5.86832614185044,18.8223612929539,58,0.00814070370725887
4.09465629907983,24.6394225558175,100,0.026992527279341
5.86839988604711,20.0153848048001,87,0.0094700113444773
-0.862539103696938,29.4952443277558,100,0.0751035055304928
-5.38189680226825,18.2957382209345,31,0.00803441581665302
4.87580066948203,18.5635978502694,58,0.00855281987079044
-0.264146027645842,18.7868628105414,50,0.0113231025487503
5.49762824071091,20.4838522931976,93,0.0105428844243121
-2.94911002911632,18.1935314087538,41,0.00933160012542629
5.36915482472166,18.2805659024048,84,0.00769715936443208
-0.490446775476308,18.7809523392691,49,0.0113003179836509
-1.20035859706138,28.8823973973508,100,0.0807452342363134
-1.14820488507103,8.36039830513241,15,0.00260415286031449
4.30395718127627,25.6822284348682,100,0.0301448880874693
3.17072037165953,6.32392184508559,45,0.00208633087669796
-0.0209772898929161,6.55644921578764,13,0.00219252390286026
4.03762156864465,18.8359794255826,85,0.00933195869048347
1.15258596627927,27.2697386070547,100,0.08636083257814
4.41755045702231,26.4087648315321,100,0.0317204300017025
1.52676250284774,18.4751944427839,49,0.0103917939813605
-1.58547619585064,18.1801235217209,50,0.00979061124143019