4.94593979358759,18.241519818729,88,0.00789251934304118
5.78392734389897,27.2821341625475,100,0.022888441596219
-1.0832959515704,6.41332841761488,38,0.00214644204102531
1.82995807176769,6.32613917398185,41,0.00211814984129251
-3.1730930552804,18.44694212349,35,0.00969946741602594
-1.56761270155292,26.3513915722028,100,0.0683151613858656
-4.60058336053624,18.7883283878614,71,0.00896989578545122
4.51787320197356,26.5089558516634,100,0.0311130643881085
-2.90975094632759,18.3024279107357,82,0.00917949471649271
0.178665439154765,28.3931479577749,99,0.10399494580429
-0.557816479810812,29.2538994864415,100,0.0822932056130131
7.02087589374439,28.4802801628813,100,0.0167850250708319
1.23717758566896,18.2911816400865,48,0.0101196605118945
-9.62244562346602,18.4622056172636,42,0.00537535492326023
-3.10734491515777,18.5897352011044,50,0.00985053633390587
-0.534881654607276,6.07516153587486,35,0.00208628835033767
5.37069130741313,19.676368779425,81,0.00953858319173681
1.62749773730651,19.1133407897419,49,0.0117681095977326
4.04607755116602,28.3035894325013,100,0.0377822994382412
1.64202929521041,29.7545384957894,100,0.0617976104399794
-3.73490988624471,18.5082973397667,41,0.0093960228150647
-0.636336344238913,6.80612937722297,17,0.00224052768858979
0.475805816262514,24.5193697304944,100,0.0469583663826937
-11.280857874313,18.6421569464241,92,0.00449741057828079
0.264328912840486,18.4451272008733,40,0.0106798846452151
6.55892136839177,27.6781449122026,100,0.0188843247538427
-0.889700776111271,5.95956302480274,16,0.00207049695958463
1.94862010149651,18.7493535797956,44,0.0108548737194318
6.22507860840128,30.6775386598554,100,0.0176727886220244
4.10103881393991,25.2004135160407,100,0.0295862414203159
-0.638621674465117,18.1613464154493,51,0.00995057639154339
4.31632753646748,29.0832029201097,100,0.0333057038693373
-0.1984777992859,18.4004206581888,40,0.0105879021838974
-6.55913636147804,18.7684734732649,68,0.00749616220198007
6.62658567784418,28.6802725115425,100,0.0183541944527092
5.61641828659974,18.5828562677989,75,0.00793439963156083
2.39409179412852,29.9986035693038,100,0.0495024590082789
3.38589757035292,27.2193565078733,100,0.0459193508729889
5.43374831761038,18.9203580722756,93,0.00835659848101885
4.46557243823845,18.4278043752469,86,0.00844366637970542
3.51147210890349,29.9057986539841,100,0.0378620456762268
5.10994667910813,19.7794865397184,83,0.00993766840978785
-16.3170451299447,18.5353053360607,86,0.00275694796363901
-9.72946536792547,12.4919609121014,100,0.00293446082193089
0.263037246718772,18.9023326227554,41,0.0117189147072519
0.693303648105491,27.1283932081397,100,0.091585758530848
-9.88830735326066,18.4381692703344,70,0.00514208072047801
5.17520116693118,19.2090522543609,81,0.00903799683622415
-3.1730930552804,18.44694212349,35,0.00969946741602594
5.1143738395185,20.8750051939516,91,0.0117695193012655
-2.11111845219498,19.0112404582005,36,0.0114573473178755
-1.1632684071512,7.05372796693013,34,0.00227994758753265
-3.59130085905098,18.2818475952113,33,0.00918584737528364
-0.0308874085750511,18.6099063920165,51,0.0109183358715541
-19.8502289052862,18.8612752506326,88,0.00206299615931032
3.68410826984267,18.3139791353795,48,0.00905602177377585
0.263037246718772,18.9023326227554,41,0.0117189147072519
0.388279574199517,27.9909159048129,98,0.106739785206025
-3.1730930552804,18.44694212349,35,0.00969946741602594
-0.591310350190027,8.00561744327094,16,0.00251828129553764
5.28787670406797,5.92517181986647,38,0.00194607980660991
3.0591758448977,31.1366465508069,100,0.0333468135510052
2.79842486443245,18.6077774807631,49,0.0100746864900527
-1.5350888765877,19.0538281197406,49,0.011664810207874
5.26269274785752,18.2339465503336,69,0.00780142974341488
3.8719033017283,18.165041491809,57,0.00864985918493258
11.1059422023865,25.8727987277199,100,0.00728879793097389
-2.83830789005517,18.8052718974428,41,0.0105188448484268
5.76150865959877,18.5377704469836,60,0.00787259078123985
-4.79071068820739,18.2529349773381,37,0.00834227675461126
-8.99923479099433,18.253690680692,68,0.00552510152605933
0.287056578109857,18.505203117425,50,0.0106930430379961
2.69506731680941,25.1717343872129,100,0.0409872929474167
-4.98013554115429,18.2168015459622,63,0.00799885704088651
-1.24414245481566,18.4375999601554,42,0.0104762720595884
0.731342566394773,18.2843734543869,47,0.0102194991506225
-0.96879683121307,27.6687804461102,98,0.0982645850551628
0.388279574199517,27.9909159048129,98,0.106739785206025
5.25577009214565,26.1563838543283,100,0.0247337172474197
-2.48492648941639,18.4736504438649,76,0.00972737876136877
0.458787275807513,28.7939264070757,100,0.0910630900981361
-12.3995148412626,18.5343003025384,62,0.00403484991384009
-1.07763314364038,18.4963882926674,80,0.0102288541168013
4.81360542622929,18.6691024969246,58,0.00874377249194769
0.584873572187319,27.3159222044259,98,0.10162143123662
-0.0385778625674279,27.6983551137329,98,0.108353885693488
1.85843701392015,5.98900789499944,34,0.00205698193832998
4.6097454604867,6.53618892203201,43,0.00207810181683463
-0.476718573164552,7.67218434870521,81,0.00239908226030322
-1.09378335267754,7.48209228357522,15,0.00238716554314035
-7.2246361322244,18.5716394407252,36,0.00699335093920962
-5.90403231179523,19.1141096976802,45,0.00856378391184479
-0.381999724314837,5.93983696455323,20,0.00206784752960441
5.2614654278023,28.0736679638716,100,0.0265751447807885
9.97128325993604,30.0517420627913,100,0.00876226000048574
-0.258994328757733,18.4945100404593,38,0.0108103867235363
5.73215104774377,19.8241822886097,80,0.00940266875335035
2.57879672244231,18.988062004772,82,0.010583757182018
2.07844403736017,26.8800255319983,100,0.0658600864207644
2.87735937275861,18.2292086441963,55,0.00930612219440248
-1.43310625558622,18.249178672174,51,0.00995555492133964
3.41787176116126,28.3173275637922,100,0.0458907851130483
-2.07579794596003,18.2283291841198,44,0.00976535548163033
-0.501455905197086,8.87110731671018,78,0.00270579289179437
3.22702090616623,25.9104760467226,100,0.0414591508646578
2.4498501056788,26.4192973629056,100,0.0556113155481219
-5.40163176449878,18.5906931123203,35,0.00836668946447777
5.44946242712373,18.8741987903602,41,0.00866067253007739
-3.78359671472821,18.3799733159802,63,0.00897577908963258
-8.1509890541535,18.8501278995411,36,0.00657290689265189
2.75653950903101,18.1966640713572,45,0.00939819097953966
5.75639068620119,18.7550065223887,92,0.00792641467706078
4.97830491153096,28.460628554657,100,0.0285357250666104
5.14918345077986,18.314380255234,74,0.00793918330204403
-1.83273469222423,19.0653028452578,62,0.0113858449372943
1.02696574434188,25.2872960219323,100,0.0568801540145785
7.76608760567275,29.8249102418742,100,0.013500900356524
1.66729713542747,18.6804438805845,95,0.0102597965950707
0.720830649884242,18.5035363961802,50,0.0106397541398892
-1.66600225674274,31.4421910565203,100,0.0392159871365109
-5.92704363924407,18.7664242590921,32,0.00820032121814092
5.79552067646764,20.8243194678966,87,0.0107866428079298
2.31938104177317,27.2932300987726,100,0.064089586592297
5.53387151492283,29.2348340031912,100,0.0235785071644868
5.25608324913881,30.9168307646858,100,0.0213383079637805
4.90472033421295,18.291839284569,87,0.00798526683568831
4.18151868686768,23.9546213863229,100,0.023447904431603
-2.3594484519626,18.7843838867352,70,0.0104321805254164
2.32507272912664,27.2730496442261,100,0.0638858187641264
4.01425303555088,27.6109686986577,100,0.0383467033078636
-9.59681467352485,18.8106190536003,86,0.00544918995251315
3.14813264738803,29.7847764504494,100,0.0425319292183603
0.333636873878041,6.17716495025504,24,0.00211143637384449
3.09629310139216,18.2151608208251,55,0.00917138443140463
-0.596028125624258,29.8164342005099,100,0.0710275172200574
-1.36099070852471,29.7144216406141,100,0.0658432155127425
3.85112624221638,25.2915196638475,100,0.0319125706461379
-7.3894058914117,18.6000553614055,72,0.00673519585776617
1.13005231627656,27.0830727680432,100,0.0848640266503366
0.246216248607547,18.3870405483791,45,0.0105017750954768
-1.69290388370504,26.9179975235802,100,0.0732245503556305
-4.63323577373291,18.4038929073646,48,0.0085756521385186
-2.63311670141578,19.0305187277724,37,0.0111712038915884
3.70699300988648,29.9657002549028,100,0.0356232327415488
0.711067844513032,18.6791892588823,50,0.0110233413807717
-1.05217274427252,7.98762682532022,39,0.00249458426061212
-1.15678892349412,18.8476055489863,59,0.0111875982131848
5.43426208311414,18.1801086856849,92,0.00749870127437181
-7.81875752114313,18.5785443993109,47,0.00654012278813189
0.759551142631697,18.3344229401574,59,0.0101897244757985
6.02538802313486,27.2370905727061,100,0.0214611350024465
9.49908305432179,7.96478888516559,62,0.00202756607030721
5.86153484502228,29.015554368967,100,0.0219341333709094
-0.96879683121307,27.6687804461102,98,0.0982645850551628
-7.11535684598232,18.5066690974941,50,0.00694264994007814
-0.675809646565036,7.587693817657,40,0.00240168566724784
-6.61430846553914,18.8042156063944,62,0.00752560452347164
-0.368106665489159,6.00661044866924,37,0.00207313545069761
5.25514169860652,19.19186697964,44,0.00925279350173739
5.88673635335064,18.7354109050388,58,0.00802340625624707
5.5731958496564,22.6880650475856,100,0.0147659870463817
-8.62658091553195,18.6748119095711,62,0.00602739033896164
0.965616059326692,18.2506908625084,84,0.00974696987347212
-2.5905591891411,19.0140965423772,59,0.0108951606472904
-2.98438394689574,18.4195659741331,48,0.00963830563133031
-0.45836465705242,7.38513610234895,38,0.00235747998950017
1.84051863742596,29.1033177184351,100,0.0674250799231777
3.0385504938263,6.33559750493536,41,0.00209385981516979
4.80911509357932,22.643123119528,100,0.0165955030761015
-0.798070334722974,7.98517726105402,13,0.00251322194976582
10.2290945858319,25.7105193692492,100,0.00839201047810041
-1.13819571541932,6.50399335534181,45,0.00216062850108679
3.28441700011245,18.1549819729699,92,0.00868811560536387
4.75609661704823,18.2783684169341,86,0.00806758691829071
-0.699311117653591,29.941547139778,100,0.0679452537366678
-6.21405808150021,18.570563131205,81,0.00746646907440263
-0.818014174165955,18.7653404849746,68,0.0109762907928755
1.1307840455006,6.59749209056423,75,0.00216531548262181
5.64833715575533,19.4388584705041,87,0.00889354105624435
0.735587294135752,18.1674103318586,50,0.00995893531920912
2.74891330595215,28.8401855124541,100,0.0543010003734991
0.592519260049483,18.5427809874166,50,0.0107427911280528
5.13988590315623,20.4994351034922,93,0.0110113318078682
1.30498259336731,31.2325010672704,100,0.0435361651973797
3.22357201514932,18.5368407672594,41,0.00977165990756587
3.66077140674802,28.9910209706178,100,0.0406856973473857
-3.5835957656787,18.3168988352234,35,0.00923041200673297
5.45462963360002,18.9412423087124,85,0.00842316160797396
2.88753056630682,26.8530085688674,100,0.0519336054023664
0.787374397980256,18.6158961931736,47,0.0109054510121077
-3.10381627515232,18.3324217202773,44,0.009457787640683
-1.62198250409586,29.3142643014453,100,0.0682914607883699
-0.218670644958513,8.42298059592153,28,0.00262058229020391
-7.94145060039747,18.2094574164344,48,0.00617571911428022
3.46763048695005,18.6410886039449,49,0.00972416674199255
3.43392160710732,27.2988882811982,100,0.0454358500707041
0.529439031876119,28.1349130079097,98,0.104644051463342
-0.149772366543654,18.7569745145103,81,0.0108800899825147
4.53352643857166,28.5672522661982,100,0.0323077545947485
-0.760012060826712,5.94032316232463,30,0.00206183429767635
4.19038804657584,28.368328943012,100,0.0360782957742082
4.09089022946916,27.9822734149423,100,0.0375219977629428
-0.135173092958936,27.2221004727225,100,0.101752527757211
9.17078688160989,29.6991126870622,100,0.0102688251467366
-4.82513278739604,18.6459391609256,59,0.00869530452830129
-1.16133712715877,6.71276349237944,17,0.00221627480881462
2.31215767944906,18.4632823247568,50,0.0100433267229497
3.0684232513531,8.75448362024484,87,0.00260359578407282
-0.647310097218307,6.77025845393327,38,0.0022224724527507
-0.693590176071592,18.2344503529709,50,0.010095191133296
-0.928379663965326,18.2174267530686,45,0.0100739487340415
7.09181879552895,24.1160627795404,100,0.0134732368249343
5.50414991328634,18.4876974949019,91,0.0078027535167688
6.79047865984536,26.5844508913995,100,0.0173485273969307
1.15388856945533,27.3006332198056,100,0.086604575526494
-0.864485082141894,7.05309577019115,41,0.00227932163913453
3.90567997708772,29.4970152378491,100,0.0359310131307613
-1.38215185824786,18.955070068077,37,0.0116507843669324
-5.36556870023223,18.6739021029434,35,0.00850358740000496
7.01052779340676,29.4792170251207,100,0.016216295986024
4.45330189040936,26.5396850136112,100,0.0317668121843126
-6.93981465187562,18.9993333107475,80,0.00737488458181846
0.554453984139589,18.4807704625718,41,0.0107179357392567
-0.64052120499024,7.74304730871536,38,0.00243990052927749
11.361397485513,26.2588143574718,100,0.00706463612067227
-1.18214934669962,7.00974021209444,39,0.00226765934476888
4.19563911164504,18.3067661090301,59,0.00864361925178865
0.604471529859286,6.65177856748818,21,0.00220649501142594
-0.596028125624258,29.8164342005099,100,0.0710275172200574
3.72600481300833,25.8756800195987,100,0.0360665223736298
3.00174109643375,15.9547347110598,100,0.00622369644929948
-0.736695643103062,18.1928132704397,91,0.00961334049770754
-3.6646988862062,18.8367157131815,71,0.00972072550290758
3.13172122089026,6.56655743589243,43,0.00213459928086323
4.76195981231908,6.29548674356625,36,0.00203145178227307
-0.301340317221531,25.4353290817421,100,0.062984868575846
-0.877350755936756,18.7285333609393,49,0.0111139516604293
-5.15930390094871,18.2150842514496,75,0.00780837280896529
-3.1730930552804,18.44694212349,35,0.00969946741602594
2.74786883089234,18.4971599014479,50,0.00988750982365827
-1.12452325183667,29.0127727689057,100,0.0800538600430811
6.93004839214469,6.3508828348114,43,0.00193827804150231
5.35042150496432,20.575364591595,87,0.0109514716378676
7.96557325574765,31.8811287193314,100,0.0111718241774221
3.62060401244297,18.9795341758938,82,0.00989174509607416
-8.41837663197125,18.8634694741697,66,0.00627628731839401
1.83026812601068,18.223559701009,48,0.00981010759145855
2.46682784216872,18.4780746965676,56,0.00993739924248913
1.4139819712397,18.6692215042263,92,0.010352666582627
5.11907021130858,18.5768351717757,86,0.00820304343182162
5.33353200240242,18.7570294710582,90,0.0082485019079591
2.97150243367042,18.7313262110689,60,0.010092235457114
-1.58547619585064,18.1801235217209,50,0.00979061124143019
5.22867563716852,20.4920610214606,87,0.0109595304274104
5.94617512965769,20.3773590629552,83,0.0099436781056675
-0.63696408542668,18.3484806016032,42,0.0104167497922276
0.753340804765333,22.6366247865332,100,0.0264794869326493
-1.63232671257992,18.7630965996692,35,0.0111306978434148
-0.538746143647155,6.25263308677941,34,0.00212078751524788
5.40741526200187,21.0896760572638,99,0.0116420994265598
0.627887941178011,27.0489844955943,100,0.0912825578874649
-0.435212473343387,6.471203475036,37,0.00216298577577627
4.75793513909511,18.7768487623626,66,0.00887586827548278
-0.630659841045108,18.3621520501877,57,0.0102847515366879
3.97166797467863,18.4137934108416,60,0.00893421007871843
11.8471391244125,15.8112258181099,100,0.00338457071353057
-2.68287056216546,18.7365950068456,45,0.0104321123544339
-3.1730930552804,18.44694212349,35,0.00969946741602594
1.37848454321295,18.3139708608622,83,0.00977980890695963
-5.17696200094684,18.7730506042002,53,0.00865074016697096
1.14888775258043,18.406127721542,78,0.0100583372437293
-0.849965519804428,5.98318211637914,13,0.00207652978874631
2.1124484282528,18.1964425320347,49,0.00964583703560946
0.831057141438642,18.2384133916741,49,0.0100917984016629
5.30339940635776,27.3836353579539,100,0.0261402730824294
-1.79554707899764,18.2232021954725,81,0.0095132380264178
1.15225569748723,18.1690256680904,66,0.00973069052592002
-0.661918862434073,18.1643042911099,35,0.0101143307293969
5.32621430317646,18.2365817790518,57,0.00783677422281428
-1.98219400735666,18.1560617299854,35,0.00975414711160317
-0.779114177502371,18.2405096464306,50,0.010094240859777
2.59937057683562,28.4978639257549,100,0.0586062628294637
3.28648260474241,27.0760286614241,100,0.0469075756331165
1.00322599503114,18.7791186952399,89,0.0107189967806365
0.482037086555725,18.1707332613699,50,0.00999608169596753
3.20109606789818,29.7000733082806,100,0.0425001304012856
-4.05021769763066,10.3726951187356,100,0.00301064881140639
-2.25829209391862,18.4375983165256,92,0.00961484601584107
-0.427302060175202,6.90850469017788,37,0.00225326456550482
5.06886114562002,27.8656355711863,100,0.0280943285394284
-3.9513754263969,18.5591276775683,35,0.00938583044090447
-0.978075832278752,7.92544889038932,35,0.00248266337308324
3.55713900550396,29.756188686654,100,0.0382481073958637
0.837511070975047,5.96127025037691,34,0.00206351109933104
-4.11622246762401,18.498431750311,37,0.00915697363400291
-2.07098786897541,18.2375020481798,81,0.00944231414419557
3.60584921512793,26.5609717297818,100,0.0406605962700103
5.39957539040746,19.1637052827704,83,0.00877166430684344
0.752624070217609,17.1756494890098,100,0.00802251458301698
-1.41631768849624,18.3350093530785,49,0.0101465213157293
4.01206077330994,25.9680242637386,100,0.0338044759916703
4.00450395666318,29.2169132343863,100,0.0360037126714088
2.59937057683562,28.4978639257549,100,0.0586062628294637
-6.86447322787657,18.4527525625211,48,0.00707506043961699
-4.43781553961423,18.3927064663575,47,0.00869956669754841
4.04193899362918,28.7391037734559,100,0.0370248009163778
-10.0765519179771,19.0472886891436,85,0.00530156461930958
-1.12686661739158,26.6505413862518,100,0.079135152578996
0.607127118974542,27.8569446204425,98,0.104497338125504
-9.5666641900781,18.5465628165128,35,0.00547389730153105
-0.712408230338268,8.58941863613666,65,0.00263635588072348
-1.22863339177967,18.1684234648897,34,0.0100239421687986
2.36147714031966,6.63746872273576,35,0.00217190232712549
1.058893461054,6.4039744144791,20,0.00215314771365194
0.823039383770649,6.27469234866613,35,0.00212288421322757
-0.933215630872971,8.67738481992115,47,0.00267028380999587
4.22916124795861,5.92958729845713,72,0.00197244879952387
-1.02828400454664,6.57689058674283,92,0.00215432870910086
-2.57176946854841,18.9873968127747,82,0.0105864898621178
-4.49840548020594,18.927743418835,33,0.0095928840219346
6.6302409932403,33.5168731935093,100,0.0116485858680854
-8.48098031479663,19.091832957652,65,0.0064008007623678
2.33384163731579,34.2478204413818,100,0.0178137915004863
5.75564913099254,32.6546326932306,100,0.0151503327155396
-0.543349094686548,18.191522633812,38,0.0101523275373837
3.09199392826978,24.2327860704721,100,0.030649392971563
0.0303005466393435,27.7793751666736,98,0.108593912902153
-0.578415823944657,18.9016904022301,94,0.0110000088394052
-4.57913842158456,18.32034010632,46,0.00851076878211309
2.81664003735304,18.2901897145999,85,0.00917941673716724
-1.38899503494649,18.2261353800142,51,0.00992403483684813
2.11352845548755,18.7454983907589,49,0.0107106895670356
2.38559038504466,27.6168396236114,100,0.063890533717479
-3.27443128644677,18.2320475544584,71,0.00897310319974974
5.80931045511386,19.6245302215258,97,0.00891325923973176
1.00623941986048,18.2176460780217,51,0.00999876618272352
3.71862571038528,18.949773414878,82,0.00977103167485196
-1.24048763368624,8.13297445803309,39,0.00252816308252456
3.89087798778042,6.09469890943421,39,0.00202543107800174
5.86345169646677,20.3547749926899,61,0.0102324799988182
4.82226562765393,18.7842445315782,91,0.00864700222075957
-8.53199795674083,18.742462443216,67,0.00611441229929455
5.72728880643143,18.4713308881267,58,0.00783250037864684
1.98063317296935,8.74619424948644,45,0.00266873960370131
-6.67313637417031,18.3493620540834,52,0.00708679600852152
0.393386445858526,27.3268414662721,96,0.105917278979457
-7.07902093520302,18.8777590602684,35,0.00739555310336009
5.07492957397624,18.2727231087865,58,0.00803887697278684
3.76102866788386,28.2403789800316,100,0.0413392490947628
1.53384954158518,27.3051788996127,100,0.0795994957958453
-0.621315132625878,6.856607716051,38,0.00224073853174146
-0.83974572416905,28.9692049660139,100,0.0845039336078778
1.44127241492401,24.7348623558935,100,0.0459717763626508
5.75881373205515,23.1604085663996,100,0.0153461998586297
0.794209796196052,18.4457354253512,41,0.0106063191742121
5.48221040081838,19.0008301097388,83,0.00849167338196292
-0.3392580820252,18.5330383216991,42,0.0108422987845077
4.04607755116602,28.3035894325013,100,0.0377822994382412
-0.792979175747837,7.1473607555122,27,0.00230789948456939
3.38589757035292,27.2193565078733,100,0.0459193508729889
2.9024899066775,28.4428287775641,100,0.0535799494150749
-8.95780955170232,18.2823008118505,50,0.00562115611261151
-10.5012964539058,18.2925654154511,79,0.00474748868817032
0.32263332458571,27.9357498339869,99,0.106262646342198
-1.40265207939802,26.7954696851192,100,0.0768976996234882
2.7461377926345,32.7764240553433,100,0.024037682180358
-8.5981925868765,18.472788849039,59,0.00592161495049984
4.9589570261132,26.1881004006578,100,0.0268156639975522
0.838408689062116,5.84433228925016,19,0.00204813960642376
-0.833009912043179,6.56186207748883,38,0.00217837290818147
2.92156926317494,28.7099008020719,100,0.0522007869643862
4.03515624538184,18.2241770552505,79,0.00847770969201306
-0.214245378055737,29.2285280897173,100,0.0846282198444085
1.10649721475056,6.12902733591143,49,0.00208631407194334
5.76993866240367,20.9823658788811,89,0.0110604734385634
0.941286354328157,28.0518695723481,98,0.0987814200366574
-0.0267501152557514,29.4702604362982,100,0.0800597182573085
-0.216825111739328,6.57796037383616,12,0.00219719459271798
8.89995393956728,27.9097173128479,100,0.0112217663824251
-3.604759172119,18.4572805413003,44,0.00936946653221767
-0.196033795321202,18.4352466863236,50,0.0105497808076776
1.84433848213435,30.0551930198278,100,0.0551997231098985
-4.80470739783321,18.5790884469937,37,0.00878391355670706
-0.111582770006553,8.17517663504804,70,0.00252873672518701
1.77374060995398,18.3529535020132,86,0.00970359522049716
0.386836791453616,27.8505351465218,98,0.106943210901067
-9.26563620633416,18.535931882856,52,0.00558926794928163
-2.18822187006806,18.2227716856941,35,0.0097953453946395
-4.07281651686913,18.5970664635833,70,0.00906505989915745
3.24531605763519,5.97988689292762,73,0.00200994317081568
5.56993154737933,19.4940271731771,83,0.0090715029234252
5.6630798961864,19.3463888133486,85,0.00877392378265329
-0.239967706303557,6.70630221239246,27,0.00221636217128115
-0.675998196995631,5.87215173859773,38,0.00204633814200259
1.48566847991755,25.4127597086776,100,0.0552387130528385
0.263037246718772,18.9023326227554,41,0.0117189147072519
7.36446253625112,25.9082353067544,100,0.0147165910075751
-0.350389540823087,5.81684919832115,35,0.00203882430512531
4.25951974373154,18.5048583803493,90,0.00865154388813887
-2.17887513140471,18.4113677146871,37,0.0101370012800002
0.386836791453616,27.8505351465218,98,0.106943210901067
0.00130308387159128,29.6685951224082,100,0.075944274582514
3.71767665861488,22.6362266477771,100,0.0195990658512485
-2.17768736457182,18.2447210348961,88,0.00935272785053558
3.83995824050126,28.758116100798,100,0.0392916908312269
0.271646877906642,17.5536747709508,100,0.0086043261895805
-7.93014542366636,13.5455558361366,100,0.00360065952168986
2.51146737265183,18.5884730327129,48,0.0102048525225824
2.42739272497421,18.4267735149093,83,0.00960593447561158
2.55690895907978,28.9068403104166,100,0.0570383228324734
-3.64261661953299,18.3955935069159,94,0.00883641713865057
3.04013683913698,27.1400577209714,100,0.0508555692736546
3.54486751527158,5.85929417398458,41,0.00199341169783675
1.4707936628736,18.4382816186975,50,0.0103245737574367
-0.2454823305646,8.89528145165282,37,0.00274447295546715
7.9461103833797,8.40503799224791,71,0.00222377737524895
-0.596028125624258,29.8164342005099,100,0.0710275172200574
-5.03964255661141,18.3169669454964,57,0.00812400056742792
4.75346937238641,30.3073217107384,100,0.0259876559528083
4.83872405459693,31.0379111659729,100,0.0230385459344013
4.08386549139798,28.7152666407016,100,0.0366188684122376
-2.18822187006806,18.2227716856941,35,0.0097953453946395
-7.48922001393841,18.6174285845417,35,0.00685225367690072
2.8396410207821,18.4348717624673,57,0.009659885169492
-0.606053611917371,18.2159972377346,43,0.0101420981889404
-3.73052088901497,18.4355252272844,74,0.00900399555821109
-8.79578064493089,18.2653733253639,93,0.0055664617078413
-6.78041518253169,18.8011707747278,71,0.00734970905774496
0.825621906104926,18.8024365184806,50,0.0112810163531833
5.91064626956082,19.1924736722591,50,0.00862186583885005
4.22778749171758,31.6443307870002,100,0.0237603088160494
-4.06142868093737,18.2064106490509,61,0.00856811020422244
-9.27058303998096,18.2351863609069,72,0.00535602755318581
-0.238939708436732,18.7594619639222,50,0.0112612132753425
-0.481639836805627,19.0049836133572,44,0.0119095570624092
-7.31613451103847,18.3869061451481,79,0.00657506523337136
-5.94651580058338,18.4929701156184,81,0.00756850721407319
4.44123951146012,6.04799151792462,35,0.00200022709499681
-0.678125337009376,7.75108806160318,62,0.00242730881043255
-0.914816156202006,6.56288861279742,51,0.002171753188957
2.42243462794615,18.3536952309394,49,0.0097979163671259
5.5617374151888,19.8881525144173,83,0.00964283149879997
4.61975432744816,6.30993490110811,44,0.00203623812066819
1.13802417986126,8.55304285947642,73,0.00261573029218751
-1.23841978195369,8.27156903808599,21,0.00257539649809156
-0.580681829048337,19.0371209015543,35,0.0121060693514948
-3.1730930552804,18.44694212349,35,0.00969946741602594
4.20185074085683,18.5009738479234,87,0.00870541338871042
-1.04440769728418,8.0097883386325,35,0.0025026794180041
0.846659478167558,18.2823603437404,80,0.00986459010500478
2.92424796677721,18.4870778834191,90,0.0094049433966639
-2.46805952444083,18.2038103168765,52,0.00948243144622436
0.388279574199517,27.9909159048129,98,0.106739785206025
2.63869835054555,24.6130446836705,100,0.0364770810890235
5.69135521217394,18.7080258198507,82,0.00798251660707247
-6.89644049249871,16.3063207692174,100,0.00523620653681641
3.94820517403667,29.1231485748017,100,0.0369252382848384
5.48800952670749,18.7178648156088,82,0.00814196454676843
0.230442866090006,31.842941474092,100,0.0387475485430279
3.82362722148423,23.4152544350804,100,0.0225795434690412
-3.1730930552804,18.44694212349,35,0.00969946741602594
0.686190819070247,18.213715796782,41,0.0101474938997695
10.6000173030423,8.73585760164197,73,0.00205616853488944
4.31905686035782,28.7386406981144,100,0.034100490254017
4.51578400334628,5.94277072184534,37,0.00197858218528217
5.13412738381814,30.2304748803706,100,0.0238814193855401
-5.66808762566202,18.2863873013076,52,0.00769787738430305
4.62365701874761,18.7193369337065,88,0.00872193033755281
-1.65178760008187,18.319073187794,38,0.0101541121277112
4.99414809504307,6.3149854769119,45,0.00202190362001226
4.26690607816427,5.94291542963583,33,0.00198878225967123
0.184972377403295,28.5448883884448,100,0.100983623931662
-0.450900816800559,18.1726023370659,47,0.0100327137579109
0.525997931409507,18.6530574159468,41,0.0111026949954405
-0.36053671381193,6.71504506912085,15,0.00222374243484985
4.99676101187834,18.2128746089074,47,0.00808672243301044
3.90844972235459,18.3918571112346,89,0.00871489229191654
-4.64575782250845,18.8211403049032,44,0.00920747644961876
0.135063709121218,6.0542434040803,13,0.00209308292339891
4.15876754364253,18.2814745930042,84,0.0084482170129288
-2.60118524752074,32.7058766707617,100,0.02491422638467
4.89831985823268,18.918247924449,57,0.00904391617620572
0.850076874834694,18.3186674551618,50,0.0102370658225926
12.7530436339215,30.4212788937774,100,0.00558363058419931
0.386836791453616,27.8505351465218,98,0.106943210901067
-0.805333904924527,6.65243131430252,40,0.00219605043178082
-0.979927955136035,7.68538263586383,16,0.00243589748198102
-3.67016904765127,18.9466068326296,37,0.0102520203177492
-2.88504276581472,18.2667342575747,37,0.00952572094485084
0.911302564787049,18.2678820815857,43,0.0101974317485268
-2.82707069609804,18.5744199794849,35,0.0101380522877016
-0.542657428343539,29.6536882655063,100,0.0745803193459968
-1.01404662601569,6.61504525011117,38,0.00218756199568091
8.23544901898218,30.927029116932,100,0.0114780635977389
4.77355721433227,24.034451868311,100,0.0211273006096421
0.132770414426593,28.6816062307926,95,0.104257504332077
3.9634414731453,18.6518168481484,58,0.00932633417022969
5.17484712473311,25.4741856497851,100,0.0235971210741802
4.55103798223167,18.2668225822348,84,0.00819230881896054
-0.538917235476137,8.25296661729764,37,0.00256821400803019
-3.86229353580729,18.8344524654595,37,0.0099008795252013
-1.16098756944384,7.7798658151162,37,0.00244373118972865
-3.10569891391267,18.5073087213159,83,0.00940359426484212
2.57511915873254,18.7888746046411,50,0.0105440769444059
0.319542971992058,18.1675821607706,50,0.0100029981202562
1.57962376037046,8.8982027214207,54,0.00271449363263381
4.33570171375713,18.2999257598201,82,0.00838096808510424
7.36845898844161,28.3001765709516,100,0.0155308787732221
-2.55049280352602,18.5827182973616,65,0.0100003100278867
-23.953432874822,18.3498668846666,81,0.00148536745725917
-0.73214453591952,6.16266695863499,15,0.00211075145123948
0.0973947662870354,30.20157759351,100,0.0649870307370171
-1.00534042825398,30.1915192249937,100,0.0611922811352553
0.510007515882281,27.1269769596239,97,0.101007615100827
-2.16423429050775,18.9413391610876,37,0.011254991752707
5.55659217421405,28.9933632954988,100,0.0237764466110716
-1.44393132320745,18.2430790995881,50,0.00995075617733054
-7.25268942356889,18.5659152096472,45,0.00692494457091209
2.04823853718657,18.5584696007754,68,0.0101587054640815
0.386836791453616,27.8505351465218,98,0.106943210901067
3.89084527074835,18.2815225847592,80,0.00863478956593957
-8.19168486692294,18.3525816244837,55,0.00610056645690784
0.794337213842549,27.3399353883486,98,0.0989733917127861
5.82411540807566,18.7369909302425,85,0.00790056887744865
-0.468493129712171,7.34239855625481,34,0.0023499378677154
-3.39715906197681,18.9020247308137,35,0.0103940215658459
-2.64939164219979,18.537712917394,82,0.0097041821517131
-1.15101186400304,18.8763179446884,35,0.0115667676746868
0.47530853083896,27.4875991381506,99,0.103449818439289
-0.749402244606929,8.10758682281143,96,0.00249209227969658
-0.103476259929452,29.0296075019912,100,0.088677640089363
7.91515953359864,5.8502153136653,45,0.00180983757368174
1.52439841404545,18.2403427225949,50,0.00992197622487862
1.94180035500547,26.0480555046234,100,0.058965006400267
2.4081360937115,18.9188735836237,56,0.0108382332149402
5.59608514463337,20.821607236697,94,0.010968094631172
0.535601143266016,18.4119460888073,50,0.0104737328167
0.627887941178011,27.0489844955943,100,0.0912825578874649
6.52492064870944,21.1554989585827,100,0.0102624629516404
-0.870628464553512,18.7633804330419,87,0.0107376824979025
4.19183927034736,22.5195631326021,100,0.0178552352450822
5.49256265155541,19.130233006664,87,0.00862071540334667
8.15445401595718,28.5342441715873,100,0.0130125208024688
4.6640595340365,18.9832274503249,93,0.00902743124265969
-5.96473653099283,18.2080157538429,48,0.00743694926475207
9.48220349550126,20.9949633843197,100,0.00680462455734134
0.457789091387698,31.7763098621668,100,0.0393106854180393
-19.2425987884654,-11.0139014964853,91,0.000528665595432156
1.9363300405255,29.5107332380812,100,0.0610828176954271
-3.92055657653186,18.4674418275866,71,0.0089593589628598
5.63374736440173,23.8435405257736,100,0.0173064322949222
-5.3349719475766,15.1792315113748,100,0.00502017716117792
-1.07703729948187,18.2904826167672,35,0.0102922669262884
5.42140976000162,18.5178298070501,58,0.00810425846098117
5.58095693555947,18.8278783715941,83,0.00820010714943563
0.792468922168185,6.04576174842552,32,0.00208054231496157
2.35850161063036,18.8952608255792,56,0.0108163960065786
4.75213249758818,26.193365145156,100,0.0283562808342943
-1.06506208949122,7.93058616766848,43,0.00247790851411083
4.85003491468649,6.20877858263214,35,0.00201307394729743
2.86600564769228,6.04732925124962,40,0.00204515077116382
3.50063885451776,28.579704728887,100,0.0441079107865564
-1.01851093244682,8.33559299470134,65,0.00256614831162745
-1.17446954093876,7.90496525971157,15,0.00248735731667585
-3.99806902232732,18.9016687807659,38,0.00990497206100806
0.752879968242455,18.1538882692134,48,0.00995020682435559
0.726876679794018,31.0268558700727,100,0.0488985589845595
5.58076979966911,20.356705648553,81,0.0103665655168569
-1.42582869133481,18.2582779209625,54,0.00994522303559642
-4.2860802967113,18.1854423232086,92,0.00819051378069491
-1.24132279042838,7.58850458897578,15,0.00241007113967841
-4.55397719446852,18.5234991797665,44,0.0088313452015172
-8.84281366285098,18.3668285149401,66,0.00568698421300182
0.380043319373485,18.6116446123897,51,0.0109050814919596
-3.20405047998675,18.7515528778748,70,0.00988598868245516
-3.86229353580729,18.8344524654595,37,0.0099008795252013
1.68224854672913,18.5245666980937,82,0.0100903745082735
-0.208567540095762,27.017152187066,99,0.099433453099038
3.82800273027451,18.2895905686509,51,0.00890701989641715
5.52737844983641,18.5004531871948,58,0.00800786930916422
4.79839161672167,18.3696046930873,59,0.00833912747104699
0.717943540155234,28.3920652556108,98,0.100017774340037
1.47916599168041,18.1745342326023,36,0.0099481583083846
1.31641531558091,18.4434417627405,56,0.010316851873896
4.96889243032038,18.4755067644119,82,0.00820460306109822
1.09926516137989,18.5409300988473,50,0.0106408469795906
-0.794020298302627,7.44641934981222,41,0.0023674455559693
-0.0045688069881239,27.7732070832722,98,0.108592136464196
-2.17408350383043,18.4445876572983,67,0.00990090181989814
0.297537635080895,26.9971472266287,100,0.0976927165237257
5.11519226611593,18.2591921828444,85,0.00782684313348953
0.388279574199517,27.9909159048129,98,0.106739785206025
0.00317687720620663,28.1622388564997,99,0.106477982484873
-2.81743545223986,18.2075867178983,51,0.00933428945972692
-0.667599289887885,7.27461692670209,37,0.0023317874001353
4.50037149391501,29.1999296019619,100,0.0313023876860085
0.264328912840486,18.4451272008733,40,0.0106798846452151
4.02931239634838,28.7376969582824,100,0.037168444527954
3.20428826188161,18.1907881816751,50,0.00911693216361347
0.231329506832957,29.9808873024659,100,0.0692164339335447
-0.593435689087829,18.5884102270757,50,0.0108414647002751
1.05057465608064,30.0211953244441,100,0.063815669980809
2.40322133233313,26.4067661516861,100,0.0562051793611219
5.65161288486258,18.4143668147793,57,0.00782564089934965
3.58315599200589,18.1603404225415,52,0.00884584874879401
3.5324650278896,30.5891069407216,100,0.0335338766913557
4.10292397170832,21.3859769946588,100,0.0145636806101904
5.69988768826594,18.603526847869,77,0.00788675292028486
-3.00726298457113,18.1811241476488,33,0.0093502343157524
4.32389907681552,30.7362860504038,100,0.0271274591806894
0.0393145765640278,18.5504874579058,49,0.0108116781350027
4.41184913463385,27.5260372999746,100,0.0339238678192485
5.61924629933229,18.4003744842789,65,0.00778302028917338
4.08539540736087,26.5821630467635,100,0.0354264676337753
5.85005028209303,18.6964265335619,96,0.00776893228705473
-7.2914460722206,18.706337281131,48,0.00700877173235659
-0.352213538812522,18.1848280996264,75,0.00978876629763704
3.99081286391511,26.0404278198965,100,0.0343136410436237
5.12589957527825,27.112132290853,100,0.0272205115553451
5.41046555513828,19.3837399834461,99,0.00893319179188254
-3.1730930552804,18.44694212349,35,0.00969946741602594
1.37330062420603,18.1584321906775,85,0.00948484472660179
-0.968751480025019,6.61512459721188,12,0.00220052640641472
-4.24585632090256,18.6172259639721,68,0.00899442240747314
-7.12026361421216,5.4108943481312,100,0.00177111215114045
4.59924611539402,26.0959146066985,100,0.0292650747247873
0.023756857486243,18.4690840256012,91,0.010181839657239
4.44096299406279,18.6924581751509,66,0.00898556278677333
3.39980557796815,27.9049654315866,100,0.0465948696366138
-0.193508877302418,18.6665040060329,69,0.0108246736854262
-3.60902840190012,18.1619344385861,56,0.00880262069440629
-6.67967902856596,18.8094627302729,55,0.00752141496069999
3.90128360228409,18.6519853432961,60,0.00935179816346468
6.58866972481805,26.2247492274554,100,0.0178604416459565
-0.609203719412824,7.85339432736453,38,0.00246678566893414
3.34556453152084,30.0682239799726,100,0.0385139781396991
-0.395789667692096,6.44206130640999,40,0.00215592195133168
1.80751374071851,26.420946236563,100,0.0656058643220106
-1.07757727783925,13.6495666892857,100,0.00469409276845763
0.283935099364649,18.2371294577268,49,0.010151764696747
-2.9281447732167,18.3637073108371,35,0.00969198123523025
0.140745861396175,6.48956400061129,39,0.00216652254936624
-0.294142347060736,26.2727332980884,100,0.079930557693321
-9.59906185938648,18.6765100864696,56,0.00546441595076855
-3.16224565548932,18.3213817147646,41,0.0094331068094055
9.17239416332193,5.91264060969557,19,0.0017584747466603
6.46481957688527,31.5458481313419,100,0.0153206785397062
-2.0763218667622,18.9932483249,94,0.0107234795335083
-7.69225639341364,18.7257119547324,51,0.00672813474462291
2.67994786397988,24.4457134927648,100,0.0347839239498678
1.95844743178326,28.4845922015263,100,0.0707960111015434
3.06953645247691,6.27235510327729,47,0.00207855775172689
2.22128392253601,28.4327309256129,100,0.0659556254919733
2.60676180966469,18.2034997191952,45,0.00948154238477751
3.02170897908702,29.5166833274396,100,0.0459300639835932
-0.996244707144661,7.67793413613658,41,0.00241920363129171
6.32413855918085,32.5411669052464,100,0.013928064655387
0.145258671772494,5.83985217388829,39,0.00204180207914847
5.70426351596114,18.4871639962191,81,0.00772720830243754
5.02794273471353,18.6469203020195,85,0.00836226555440681
0.619332674721557,18.3730994810532,49,0.0103940052470404
-1.05193555786001,6.41837269129791,15,0.00215841028536438
4.86474752147448,33.1672958868191,100,0.0162019298274591
-0.862539103696938,29.4952443277558,100,0.0751035055304928
5.56113867651124,28.2581936743706,100,0.0243992662950439
-3.8164548670481,18.1930814602163,36,0.00888576621048207
-0.886004949731253,6.90883325348188,47,0.00224522744377731
3.14102250478422,29.4103323235967,100,0.0451126682365106
2.38516044472165,24.0947357567721,100,0.0335835164143681
1.14304206920474,6.77569290221127,32,0.00222218438229465
-0.689094275822916,18.1627826045085,51,0.00994670114887391
7.22937808426595,30.120746701748,100,0.0148654018460121
-4.99384345327224,18.6438601532517,90,0.00834728125886164
0.193766706776453,18.2627257354463,57,0.0101245378703735
1.13303084984193,5.93406695658475,38,0.00205429294702524
4.36626356412095,28.5820636346717,100,0.0339157224310467
-1.13802461943928,6.87645687614551,35,0.00224186572482884
14.5493909421125,8.47430444563322,72,0.00167886957912554
-14.1209153773052,9.42004410561812,100,0.0018202376916963
-1.94335326438893,18.9856384163424,80,0.0109344767772471
-2.18490351032952,18.8672007907671,48,0.0109448145829007
2.57407369126038,29.6939241854053,100,0.0502876396712321
2.1705329935508,33.3529410970887,100,0.0223358666141507
0.777865857720563,28.7862623203941,100,0.088014614818869
3.49750652492551,18.3584584669722,83,0.0089496407892607
5.34214211160007,20.6767792650553,87,0.0111413291878183
1.54412479859982,18.2143036444678,49,0.00987667776620849
5.26814306419715,23.6643425760968,100,0.0180935729548235
1.78968323262915,8.91532311737116,74,0.00269940817076481
-2.16423429050775,18.9413391610876,37,0.011254991752707
5.46952871171854,20.1570166789554,89,0.0100936961523215
-0.152394100977112,28.4380983259062,100,0.102490578622284
5.78392734389897,27.2821341625475,100,0.022888441596219
-6.93981465187562,18.9993333107475,80,0.00737488458181846
-0.988055297542426,7.71898912166518,34,0.00243316489684304
5.15335675588889,18.3709765291074,82,0.00795398738597823
3.01711927751428,31.9384532511539,100,0.0280680393388735
3.07895092536217,27.8056046510663,100,0.051588849852268
-0.02852831371794,18.7948625010667,50,0.0113506169599394
-0.814014266210474,18.8231359121091,48,0.0113570714525318
-3.1730930552804,18.44694212349,35,0.00969946741602594
-0.853110071991903,6.081181519577,72,0.00206953831073235
-0.54631049360739,8.18823764341275,59,0.00253725766245465
1.8200756091736,6.50268311646146,36,0.00215516569661871
-0.255711987576906,18.1787019367766,38,0.0101504448354704
6.26809325863886,28.3502039191554,100,0.0202310045036876
0.873345238992151,23.6804801185577,100,0.0355335094579312
-0.521523240077365,5.82372185477801,15,0.0020478164923823
3.57734930292088,18.903077371809,82,0.00978980987289704
1.77599193913466,18.3666594378369,51,0.0100702777619603
-6.20207591412055,18.6348574130486,52,0.00771052808430403
-0.783354853874722,7.55934227779314,34,0.00239761280015578
-1.07683385439072,6.64599097661739,12,0.00220581496705562
5.3172262458816,18.4291543817197,57,0.00807506228750643
-1.14847117018472,7.62593922552855,71,0.0023878475077802
-0.742248760409569,8.83484483526303,34,0.00272586901783474
2.6691699290383,29.9732111472818,100,0.0465421332382627
0.623030548962482,18.4045488044476,83,0.0100991641766347
-3.2151955022313,18.3453000161235,66,0.00922581438619329
2.68668806451818,26.9882680016526,100,0.0559241408162688
-1.86100823168775,18.3531051123301,49,0.0100332199890965
-0.732148244168316,6.2834181583436,37,0.00212431827747481
3.10718576358109,5.95697827387578,38,0.00202366842389815
-0.645959075247428,8.57595100751552,40,0.00265082905131788
4.6036374229654,24.8358284507996,100,0.0248462224436113
5.33890005183599,26.5770481769621,100,0.0249663007942502
0.72368644587985,18.7335496312417,74,0.0108531231947137
-0.576411399954079,6.60709499238817,37,0.0021897566477942
-0.233579403245753,25.6556813829951,100,0.0674762492199983
2.61430193414799,29.0956032291326,100,0.0547667990782732
4.6209896655191,18.2453883118587,57,0.00830433269318032
5.67568477304102,31.2264474437477,100,0.0187129084437688
0.951056505716194,18.4909210462805,50,0.0105698964423927
-0.177437664098082,18.3547260932705,49,0.0103943393939957
4.94955811474278,18.343047952366,81,0.00805834079867682
0.374925825473005,28.194965914389,97,0.106918193095139
4.2704344868022,27.5420497338986,100,0.0354114038522913
-0.767109808846084,6.30095521570409,37,0.00212750044403315
0.958357477529191,18.5107146817626,50,0.0106098889397012
3.78446410218384,18.380230553573,65,0.00895955964662564
5.74180249077729,20.1890984136839,83,0.0098979533598186
6.95760623382404,29.6885377201533,100,0.0162210429942969
5.48453954485287,18.4159350930685,90,0.00774024489378555
-3.23981720385582,18.634034852404,38,0.00996624909059323
1.00853385842924,5.8470359245286,18,0.00204774046892244
2.33902012713461,18.6061252633777,92,0.00987858376606078
2.94327095397464,24.8135245610621,100,0.035903564882694
5.65086111530178,20.4815011115302,83,0.0104609387976095
-13.9092180082179,18.586359644439,79,0.00346872131248792
-5.36450989982298,18.5821400519084,52,0.00826578918919676
3.12690934481697,28.8090540943986,100,0.0485981342145188
-0.596028125624258,29.8164342005099,100,0.0710275172200574
-5.17898101954196,18.2950992514633,62,0.00797233204893496
7.08108477773587,27.2494133850089,100,0.0165516086429964
6.31913247987542,25.9978018288343,100,0.0187600291203389
-7.28475052120366,18.1516882754912,61,0.00647903794012764
-1.24492249408641,6.97991256558356,15,0.00227282805042527
-0.250195657216766,18.8484579951592,37,0.0116422891462402
5.82920032508325,27.8409013005753,100,0.0227889115952071
-8.82178285720366,18.8407236783638,58,0.00602792771579803
5.21538559658302,18.2479985038172,57,0.0079229523036497
2.58445080533601,6.46422496865525,36,0.00213213953212371
-1.28004522683611,18.2118865487348,35,0.0100857840355573
3.9634414731453,18.6518168481484,58,0.00932633417022969
4.66240865279209,18.5652483734672,48,0.0087831448289583
0.572962245650761,18.411250454818,44,0.0105339104090562
2.81972209059746,28.9437050562671,100,0.0525663622166289
3.15765390242698,30.4059563464064,100,0.0379544364790644
-1.03069869090084,8.38012239939553,41,0.00259351490171585
-0.202630119639883,6.50136249756279,18,0.00217871452918915
2.92582896729131,18.9649634950211,43,0.0107636676533677
0.748382058616675,6.06763812585537,12,0.00209370601757831
4.69072038788503,28.6347684787641,100,0.0307671380105993
-5.34557637998185,18.7076162739805,45,0.00849149186259255
3.01768181610462,25.8114340747457,100,0.0430865656112968
4.41314104355617,29.6263739876785,100,0.0307763075790073
3.46043816529666,18.9696747441716,82,0.00998646937587051
4.63061919170825,29.7799245944182,100,0.0285510342024536
6.68450870287623,27.881260703663,100,0.018320367594846
3.64921493191897,30.3078100718867,100,0.0342424762245059
-0.190482566507144,5.83017427719724,47,0.00203663933055472
-0.900738373134351,8.58733904284147,34,0.00265536949118625
-2.64129968462362,18.3449763656397,78,0.00941294680757844
-2.38613990851489,18.5903811168668,75,0.00999566093865667
-1.50376777879064,18.7000893507593,38,0.0110024410962041
5.44946242712373,18.8741987903602,41,0.00866067253007739
5.12601887909292,28.3415921342702,100,0.027466632864053
1.7881812445628,25.5476075020174,100,0.0541962301811324
-4.48344922625357,18.8891424291024,37,0.0095056333337675
-4.45430866254037,18.853382359728,37,0.00947119581202113
-0.199066837329292,19.0387294154238,69,0.0116717103929567
-0.365093928987747,7.5748667522018,38,0.00240170389726766
1.92370741043834,6.05621916883603,20,0.00207442885320323
2.84236223224788,30.4547189518109,100,0.0404757058984217
-4.46548609317114,18.8834278374153,77,0.00916232515786855
1.43704074154497,18.5342363536427,81,0.0101979416402553
-0.986961924663579,7.76205137230242,41,0.00243930814228412
0.872136856130495,31.1909381968882,100,0.045980095809239
2.7797807197204,27.4975810950804,100,0.0563049571306433
0.720830649884242,18.5035363961802,50,0.0106397541398892
3.29442964134434,18.3318573691877,53,0.00927099228817456
4.66886236171817,18.3742872687982,83,0.00826436258582861
-1.18462551290962,6.67302398001685,12,0.002210215076681
4.93647073570902,18.3105223346669,70,0.00809809250362007
1.34066416601517,27.2809661140418,100,0.0830903407121902
-3.51120516173379,18.2926662816742,35,0.00923471172636942
-3.88738594598431,18.3593627330592,36,0.00909931681958121
-1.87234999292437,17.3308535009168,100,0.00804533417166933
0.187078655104954,27.2272453873354,100,0.101647273205793
-6.70070140734276,18.6047534059276,85,0.00714373148999364
-3.1730930552804,18.44694212349,35,0.00969946741602594
-10.9144334421017,16.1076881684004,100,0.00374291085692178
-1.17784725609245,7.84028341753101,15,0.00247141281702025
5.65838122253034,19.4382749222683,89,0.00886803542312825
0.777865857720563,28.7862623203941,100,0.088014614818869
-2.51987309575774,18.447627460866,40,0.0100133396108398
5.03522448619503,18.315495160887,58,0.00811848775819266
2.21721857556651,18.8790867403486,80,0.010582451887513
2.39116583539027,25.2747886530866,100,0.0448261989353006
4.89699885160694,8.896743331937,63,0.0025586338401862
-3.39415367004267,18.4100813840007,49,0.00937685209124861
3.04013683913698,27.1400577209714,100,0.0508555692736546
0.684302068397637,29.5694184180024,100,0.0752606427383729
0.386836791453616,27.8505351465218,98,0.106943210901067
6.04155819872333,6.41132585056657,42,0.00199322280119049
-1.76824190627153,18.2721982736165,50,0.00990321397598235
6.60417123557756,28.2525886460388,100,0.0186326487397538
-1.09953741526037,6.68180794662045,36,0.00220129453966065
5.65229052072607,29.6536720901321,100,0.0221915406253697
1.64909012820425,18.2676373103277,47,0.00996436449949267
0.359936914434995,28.3688567160273,100,0.102163479023262
5.12242537120449,27.9902091265879,100,0.0276572568151436
4.18006864904736,18.1794448351947,86,0.00828424576729103
-1.17595854256264,8.22706899459123,32,0.00255764691241874
4.01655975768443,30.6153931262595,100,0.0297449650985572
-0.596028125624258,29.8164342005099,100,0.0710275172200574
5.61125731327659,21.0893136292522,88,0.0114881604564352
2.98409104368366,28.8801959590536,100,0.0503928646694182
3.82390480271033,30.8290932069622,100,0.0300017169010583
-10.5506032424847,18.5857844663743,52,0.00491520713616785
4.45494037037762,30.5455184032443,100,0.0270614997056514
0.739778789818413,18.5040880132048,80,0.010308801532852
-3.1730930552804,18.44694212349,35,0.00969946741602594
5.62296512019929,18.8486477799903,58,0.00836501731331259
0.342705589617108,18.5091979572892,88,0.0102797047890249
-2.22526680817005,18.3997346315621,33,0.0101345035149732
3.02520615329469,29.0094381815429,100,0.0490888108562202
0.494707148599956,18.3471588808998,49,0.0103558911780425
7.20982269782344,29.8082382731771,100,0.01522687384388
0.468097404604498,18.6241296017276,50,0.0109356252695343
3.26030453674361,18.550656785806,38,0.00980224303264185
3.03283860809577,28.220223758392,100,0.0520075366641005
3.08616151023378,28.0590339456049,100,0.0513755363418406
4.69846789774392,18.2263406011603,60,0.00820965452674466
2.8370453310944,30.7378100567979,100,0.0381322722969852
-4.40730092738738,16.75683770579,100,0.00655166496065314
-0.0840493501566207,26.570872818476,100,0.0864072659867685
5.48532029546343,18.5171393327626,58,0.00805789586854989
2.4352850966057,19.1401366486964,92,0.0108590386559957
-1.33142104437413,18.6020256595708,95,0.0102138104274444
3.89990197080598,6.41907633399578,98,0.00205898397684616
-0.0642199944678133,6.39471594411808,15,0.00215881729229073
-0.920583443816725,6.54862095580066,67,0.00216133957452341
6.4564499514383,28.8415718350329,100,0.0190302906817214
4.61162210443973,25.6747291121857,100,0.0278172862456228
1.68437697022524,5.96938530390236,35,0.00205553546180137
-2.25366440130443,18.4959367579507,72,0.00991190019594241
4.29186910449375,30.2185290206284,100,0.0295177055448522
5.78619135761915,19.5575133976065,95,0.00886266992277793
-7.52454646006797,18.7236440051128,83,0.00669723362311242
-1.56914279901293,18.6242604631562,38,0.0108125733502456
5.11818096053018,21.2091459897807,87,0.0124926489137994
4.29925412962046,28.7745151138521,100,0.0342246981980716
5.52402210499729,19.928382258517,82,0.00975172261773585
8.42511186620713,6.49633477110683,42,0.00187778438752011
0.976859141004322,30.587251592619,100,0.0546854011208525
-3.59807648306184,18.6204370118756,44,0.00964882932698295
-0.989013997758233,18.3225094251783,43,0.0102916182784231
-3.32500211754142,18.1859216485707,35,0.00916856330410041
0.405581996330617,6.23011991324514,32,0.00211787826874316
-0.52566157246275,18.7950511929664,36,0.0114978181666
-5.10483113408296,18.4874496290947,45,0.00838025105528104
2.83529116493141,18.4590243019186,50,0.00977121135955636
0.47887065202339,27.2748097483836,100,0.100258541044042
0.609016469128801,6.08959831558262,34,0.00208909532806809
-0.321780660181885,18.6895357902059,94,0.0105792540312686
6.05387810042935,6.24675509796728,39,0.0019660416854467
6.21152909685851,6.50194874814732,39,0.00200158831913315
-4.31304626149756,18.6090477633126,39,0.00917377742766846
0.0325012854995328,18.2060209047098,49,0.0100984365087374
0.388279574199517,27.9909159048129,98,0.106739785206025
5.61284903333223,30.9000597972179,100,0.0197474203009899
-1.09783976354537,8.10727219276655,14,0.00253984167921358
-1.81122113447517,18.5009175021386,50,0.010330890161831
-0.868001994077316,6.62761760767242,41,0.00219000017903787
5.87821420745754,27.8567349905614,100,0.0224949497302009
0.327656953592497,5.96082668659961,36,0.00206510756903878
5.47733357441035,18.5001298814614,59,0.00803648652794834
5.91009905846407,19.5047645384281,81,0.00879036784221669
-0.851295617962053,8.84340208558593,35,0.00272625383818545
-0.579819673694846,6.21188485097487,34,0.00211268385733122
5.31243309677306,18.25810539791,84,0.00770754146243871
-0.208460497560729,6.42422858516301,34,0.00215568470330473
0.627887941178011,27.0489844955943,100,0.0912825578874649
1.06728823854257,6.23516569444512,33,0.0021140441826646
-0.580681829048337,19.0371209015543,35,0.0121060693514948
-3.91907009533867,24.9214925390714,100,0.0294966103101822
-12.2309615955585,18.5840711978433,56,0.00412944652265131
1.84610703543322,24.3213453531622,100,0.038699787349657
-14.2254145721712,13.5474756748118,100,0.00239723561825478
-0.68459724480231,6.92902698134619,40,0.0022546539783384
-6.22458326282895,18.5676015534508,61,0.00756898714354098
3.07629384046257,18.2133653500433,39,0.0093156719313081
-1.8337238779728,18.2992333170647,58,0.0098526599776749
-4.33691384328756,18.7350082185189,41,0.0093372555338264
-5.50611276385517,13.8153277280805,100,0.00421042331257987
-4.68731610981911,18.4696017786605,34,0.0087355530564104
4.82438042928426,18.3012380007419,86,0.00805352672456582
-4.85158612586997,18.9033582439126,71,0.00894594753362345
-4.09335066241058,18.2583807555496,44,0.00875110037462505
-5.20606442851698,18.375310241142,37,0.0082178121407949
4.58376242360393,29.3595648358038,100,0.030159664073335
0.683863000152527,19.0466296976842,41,0.0120241519120761
0.212429462398205,18.1990066172821,55,0.0100195583528819
3.18701311061816,30.5026684231956,100,0.0369887884648416
8.54499708150349,29.4350979957862,100,0.0117102850925821
0.878230303468598,18.90572425059,85,0.0110651936515304
2.18178253120181,26.2982984521286,100,0.0584660335633034
4.55895804157209,6.25848834821009,41,0.00203060613183463
1.40138335179884,18.6620074556761,54,0.010765343045097
-0.694508231367197,19.0548645002282,69,0.0116501891255227
5.34557547655174,18.9878452843697,83,0.00858271589617648
5.78392734389897,27.2821341625475,100,0.022888441596219
0.314244447745022,6.16747432023496,21,0.00211095591753923
-0.543507590847022,5.98365576962762,20,0.00207544273066062
1.04374222827085,8.59045549806033,39,0.0026507384170901
-0.523889712835822,7.36300327966934,34,0.00235430947240301
3.83181488757921,18.4415176765445,48,0.00916465170468811
-0.910748905715106,6.78230710310697,16,0.00223387961463381
2.79008885219495,29.7540614191764,100,0.0470181450125759
3.37445668351408,27.1661085087169,100,0.0459323255665509
0.398113171353058,18.21409269252,50,0.010088082739363
-0.596028125624258,29.8164342005099,100,0.0710275172200574
-3.41527625066996,18.6763628062111,35,0.00995748125454232
-0.249275265497954,18.2183045706222,53,0.0100756418685361
-2.07463257106355,18.3161599538025,48,0.00988986914462452
-0.78936906518846,7.65750896800652,46,0.0024136243509749
-10.3817851816466,18.4308422560373,48,0.00494035057352926
-1.39452429095043,18.4477852876398,38,0.0104977235525439
-0.858289225046413,18.4989370896004,92,0.010153284464603
-0.88239688001674,6.5537884754354,39,0.0021758669058612
0.431499621073184,6.18358894382718,12,0.00211771279756325
-1.32710812234397,30.8950372805135,100,0.0479244687902393
4.99280428843509,18.4790519803016,53,0.00839246756124249
-0.806637795002757,6.42876820692477,79,0.00213309520081445
-2.86317448218846,18.3861874230516,50,0.00962692683094489
2.55534027338619,19.0707753592898,81,0.0107755186059698
5.758468218491,18.5585320876851,59,0.0079050601135631
-3.1730930552804,18.44694212349,35,0.00969946741602594
-3.27490871654814,18.9475828282269,61,0.0102902640999285
5.29896850716561,20.9980571957687,87,0.0117947773994848
4.60275184768607,27.5874861133194,100,0.0320911249936345
-0.996192971344885,8.68728178172194,48,0.00267141172406207
-1.8837640179793,18.1780842427468,50,0.00968870292901327
-0.596028125624258,29.8164342005099,100,0.0710275172200574
4.55391562370031,28.4129271215767,100,0.0323169534403969
5.81814231118144,20.4313909436104,91,0.010095465352635
-1.82680103314073,18.7705076047128,50,0.0108838158730292
-1.21693720598368,18.5368114028127,35,0.0107727479869901
0.0550552838217773,18.8145355488597,71,0.0111300549881663
3.9634414731453,18.6518168481484,58,0.00932633417022969
0.873345238992151,23.6804801185577,100,0.0355335094579312
-0.580681829048337,19.0371209015543,35,0.0121060693514948
2.42175940067458,18.7290366069648,50,0.0105082879986882
-1.85036741907748,18.8584634312069,75,0.0107671869229752
-0.383103722207173,6.76123548409121,38,0.00222193692531624
5.06866712605897,18.9777366528914,81,0.00880212398256396
5.08930163858694,30.4637668630552,100,0.0234878745259133
5.87974884155652,18.6363788681454,85,0.00774770791092674
-8.13076466828336,18.1963816152279,66,0.00598731624050752
-0.580023621020231,13.7689682104483,100,0.00478859703922186
-1.18661315639004,7.46403081874825,41,0.00236711591136164
-8.71244541528454,18.2503986619976,68,0.00568259647767175
6.55208217549527,23.1190892638702,100,0.0132769092640428
0.680224372205794,18.4050727363066,88,0.0100419024187522
-0.644234009979606,7.65018651207943,40,0.00241661150269412
0.495472664579197,6.29039806315316,35,0.00212789712004562
3.78687293097136,18.7116818596841,99,0.00918646982816172
-0.815064530342423,7.57909527023144,41,0.00239790584375348
-0.619595018357108,5.95025936470921,37,0.0020615335416071
2.50894716520444,8.86820943381752,81,0.00265935616855781
-19.3178893812544,18.4093448919738,88,0.00211765661573823
2.12641945068828,18.1642127784501,60,0.00948272544822016
3.71767665861488,22.6362266477771,100,0.0195990658512485
2.98111270717105,24.1031104801231,100,0.0303844804322024
-3.86229353580729,18.8344524654595,37,0.0099008795252013
-3.06470886074015,18.4919917440637,79,0.00943608326395884
0.388279574199517,27.9909159048129,98,0.106739785206025
0.0303005466393435,27.7793751666736,98,0.108593912902153
-5.30972115841825,18.1875741268691,43,0.00787563625983486