0.280776450552995,27.3238236842092,97,0.105611708184522
4.098722985323,21.0834890895564,92,0.0137290258205141
-1.47858627845837,26.9652391058627,100,0.077579354192326
-0.715807419185201,6.4478931285325,39,0.00215589434638145
0.609278655100713,27.8370401784951,96,0.106691636428418
3.10664559967584,27.9835442838778,100,0.0511059160335382
-2.22717675318643,18.2491223368641,50,0.00968485100463056
-0.96621144288314,8.65947516799815,43,0.00266778945511115
-1.93875447433997,24.3174912662565,100,0.0381418889848773
5.59177718120721,20.903546092794,93,0.011126141597725
3.22995628092644,18.2162984961012,41,0.00922012219916302
-0.330267215956149,34.2398900080306,100,0.0197249138000734
0.841035366599087,26.5078875337566,100,0.0803865505919598
0.359414256572804,27.666811127105,100,0.104515273604496
-0.144506173123801,18.5861674933781,64,0.0107125135558127
0.237038745468256,27.1254720505977,90,0.111129193056944
-0.543915615884574,7.66655135376899,38,0.00242235080372681
4.68768278631867,18.7784095158088,79,0.00882822116004646
0.0657176739395677,28.0284210350675,99,0.107143587295333
0.185126520314833,27.6661175954367,99,0.106685523818622
5.79178487780561,18.627030785086,82,0.00781761115652179
-0.455848479319492,5.92603609592118,15,0.00206713311604608
5.39257520895379,21.2314175026004,84,0.0121454503931397
4.10346523559693,18.4274480181484,91,0.008632911322095
0.789478659011308,31.2150138633434,100,0.0459303333313682
0.146934659902014,26.0722156395484,100,0.0762010265912888
5.0412847935872,18.455142105732,62,0.00826513562102476
1.92008323281982,31.7958666243332,100,0.034400861235984
1.97208016285242,26.0029395320005,100,0.0579933207945775
5.49603059397456,20.2243187507325,83,0.0102322879080895
0.627707915428393,29.7834249820398,100,0.0714805038617145
-1.19610040112314,18.9577834455496,42,0.0116545879525593
3.13909786085241,25.47363534727,100,0.0392841313961541
-1.12352311750485,6.65816146339426,12,0.00220782882795956
-1.16063574552843,26.1372502307851,100,0.0703224918911845
0.886925761016993,18.5245990756155,86,0.0102605753287544
-0.282468883580002,8.4305200147005,58,0.00260190691737942
-0.717727344947938,8.53749759637757,47,0.00263488649889917
5.65037246190475,19.6548972869026,88,0.00917669449381612
1.57926006877976,28.7728424058542,100,0.075608140595874
5.75713930507924,18.5693042375403,84,0.00776484059933066
5.71416418612103,18.4395819278167,89,0.00762077596743561
0.296814767579001,28.47570987732,100,0.101351240594628
2.19871533533685,31.0972076880119,100,0.0396717347163934
3.45973143049671,8.7254743888348,59,0.00259775275580102
5.605899777621,18.5529948632294,54,0.00804049444632842
0.965636837598217,27.6679473540908,100,0.0964244380731877
1.74164625513204,8.13451778755195,40,0.00251839857898102
-1.1285793402036,8.02789112667202,40,0.00250290179794581
-0.164853287609462,25.7432197734458,100,0.0693761844489664
5.36098800623657,27.3487571560171,100,0.025704412246422
2.3420273134054,27.8104838756887,100,0.0649828835167741
0.876191425657072,18.4157982867731,82,0.010092344910877
1.32001684259999,18.9730683475544,49,0.0115549543172476
2.43057109719995,25.2476093772412,100,0.0441701600801275
1.05342412250768,25.7857551916231,100,0.0652813018465443
3.85102484369657,24.3283421617068,100,0.026872524888353
-2.05783263249582,28.5662027225248,100,0.0683403044870401
3.6749593691824,6.2295728549177,35,0.00205831127362783
4.36075439903602,18.7672733153857,66,0.00915605594006727
5.12497202448473,18.689256826554,54,0.00856960184232179
0.97745129708471,18.7471181778754,95,0.0105905782688984
0.320719968523135,28.7800744600496,97,0.0995210464281568
-1.10939035080016,7.17381511932896,32,0.0023078638725959
-0.990899168213825,7.41052536893859,14,0.00237239798491628
0.0792607859708516,27.5082909282982,99,0.106023712575771
5.77820758557782,20.3239296377049,83,0.0100603959309895
6.07295537392145,25.4392658050868,100,0.0189941729078515
-0.35927996076809,6.47853228600461,11,0.00217698879792575
0.893250969328166,27.9648834457203,96,0.101940538695218
9.7829260017271,8.27151462641441,72,0.00205101356755761
-0.946602757921864,8.05032959326462,15,0.00252672606679292
0.319626193003833,18.6839071845068,74,0.0107960440799858
1.60472329305552,29.146443254894,100,0.0707819522265166
3.43828008071137,32.1883327113543,100,0.0247239949476952
-1.19922704147035,7.99656438574607,38,0.00249535667620518
5.50269168242822,20.4811137619877,86,0.0106104379736672
-3.48346670482702,26.0137443065505,100,0.0392946377562558
-0.489526636809212,28.5626461083076,100,0.0986912279240568
5.44071401856634,19.4093366343166,86,0.00904674716131918
-2.46057140869132,26.7440093005808,100,0.0581273463378404
1.29225121545555,25.0272228054165,100,0.0510137903680301
1.54923918114045,30.7815532752144,100,0.0480090723192129
-0.698948677696508,25.6074162353448,100,0.0646444516179253
0.851541668689194,27.5047045130813,97,0.10046981955767
0.824919490014268,28.2207330593134,95,0.102978864735856
-2.15448141223553,30.7488302676542,100,0.0437043984386169
-6.64260194914615,28.0522076658854,100,0.0184974071796283
2.69348212237576,28.3190017575098,100,0.0575857884241818
0.963445330027856,27.5816784564211,100,0.0916810521266337
0.152704775352198,6.14845764452301,27,0.00210495715395995
2.39046327625021,29.8214962052404,100,0.0513929131905668
0.765714157065623,27.795599427567,93,0.107623785965916
4.99377763491025,18.8601735928478,66,0.00881383922987135
-0.443352883868429,29.5333891294772,100,0.0775575052161818
4.92908894359792,28.3921722188365,100,0.0290033200440952
-2.71221227215724,24.1469705662845,100,0.0322031515698855
2.27135960649104,27.9556832381593,100,0.066361427158284
0.213124199153963,28.2659913394291,98,0.106267113602891
1.77770946948803,27.1310844339718,100,0.073559853024627
-1.2111762096393,7.72674404351845,16,0.00244280355969271
0.927424007485353,18.1720239459017,50,0.00993621537567207
-0.00222067936352233,27.7763229690891,98,0.108598679299347
0.284954176136716,6.15801260446127,42,0.00209990466910012
-2.50658372326984,27.4169589889608,100,0.0610450529344084
-0.47320297711167,7.84605441734724,41,0.00246407134384867
0.405937496498538,28.3517935226903,99,0.103024466907532
0.8862466097511,24.7577617905906,100,0.0492174820911226
5.22678830175446,20.1372324363969,87,0.0103540523394436
-3.98999619767513,18.5309363312356,49,0.00919324181858062
3.33379027408685,27.3216971680835,100,0.0469345640345124
-0.540814321342179,29.6997520859134,100,0.0736723012711103
-1.59522555200918,30.849227212023,100,0.0467861702678657
4.3239644204542,18.8177245668122,85,0.00910060843803102
4.28517246528398,18.1979056452091,77,0.00830953676340734
4.22195221202247,27.0180364933176,100,0.0351656198062565
5.04503183488654,18.2629236179013,87,0.00786281327211204
-1.93897768527596,18.8093244697937,50,0.0109173008254231
2.30856737233326,18.2446353108683,58,0.00956850927218155
-1.19781737138404,6.72487468565559,19,0.00221738573016105
0.131239806241622,18.537199300393,50,0.0107693772607576
5.29550362042915,19.0047066680729,64,0.00878877759332159
1.74753094282882,18.7735623191771,93,0.0104339834995846
-1.2311869768173,6.68353662861791,12,0.0022118424789545
5.71565109895129,20.3465056448911,85,0.0101480770705484
1.46105580210108,18.7938326259176,49,0.0110921947748056
4.12355076965859,18.1648534374686,60,0.00848000195859349
2.76762111115471,24.3359892223825,100,0.0333465721945733
-1.00431359589032,8.32424468675786,43,0.00257795965291476
-0.508761125406225,8.64595623620783,34,0.00267532183217255
3.69367586157816,18.269482481498,81,0.00872250441916196
0.447027141912358,27.2220187647679,97,0.102992640356173
1.6008684809841,31.7940090697048,100,0.035803172446505
1.22881373129029,18.3974513966668,45,0.0103654658399092
-1.92292657523874,24.5015076954651,100,0.0401825585714772
5.88878507814505,19.7519794263206,98,0.00899775549534878
-0.0161275149545353,28.8487272293701,98,0.0982665823823623
0.915714730005163,6.47751985738044,36,0.00216168150138551
-0.710168233217334,8.62233642229217,41,0.00266211915246945
-0.20393262611817,18.9387035877035,50,0.0116885011377854
1.58156760480238,6.19937458662741,49,0.00209407162128346
4.40146640898253,18.6821288947063,85,0.00884721579985491
5.59181018687727,20.1863426376615,63,0.0102697529741473
2.03830164420275,29.2579203219094,100,0.0624750046781405
4.50773558771543,28.5127295003472,100,0.0326316184159082
-2.25669320512844,31.9165155250062,100,0.0318076697523423
1.89104378560132,6.58128424211419,43,0.00216631500846354
4.06864337718171,24.2419313778159,100,0.0252817504896367
3.36739035342086,28.8640377940773,100,0.0449520434891242
0.610459658416712,27.7040749074759,97,0.10528132692895
11.0044929410069,8.84125956406035,77,0.00203475624387945
1.99270611662296,27.5810244834034,100,0.0716825528209139
-0.0572495081992931,31.0231712661367,100,0.0502459194559532
-0.562905425099751,7.99146589518708,14,0.00251619411879966
-0.704917092745318,6.68333201224676,33,0.00220652395562907
-0.666617521670941,18.1879942348044,50,0.0100083088483951
-0.993116685776945,29.625429977554,100,0.0714302959898105
0.813534126420649,27.7947194570901,100,0.0993318720431465
2.76646016085967,27.3142976945061,100,0.0560116049448692
0.0074339500410342,25.4681451519871,100,0.0639879685643087
3.70941361624091,30.3707112453973,100,0.0333798240894496
-0.937231797144694,8.51000816733127,45,0.00262639932348072
-1.4244421783983,18.2646263155812,51,0.00998752076067291
5.34451210871861,20.543308125464,84,0.0109388994671322
0.639575121309547,28.3866806941311,97,0.102185244573834
-0.696268336679031,24.8751210412957,100,0.0518063026353121
5.83220429602791,20.4547989420552,82,0.0102071111379844
-0.333253972410006,6.73970715743194,43,0.00221517781570911
2.90942829841643,22.729979601848,100,0.0223735856101784
3.35536836637548,29.07021808318,100,0.0442064464939681
1.01159338114177,6.22256915318891,31,0.0021130203285497
4.02072382705521,21.2423888215645,96,0.014189156091784
1.20937967251992,27.3362626439339,100,0.0859165876365044
5.01817925351775,20.2163237344806,86,0.0107379318434015
0.602903416514453,27.9440160351883,90,0.114007599536865
0.729341954481534,27.4748843742584,99,0.100178246365733
-0.853018206052042,7.99794075654304,38,0.0025001304543438
13.1325708811109,8.82485271598002,73,0.0018414534462952
2.99359836269503,18.4275702202304,83,0.00933212965641492
2.19762995897777,22.6203942161216,100,0.023698368581602
5.66671434247303,20.0797973488966,82,0.00982671230008687
1.2698724394429,23.1166516114709,100,0.029390452529928
3.21719438604735,27.9653953495648,100,0.0493530093445729
3.50480678940815,18.7240252344778,93,0.00943634032952869
0.711580544690284,27.8072950771368,100,0.100905562147633
1.13021480559058,6.24752019946991,41,0.00211223983817519
0.250624046877277,28.1518216101357,97,0.108128535048973
-1.36383287912651,18.693678389984,50,0.010892635318529
5.74088650243441,19.1088277129018,77,0.00846285561561569
-3.84390124044116,18.2833623193039,83,0.00864212836454512
-1.94435277938689,18.6985117492423,50,0.0106795369040616
0.0483887095636165,28.5351443447567,98,0.103546528129112
5.82178464201005,19.7135994057994,82,0.00914259345553444
-0.46423485710525,30.5380272879746,100,0.0578645876122372
2.37158379891732,25.4182987262116,100,0.0465260162204257
5.66348138120911,18.3993823188749,50,0.00784297166867078
0.442946498738212,28.0937253449695,98,0.105806076622172
4.68159434272169,25.5091376463555,100,0.0267732663049462
2.97659942051539,18.1892802330173,92,0.00888826727927513
0.441932944382375,28.3477966251278,99,0.102742756893582
-0.220191568927736,6.21148549417519,42,0.00211032273068457
-1.81960456219728,18.3271967115038,59,0.00990002349284988
2.67788495631938,29.3304689776639,100,0.0520001490967015
4.04991108855422,30.4673365947263,100,0.0302164634372631
4.89091173001665,18.8271405505566,64,0.00886234959620904
-0.768053489448075,7.45365491766348,52,0.00236317085971539
3.9375465447008,27.5914715485299,100,0.0392494785045088
0.354103578996014,27.8055675493805,95,0.110748247012674
5.47859284265218,19.9859212172628,87,0.00983897933180988
4.66136772303736,27.2332689095853,100,0.0312268809711177
-0.897401612498892,8.19899483120182,38,0.00255030444963596
2.41706697799816,29.0917421255199,100,0.0579462951224609
1.55677955773927,27.4947309382659,100,0.0802639826226775
-0.68764756903909,7.28506094545643,14,0.00234657599733718
-0.43702169302552,8.56989685580621,17,0.00266703831228032
0.760488395795057,27.3866419310948,98,0.0999542019728261
-0.992326265658241,8.0419067631724,37,0.00251009363091646
-2.06519526990653,18.3434813974288,56,0.00986644001619945
1.05003565542322,6.32960886064647,35,0.00213167559802341
3.69059120632252,26.7286590256263,100,0.0403157635291537
0.477404686408072,24.4811235200971,100,0.046394941438328
0.579153732450334,28.1404848775176,93,0.109716503221004
-1.02409787436161,6.21297427219488,16,0.00211776016390106
0.0330810686403542,5.81768615056544,27,0.00204281672907306
5.47641173356185,18.4287691904937,67,0.00790117145018752
-0.783299949015606,8.68719290422264,50,0.00267266428077416
3.41121349512978,28.1834618841272,100,0.0462081431702484
-0.0894872657367697,25.8601263099531,100,0.0718729154828499
6.48796399625383,8.03397217925601,69,0.00225725961739842
4.85943458407846,18.6860595554624,92,0.00848183882170646
5.85539404380303,26.0349588384336,100,0.0210429178150396
4.84168404462957,30.5657998009941,100,0.0245956650685885
-0.580490321063183,24.1784874083783,100,0.0420157396940068
3.71461722858357,18.2310699975372,55,0.00885430015653802
-0.8439220659983,18.7154113372647,50,0.0110791896517365
2.65209909403409,18.6384886082114,52,0.0101839532981032
5.78026929581852,19.4362536610752,90,0.00874945474144774
1.22735847392227,28.3109445810566,100,0.0861352643228849
-0.950970498135362,24.6673973827226,100,0.0476055628699635
-1.14396866389463,26.8132035051551,100,0.0812477317644377
2.09041192321221,27.8521316413832,100,0.0700726413252562
4.05206290797365,26.5816140821188,100,0.0357683912250106
1.01757009010485,29.4701228379362,100,0.0739373364305212
-0.392825134121265,29.6670394947838,100,0.0750962806409081
0.0839210070908331,27.3690309986282,98,0.105816654057796
-0.795076315422044,27.5477967486321,90,0.109512348125405
2.79476832130763,29.2669614030088,100,0.0507928908482823
0.768516881475316,27.8029505755152,98,0.102092744450177
0.185126520314833,27.6661175954367,99,0.106685523818622
0.124900126972179,24.5572418980455,100,0.0480008245277046
1.75266822191682,6.2630311543561,35,0.00210990366661334
0.657582491338634,28.1268050841494,99,0.101999789516898
1.43820356815414,28.5953248588349,100,0.0799468109984157
-0.506232267549995,27.6507378464234,98,0.105245648567344
7.08312168769498,22.1102360592763,100,0.0107358789736626
0.143293085732278,6.17253543611837,12,0.00211630691805548
8.77078677851682,8.35872580977967,74,0.00214787890669122
2.34045819914659,8.79118295821657,46,0.00266918881245082
2.31557548474581,18.2867414233232,95,0.0093080548753634
0.85816620146334,8.71234705987647,40,0.00268588046985776
0.315490086550118,27.5072463510917,99,0.104977591273176
5.52322748994296,19.2275571005631,90,0.00869962759553401
-1.04055640570757,6.05438355409726,19,0.00208584259894863
-0.214815024053668,18.2629717139815,59,0.0101036821511429
-0.435457817642618,6.69618526398108,36,0.00220921248436634
-1.46086833727162,32.1345612673527,100,0.033007170553065
0.491570650470067,27.5530093584164,99,0.103759785442353
-0.36754051061491,8.12201463049977,34,0.00253760130854272
-0.834673642446774,5.97113808723655,13,0.00207437008328977
0.189640803537137,25.7013292107374,100,0.0684830192818342
7.18560972713166,28.2543761596178,100,0.0162104646051953
-0.320919787139294,27.4977662126316,98,0.105975990103269
1.12725861069719,6.72161379256286,13,0.00222046889637374
4.82775840491068,29.6076053743575,100,0.0275800760918249
-1.19069191831368,8.31411126556404,43,0.00257261976150478
5.80881349583826,19.7438686071831,91,0.00912117782744958
5.48487693128993,19.3965962953431,81,0.00903056878479886
6.46163418729373,24.4129653318758,100,0.0157370563724685
4.47852855596508,18.9474435786478,60,0.00939726779054552
5.10050221868128,18.2251800835942,87,0.0077839370950532
-4.79053452170616,26.5912147663331,100,0.0290164797529596
0.378664450257317,26.5115261622546,100,0.0842736676246119
1.29109570073646,27.2631318723601,100,0.0838528269825121
-0.601633173039724,8.65747937562601,46,0.00266917767465784
4.96378948942925,8.69010935491781,55,0.00250895512775005
3.91009890043865,18.369356387797,57,0.00892971575578399
-0.0875840863079923,26.9707237053143,96,0.10202329862404
-0.533076122565727,8.16129000836959,38,0.0025440564902292
5.93772190893855,20.2502381658427,80,0.00979577515009537
5.65762940563219,20.8553451608761,82,0.0110874242389084
4.10935644526741,22.6224564411376,100,0.0184390873249211
5.8696329008907,18.6302514329452,60,0.00790109959701082
-0.099521870985598,27.6774683012071,94,0.113062378303771
-2.42036608829983,31.2833514863798,100,0.0364032854235941
-2.68331201482102,23.1330489358008,100,0.0253441006567988
5.60773598245065,20.7372629870425,89,0.0108697198867525
-1.06526568295017,6.17591536882259,37,0.00210088927724319
3.72523554246779,18.482024924043,83,0.00900511687387318
3.47360857768181,18.8914498658559,82,0.00984019372759184
-0.442444750229945,6.17996144163632,48,0.00210095326961332
0.518191634674799,27.3284341669378,99,0.101487810219981
4.72976371200688,18.9233161905277,92,0.00890011719963512
0.294160051971836,23.447553734662,100,0.0339349788538085
5.91134906520658,24.5078581737674,100,0.0178284298536389
4.06998306654227,31.5009554396793,100,0.0251804674536348
5.82001391817543,18.8090124300764,65,0.00811580874749277
0.138868937890679,18.7203029217523,50,0.0111760641973222
0.0148038494908151,29.4267475171045,100,0.0809582462826422
1.71852957018677,28.9745776262693,100,0.0709528125574499
5.71341026240037,20.4194933565378,85,0.0102644547671732
4.23586958313263,18.4934865412526,80,0.00872613167755711
-0.56995923365289,7.64479416836524,58,0.00240540524909047
5.66795629305181,19.726050262824,90,0.00924146331658603
0.135867170633052,27.642016315811,95,0.111513587784646
-0.883094440404291,6.47059635229147,32,0.00216244124567653
1.72479602076695,27.5012942646132,100,0.0768906693261021
5.12954382184005,29.299124891016,100,0.0261227936024904
-1.01206862653972,18.3725762754279,50,0.0103135375554821
5.53519531342057,18.2645975005191,56,0.0077378507166878
-0.546205414439361,27.2205692924333,95,0.104060504622338
8.29509270075367,8.65122271393066,52,0.00225258626368301
-0.644769442030738,8.28798715915726,48,0.00256918303551439
-0.361573113070867,18.5789154618201,43,0.0109297733940827
0.618606825626341,18.4770267916349,86,0.0102095976971978
-0.687226489568735,5.84727525578367,19,0.00204965184329252
0.367090037076756,18.310998372048,53,0.0102519110624855
1.60402378075836,8.65152840630482,53,0.00264699596546298
-0.920864154982819,6.41643109709103,41,0.00214717309378983
2.82115261633864,29.2459502638924,100,0.0505629262959083
-0.0866062027668129,28.3333515460997,96,0.108326002040281
-1.05341386296333,7.38370599435941,47,0.00234719796408601
0.268194605878376,5.94903627755346,48,0.00205796287658229
-3.07251115566554,26.5786374080941,100,0.0476499444554029
1.86951420371669,18.363673509501,52,0.0100200629685481
-1.20300637924848,6.47398980978587,37,0.00215767180864733
-3.67344765570744,30.8487826389014,100,0.0309399679444525
0.162463279413003,28.3005972586311,97,0.10729115445964
-0.262816675738404,8.51187997669258,38,0.00263735585483337
2.90877386550624,18.5157497543241,61,0.00972761945159989
2.67077908247001,29.3475338157758,100,0.0519665633221221
2.62377388315836,25.6924058816973,100,0.0465354098294698
2.84145572127554,26.7911214180542,100,0.0523012133301532
-0.926953623669286,8.79301576258644,37,0.00270960665719647
5.51398192442073,19.2618826796779,83,0.00880639294526359
0.160713617613441,27.2418808118269,100,0.10193233726177
-2.06700027074804,18.1967387018327,51,0.00964543445844526
4.95022077128534,28.3439346497457,100,0.0288694571297498
0.225791741844508,27.5955241592947,95,0.110832987248477
0.662519337500238,24.1061663625014,100,0.0409157299752103
2.34796003555504,29.3320399385465,100,0.0568919433067164
2.17298485104518,18.1909883965824,59,0.00952049573815986
-5.29430985252656,18.2304906178948,43,0.00793764385255262
-4.11638667867831,26.485133141282,100,0.0347955614777789
4.96895322051483,25.3261770403001,100,0.0243795295081302
5.78384867443211,19.4193470829973,89,0.00873214571689456
5.43972757367708,23.1810420007074,100,0.0162877459162367
2.26157649812238,30.2515884742242,100,0.0482403968811459
7.7823772649007,8.81768718641399,73,0.00231790998596066
0.474221361079713,19.0083038833853,43,0.0119331331156262
1.57137866510023,23.9245047232161,100,0.0358833447706502
-2.60565369402409,26.104344429108,100,0.0505635348522947
1.98293087792359,18.7620645536423,42,0.0108899327673443
-0.406179872639729,6.19823592625061,12,0.00212065894620598
2.32674230521575,27.661899341867,100,0.0651276365219328
6.20390912608103,29.3305165673572,100,0.0197830689395533
3.66023662602197,18.2653923482611,84,0.00871242982032161
5.0574695832426,20.5821545152704,92,0.0112785318521799
-2.20159308328133,18.4557348033196,47,0.0101100519266876
1.88687470516442,27.9954505206247,100,0.074187775052946
-1.3531273470415,30.8829347590003,100,0.0479326217646692
5.18524048022093,18.4929233454361,91,0.00802227005874143
0.781915188989194,28.0333483478036,92,0.108201522797075
0.982550447512962,27.9203354887148,95,0.101318168008117
2.96887474522721,32.927558763881,100,0.0225312274684298
-0.463905746470489,6.5593657801054,20,0.00218873040038788
0.278733733261784,27.8364206080241,93,0.113904190108357
0.230894835715454,25.1118951896582,100,0.0570998332714995
0.782959180939449,27.8200324838434,96,0.10399634244434
5.24133194898222,21.0920353200525,91,0.0120055751237464
-0.471148732096823,25.1295733642533,100,0.0568667752407149
1.64677354442248,24.8404893093703,100,0.0460028741695403
3.89279471574321,32.2365509549648,100,0.0226253384979492
0.389947446376041,29.7646219513414,100,0.0731211269941897
1.7250415446479,29.3659304901361,100,0.0660463829633366
0.83583610884718,28.1656300989013,98,0.100077280523384
0.935785109061317,5.87776758591985,45,0.002042694076543
0.572379010425863,27.9782299706543,100,0.102645109271003
5.83421490057301,18.6420475259615,49,0.00801073469384472
-0.689837698177445,18.1851824635346,75,0.00975582312095421
8.24328295009652,8.90140123594759,70,0.00229711828920276
-0.538179729899699,18.8259243208222,49,0.011398935473377
-0.805486028084773,6.45858914409664,43,0.00215552970286682
-1.18156080038603,8.21535593459667,40,0.00254934460442335
-1.24094369581534,6.98865613610099,37,0.00226343934531772
1.45217532491973,27.2483814252216,100,0.080740202874403
5.13235456745512,19.9109149923262,83,0.01012661676631
0.627828504732675,22.1790466794936,100,0.023483857854164
5.93576032275501,19.8204503711387,83,0.00916687076092939
-0.343897544895421,24.8720197772219,100,0.0527574256663347
1.1757658450014,18.4579498025208,50,0.0104487517256564
5.6791843498414,32.5749078552776,100,0.0155345019347563
-1.17375523308404,7.46755140880231,33,0.00237258583716627
0.356085521137895,27.2560622581116,96,0.105329328396317
3.65371902771924,32.2133256095234,100,0.0237015413899549
5.70204947872475,18.6864433685804,58,0.00810430672899777
0.945167419844068,6.28865837815998,33,0.00212553206935444
2.4037882962901,26.0287053902984,100,0.0525282759449388
0.990604713058649,27.8282903420692,100,0.0963077246175101
0.517046650213261,27.9412106390799,95,0.108994994842753
1.34099061627544,27.557445251568,100,0.0848065323056854
-0.962867432007358,6.79970040288122,39,0.00222560323388756
5.29909623550087,20.5137580008978,97,0.0107913455204307
-6.00752304540426,18.4796147132401,56,0.00765660748902968
-0.95147189272719,25.8204513320533,100,0.0667953597820192
2.26005656387891,28.4102077616555,100,0.0653158225377432
1.94663769172007,23.902725300119,100,0.0340597096013483
2.38402691758595,28.2349943026036,100,0.0635959174702825
3.69519737084976,18.278029387034,60,0.00889732529576945
-1.24597764245313,30.0177781496515,100,0.0620958515934444
0.974879908390669,25.8841999422954,100,0.0677503954232832
-0.657598225223524,29.9396018358532,100,0.0682452196472268
-0.261010998826551,6.05476538940383,43,0.00207990462486201
0.518229483642206,30.2867554969819,100,0.0622947861810815
1.88796167505335,24.9998651407567,100,0.0461833158730455
2.20857524227657,29.6269775645294,100,0.0558763830752686
-0.449943626135149,5.86195864998229,24,0.00205140137945517
-1.91119524245639,30.7909514757873,100,0.045173440499624
-3.44101841525314,18.6118440474583,50,0.00968121175797994
-0.403893952667781,6.30239939553058,48,0.00212473216528127
0.678718276678462,27.7115637653195,99,0.102207057099481
-3.81787495113332,18.2842525686089,50,0.00891299150654993
2.24232317537443,18.9502754211204,50,0.0110700011419664
0.970748046677081,27.8867859915588,96,0.100563107297332
-0.833780720018532,26.6763272986666,100,0.0833319559447895
-0.383252462729737,29.6732460132757,100,0.0750116439807146
-8.38152868577977,30.4734985973549,100,0.0114975646677882
3.33333018303328,30.083104121077,100,0.0385374436933409
0.259022558866582,27.4929144624901,98,0.106340518729409
5.62149315492365,18.3249201665113,68,0.00767792632439422
-1.04855582620564,28.9101597390983,100,0.0826397732667576
-0.0697002634666525,28.460565515231,99,0.103465533727077
-0.588716378449237,6.37872061811298,42,0.00214157505653228
0.694060903227659,27.5042872694947,95,0.105151003157562
-0.610594544569394,6.59245709479516,35,0.00218753869154317
0.772337513923092,28.7487210873524,100,0.0886121398303109
0.300613904116895,26.653788530232,100,0.0873416030566235
0.800412491294274,6.00653398865842,35,0.00207181040038393
-0.200993899577058,18.1927134092793,84,0.00972557132058933
12.4369024949975,8.84872950880378,72,0.0019074761977415
3.2605493974148,26.2496843685491,100,0.0432352407406552
0.464889555560408,26.8421133944275,100,0.0896400108919303
0.963445330027856,27.5816784564211,100,0.0916810521266337
-0.524728639077837,6.52981004968898,12,0.00218624124400078
0.791009972864124,27.3420223012486,100,0.0971224616185444
0.225791741844508,27.5955241592947,95,0.110832987248477
-1.04413754500935,8.44417382919433,42,0.00260951129115102
0.298456503252358,28.8161388372451,100,0.0917269940462999
4.5839470086295,21.2009190406703,88,0.0133202991613815
0.974879908390669,25.8841999422954,100,0.0677503954232832
0.869407664388579,28.4709245009049,100,0.090673422033919
4.42780915654509,18.2559130617906,85,0.00824614967658744
-1.71674023333586,18.2475655759014,43,0.00994323888081929
2.406010838309,18.942176896245,94,0.0104559309591656
-3.27833492535373,28.0217179797446,100,0.0483693847805036
3.58036036126413,23.0560574561216,100,0.0218294288952726
0.705840116186797,25.3651815021368,100,0.0601341094543093
0.149954032439002,28.675776245406,99,0.100130546033729
0.702175065771565,27.8480809602355,95,0.106448400645422
-1.03260780563844,26.0391136970308,100,0.0699917033166292
-0.602837291414138,28.9904505091235,100,0.0866585763440695
5.42406355101666,24.2057071985707,100,0.0189809671256463
2.05889037251631,31.539945014491,100,0.0361363957842565
0.260353919776719,27.0409787949115,100,0.0986037156765259
0.789097331842117,28.2234987644374,98,0.100452951554015
1.33155607400233,36.5022669610743,100,0.011581921117552
1.62685328599269,28.2549959023462,100,0.078723429278252
-1.59391941500778,25.5341717757911,100,0.0560010567768149
-1.0219633991579,25.0995914089432,100,0.0538442399244388
2.82340903327175,18.2411521191384,51,0.00938802754897587
1.05322074291657,31.0381010369161,100,0.047387195765971
0.687678059761396,8.52604416336929,62,0.00262175746352211
5.53265603339344,20.4465128188056,82,0.0105608442969177
5.24364748663381,29.0040047594056,100,0.0258379506061168
-0.646756338210606,18.2506544679188,52,0.0101130061178503
-4.40560599317868,31.101120950874,100,0.0251210708584527
4.80226856808986,18.8607057188727,66,0.00896279615425136
-2.22930218025345,18.9772804950028,80,0.0107763905145348
0.259022558866582,27.4929144624901,98,0.106340518729409
0.73294442710286,27.3845641353869,95,0.103461582775216
0.197301029018195,26.3840097480536,100,0.0824937913926031
-2.46458057857409,24.4949947527859,100,0.0366210008518172
3.30015764573453,26.8066728803627,100,0.0456534630911183
-0.429238602066826,6.44659502279265,32,0.00216042408992808
6.58806875841289,30.841110018455,100,0.0160814879689685
-3.02332141362079,25.831927930811,100,0.043178708337313
-1.17284043928621,25.4654801953742,100,0.0587675294381449
-0.951945497660209,24.7826321429519,100,0.0492975093770042
1.1510231698901,27.014280704215,100,0.0837297434195487
5.67140600757303,21.0682094895533,80,0.0114664366172127
-1.18038145717687,7.39413583831915,43,0.00235019570811167
5.72066722411197,19.2984572089152,83,0.00867692435475201
1.28462484891246,23.0970249490581,100,0.0291979620796987
-0.269575282253066,5.9147911440562,41,0.00205456893149498
-1.3899468305825,30.0774597833838,100,0.0597207417967773
8.64318720610553,8.78610189565163,71,0.00223930855973582
1.32050349953295,27.797999544014,100,0.0858462806662884
-0.903649594774125,8.40993995945366,40,0.00260368870772296
4.16597910301958,18.6117674022761,87,0.0088881741406893
0.625246483481104,27.8961232596814,97,0.105339109578862
4.50426798643134,20.9067822176887,84,0.0128281020992702
1.83455306034052,29.1435184115909,100,0.0670653310111597
-0.64243742806888,6.54359381521482,13,0.00218791769598694
0.906368291752839,27.8740683788649,100,0.0978218195775001
6.13405081083993,30.1382752468246,100,0.01897083659869
3.35811879771485,27.3072759728297,100,0.0465444616611566
2.51196398045009,26.1656228816696,100,0.0523942438679577
-1.19434076177934,6.82638284102371,34,0.00223118420935153
0.826280078600611,27.4570630863856,97,0.10053187072674
0.935749034109982,27.7863770524554,99,0.0982103126794219
3.68681434672804,18.2179990651271,57,0.00883504506526212
-0.0708835701493841,28.1086266533544,100,0.105627553659706
4.58693549064094,8.80015593935675,55,0.00255907797155042
0.64185351568587,27.3458636465678,96,0.103320895278239
5.62054584357907,20.3369053377746,91,0.0101825648486545
3.93790104870995,18.6012032633039,92,0.00898018613230107
10.7812305311245,20.5867620686051,100,0.00558491048952398
3.86160006107745,18.3068029139364,64,0.00881056166333021
4.9419973372931,18.4090991940859,84,0.00812564038638742
3.28458213259673,19.009320969623,78,0.0102201548895322
4.03585312001234,18.828402952007,85,0.00932129950568241
1.745633057106,28.7723349379583,100,0.0725777020394532
5.32748786548961,19.002101119384,82,0.00862311352981976
0.171772946341536,28.0110802054196,95,0.111694911829146
3.40112887130085,28.226113276664,100,0.046292410300344
5.66547857643191,18.7307568016978,66,0.00813244212361177
3.71057192444813,18.2050918538983,57,0.0088020065037202
-3.99279064719883,18.2611596052753,43,0.00882574836326135
-0.756297526853529,8.74499871033806,47,0.00269104028084202
5.10620711723322,18.2990847614507,56,0.00806392545857485
5.2980103633581,18.9836927729304,64,0.00875804883414114
2.2822979718152,30.8730294188308,100,0.0413551502360141
0.278798114739699,31.3233872027447,100,0.0455265166448682
-0.631728560316005,18.7367303878265,57,0.0110795124360494
4.41494468173065,18.3025121845835,49,0.00857177637210898
-1.29591496514944,25.573548522126,100,0.0594745713464192
3.40381655732976,31.0742637752048,100,0.0314361450144051
-0.855105877916709,33.3945778773409,100,0.0242423765999953
-0.83931951068136,6.4331707056926,41,0.00215115092454038
1.99213577007454,25.1508393695784,100,0.0471345637573219
-5.95938009246114,29.5630676151444,100,0.0206990299394765
12.9195426293367,8.86239433839663,71,0.00186611882424214
0.373019339390401,28.0901929921397,98,0.106467191526394
0.281100341909306,27.2298083645926,90,0.11262887333033
0.639395696050021,27.1892738122374,100,0.0974529719195473
6.84321523755668,24.9632616184462,100,0.0153541789365255
4.71233208356818,18.794471040564,85,0.00878631964916291
6.18824004551542,30.7633722756927,100,0.0176623176450664
5.55967590772949,18.2824941950651,84,0.00757786524773
3.93280395431702,18.2950712916343,57,0.00880440963538978
5.50401870087007,18.8879769397356,87,0.00830464109676932
-0.80151304969819,28.8618145302561,100,0.0866207267200418
5.23677501038363,18.8596170103255,84,0.00849228393568675
-3.49740403630915,18.8062096310035,50,0.00998738262367042
0.920362416087705,29.5226222936787,100,0.0740287125896567
-0.728032388740414,28.4065255618029,100,0.0977672680874058
-0.740936088171817,6.28546149774193,30,0.00212782246046636
2.74670506702981,31.752447277292,100,0.0306871630887433
-0.226719280247702,8.70503473080901,55,0.00267800398263833
-0.928602238932148,7.93924159680357,41,0.0024829350758876
0.798664005381212,27.8034690751798,98,0.101603287860825
-5.14927574114487,18.3680579296326,49,0.00816750134245009
0.421851534569428,25.3898593089437,100,0.061779266578803
0.186604449868452,24.3927473409762,100,0.0455244189750306
5.88823135330905,20.4907115579722,88,0.0101320309553258
-6.84299061764931,18.7905328362657,89,0.00719915597747349
5.2362673171312,19.5054245506813,83,0.00939504582552421
5.89645207563908,19.4823660560044,83,0.00875851511597627
0.963445330027856,27.5816784564211,100,0.0916810521266337
3.4232031470137,18.2590898740469,50,0.00910576594506836
5.62947082221465,20.9957852928666,81,0.0113861042741419
4.0907043977578,18.3634577773164,58,0.00879951328453211
1.4326382959003,27.4219886915377,100,0.0823289850797467
5.35798939756783,19.0904055643896,82,0.00871562135416485
-0.28749783493767,25.5722886334249,100,0.0656903592644764
4.9209771425978,23.9973881017997,100,0.0203888833906807
-1.13934931802749,7.32564019795661,16,0.00235012212538578
5.31982522173255,20.1117961811135,83,0.0102505906383178
0.495254839860554,28.5428589667615,96,0.102977198983252
0.869407664388579,28.4709245009049,100,0.090673422033919
-2.46071158340728,29.0039457953952,100,0.0579310916581934
-0.304175884574764,27.2191742842381,91,0.111039972668226
-1.56566303460846,31.5595004635853,100,0.0384180041147318
-1.11207932850935,8.52018333747135,33,0.00263494870570792
1.73557803654166,18.6896291746342,60,0.010634722970628
-0.811342808730067,25.1283285782405,100,0.0554690890787452
0.318434517935335,29.0399304905572,100,0.0877830424900448
-2.05236414274575,26.7763347504361,100,0.0654013306771171
-0.636645258360291,7.72365377545509,34,0.00243766568706651
-0.836872074202587,18.2084467599126,50,0.0100222804997499
-4.88044007323933,24.0028515918383,100,0.0205732430998069
5.08049271793133,20.5563357667792,87,0.0112645632312891
-0.637773005066297,5.97884939027741,14,0.00207664227263819
0.920231610364063,26.7878303636881,100,0.0840334343743895
0.449970121351905,28.5975596088107,98,0.100546511285016
0.0674847325979417,28.8079284963774,91,0.106362822639148
2.91010095160795,30.3722716995538,100,0.0405268670288233
5.89227652216855,18.8915458895984,83,0.00804018426478024
4.34587368059194,18.2267111452414,65,0.00839548210902642
4.01786585660963,25.1201432025164,100,0.029799300718441
-0.0221567729072678,27.2397832647853,100,0.102169110239709
4.04058081035601,27.6682919480271,100,0.0380741767674837
5.5282210184021,21.1343738566363,87,0.0117078335417058
-0.119456646790128,29.1439166048217,100,0.0865011492709294
5.80974068711003,19.5576757234234,89,0.00888863636412299
1.41574767774851,18.7980578744471,56,0.0110318613029404
-5.89013201812662,22.5691501785845,100,0.0137739481656159
2.01191624228398,22.8405325757867,100,0.0255386957446175
-0.563486158796473,8.51259330201951,57,0.0026226860982274
-0.124627749444849,27.402985250044,95,0.109570722018869
5.5594820527868,18.3021271831554,81,0.00761699335509912
1.59006944275964,23.4975824463327,100,0.0317754961432859
-0.636293234056147,26.2132752137576,100,0.0767952244722384
-5.03245253710078,18.2633346408437,46,0.00813363335754333
2.11725837040695,24.0094642979325,100,0.0342232210514496
0.0682827253714986,25.9616331134604,100,0.0739964997636506
0.621897229478265,29.896883680043,100,0.0692922967280767
-1.89152662265201,26.2090825827524,100,0.0616960880945081
5.42893769639366,19.5736895772513,80,0.00934074984484504
-0.485714851219479,8.41281702287054,55,0.00259822653733419
2.17457717237413,28.3047345188967,100,0.067446905831884
3.43278820273163,6.05332921027863,41,0.0020309936831444
-2.84323889726023,18.2628220875752,51,0.00941490574662664
5.52402207581089,19.1223182527883,91,0.00855545438441763
1.34981364478959,28.8022032401884,100,0.0793120996549872
4.05308579521735,18.1560762065372,79,0.00837390305190579
5.81554287958124,20.3266534147654,85,0.0100008530649088
-0.306537179220576,5.83475043353535,34,0.00204264628409393
-0.296861290344484,27.0483490957198,98,0.100503407980404
-0.0123734116110664,6.27287065405603,29,0.00212829959951522
0.0126002073793567,32.5547283438729,100,0.0313184784263072
0.444620823975956,27.8099017803099,100,0.104152314755123
2.41359896817526,6.41393980496991,32,0.00212805365515507
-6.96372132682047,18.5373151142336,90,0.00688089598226069
-2.94163971139021,25.5928234721712,100,0.0421942023319322
-0.206578562761269,5.94543363372058,29,0.00206549239544856
-1.18379819551006,7.86478699198006,41,0.00246147580257863
-1.06311070421363,28.9259047266248,100,0.0822049040051644
-0.874546337508163,8.15315676379675,35,0.00254081689613009
1.14850011013166,6.39548452773774,57,0.00213356761201381
0.0348059816300361,6.20761768193151,33,0.00211380119135155
2.54862019992347,23.1689389690069,100,0.026032098457684
0.94071938121992,27.6964019282027,95,0.101904356558195
0.399645104076858,26.7948738362825,100,0.089302905427181
4.53068751026688,21.0448311853156,87,0.0130562789851893
4.57598307484697,29.0142018234453,100,0.0310849081999786
2.76847567161716,30.5628204750429,100,0.0402187618711236
0.527612729821033,28.5628212329819,96,0.102337413430415
0.828985904328688,30.8892061161191,100,0.0506154276287316
5.87968344666752,19.8823776202082,86,0.00928213330426157
-0.493195402305878,27.1170583153645,98,0.100019586118329
-1.44256645034698,27.0723929345028,100,0.0793381864613296
1.75451982351295,25.2524843864488,100,0.0505435362624447
-0.433962659930229,7.25539620172406,47,0.00232347434221692
3.4112981599071,18.3356982973331,66,0.00910134924369251
5.65979745781081,19.5160185970397,82,0.0090271481495089
-1.66388912818142,33.011123227095,100,0.0255161483221102
-0.194142829088058,23.502678463709,100,0.0345593694376579
-4.21549957940901,25.0870091728974,100,0.0282743301084361
5.15427156656752,19.8437077093934,97,0.00985724040637224
17.1772371137928,8.86998609768628,72,0.00150641876325892
0.460818503666701,27.0990039278611,100,0.0980935416501219
-0.953059913923779,6.13495555138636,17,0.00210286998189966
2.6122765967683,18.2620117789014,49,0.00954470879742603
-4.1562192823199,18.1519391575948,48,0.00852910477463608
5.02624077590113,19.0580175113201,91,0.00886833423079347
5.5862018022184,19.4563018930058,90,0.00894858078612924
0.403871185947922,27.3443312945423,99,0.102761170457004
4.48552771860077,18.910683510725,62,0.00931676922101502
3.88995444824372,30.1742092046463,100,0.0329135844467346
5.14406333442936,19.3895816158602,81,0.00932563433201635
5.16756821590585,18.4121177430579,89,0.007949720085128
-0.200985731306793,24.4210861588793,100,0.04592206435736
-0.824017451276777,7.40842902541253,34,0.0023624057631653
5.20513191841685,20.5962931767467,87,0.0111764574981184
0.233735613907798,28.6047233429764,99,0.100924405735304
0.172857506215532,26.8840265605617,94,0.102188702837466
0.111126986984482,23.6713161542104,100,0.036404971895803
-0.0207880333863826,6.54333261677906,33,0.00218029074226447
0.101204364008506,8.69440440624922,46,0.00268183752541284
5.24846559724888,20.0708336389243,81,0.0102840711051787
3.18546624103636,25.1005929960543,100,0.036141081379002
5.47214194424101,19.7527033723347,90,0.00947026779410572
1.89040969006655,27.1344566387264,100,0.0714139994773832
3.82470897291646,5.98556701976057,14,0.00201826822773667
5.0843038879705,18.2661817315493,66,0.00797345109935181
1.0889511995882,26.9967791468112,100,0.0845015678714241
2.01894208861572,6.29737286673613,12,0.00212234328529247
-0.796501465713467,27.3602651869594,98,0.0991435376597972
-0.946643196887666,7.44436591366731,16,0.00237956029510674
-0.0425239465352296,8.72561609206097,17,0.0027116824148037
5.06994436354884,18.3572077754527,60,0.00813458615845481
0.359227289399952,28.1889346903106,99,0.104850039519203
-2.55741319773183,26.9700217291238,100,0.0580193649387093
5.70581339963632,18.8799698209155,94,0.00809582579560299
-1.07461567860289,7.19482652151778,38,0.00230970208817779
-0.047387343412341,26.9355645243593,96,0.101418718111194
-0.0582472909885546,6.36877600919097,48,0.00213844178530431
-3.20762721164141,30.3094225484314,100,0.0381920044314734
1.28909735957363,6.2634590680024,39,0.00211449245013898
0.417522687192993,28.8100212744573,100,0.0911118632628121
0.843206567050099,27.7393948351151,100,0.0987474622518586
5.65865139849679,19.1406956714756,80,0.00854926240594454
4.54630320104496,22.9292804178396,100,0.0182169084925371
3.01190289370476,28.3728280111569,100,0.0519904932755889
-2.35611631342291,31.1663944192247,100,0.0379127400946075
2.58386596810767,23.043641848408,100,0.0251341065293486
-0.0245081708345281,25.0609122067268,100,0.0563589440210012
4.90292205138005,24.622224361798,100,0.0225068896274158
-0.43466245146497,6.59595696463533,34,0.00218961154136016
-2.28717085130697,27.9369638319331,100,0.0660594253338474
0.631875598414802,25.3804229575738,100,0.0607729138378721
1.99014097401339,25.8221733268193,100,0.0554956304590766
-1.0088225276223,18.2485000578295,50,0.0100681198373442
-0.787359671323748,23.5737801657725,100,0.034598232354899
-1.0199146013367,7.39391664050009,40,0.00235375874669844
-0.812151087976071,8.33091602025164,30,0.00259071398981536
-0.110365947816491,26.4460525603928,100,0.0839213131415654
3.06380373633625,28.4273939693842,100,0.0509984776351489
4.66549186232715,27.2027692782555,100,0.0311512967045818
-0.76278642882437,8.62436595360746,56,0.00265153521762941
0.185126520314833,27.6661175954367,99,0.106685523818622
2.52623929175952,28.7076519983398,100,0.0588259329344801
-0.543431401620329,6.8824838535474,15,0.00225833373556061
5.39788312694534,19.8892892118995,83,0.00981449871221758
2.49161138025335,6.34369353095148,41,0.00210875369671751
5.73283486048872,19.9273593578867,80,0.00954993174519157
4.50468188816755,18.306856703816,87,0.00825223327069782
0.476589194964951,5.83996073898051,43,0.00203929854427264
-0.113437577452583,26.2313754226104,100,0.079552515202639
0.924066617733766,27.7329032531039,93,0.10447826933997
2.82071907478344,18.3677609657361,82,0.00932979251316738
8.58692982173195,5.90179458967372,49,0.00178014047449201
-0.547575591081542,6.61889457169587,15,0.00220294450878136
1.6803698810467,27.4448913299892,100,0.077531486655438
-1.03050289024893,7.74379336407051,37,0.00243679902989157
0.606052852961497,25.2597637747336,100,0.0586993749065691
4.67234755477138,23.2778743458718,100,0.0189612879384128
-2.72248993975549,26.1184264878467,100,0.0491392387026433
0.372865430997389,26.9568269564436,97,0.0994235036428718
0.64409620202767,27.1411062268197,100,0.0967637699692451
-0.456553963555843,7.22432337244639,38,0.00232130805965956
4.78073170162417,19.0122277582888,82,0.0090693620847628
-0.474954975541197,26.6134257114706,100,0.0855899689091721
-0.651203656233883,27.185386384196,98,0.0991882573998415
5.57274281922223,18.7709599029469,52,0.00834797166450141
-3.6492786723549,18.1606896500501,51,0.00881687814323765
2.51884328098294,29.3526675278907,100,0.0541420269550032
3.17792907682846,29.9109711792629,100,0.0413194993507181
0.654163323950642,28.6588351035142,100,0.0911984855117479
-0.819402769089137,32.1174708944962,100,0.0348578307656693
0.540391267922545,25.463465527222,100,0.0627261087871429
-5.17011379394672,27.2190067412522,100,0.0269952639959859
-1.14148820325233,6.68251101625535,15,0.00221120366157964
-0.2259215059163,28.5635194053636,100,0.100550586379175
-2.76013611475149,26.427250996368,100,0.0510838363827902
-4.3641254688192,25.7653639976083,100,0.0299946583601925
-1.17467582623337,8.40232687476048,34,0.00260193064443169
-0.630617985292003,6.02241922437921,24,0.00208059134517301
-0.20590553928836,27.1764112372935,97,0.104032489506943
-3.36806130373597,27.438151094022,100,0.0466769782169585
9.19535661773353,25.7828101828305,100,0.0101239745270951
5.02288497545144,18.7584754765732,49,0.00878035448021137
5.8223549654806,18.4650673932157,59,0.0077526112421354
-3.35199014605386,18.171389606151,49,0.00901469749467436
-0.240668983007469,29.4894782011867,100,0.0793015436506113
7.57952667711517,26.2894021059628,100,0.0143223620018048
0.564880355966083,27.6678942867999,98,0.104630192137136
-1.18319029899773,26.1965939822646,100,0.0710632478253962
1.25066516060771,23.9506872235113,100,0.0373726249541783
3.93183328670117,18.2339544133895,85,0.00850739035057832
-0.798582570673474,7.01311194047793,39,0.00227229863017028
5.81033597967924,20.2782003042592,83,0.00995387068780205
-0.40596005598214,6.74904861145631,43,0.00221685128567691
0.79150342991195,28.030168001379,100,0.0994429624668075
5.10390187708888,19.0998853666001,87,0.00889584147844416
-1.20862556565948,34.1492743194681,100,0.019645900442781
1.27357342727964,8.70672273253731,46,0.00267366554923769
-0.0202151202115559,26.9180472216308,98,0.0990980760332701
-0.0217226028765857,27.1881520669499,94,0.108055382603449
2.20498034989706,28.0807146405268,100,0.0675168873705358
-0.174218791926119,34.0682341810845,100,0.0206363500830311
2.13240812714617,29.2535578173883,100,0.0610250060140048
-0.600358910402902,18.3502384008459,57,0.0102647798359053
-0.0105564745760657,27.1893231954758,98,0.103599267169643
0.463750494017648,27.0932770713352,98,0.0999417832529028
15.3441485399356,8.50107929442765,71,0.00161744367003608
-0.0289914443588577,18.8485741438379,49,0.0114903026020904
2.55663548436043,28.2498827790072,100,0.0602829748919402
2.85560668538718,29.0211296455693,100,0.0515441509877331
0.0134798955843124,28.1512229166988,99,0.106549896396093
3.1341702479665,18.7152283265374,57,0.00999265788577333
2.22802027453487,23.8421552025837,100,0.0322392587755767
-0.771764716590487,25.2834284674821,100,0.0583372329579476
-0.623580490971192,19.0192354422293,43,0.0119373306060769
-1.09447849066049,8.06125445391437,37,0.0025135850295593
3.2236947000285,18.184805792506,52,0.0090804661911144
3.40673499797578,31.3755349493536,100,0.0295358655963508
0.768516881475316,27.8029505755152,98,0.102092744450177
0.974879908390669,25.8841999422954,100,0.0677503954232832
2.41628549047898,18.3361313136369,47,0.00978789147270523
9.42047967017708,8.88744572008678,73,0.00218841775438564
0.280262534900824,30.3096955918528,100,0.0625997580194414
1.34099061627544,27.557445251568,100,0.0848065323056854
-0.240668983007469,29.4894782011867,100,0.0793015436506113
3.6158487599693,18.7997177430058,58,0.00981484578066652
0.186488938601339,26.7180176650364,100,0.0889464017634073
1.13505177861236,26.8587395504371,100,0.0820052501928233
0.0718285411477116,27.9875409622917,99,0.10727182457329
-3.53517367725108,27.8477931758408,100,0.0446455804607672
-0.515984422050988,8.30966192579539,38,0.00258243601062809
3.8522469062518,6.48890671017229,64,0.00208804337115012
6.34231925466082,30.284980028287,100,0.0178569675357043
1.44504807309088,6.7390996323949,43,0.00220539360627798
5.79255246630236,18.7924120604408,63,0.00813019847210241
8.04718364519766,19.1550922508337,100,0.00664650120878941
4.67612534913547,18.363801048777,60,0.00840559240447967
0.30400548314818,6.12260157081795,49,0.00209003172967192
5.08012222662269,21.1918243319293,88,0.0125016110491546
-0.292796532996038,25.4577844099069,100,0.0634384602297231
2.67626124198866,28.7200154912193,100,0.0561770078855944
0.465023790769354,6.29917829438421,36,0.00212929247354407
4.03947284260013,28.7228561910419,100,0.0370909829650629
0.304345600356448,25.6561247773592,100,0.0673122327865061
5.84159933570943,20.5153860689411,85,0.0102578000083672
-0.292943491882505,25.6722306067983,100,0.0676655937826219
0.435204460615135,28.5773677370686,96,0.103058275628468
0.136562061384683,29.902317184308,100,0.0709941753947451
5.83458078152161,19.285796837974,88,0.00852649499699433
2.30411210471197,27.9654150947025,100,0.0656996297639297
-0.645682169215692,8.85965627756473,37,0.00273165881599476
0.366616938923216,28.0623992000204,91,0.115262153202158
7.53385156938903,25.2103125601458,100,0.013570857120193
0.259022558866582,27.4929144624901,98,0.106340518729409
4.32712513459588,18.2701721553451,57,0.00852416720532465
-0.978582034025666,26.7395518585934,100,0.0825300574956851
5.06206297151191,20.4343438672067,87,0.0110638800596207
-0.85079322111415,7.95420666522107,39,0.00248870961775402
0.909849114912171,26.8724532996532,100,0.0854225105140486
1.41254887093037,28.684913208111,100,0.0795245143161719
-0.751748692465227,18.1857861009078,50,0.00999196125005171
0.281100341909306,27.2298083645926,90,0.11262887333033
0.552104406909071,22.4437648748927,100,0.0252813753553032
0.458302147743741,25.5556424795333,100,0.0648222522162812
-2.80365931292492,31.6814754014545,100,0.0309064205923811
5.45584852802874,19.0149307931335,79,0.00855985603487047
-1.47858627845837,26.9652391058627,100,0.077579354192326
-1.09118408246267,8.03943110175483,36,0.00250880828444339
3.12790258052351,31.0840837982755,100,0.0332540511961675
0.236058538274786,30.5005204944729,100,0.0590927575756735
5.18842647347125,18.9422388915955,83,0.00864533823126983
0.173201555821639,27.6116311043842,100,0.105337434509995
5.26971770503436,19.0119077241692,61,0.00884317702514483
-1.28886846586156,29.2060993622139,100,0.0747896166125863
-0.0573140834498238,26.9727404172065,93,0.105332911836599
-1.15628133834088,6.49372491826927,22,0.00216915737323241
-2.11701486263483,18.2338165267274,83,0.00940115109450971
-1.24121981590879,7.93290125239073,35,0.00248089621336382
0.0309864751376561,30.9278018731053,100,0.0517979377654473
5.74269003752372,20.2454204933742,91,0.00990293823057013
0.786059697158303,28.0601049211735,97,0.102475408349638
1.15419729734811,29.3983033426763,100,0.0735524068453729
-0.976163794239297,29.965047274773,100,0.0654453746093516
-0.931092475903498,7.44209466041286,19,0.00237750354949963
2.61566402212684,8.39442594535947,62,0.00254518088941943
-1.11574956053282,6.52890771031177,10,0.00218238583845225
6.21769585466824,26.6863344897963,100,0.0200235738607005
1.13247148702544,24.8623368464321,100,0.0495616609258993
-0.793397790223425,8.08373956408557,40,0.00252092471010301
5.32702365664682,18.3433858709213,84,0.00779619817880062
0.299470853770023,5.90631493524589,48,0.00204998170626779
4.69553512501612,21.1609320861816,87,0.0130645315697893
-0.786759135964911,6.70295646507164,14,0.00221929880108433
1.75997269909324,24.5602941021388,100,0.0418502502523996
-7.45282899624938,18.4522916474886,56,0.00664125768711621
-1.03756468417063,8.55261146522771,41,0.00263921522093418
0.435720605749605,27.1981062114283,97,0.102768657067766
0.963973779911824,28.0878806997679,100,0.0963241418854703
3.80194445804249,18.3675009506273,59,0.00897772589955797
7.00928609093149,29.4245817763239,100,0.0162667374645541
10.4977883636252,24.6132814111378,100,0.0076538167673064
-0.031477287096822,28.3927932556917,100,0.103257311870278
0.805237092491367,27.5087456164922,95,0.103373532427981
0.749468890515008,6.49678731589963,31,0.00216918628812336
-0.355088742377862,6.27112176146849,42,0.00212152020906185
4.23409313702852,18.4872592912543,57,0.00889679877556151
0.854947872487981,27.8408987213257,94,0.104905931556772
5.20300347139212,24.186324756196,100,0.0198109182574188
-0.333591958543373,29.4554681968277,100,0.0796567706861732
-0.310804990452016,18.4947327771845,79,0.0103488624462853
0.531380079114084,28.4846260916013,99,0.10028098435084
-0.942198542599535,18.6844292952936,50,0.0109887072953652
4.1969507585626,18.7589794302384,82,0.00912688012218802
1.48997469845646,29.4437867256946,100,0.068373767437035
1.31290766479199,29.2948402348032,100,0.073099691301447
5.65143799647546,18.2795225603405,82,0.00752734425002153
-1.65455313530565,24.0139421622463,100,0.0364428643523924
0.866405891861782,28.987188665069,100,0.0838966354981854
0.440509827605846,26.3303201674882,100,0.0803939208544583
5.1390722236973,20.5917971839236,83,0.0113050811166422
5.17283526924951,31.1184672079087,100,0.0211556120039589
-0.0254537285339502,6.05866238981336,36,0.0020839678434133
3.98231916895605,32.4504301300984,100,0.0213581333982225
-1.3178950197905,31.8377786025414,100,0.036428890078234
3.7911660825397,25.8241438511847,100,0.0351819282260156
0.0677076272293546,26.9760423135738,100,0.0981435966192241
0.878520580737018,28.2328313944285,100,0.0969849161725691
5.59087439207434,8.82138535032287,52,0.00250078286986971
-2.37206993200694,27.7518847989918,100,0.0643514168285377
-2.50535376071189,25.5675499940104,100,0.0466444194654796
3.59610030552037,8.6918994229054,56,0.00258467129239651
-0.69791689814049,8.30552268322218,40,0.00257855568688965
2.78507641175796,19.0238668954879,54,0.0108510783955318
3.6373109192918,18.4875520712572,58,0.00927669802638704
5.15940113171237,20.2762903671147,100,0.0105205774647474
-0.25149793955838,18.4197322001869,86,0.0101310716866956
-0.194375839482483,28.6025076296695,92,0.108834463979217
0.20678981299118,28.5676609482313,100,0.100575305072346
4.0816579571647,18.6201095960375,86,0.00896383897837528
5.38403080597168,20.0952030363432,90,0.010080639881041
0.805554966851984,27.5401192165168,96,0.102532189938988
5.51451524346058,19.3828250225169,83,0.00896906620366234
0.259338530888686,23.8165820052965,100,0.0379831257169029
-0.454518088108701,23.6684475094481,100,0.0361179554718941
5.90732396343823,20.1987959820152,81,0.00974559516215426
-1.12681895579645,25.1640344629983,100,0.0542134245621736
1.09580221071653,30.5435835332144,100,0.054654449221767
-0.28367290363681,27.2869456375544,91,0.112217331368845
1.7580384974712,29.1587279763413,100,0.068142239555431
5.66023209766855,19.3199764543955,82,0.00876483047339628
0.641489923404154,28.2144594551509,95,0.105962776550092
9.45602581153895,8.1741449549857,70,0.00206228526983407
2.45342848979773,18.260164058168,83,0.00931090988092892
-0.651840953108245,25.1186824789431,100,0.0560302716608899
-0.28231439820075,6.29167976977448,20,0.00213571874564541
-0.624907283984906,27.442492375516,89,0.112779557672591
0.326211267674498,27.2740007246899,100,0.101499567026013
5.93261397572854,19.5663400055686,83,0.00883375025800382
1.182378328211,25.7371171624396,100,0.0632475131830827
-0.0458488090434789,18.5511897678936,49,0.0108131419535137
5.41590943425943,19.2326300063295,83,0.00885066093901501
-1.16054270645469,7.97852174208635,37,0.00249208652855762
0.225791741844508,27.5955241592947,95,0.110832987248477
-1.2178234713076,7.8022984148349,33,0.00245070972469964
0.904226502119749,27.946247276301,98,0.0997421413766907
5.35690939961839,19.8683987767033,83,0.00982483099229839
2.52262863901259,22.3745549555486,100,0.0215664481266925
5.75408476574382,19.2963873761506,86,0.00862313391936983
-2.27792819777166,25.4975531714387,100,0.0483630270108287
5.45506272084092,18.5897195844471,91,0.00795420152412239
-1.03928079550524,6.38915539819638,15,0.0021527072875733
-2.30945930697322,26.6818006670911,100,0.0601479540110048
0.468241340083545,27.9428704961109,96,0.108378595505726
-2.29090069642339,31.0194358244266,100,0.0398034447666986
2.30018825957302,29.2725835717164,100,0.0581944519073795
-0.808792924864253,8.06253488077291,38,0.00251671284547343
0.606052852961497,25.2597637747336,100,0.0586993749065691
5.65472145340943,25.0958459861775,100,0.0201921259344916
5.74626376330371,20.1164262101714,89,0.00972737833746017
0.864479654492247,27.9051655182019,95,0.103624205856942
4.85935757121483,18.282683811658,51,0.00823974266920338
-0.452108579938071,6.27751024005044,32,0.0021269237067292
0.366616938923216,28.0623992000204,91,0.115262153202158
1.05359233171562,28.7098950786926,100,0.0852421941562213
1.15019581528353,29.3870023200308,100,0.0737903147098007
4.42485492627035,18.7283061827505,66,0.00905053189095479
0.123573470596175,28.9766392011257,100,0.0896025614033094
0.753862934086938,26.6200660878965,100,0.0832652537565858
-1.66985549671242,28.5418571442841,100,0.0760302313950367
3.99911527511378,18.8536419458127,93,0.00931700143797624
0.873914793083074,29.1876985619722,100,0.0804878812548111
2.3048527302881,18.3739790744079,76,0.00963192694071714
5.12871087082843,24.0335037152059,100,0.0196632828797532
2.40165131438495,28.4027904197993,100,0.0626479647546098
-0.00161742444351387,28.3520946285661,96,0.108202331325248
0.151335458360939,28.1278648996045,96,0.109950600604326
5.47342053995352,19.3390244579937,90,0.00888988314468496
3.3391900170375,25.4153192063252,100,0.0369908700336483
1.62999072299782,28.6472588747137,100,0.0758972837038179
-0.528411069473253,5.8449671665767,40,0.00204124831728889
3.3462705410041,18.6054573515328,85,0.00941017401429761
0.471270006409389,30.0098288571993,100,0.0678446868796949
5.58583909794491,18.9010837850354,87,0.00825853019472964
-0.826623767238614,7.49577022761822,48,0.00237452706256886
0.690494014129866,28.5507051583139,98,0.0984916007712779
5.73787066682656,20.4084935606064,81,0.0102598274569123
-3.81313356792096,27.3686695729179,100,0.0405127142393748
3.1693041218545,31.8412421379896,100,0.0279439359936067
-0.870994060513851,23.2929696788548,100,0.031717148371046
0.185126520314833,27.6661175954367,99,0.106685523818622
4.84010423865107,18.3064670291808,60,0.00822224974496658