-0.801993033913369,5.89163326385602,34,0.00205082928455367
4.29676789154922,18.2596017751523,66,0.00846348842256849
3.19958022328754,28.2205146241975,100,0.0493403323174862
-0.719076459929187,8.83619085547788,48,0.00271613358306897
4.79721210817328,21.2466348116192,91,0.0130263984385201
8.89963288228477,5.97356606210145,57,0.00177030457414967
5.90640386496167,29.0473080215655,100,0.0216481264037171
1.08875030027783,31.5281088669116,100,0.0407625272991514
-0.975872933682313,8.60517542052729,38,0.0026564010034175
1.38343189971836,27.7527797725955,100,0.0845548227163901
3.73341221741115,18.1521028426454,58,0.00870271811790842
-0.77621376199823,26.3601342529167,100,0.0783894816137304
1.71626527940547,27.5179499910417,100,0.0771342370744175
0.467164495818311,25.7804614401409,100,0.069209591164881
5.7031475524984,20.0421872387644,68,0.00986539538525771
4.6759575132238,29.6808375899534,100,0.028509091820769
-1.89957013691048,28.9498773421945,100,0.068052639411286
-0.310272330789129,25.3596964798934,100,0.0615196547657212
4.20698267693691,28.4779311118799,100,0.0357397932009359
4.89975896528362,18.24797568135,88,0.00792874234826099
2.33775491730064,18.326919070617,51,0.00976855434924591
-0.177983566720167,26.5046364623128,100,0.0849398300654495
-0.38605900677541,7.78293315758895,48,0.00244505785741408
4.25868832958376,18.2349668637288,80,0.00835404585877266
0.108616085037056,26.8051816670977,100,0.090677881289291
0.959547730191034,30.6024859760579,100,0.0545369727516417
5.00223532342353,18.5483472026624,90,0.00822008444328817
4.34201395230765,18.6173113600816,60,0.0089924642159869
5.36770988786021,18.7511209936832,86,0.00824351335359294
0.664005489756008,28.1241624383082,96,0.105141042335927
6.37452273518086,25.5154668184832,100,0.0178449789479438
4.59820782568218,26.6883287166523,100,0.0308449421597423
4.58554175746721,21.2242188430587,87,0.0133907911210076
-1.12875775302414,7.86729970406342,34,0.0024671098909363
1.08060489294454,30.2432538009395,100,0.0597274627897211
-2.32079327419888,27.0078291868304,100,0.0624399632022438
0.644888725667948,28.5358069055592,96,0.101297338300317
5.9302476975944,20.1691841343616,83,0.00965843001438066
0.143068318049854,25.8941696333005,100,0.0725120165372765
0.732601095137354,27.9741641728571,97,0.103622033668457
0.555149757854475,27.797588816679,99,0.104023177671335
-0.465771438979916,6.38796563309751,15,0.00215647711539315
5.34527973168396,19.7564976858295,89,0.00960985944182158
-1.27844787180886,29.2957324342043,100,0.0735661425089225
2.02078270146554,25.0351567170338,100,0.0455139505211955
-1.0186661809309,32.3576482740545,100,0.0320961278532884
2.47774897597238,18.2984093252274,52,0.0096443278571285
-0.174652628591798,6.11222080228793,15,0.00210326547587796
-0.34377027767655,5.89065767957423,20,0.0020587760843853
0.171374431670356,28.7592681523413,100,0.0976864777045011
-0.95611889121065,8.3598401253313,43,0.00258786048379536
1.35882336174724,27.9634186753257,100,0.0850496184969778
4.24132435842657,18.5668065030171,61,0.00897857507737552
0.571577420377388,27.7481158855773,96,0.107060685927499
-0.0468533776141254,26.1522941180564,100,0.0779807552843858
1.24801899171762,25.4604249172809,100,0.0580637680839685
0.390989953692228,28.0716864575519,90,0.11630391768529
0.0519073759228404,27.8385725271389,98,0.108645958484053
5.0598640608652,18.1939267212623,58,0.00795164835866763
5.62438053528616,20.6850526558833,89,0.0107605259623804
-0.717944363591998,25.1197146246712,100,0.0557650392914155
0.546902194598655,26.6530134121518,100,0.0857640049557519
5.19845032971343,18.7366565729008,59,0.00854096190043075
5.44786558916145,20.9233999740965,91,0.0113877311400242
0.609278655100713,27.8370401784951,96,0.106691636428418
0.702711815815947,27.5291844892058,100,0.0999494061951017
-3.06635668614379,26.5670156074676,100,0.0476677387933552
0.00358317270389408,27.1244518952121,97,0.103692884154421
3.83542065891095,6.12624171052083,49,0.00202872093541518
0.156234484923654,27.2870576507666,98,0.104656264877335
-0.110475343793848,5.85097033095274,50,0.00203929730394377
-0.797369436253854,7.59201702972706,16,0.00241558715065817
-0.486820881430722,8.00911850890736,53,0.0024966011654858
0.218423215694243,28.7905801741084,99,0.0979202738112734
3.17056739715027,18.8163477708172,60,0.0101251984504993
0.582834879414492,28.5713006974058,95,0.102617898401302
1.48358774956806,6.72086724308828,49,0.00219820215668663
2.48670307766035,29.9064578737085,100,0.0493397704767271
1.67563741253739,25.2489162959734,100,0.0511954817897962
0.985409271008116,27.7683376664431,96,0.100193759833767
2.01872140921288,29.2474544379295,100,0.0629016333953221
-0.541826060024559,6.19158519979448,34,0.00210895569149642
1.94458790621544,6.11347319134085,36,0.00207793244577103
0.573342823301012,28.1224125328964,95,0.107550759139386
-0.0769064877436981,8.83877194466148,47,0.00272137690757508
0.409284170854846,25.7607820408215,100,0.0690587734824612
4.63670065456766,18.3200619920179,83,0.00821463259050554
4.01076760590475,25.7062797138109,100,0.0326465667237795
1.02456345483549,24.8796888086949,100,0.050402330334874
3.131283420618,18.5251400236496,56,0.00966476604700196
0.213081711460144,28.2206165963979,97,0.107810220863846
0.34436836924166,27.1596175041247,95,0.105131933890453
12.5217910468024,8.89150888140161,78,0.0019035045446138
-0.0874577103992962,28.8182285410719,97,0.0997557576336355
0.827447905142892,28.2933151088339,95,0.102329399845045
-10.3671646297872,33.2459883955998,100,0.00683178342896199
5.02147449912457,18.7291508408511,83,0.00848815868547096
0.794069579933461,24.8149535166887,100,0.0504760344472208
0.826280078600611,27.4570630863856,97,0.10053187072674
5.66207439933069,20.6512996579964,83,0.010724635169921
-4.63236206450448,18.3463039281065,48,0.00849663107486646
-0.203083781089315,27.0773074874215,98,0.101452942527106
1.39506446500926,18.7640573467009,92,0.0105478712061814
5.22956595521985,26.9131124788728,100,0.0262134893768712
0.215284080204322,30.0047972339588,100,0.0687653719068729
5.37759974390978,19.6540005216805,91,0.00940925947500727
2.43825456208423,30.1303023328427,100,0.0476309589234276
0.677179912455285,27.4783296213376,99,0.100946986265431
1.87717647089797,28.2813489414552,100,0.0735224563814123
-1.01884390611417,6.41542152474413,15,0.0021581398977654
0.846164654038067,27.9512932633416,95,0.103894970756306
-1.02564546337032,29.2916252333631,100,0.076929215481728
-1.3103467791155,27.39692028952,100,0.0845051555062447
-0.628454884218326,26.0379670956669,100,0.0734200150875322
2.82350417892324,25.3265240422572,100,0.0411557534284613
-0.797639059601394,6.55895216033661,39,0.00217758409728259
0.215040966581704,24.7366737222685,100,0.0507353311638184
3.49394057480092,18.3926689112937,50,0.00927967636194701
-1.21331342221012,32.2009558844622,100,0.0331056763757638
-6.99026828405773,18.4410155826318,50,0.00696837894637142
0.328416985537659,24.7216797520376,100,0.0503380967479387
5.00445996194451,18.3009300762572,52,0.00816026337848367
-4.20434533661822,33.4734646955296,100,0.0169277394250239
-0.927948211953878,5.98425693999928,33,0.00206754978701323
0.342882352936731,6.03820176737619,14,0.00208915083111397
0.402916211872329,27.0991587625211,93,0.105886183038587
3.20655011541321,31.0090317413641,100,0.0332318839325852
0.699900496376179,29.5832390614077,100,0.0748718414192656
0.309195948117952,30.6508861082314,100,0.0562469201740635
-0.508140918161082,29.242682560089,100,0.0828665017305691
-3.63026062310961,27.5723262996931,100,0.0431718144409098
-2.17788736105649,18.5573635955244,50,0.010287406414287
0.358417770094974,27.1226928481038,95,0.104439635664231
-3.66834460420689,18.5745976517226,41,0.00955115315986468
-0.959165686244917,18.5082628648066,59,0.0105043009017839
0.58310438347037,28.4342289166056,98,0.101323981403187
-1.03151578774079,31.5121217873968,100,0.041162437752638
0.226409562911239,27.6829814937146,100,0.105440343476314
0.448788344320179,27.2791691304328,95,0.10591859848816
0.255415381261818,25.6715122809055,100,0.0677455097303216
-1.77603151830413,29.8902891962576,100,0.0582331622726041
0.659904998185065,27.8424740876937,91,0.111896542697338
-1.22689651314531,7.3393776295391,34,0.00234217852930314
-0.562269520547564,7.92979454994406,30,0.00249078722774561
4.61893544284811,18.4184572642417,93,0.00828489223697442
5.91156223866224,18.8559893258472,65,0.00810096843468967
0.42616963664699,27.9256784633401,99,0.10540991711084
5.17947574343369,18.3264283287145,79,0.00790260690068471
-0.713130398316338,8.2496399809496,35,0.00256723430092831
5.92858571792653,18.9910127981469,84,0.0081214986607546
4.14261456032868,18.8269872736414,54,0.00951656777089576
0.959207885857013,27.7572588232277,95,0.101709834142115
-0.813386149018029,6.0176186797735,47,0.0020686536322872
-0.461447294804072,7.46501165030332,15,0.00238880191877986
0.102063502064164,27.0351875099873,100,0.0990709849488994
0.501151035732554,18.5674981584446,57,0.010726654588386
0.237804728825972,28.0813926113077,99,0.106314890495284
-1.1057908281882,25.7351395537497,100,0.0639220317818503
-0.843362627037125,18.7197539114226,57,0.0110036481529219
2.32671424399132,25.7125314281283,100,0.0501717643585757
-0.791926288818611,25.4928135628859,100,0.0619671946601365
0.548070775702349,27.2139094355306,95,0.103945642028624
2.17299297483571,25.5302759723667,100,0.0498597147236168
-6.18730063748539,27.5956584490958,100,0.0207235758847746
1.83604993610036,26.2348992529333,100,0.0628257128515738
-0.432517540065457,26.385052630328,100,0.0815182742693383
-2.00873019880773,30.2318901544574,100,0.0511352033638913
5.46215175327779,21.1194493762953,96,0.0116566711140714
1.18274969682776,27.6638860018832,100,0.0881924136294203
0.425694052979356,27.2160829826109,95,0.105280473418943
-0.954313230094073,8.44309723806681,41,0.00261113092452489
-0.0897133304187528,28.068537789481,97,0.109265464281314
0.941610827186241,28.1867083109121,100,0.0962133936199239
-1.23347216376463,7.97423525104977,33,0.00249242773808126
1.03990434696155,29.7177380383223,100,0.0693048636507798
5.7903384905345,26.1799449936092,100,0.0216189299031023
1.26805434845045,28.5213621771322,100,0.0837189377429011
-1.03960072851469,6.3685331781067,17,0.00214768313774201
2.48065729303228,31.8370857649953,100,0.0313853060957051
-0.00794272385946471,31.3824231239959,100,0.0448434041535412
-0.499170449966891,6.38323176634708,48,0.00214015980792346
-0.936525265000613,6.76220815621625,16,0.00222942054886747
5.7074752420692,28.4519211147833,100,0.0233507467789115
4.93321728049129,18.1922831436149,87,0.00784767490947159
-5.54892109131947,34.7740935091898,100,0.0113021005923864
5.10907184969778,19.0294667672654,49,0.00909886988410074
2.92839328498079,28.2212021919251,100,0.0537459212366108
-0.48975428296792,8.69455510415431,38,0.00268598782541682
-0.549832711485636,7.39784133473415,53,0.00235153674271487
1.37998164489567,29.7516001119677,100,0.0650244662750467
-1.79061053290668,31.2390978745805,100,0.0407876277632225
0.319481042417672,28.4605951728251,97,0.104577352343263
5.21235573216551,19.7314018665075,90,0.0096933178291432
2.1681732697985,18.9281825972038,93,0.0105595044107423
6.22345706873072,27.1761926057711,100,0.0203658928126145
2.03986783573541,26.9312312276382,100,0.0669928359614624
2.96914178566018,18.7426073759154,82,0.00989450610936483
5.83249320076019,20.7130808773386,87,0.010557979153195
4.28774703711697,27.7097915969453,100,0.0353248170054662
-4.35592316854408,22.1660687895338,100,0.0163105546690668
-5.44243822303628,25.336220008276,100,0.0217879931590477
2.67131232998946,18.741712096018,45,0.0104490345763457
2.15660552335887,30.2517551409972,100,0.0493424372658436
-6.06452786472498,23.7723493474514,100,0.0157732462586882
5.61230769580378,20.322137642894,84,0.0102420191093356
-0.30295588567827,28.3447662611811,99,0.103879008209851
5.53071909537297,21.117761564108,86,0.011687117457675
-1.35920400244801,30.9336079643773,100,0.0471967346272329
5.06515379651806,20.7145927865481,88,0.0115698841756699
-5.18986912512708,26.5534558686881,100,0.0259430090675585
3.93835108553491,31.013917790671,100,0.0282877323031985
3.77615641180067,27.2331345877912,100,0.040725121661512
0.81526584226034,26.4335862102282,100,0.0793408890445965
-0.490289576563183,25.0817271618589,100,0.055968942451761
-0.122807436155775,27.4122277677739,97,0.107322739535907
-9.95791506958605,18.2484986684806,36,0.00510032890407951
-0.853171578934802,7.78931011640898,40,0.00244791389567429
0.552323591547695,27.3038311525916,95,0.105077764831266
-0.960434910778556,26.2494044038474,100,0.0745076782206676
0.409532334085587,28.3536321781802,97,0.105139525247929
0.447762703970089,26.8486316754526,100,0.0898726269298669
1.06892251479409,25.9951750704687,100,0.0688431291892163
-1.15574391928465,23.4714991406566,100,0.0327798654313945
-1.02435588634746,6.04012759111671,32,0.00207765844029613
4.50622752913114,18.1774038495842,80,0.00813115970517787
4.58295499865939,28.5437986963002,100,0.0318772154092021
5.36926253447581,19.9455083927815,88,0.00988252446581297
-1.22313749737579,7.65325518603326,35,0.00241394559066062
4.8463684517926,20.9528611347278,88,0.0123588118347881
1.54610699080299,27.1979175340992,100,0.0785457234556213
0.95478541505638,6.31133065341991,11,0.00213990243332254
-3.99684067412628,27.7075494111352,100,0.0386110003553274
0.469506419208792,28.2107721331017,97,0.105891686865181
11.0687949928682,8.59266341521647,73,0.0019920433694494
0.560625763824336,27.8096380632502,99,0.103972113514812
-0.438971025940997,29.0976088257771,100,0.0860413861313231
-0.387245373885244,7.75580018089531,38,0.00244451262668897
-0.526975228270298,27.1084263900491,93,0.104762230821276
4.98124249166272,25.176107848509,100,0.0238528629544147
1.17744193566529,5.95524429559085,43,0.00205566818733765
-4.16379966362871,24.2286954490633,100,0.0247319203658213
3.16404414374894,25.9802070074235,100,0.0426431149203834
0.959207885857013,27.7572588232277,95,0.101709834142115
0.20717491210233,28.5482872376987,99,0.101874893526441
4.80046690335368,18.4289442426037,61,0.00840240066553345
1.84773139537129,26.4434477427771,100,0.0652518577600451
0.793573593064573,28.209264139852,99,0.0994838499128202
-0.550553523615905,5.86382562997367,20,0.00205300800334246
5.65046810225025,19.0218969887898,61,0.00854243070511999
1.03979561296404,31.4392972120659,100,0.0420438372315007
0.740162094102575,28.3910106732592,96,0.101734560151514
-1.46983510312594,25.145330805228,100,0.0514467999088831
2.41025498465038,18.3230185065975,51,0.00972876992696822
5.33840336863856,19.5407951379362,77,0.00940474698137001
2.79978366315368,29.7942780635283,100,0.0465626494964042
-0.84020223456965,7.67987340727218,15,0.0024366808610415
1.47508348841665,17.5144808729415,100,0.00839403564434173
-3.92304595477397,18.603039094628,43,0.00940685144938351
4.28184415726336,19.0735771525209,87,0.00950948794857845
-4.13355124312029,18.4774179747176,54,0.00897317434796745
2.42160790035708,8.90104811838922,47,0.00269575275941187
5.66818111025457,18.5399584324611,84,0.00779329147950869
0.305224372224296,32.0779654885128,100,0.0360036372600591
-1.18950518698028,7.49377827666913,36,0.00237671251334263
-0.096739372706528,24.7357582203669,100,0.0508156719569995
5.2008197573301,18.7384276116508,86,0.00834897690652642
2.82581158158882,18.1891968404419,84,0.00902245751622723
3.37887714213741,18.9006059988141,65,0.0100897283139383
5.61028531586541,20.7168790575448,87,0.0108556258862836
1.745633057106,28.7723349379583,100,0.0725777020394532
4.66068581517383,25.1602041761146,100,0.0256946788470211
-0.691378747982821,8.52815993989919,37,0.00263958923114571
0.570148081128376,29.1820764336785,100,0.0835373808790539
5.58588609770597,18.7097392992206,57,0.00822686326124336
5.71709419090031,24.7376816410645,100,0.0191048402960958
3.42065445964561,28.0770300094128,100,0.0461926961492134
5.30398577407695,20.8462562802734,86,0.0115150060683701
5.25659819248592,19.8970498139558,75,0.01005418377431
5.05305672474747,19.0041590095281,85,0.00881972726880763
-0.0351882982985199,5.99617728539931,36,0.00207218231484055
1.45724459708619,33.469865766718,100,0.0229983964401612
3.40787629544026,8.49226871409937,53,0.00254471376865237
5.14639050081698,21.1885219795551,100,0.012208306272505
-1.03286719262336,7.98261887320793,15,0.00250860939750449
0.653281062029036,6.72747836508377,36,0.00221452807714425
0.156883959431904,8.0566468811294,44,0.00251542361433493
5.93184192229501,19.457329365984,86,0.00867201969522276
0.529850563223911,28.1143947903145,98,0.104757772055635
5.07783050519033,20.7618115337447,88,0.0116431802620215
6.25003768146059,20.0185265376525,100,0.00905206266249497
1.51922531889633,26.639493254614,100,0.0729836426855746
-2.08193097454189,29.6306660248556,100,0.0575827231735744
5.90690835056226,18.9114670913268,86,0.00803271400163529
2.69106538229931,8.86330754157475,62,0.00266478987699506
3.04611764472093,18.1566894703805,51,0.00913591999440277
5.39230522795192,18.3759775529646,89,0.00776107807397523
-3.06174236538584,18.2658721531562,49,0.00932433369514747
1.94130634995829,19.0358584005641,92,0.0108983563228687
-0.74015201426301,6.13004881455318,38,0.00209427017503812
-0.820290282577994,6.16698078092628,17,0.00211008492326293
-0.54839055122188,22.0947809313621,100,0.0230129823181186
4.48554225229717,6.53695922139039,39,0.00208487153796888
3.73490467288496,23.5819876125139,100,0.0237177712667072
-0.679248545478503,5.87695451510678,29,0.0020509833423886
-4.04421969914069,18.3298464730621,50,0.00884141288414894
0.782300758506862,28.0782453800226,98,0.10141897671025
0.116297953024937,27.9414642731053,99,0.107285065469239
-0.530290667820749,6.85755904628563,41,0.00223995949768934
1.01241800673975,28.3856672584288,100,0.0892775946598444
4.33876457488671,18.5775120608753,54,0.0089836440760232
3.59699594967996,24.9715113199176,100,0.0320616741514955
4.47318697153842,18.5964633247703,89,0.00864704750106407
-3.56694510100425,23.9239591805993,100,0.0262286522281047
4.31043723452042,18.1660111893857,66,0.00832790294391644
-0.738797422230621,6.69516386365295,15,0.00221754359410523
7.99724537840911,6.09306848257233,50,0.00183921562243346
-0.320919787139294,27.4977662126316,98,0.105975990103269
1.74182675543497,28.3064322302046,100,0.0761431349178652
-4.62548125296988,24.9930052562418,100,0.025301836336428
-0.747485857198643,7.51458724066065,37,0.00238580441971982
3.49474015622334,24.918980871108,100,0.0324980547018898
-0.257209117719056,6.13043547159575,41,0.0020951410347253
-0.883573470650182,6.15928209586294,20,0.0021067867201739
-3.22518741771488,27.2103769660706,100,0.0482475266860615
-0.983120019999401,6.06798375107523,34,0.00208240771164216
-3.49250061678358,30.6026537140776,100,0.0337678889584196
0.858958166405304,27.6429542979293,100,0.0981695701725727
0.118454653079428,6.37670451059133,43,0.00214224454761633
4.00961083125766,18.6815554296363,90,0.00907074647418472
0.57026896756468,27.7268646683183,98,0.104774991519925
-0.0903750620328182,27.6977751292568,98,0.108273303565136
5.80684323772531,18.8819715752696,87,0.00806792458906794
3.29537501588062,19.0972485017575,83,0.0103233298784599
2.70451777712515,27.6695504021505,100,0.0579637574887172
1.02358675648004,31.7865246780296,100,0.0379411278106419
1.15168204703371,18.7780752245484,74,0.0108540890769667
2.74637883172275,19.1338197695522,92,0.010659686813891
5.12123907521265,18.618859219941,65,0.00839985925645798
1.76300684819269,18.2382876189686,57,0.00977418466178711
3.40073419615818,18.5321331747197,84,0.00926799966161741
-0.134237355889215,6.52658913121629,35,0.00217587053996969
-0.83409963019771,27.4805858483941,94,0.103717047355054
1.48746727728997,18.1563173321356,60,0.00968063577138612
-0.488228171648286,7.7804772543119,40,0.00244872235295032
-0.227497427405809,27.1061038171001,95,0.105009153702555
-0.387183259493702,8.04282710031566,16,0.00252895506478611
-2.7627340066825,18.2599751265905,46,0.0094950616499954
3.11961236745393,18.2213877741674,83,0.00893977404429109
4.19009657486077,18.4535894868333,48,0.00894760764925079
7.2886128588444,8.88460568286852,61,0.00237960752630854
5.03008259621316,28.0037393527009,100,0.0283905094826778
-1.16833189342201,7.77558601775228,42,0.00243962343727584
0.137371357158725,8.33510661347632,46,0.00258538498743672
-0.816819668930291,7.05901733974746,41,0.00228101937166192
0.290059422898705,28.547985030694,97,0.103554411652858
-2.71662189825229,27.2652512706378,100,0.0567014539890658
0.400864690429872,27.5042169001255,90,0.115085989834245
-0.0645217105289555,18.3281128448115,51,0.0103214517539288
0.80096195441139,28.1246030814865,92,0.107389441719426
3.22838581241475,25.8887274399684,100,0.0412979721025773
-1.16554847746604,8.4083162412574,43,0.00259756735066123
-0.34038122578874,27.3564244420537,97,0.10557773682964
0.828826703983623,27.8283729363635,94,0.105384808900871
-0.885740998937928,29.1944172412273,100,0.0802380825468797
-0.446863006144314,30.5969269241621,100,0.0568676414793356
0.950445533729598,18.2833997074132,51,0.0101379480594718
1.60872262153184,28.3459051563781,100,0.0785922993846601
0.0237226810107489,28.0733486010257,99,0.106991296822771
0.0118662503727371,29.1754372808432,100,0.0859973414234522
-2.19275230646679,30.7876816456896,100,0.0429677882112708
4.87993296284054,18.9419299325047,94,0.00879749177505091
5.2258183304567,18.2862450215281,84,0.00779480185149939
0.628514409545333,6.18971399340277,29,0.00211036853489692
2.66616327958037,8.77911288163989,55,0.00264804673103656
-0.119296040480625,26.9264489153025,97,0.100109539984135
-0.700478330962213,8.61541286779229,40,0.00266103684490212
-2.25373888669503,28.4588955578993,100,0.065199520093631
1.43642717961772,27.37632343008,100,0.0819708211169809
1.40283137227112,6.01524838154306,34,0.00206818345720458
0.142370658946959,27.3679701978641,90,0.115412398906696
5.2683507453614,21.0183771201515,91,0.0118229535518623
0.850349042429251,28.8855296728549,100,0.0856657877396354
0.63588215048446,27.1376130772124,96,0.100715321565863
7.11614282117373,6.16629774825729,58,0.00189390056926807
-0.727352873241768,6.31775605681683,21,0.00213834419862215
2.06694759201091,26.5551440641827,100,0.0629756715339802
5.82516517407793,18.8230513188042,66,0.00812200371910458
2.10113501678408,30.8443784587625,100,0.0430757670286423
2.884271270971,28.6358842393492,100,0.0531346775568634
2.1421292924127,18.7523320153949,60,0.0105862848302094
1.6851732023666,27.9025217704913,100,0.0784774541607291
1.83925194636936,27.3879435630793,100,0.074031008731232
7.48170345372347,30.8292801069757,100,0.0133893590847995
0.0991466484616833,27.4716612419076,98,0.106807956653643
1.96303726994808,29.0600477523175,100,0.0658255672295763
4.35433090558732,18.2714702595399,93,0.00825594758735626
0.485665071516837,28.6353282800584,96,0.101666416327978
0.436296400071222,27.7298971201422,98,0.106285689025277
-0.789668692842616,18.4496502919247,89,0.0101007532318295
-2.82044717485932,23.576635896298,100,0.0276138449310264
-1.1124091892215,24.137917978579,100,0.0399975209625398
5.02303230538193,19.3302650811529,91,0.00925846078230221
21.4613458421393,8.78070477197947,72,0.00120083045387442
2.13757393602416,28.7643950722598,100,0.0654196842790855
0.803578968288729,18.160840788106,51,0.00992610986547982
6.32069193615357,21.5015367729588,100,0.0110744524906803
-0.68287748703569,6.61275896642642,34,0.00219170834472869
-0.738165592792664,26.5524100753453,100,0.0822441932804047
4.79061014228841,18.5257105783131,84,0.00837500064175658
0.346259929277998,28.0182322133502,100,0.104760924917913
5.92766909302535,18.8543332717274,86,0.00795149250631439
-1.0808704692228,8.21387214046475,54,0.00254137241124533
0.101464096876339,29.2789723176828,100,0.0838836667089107
-0.146409178423831,5.91289333027294,36,0.00205654608792074
5.84405506862024,19.683062434278,86,0.00904678556833508
3.31866232721388,27.7105622970986,100,0.0477618278871106
0.258186905478692,28.0723206178677,99,0.106244890927328
3.39082057616822,18.2234230885517,50,0.00906732602767708
4.56188368619144,18.3589060767403,83,0.008312133780091
4.55102891481745,21.0084450370752,87,0.0129410295000059
-1.22064661960147,7.62997361347309,35,0.00240850715855823
-0.708395497483204,18.5617618985978,50,0.0107662283536746
-1.18012246848236,26.7616256640519,100,0.0799818831411228
3.77637867336329,18.9030434858917,61,0.00985112539184978
-1.29128056433965,28.84584195669,100,0.0797584603631187
-0.0995612170074585,27.0614035610134,97,0.102557328730931
5.52982820967475,21.0019673440834,87,0.0114640032943879
-0.991595487903502,27.0380073623383,100,0.0864904764269497
-3.3186107552172,31.164162514661,100,0.0314233167753728
-3.61756480011377,27.9547147146855,100,0.0434848527983833
0.762192810157218,27.7970096302552,97,0.103241122101264
0.466737229927039,27.4921105154235,91,0.112929309547959
-0.664140000611923,27.2633999957953,94,0.104172205811394
5.8678315942567,20.8444238895941,90,0.0106874034872953
3.45381397114058,30.1963050621741,100,0.0366536942397137
3.0869705518369,5.94201550050806,48,0.00201742000247851
1.70689302476337,18.2364254579127,81,0.00956466822697619
4.94547118021392,18.5778081461114,85,0.00833050697083089
2.11687150764073,28.9640293487755,100,0.0641095558141087
2.25766217910323,28.3075532614389,100,0.0658014312398016
0.950843664466191,25.6877328468362,100,0.0643947404546142
-0.526990786533137,25.5739062040885,100,0.0648904178856744
0.0505012563432798,27.1750541219817,97,0.104445234999025
5.37033759930518,21.145282425954,95,0.0118559893152692
-0.845891112245013,27.7235909681134,98,0.100649411521051
-0.539915358556827,18.3800886064144,50,0.0104074885720423
0.153693401820377,30.4285264975769,100,0.0605488019864172
2.10780990706111,6.47461190541844,39,0.00214301843972565
0.455621113925957,27.4622850392874,97,0.10562169043602
-0.754526344600327,7.48611692039578,53,0.00237014127682063
0.676888195220399,27.8261375701757,96,0.105703669462553
5.95566030801184,20.2147474842998,87,0.0096581336852106
0.512694189081595,8.32769370738565,52,0.00257783036748416
3.19791393051595,30.3981454490635,100,0.0376455504715469
0.841662112042605,27.4505286549158,96,0.101234294726952
-3.39147912015029,30.8617413237734,100,0.0328880680617621
5.25547505883341,26.3934639761953,100,0.0252045525245982
4.23838174128426,18.9016172749409,49,0.00961172077940392
-1.96803267778451,33.3618323472036,100,0.0227114183751087
1.62537872479915,18.3086750652192,57,0.00995081592326075
-0.624907283984906,27.442492375516,89,0.112779557672591
4.71573752243286,18.4534297869594,80,0.00835798985065728
1.93446997383231,6.39760573593356,35,0.00213296663223235
5.65124827451403,20.8163226351895,90,0.010932736473048
-5.07778960732757,27.4640921640194,100,0.0278997069907931
-0.928331723122645,29.8111625495765,100,0.0686576738519231
-0.857545502637168,18.2999231566303,49,0.0102087606869086
-0.959262200944817,30.960088028057,100,0.0489618392120317
0.461439442154472,27.5878716660023,95,0.108829864405878
5.21169156809594,25.8398928032056,100,0.0243021891617345
2.5396495867993,24.2595422558954,100,0.0341029038840024
0.404996038199507,28.5377922934384,100,0.099773011052593
1.53947327612136,29.0748718506895,100,0.0727596016323033
5.19000263389849,18.4524527504431,66,0.00813257231218653
-0.622983894951931,27.3200117580501,91,0.108908350750929
3.04776741008155,18.2124730647624,51,0.00922607037560309
2.03147348422263,26.7717978431476,100,0.065725652827916
0.938354683211421,24.4455448436513,100,0.0445464976250788
5.64627123352624,18.9328093507985,82,0.00828512928021231
-0.0866007844476256,18.477743660969,60,0.0105309246053894
5.67797458013116,20.9093371928893,84,0.0111272717425349
2.19873794554791,18.7547472836828,57,0.0105973087341124
-0.169550411897478,26.417233218174,100,0.0832300540012988
2.25036482226102,18.33393501318,57,0.00976232627517361
0.300769120975564,27.5832245136125,99,0.105610535219833
-0.956853974450818,8.60331319232031,43,0.00265263140930713
5.23785139418929,21.14114030273,87,0.0121660761621665
1.29233026469792,18.1768157233772,50,0.00986591151561569
9.21865088212356,28.3692360848267,100,0.0105105401968484
3.35752441439269,32.1573154398284,100,0.025233236595825
5.13209834164477,20.5602212297541,87,0.0112052041313888
-4.35432690263893,18.2024558848465,58,0.00840666810231497
-4.17774223303048,27.2464588786676,100,0.036058800798213
2.83493616834915,18.720522003084,82,0.00993142243199307
2.13872668807871,6.24598593121272,11,0.00211062112762706
-2.35438879903018,29.856684386856,100,0.0514775025275672
-2.5048069189149,18.4164036115983,47,0.00989316255200962
2.97904388523096,18.9997541252019,65,0.0105483497145292
9.174536635311,8.61391262044208,71,0.00216154258015352
3.75890846548709,18.7923139869528,58,0.00970160436385856
3.95160936336017,26.1990735305802,100,0.0353619295563484
-7.14438684474289,27.9316360005642,100,0.0164073701720543
-1.4280912745781,28.1719408880189,100,0.0830773004055412
2.23235240033841,26.1927798497096,100,0.0565990458810279
5.35806007507415,19.0477339329404,89,0.008606768785614
-1.56997574760212,25.053540418499,100,0.0493852109896343
2.97894637506048,23.8548520952222,100,0.0287139881384492
-0.549003000478727,28.4237430855415,100,0.0998121656063082
0.65398036242728,27.9566594999926,99,0.102692642102844
-5.27021774464381,18.4843069796067,91,0.00795526035400749
-0.834378179036179,24.8034047061743,100,0.0501315509796152
-4.25344976513314,26.4519506628177,100,0.0333567727090072
-5.97610756755786,27.3987090812704,100,0.0218203435781113
0.401421213956868,24.3012940055039,100,0.0439844177226517
1.41103822905962,18.1846265453663,86,0.00951214177241846
-1.47852112142137,26.8351993622501,100,0.0761048016498784
0.850349042429251,28.8855296728549,100,0.0856657877396354
0.0554220102164618,26.9063069861187,90,0.107342661404768
-5.14859936316518,20.7119904289016,99,0.011309558145378
-1.0542619469415,6.21580601830214,37,0.00210864988537969
0.918909601721745,28.0919887102369,98,0.0990232173492431
-3.36077780152037,29.451177655507,100,0.0421518650759586
0.25336155858506,27.7963081326846,98,0.107881758463744
0.0962287846168758,28.6666390143311,97,0.102470204297041
-3.25865355816198,27.8753498842911,100,0.048732890697981
0.448788344320179,27.2791691304328,95,0.10591859848816
0.532062958585977,28.2272873861978,96,0.106178700098486
-2.19647273650069,27.0324872468362,100,0.0648831728153943
-0.628859945150273,29.9205175854145,100,0.0687894803436111
0.717384788647968,28.2383099064077,95,0.104626304758192
-0.647393877469743,6.85963671511809,46,0.00223720012187082
4.68833137274487,18.5437269404731,51,0.00871099703950207
-0.451603894681195,8.43409531584922,40,0.00261425105941564
1.43199711250923,28.4812548290433,100,0.0810632950618038
0.537558326669861,6.55943954361946,33,0.00218218403837804
-3.65353036276836,29.7847028123537,100,0.0371071150345976
2.89415603356941,18.7536046007017,60,0.0101805951603357
3.23629521607441,29.6950173708974,100,0.0421276808887005
4.63263535902273,27.1326589709887,100,0.0313547105206867
2.83862223210529,28.5653090577492,100,0.0541873391285579
-4.31439300875459,27.274273492016,100,0.0346506208815678
-5.26647872429856,31.7036861170144,100,0.0190835240943502
5.22874726599096,18.2612789294404,70,0.00784929546791654
1.23037174526958,33.9405006203479,100,0.0206729987695485
0.204177436502978,30.4686976202659,100,0.0597316408395093
1.62483471334315,33.4958741485063,100,0.0225783390080144
5.58403728763562,19.3061708011033,80,0.00882833756941005
-0.227412332580364,27.288500565629,95,0.107750005680212
5.91088665379078,20.0649630633084,92,0.00944988005474057
-0.322051261096344,27.3592316323713,94,0.109209349719387
1.72379751883573,27.4037804430884,100,0.0764424114410737
3.77873574904442,29.9376022223533,100,0.0350986287483994
0.560561546627954,5.90092272933333,14,0.00206240602384805
0.429199404086403,27.5209088743524,97,0.106371272038345
1.61875858673021,27.3072551775694,100,0.0779528104866875
5.17928317522893,20.2662967257738,91,0.0105809946811347
-1.22188470368288,7.33251053762026,48,0.00233305497657471
4.64707721998074,18.4886124109042,58,0.00861012035358422
-0.637804875727197,7.3235474570825,46,0.00233806319560551
5.3818385121895,19.5149527802056,83,0.00927423325380577
3.35507629922966,5.86732050576684,39,0.0020008409729992
-0.190475415848167,8.23421396705064,51,0.00255586308223604
5.15287912783502,19.9707905461888,83,0.0102028022268277
0.67125960641584,27.2044630142991,100,0.0972484532676869
-0.667000117336387,23.9231087535398,100,0.0386776371687235
3.82207286149471,18.2797454431378,68,0.00876315148194843
3.64530178532585,32.2934910647157,100,0.0233458789853734
1.6246737377001,5.93488024232165,35,0.0020499968358314
-1.25093656321293,18.3002658843137,54,0.0100727263716948
4.75047401455235,18.7141050064263,63,0.00881538780285701
0.609278655100713,27.8370401784951,96,0.106691636428418
4.90591731592823,6.09255364315549,35,0.00199066558692069
5.41128967175093,20.9427483341073,83,0.0115809738476743
2.58373962781788,29.8800119645791,100,0.0484210668829982
2.1839429052054,5.89021008786709,12,0.0020424979458009
2.46145521413369,27.8060006532474,100,0.0626456013450214
5.79606799426838,20.8335952249507,92,0.0107430845864789
1.09139103159887,31.9408157729463,100,0.0360553857880274
-3.17719181177253,31.1325529039867,100,0.0325764056972905
2.55239448185667,24.2655203960643,100,0.0340774873334032
1.56617674655943,18.5645289650743,43,0.010628950411043
-0.734610433107061,28.5289702922787,100,0.0962786205053416
5.14202980423786,29.0442391521484,100,0.0264964060345667
5.5468517211116,18.2286716719834,71,0.00760139183602157
-0.0550087365408381,6.23322983884942,13,0.00212777426593324
-1.30850178067185,22.8139182110291,100,0.0269624691585161
4.18938680663276,18.4217330412023,61,0.00879846620197808
0.141431114064881,8.65231331421084,59,0.00266096365933458
4.20432031494125,18.2228722837528,66,0.00846916750326798
1.05176997673732,24.4993302186409,100,0.0448236948522674
-0.951868779527449,30.5607099489137,100,0.0552662823823608
2.36384283863202,18.7668093192511,60,0.0105044946121399
0.783588711587324,27.4466477852328,96,0.102177458278039
-0.557791010952908,6.27275858111126,13,0.00213413245427977
4.93155344345789,23.887349021259,100,0.0199948032842444
-1.17280428782753,6.51517763275411,35,0.00216717281845273
3.44770955883137,29.238005163735,100,0.0422240323431814
2.78172262995981,8.70326192905098,45,0.00263042334674222
4.41837365582093,31.1886308433056,100,0.0246946605160753
-3.44105118449433,26.7346209895064,100,0.0434572991619668
0.532889104131289,28.8997317952341,100,0.0887827850509229
-0.51723023226906,27.2955684047701,95,0.105390662088885
0.130260064592321,27.3122868067621,97,0.106164859224987
3.81694382382714,25.3521533917055,100,0.0325038835470958
-0.689333943269158,30.2946957469345,100,0.0613575650856483
0.654112329143548,27.6508066391795,100,0.101284865843321
4.0540150629187,18.3664201743383,57,0.00883489307673516
0.73463199781641,28.415191839873,97,0.100527250224488
5.65533046343473,20.9554715665379,87,0.0112015522290549
1.97779182849973,6.63327940615244,36,0.00217846512910322
1.08072704979966,27.5309476190541,100,0.0894609522263451
5.83949956875021,18.8215379752113,87,0.00797340765044854
-0.596676120820232,27.281012709708,97,0.102106652409112
2.84778749947525,28.9819632407886,100,0.0519024216799027
2.71698602696427,18.5749456493979,49,0.0100585207694682
5.15513284910888,20.7188789841021,79,0.0115754600499178
0.870123326203453,28.1352669140431,96,0.101696214790328
-0.969424405122112,6.88484828379247,15,0.00225555626032538
-0.107034959616647,26.3508202235073,100,0.0820088119442011
0.311267644415378,27.2833196365757,95,0.107159605533711
2.11129175770066,26.619176645412,100,0.0628880834378592
-0.0227320776222363,25.7261472591482,100,0.0691557210027955
-2.49071246515949,18.432774938423,50,0.00990093892590085
0.251324758370148,27.4371601543674,96,0.108178228040543
1.92306750714694,18.3454441972513,76,0.0097324095716909
5.26812670210548,21.09702420802,87,0.0120324321914151
5.63369803570807,20.6340040359642,81,0.0107558765459439
-0.698245727159743,6.89193176907058,37,0.00224820014039176
2.80343066710184,18.3763877119217,45,0.00968780412099376
-0.832675184435975,5.89423988513945,21,0.00205658379495182
5.91673658328133,20.4171589601484,93,0.00993808067155344
4.95459718702412,27.151500606523,100,0.028610046189761
-0.423468529542725,27.131154173766,94,0.105115501421143
5.69331910641221,18.7397798438603,61,0.00815555311883578
1.44452249617177,28.0916489499148,100,0.0830514050906922
3.67445970370847,24.0522516862085,100,0.0263775589299963
0.52465765691556,27.7583340312444,96,0.107679086428317
5.56237143574485,18.9902364118471,64,0.00855171525048003
-0.732762528375076,28.8874726445792,100,0.0870238474029374
0.670623655934541,28.5917915228273,96,0.100155764120179
-3.26628282457963,26.6400424780964,100,0.0453290324168684
4.52315779164162,18.2896160863783,84,0.00823887059306082
-2.53958504050416,31.683236193827,100,0.0323016409868726
-0.939255025677681,7.15315649845245,16,0.00231370216699443
0.377995380892259,28.0636686768251,100,0.104331210087205
0.0631668032321884,27.0483340257741,99,0.100343180983161
5.51417027234395,18.2283611811165,85,0.00754151530177679
2.96535323917345,29.6114943736274,100,0.045960687414075
-1.44251062399947,30.2832442043797,100,0.0560288065671082
0.810263235850112,27.7088244468886,99,0.100192813863678
1.39948836009675,26.6297508749601,100,0.0747600798299423
2.74536050575056,18.9517710537458,60,0.0106590983507879
0.459528271067526,27.5021531786822,98,0.104809646213235
0.699245427254491,27.5074821689825,99,0.100856414481421
5.89523060564181,19.7611317461095,84,0.00911856080283228
-1.60348262784548,28.1487957749886,100,0.0796505107576179
1.44042615461148,22.0040360879661,100,0.0216063848050187
-1.01844813622607,7.98288941474852,46,0.0024895012134455
5.08524111926684,18.7023293746839,89,0.00836496381363867
-0.680630520446166,26.1139903955698,100,0.0745316194702805
4.66769405220915,18.2125055888676,64,0.00818421947005049
0.482587899964979,28.5100535998052,97,0.102513049252877
-0.0394663578790762,5.871693026894,12,0.00205912765653114
0.404996038199507,28.5377922934384,100,0.099773011052593
-0.423468529542725,27.131154173766,94,0.105115501421143
1.79673422782904,27.4314580177017,100,0.075109117820756
5.51312863608418,20.8860095958417,84,0.0113187001749635
-4.39515390597161,18.1665270398492,45,0.00842419139687244
3.86519859543334,18.5588924652637,50,0.00931321112878045
0.946043432901712,28.0369661188348,98,0.0987471033052868
0.991531852657745,27.9713988953268,93,0.103132427487444
1.97096996050597,18.613602707157,81,0.0101621431277505
-0.791926288818611,25.4928135628859,100,0.0619671946601365
0.461867136969486,27.9997634003,91,0.114501485337042
-1.12911889451266,18.5788170381324,64,0.0105552920908865
4.40189821809918,29.5029787437971,100,0.0312763621103161
-0.435829102567737,8.36370574950741,47,0.00259104529308098
7.06799817078473,23.8292840152313,100,0.0131381472368201
-0.270907535458957,6.46433875474606,39,0.00216122013989458
0.123833151987395,28.0709125025814,96,0.110371633594546
-1.31800582169762,25.1336758947287,100,0.0524171592290331
5.6796253182764,18.827549356806,64,0.00825309715198802
0.219458406201534,28.7424644882955,99,0.0987583501126815
3.94554436691154,25.358158797648,100,0.0315122264088958
0.606222148938614,29.7895761900243,100,0.0714949488007766
0.701012257217847,28.1080412310777,92,0.109249844261814
0.244084348737515,31.7774226193615,100,0.0395302279907852
-5.81564232483041,25.2464257506333,100,0.0197785095586763
-3.20757713665295,31.5941279478358,100,0.0293048578394122
2.55119220240074,18.6520608852101,90,0.00987961847895267
-1.05714140732651,26.7351991596863,100,0.0813901014106201
1.23171352427955,29.3439095082924,100,0.0734406368618913
7.07258629802284,8.88345230235201,57,0.00239935462053308
5.47158255611441,19.5233887190421,50,0.00949136632332199
5.55530764399449,20.2879975879277,100,0.0100891498052938
-6.13949561790618,26.5837910118228,100,0.0203143559132112
1.64081283260134,6.49063333809081,12,0.0021668664194969
4.16851235388056,18.2115891861362,48,0.00860635753132363
3.06382257723477,28.8272621424973,100,0.0494530107338503
-1.17332319942821,7.66781661969571,12,0.00243159992188233
-0.472143559780422,6.09733463384148,49,0.00208467398845917
2.42918261676153,30.3534187183959,100,0.0454278997380496
0.865361785999856,5.90305987939032,12,0.00206180746649836
5.50540406198611,18.5766455302409,81,0.0079672330273774
5.74857904531841,18.9690152400545,81,0.00825636019620077
-1.63256726182305,24.0488583848322,100,0.0368996921414288
0.286700774862276,27.5149637266549,94,0.111072832274243
0.719751870692068,25.6039528263705,100,0.064456375930004
1.62972705719483,18.9775161850292,82,0.0110280960470694
0.831430833903636,30.7128776301318,100,0.0534069962625956
2.34639165256269,18.3028281278136,51,0.00972103447991083
-3.88993600621043,31.617046777268,100,0.0255501466903447
0.0145125676663519,27.4766611295896,94,0.111742977173574
11.9109868964615,8.72571264300269,73,0.00193708032352376
1.16201310850496,23.8925720582105,100,0.0370348889720118
3.1289937061978,18.5846154846085,56,0.0097706548530486
5.03971582795193,26.1053215883617,100,0.0260532208634748
-1.22211968334873,8.14973215721837,30,0.0025384708381441
1.66329668673852,6.33616354089741,29,0.00212812916726646
2.5394777417286,28.8218419986342,100,0.0578947895437956
-1.32684297963433,26.6887168677327,100,0.0767088065572537
2.88854441635899,18.183427693676,60,0.00918234371552666
1.12552081747595,28.2708583066953,100,0.0882177459792719
-8.69606076564374,30.9020211520305,100,0.0105519905987251
-0.635093235698437,29.9984468501177,100,0.0672403855368
5.35813034606121,19.3729092012567,90,0.00903650534057407
2.50277335040191,24.0706069048049,100,0.0327506538419933
0.607654659549521,27.6772141238325,98,0.104122109483101
-0.099521870985598,27.6774683012071,94,0.113062378303771
-1.99112143868511,32.0011447865206,100,0.0322534748009009
0.485176968897848,8.33062616600294,41,0.00258611031149469
0.458592216685076,25.5879406147697,100,0.0654485486135304
0.556023429214204,26.4656290866161,100,0.0822511817031897
-1.73691189577512,31.6754129213725,100,0.0364089020772772
-0.484271389627215,30.7141003267664,100,0.0547214935192001
1.04348532414954,27.6037206190943,100,0.090447188065952
1.89936980887181,16.6129343866558,100,0.00714117950522044
3.25898307554586,6.30837920386302,34,0.00208573368103431
2.75243200368563,26.2292991420738,100,0.0496521887640144
0.130260064592321,27.3122868067621,97,0.106164859224987
5.64073206746222,20.9120786034263,88,0.0111346617344218
-0.508140918161082,29.242682560089,100,0.0828665017305691
-1.15468042548678,6.31701875250109,16,0.0021368088750272
0.388592957225433,27.3284466551015,99,0.102712970898005
5.47368516916029,29.2638525950586,100,0.0239065369226632
0.677408145825129,28.1529043557021,96,0.104767416492922
3.1783256948824,26.8856383659828,100,0.0477223449184543
5.35309034866913,19.1957842617718,79,0.00888520639156885
5.5353263063896,21.1846954533934,82,0.0118600006015622
-2.24978872622579,25.8180358316331,100,0.0522542066199584
5.74297589578703,18.3804410139698,81,0.00758332705018009
0.697184971709197,27.7463002189774,100,0.101007274204001
-0.343543639256319,8.79774934600808,48,0.00270829836604121
1.36636982351537,18.5055429644687,52,0.010471538164687
-0.535364281340038,25.3136563058759,100,0.0599600331083222
0.45019335021197,28.7658518346039,100,0.0915582866238695
2.55703961790819,18.455492549165,49,0.00991990107161987
-3.23509399105005,25.4849484267919,100,0.0384414681507572
5.86955697867059,19.8963598122038,78,0.00938157167672059
0.573342823301012,28.1224125328964,95,0.107550759139386
-0.846451289049724,18.243950248489,43,0.0101616040161648
-0.412612033242745,30.378453227014,100,0.0609472452283863
-7.08532084435597,18.5403232160266,45,0.00701842142869966
-0.508140918161082,29.242682560089,100,0.0828665017305691
0.815021174408997,26.9245661771563,100,0.0873926534896065
1.23835464877613,24.0378740307332,100,0.0383838596608598
-1.24848776828138,32.9771823697248,100,0.0265726833821104
0.407773693462314,28.2954740532934,95,0.108039870339089
-0.947179999880209,6.08211589273237,15,0.00209367867037642
7.29462886566418,8.15842268107357,62,0.00222958752364077
-0.819941012149078,26.419310385125,100,0.0790360632377161
0.728958916466201,18.9006787826531,93,0.0109861180882912
2.72929556291638,27.4740041985809,100,0.0571428488139038
2.17523707150143,18.2756293062509,84,0.00944139893572288
5.77039223604226,20.2585669239597,69,0.0101113256994628
4.34208511027673,28.1186619058639,100,0.0346969569026824
5.25219409871967,19.7790033687385,81,0.00981267377592311
-0.397829752829192,18.3616422466395,49,0.0103948434073
2.49673329937972,23.9433121358795,100,0.0317613551572058
0.802783040235927,28.3672516609238,100,0.0970731220559923
0.850349042429251,28.8855296728549,100,0.0856657877396354
3.96703423345669,24.2085744896278,100,0.0256539875126332
5.40294512016725,21.1280400458828,87,0.011886544293243
0.759291591722338,27.5584063658758,92,0.107883833802662
5.36725051141922,21.0433252754473,80,0.0118775733747488
-1.00108209772672,7.37491987025748,39,0.00235021877131063
-5.2927269060888,18.2774701847012,50,0.00795149456791285
5.85598677921949,19.7553848076044,84,0.00914926469842448
-0.395041935995704,26.3569533329893,100,0.0811693335565617
5.26108276583608,18.7559282828506,85,0.00833426287486455
-0.342133726971767,6.29476567437662,15,0.00213843964264054
-0.549003000478727,28.4237430855415,100,0.0998121656063082
0.429765358686793,6.0673790529816,11,0.00209574236198716
0.107625258030638,28.5245032188364,100,0.10149701067019
5.81873785177957,20.9598395047902,81,0.0110511914969985
2.80664736484793,31.20556235578,100,0.0345270606255802
-7.1399836559986,18.1636965696496,50,0.00662591143956474
-0.0798669389712139,26.9144488369763,94,0.103052580221576
5.1941691746387,20.4081011406573,81,0.0109254263229138
-5.87528200306673,18.3264708033995,49,0.00762011116221096
-1.1344289336761,32.9085139554802,100,0.0272754948402689
5.35784692308996,19.0928834183623,76,0.00876489281412805
5.29359566619991,18.4705619659217,66,0.00808355751228171
0.400558302366861,6.35221410662985,43,0.00213675460509793
-0.484271389627215,30.7141003267664,100,0.0547214935192001
-1.23761948741471,7.38523889261387,14,0.00236351219527294
-0.418947997296459,7.05604428627679,47,0.00227981277736768
0.00168090212312155,26.8633640361901,100,0.0961838962264311
-5.54005405726227,26.3260388600326,100,0.0232828716422332
2.17590738555575,6.0659876980097,43,0.00206198997168386
-0.97437480207346,6.64755614053556,42,0.00219264293697946
-1.06834118350643,6.08500096802997,14,0.00209359739286136
-8.78569718115339,30.0524765133032,100,0.0108824572618
0.334565929841008,26.9836848090719,96,0.101183543603657
1.36818382641,6.24705911057276,38,0.00211083772857738
0.524484266311528,27.6546731477916,98,0.105055790396119
4.4451582346267,18.2874792525688,94,0.00821576266368253
5.98779441362601,25.3485424027417,100,0.0192055398586132
3.70027077016728,18.734162684068,57,0.00965283886664721
0.803583584677665,28.2825894152887,98,0.0997577335391342
-1.07926210185462,24.6345902767245,100,0.0465613342981132
3.34952152221369,18.2484231391024,50,0.00913021375781192
3.12804132624942,25.8158887998905,100,0.0418951932154141
3.55785792981204,24.7476765873214,100,0.031004287378479
0.866144914281388,29.3573739787325,100,0.0775817063018242
-3.41976774066855,25.0416830962235,100,0.0338458857066188
-2.77202389810384,18.2084000934147,51,0.00935783251216713
-0.449185065569104,26.1222782726849,100,0.0761803747566097
1.48936221342808,26.3532588330925,100,0.0694772810946794
5.64190244428603,20.2645505671212,81,0.0101479892343988
1.2898170112503,25.8016562939517,100,0.0632651304919095
0.560625763824336,27.8096380632502,99,0.103972113514812
5.44776604859565,19.5867502487231,91,0.00924673632107962
0.470634518175752,28.1249238141577,97,0.106473274398631
0.273824872764639,18.1752744728162,49,0.0100307114215147
1.74830524772562,5.94170520923207,35,0.00204950207139184
0.675730873915916,29.1522311010641,100,0.0831650544695205
1.62122822325191,28.6168864245811,100,0.0763336118554096
-0.557912459571204,6.06290450924319,42,0.00208082112519729
-3.38382725782096,30.1690796290027,100,0.0374848698300145
-0.685149563765656,7.00127507794009,41,0.00226958910403946
4.44499569350333,18.9992457719917,82,0.00931151988561599
5.71752054341706,19.0218631273013,66,0.00845126012705446
4.03862205660234,18.5457546987567,52,0.00915837673001101
-4.42542590149048,18.4769841189069,50,0.00880672618510293
5.86824263905007,19.3364834262809,83,0.00859781102854387
6.24880989695378,8.39310879243993,55,0.0023559535114112
0.200229438659942,8.87117679470547,59,0.0027213592289375
5.8365883335156,20.9308634920008,90,0.0108699405697889
1.84773139537129,26.4434477427771,100,0.0652518577600451
2.09505441280344,29.2766164721141,100,0.0613739583416679
3.80723610372902,23.280299753001,100,0.0220356432790427
0.482625650797833,28.2120494319103,98,0.104635370429234
4.62883613522899,19.0055716025383,60,0.00936768925538482
2.04700717449081,18.1547590466976,49,0.00959629090039248
-0.238234062508917,18.8645601026231,61,0.0113639038899041
-0.725679431743617,8.8657971184017,41,0.00272959809844258
0.927238834138921,7.99967451905765,47,0.00249412392681377
5.47762835637732,19.1948073400838,84,0.00874031182764904
-0.801122532941626,7.69650295255267,41,0.00242565814743301
0.498309014557866,26.9984368632666,94,0.102106103723761
5.67374367434919,18.2956454657122,82,0.00753052394724503
5.48129447865984,21.0782429852511,91,0.0116205319759181
4.88583252989347,18.3892101703751,59,0.00830622539556263
5.65207977260492,20.7390240327461,81,0.0109083484723554
1.51922531889633,26.639493254614,100,0.0729836426855746
-11.9623403832906,27.4533518612635,100,0.00652890857947706
4.98828334168257,18.2826342752412,78,0.0079787078878915
-0.624907283984906,27.442492375516,89,0.112779557672591
-2.03625159961904,26.3367406025716,100,0.0610821084332208
1.78487034439545,30.1164975938305,100,0.0550267845584322
-2.26725483819846,20.8822073951884,99,0.0154683152960885
5.13463753877052,19.025245085255,89,0.00875348348350397
1.61956509747016,31.3189897025507,100,0.0408495840233141
2.11504109836627,28.3283218381345,100,0.0685280330797663
-3.60104987766424,28.042268774911,100,0.0436655801818196
1.80603639631766,6.12053445325823,38,0.00208064210639318
2.22563625974336,26.629992364049,100,0.0610857986400822
-0.937399156517988,5.93550759024895,57,0.00204826837462852
-0.68402289415244,30.6622957301223,100,0.0549003374605827
-0.172687369736837,27.3700563943706,93,0.111456898766034
1.63757151985582,29.3074436112926,100,0.0681470122370672
1.05181126729961,6.00943145526371,12,0.00208026209397562
0.206775049418676,27.5590653973091,90,0.117163753540095
0.675719161686244,29.7041359102694,100,0.0727067701852851
5.10321520485347,21.1983696589415,81,0.0125884987056915
1.4398176481658,30.0252317827226,100,0.060034987239535
1.85149328419861,20.8652381856789,92,0.0160069125736265
0.865866695290778,27.5944692993014,94,0.103929690973002
1.91423314157355,18.287822636958,49,0.00988967794112587
5.28130617849009,31.2018327121147,100,0.0204278478072898
0.0483668948143551,28.7880429993835,97,0.100378315650241
3.39316781750986,23.9515449751071,100,0.0272477560473046
-0.463912993060378,26.9807486568463,98,0.0981212450347527
3.8166546903373,18.5942464937986,92,0.00904609448740901
2.83052600823759,18.2170543921765,85,0.00905607516866462
-0.942729127236451,29.5960007218751,100,0.072468243893642
0.338219966362905,27.6115675780191,95,0.110159735575912
0.0834168636416849,8.88602575557902,47,0.00273473193465556
1.96377042225079,22.5577244435641,100,0.023875108426074
4.85281513029335,29.9531505997188,100,0.0264361977335373
2.83677521709826,21.2224071897972,100,0.0158673896500617
0.843882312831324,29.6890912661824,100,0.0716630472119993
2.22577732388775,18.3035360507437,49,0.00979386764509373
-0.198862845149051,25.6822235036355,100,0.0680798183460758
-0.637140741312536,8.2027726709488,41,0.00255191801089651
-1.19207929413097,18.2267343725937,51,0.00997549320601275
0.728177052624938,27.7942514345582,97,0.103780422747233
0.91212964759786,27.4996036357872,99,0.0974301978004476
-0.933576821375753,8.21713032837818,38,0.00255451694343298
-0.0897133304187528,28.068537789481,97,0.109265464281314
-0.15366499283131,6.39660501133033,43,0.00214613005538324
0.393770963961309,28.3817976964383,100,0.101760038540183
-1.37373183231524,29.1676914123159,100,0.0741017083985826
5.00603806205767,18.6082165369734,82,0.00834865438085858
1.98370313625658,28.158381699355,100,0.0718165147874837
0.283137156548577,27.6586108726045,96,0.109622396412448
-3.53685378133415,29.2037735235528,100,0.0413005675580108
0.664220244204163,27.2463967218925,95,0.102878376761777
0.848429051261613,26.2211210703318,100,0.0751269191618347
5.35701966597164,20.8221860681969,74,0.0115544315078828
0.338779744973385,27.6699045149002,93,0.112963979433146
-1.93732003719892,19.1137579305882,49,0.0116181022068397
-0.628859945150273,29.9205175854145,100,0.0687894803436111
8.69234208156591,27.40192808562,100,0.0116728645529057
-0.523194084195418,8.62482279250116,33,0.00267012489959582
1.6851732023666,27.9025217704913,100,0.0784774541607291
-0.883382399619009,6.24364086350484,16,0.0021249388682638
-4.34232897873691,18.2805043235861,50,0.0085802120766314
5.79550024289871,18.7992583397668,87,0.0079803200326466
5.91575520191201,19.3268880339218,61,0.0087083549609746
0.338779744973385,27.6699045149002,93,0.112963979433146
-0.783268712014538,7.84490291228532,37,0.00246385469427924
0.0465986943890753,26.0040301987117,100,0.0748929932867449
2.92147874791525,29.5921444597421,100,0.046659020483077
1.33420294502748,25.7855134059004,100,0.0625401790023081
0.270310791084501,28.358242224318,99,0.103938398986138
1.01024279376928,6.0135501169187,32,0.00207278390657105
-0.199841834351513,26.9616410317797,97,0.100500417396002
-0.688686413561806,6.13728633479881,37,0.00209641290788858
-0.702073303053573,6.45783256500927,37,0.00215889662592991
0.247400370284978,6.367045013825,13,0.00215395411733145
0.849295183097816,27.8661095918853,98,0.100782819847153
0.533092404151421,18.422304693473,85,0.0101236495303638
0.552323591547695,27.3038311525916,95,0.105077764831266
2.73765195527793,30.5779253760722,100,0.0403614110786978
1.48425106509656,18.3796194923279,51,0.0101931553769153
0.101464096876339,29.2789723176828,100,0.0838836667089107
-3.20357339197327,18.5617193797496,42,0.00981885321845236
-1.16237891867019,8.32469497886498,37,0.0025797893344242
-0.826440784650905,25.4446886755448,100,0.0608876042437419
3.8079159843414,27.3201691663219,100,0.0404957043517934
0.442547737641249,28.1329851993613,94,0.110245120272891
-5.44759123291032,21.6737740516791,100,0.0128432465831059
5.07377333229864,18.2255271009148,59,0.00797505039545819
1.17161696937773,30.5873260702751,100,0.053460913280916
3.71982711160896,18.5027669717152,80,0.00906461743394477
4.52337792360955,18.363425758086,61,0.00849831807687957
0.412872428160875,31.303138932477,100,0.0456242654385705
-3.47038348190454,28.9940275306513,100,0.0430518997301028
0.213917469666662,28.7788409428889,97,0.100112526898006
0.582611311510624,28.1965473145073,100,0.101493272755916
-0.206324860853486,6.23523976433499,35,0.00211807293890932
0.959207885857013,27.7572588232277,95,0.101709834142115
5.70308899524245,19.8049315888348,86,0.00935188964290484
0.814990867054592,32.3214841605755,100,0.0328309908061463
1.63412010574969,25.3438622920393,100,0.0528862186035096
5.90010264969013,19.5376683503547,82,0.0088343916334449
0.552191562819842,27.1867940789502,98,0.100393672693292
-0.20608158501872,5.87718019885222,35,0.00205026357089315
0.820333232582767,27.4443992657902,96,0.101546561502713
-0.0702607534118184,6.71544314246092,36,0.0022141014789116
-0.179619968474111,6.20731462449386,14,0.00212212595580368
-1.0885561835742,8.26200281749168,35,0.00256597186513067
1.35749433133428,18.3328574359195,51,0.0101385139677924
3.68905676442325,18.15537073593,76,0.00859742061419425
4.13946412395429,23.9935067621459,100,0.0238120803069844
0.516594921468076,27.8307898101389,96,0.107888863141016
-1.93875447433997,24.3174912662565,100,0.0381418889848773
-0.239382371714951,27.1941520978001,85,0.119000804552664
2.68150538328943,19.0384666520385,89,0.0105448830167711
-1.18599538810406,7.2893620823304,34,0.00233149378375992
1.88180381002578,28.4945784379919,100,0.0722370665868771
4.39330512520848,27.6768855618285,100,0.0342042710804159
2.5947186781512,29.3438660624104,100,0.0531017879097349
2.86722924067757,27.5193682347544,100,0.0548279372823103
5.6186236569438,20.2854231739014,83,0.0101871514066511
2.98104688325513,32.3304273933964,100,0.0257989187349511
5.66128971610858,21.0785107175114,87,0.0114081592679715
-1.1157015539662,28.3962011859101,100,0.0874739264691397
1.59749713683547,27.3154213005142,100,0.0784257718741382
4.080218353506,27.528251192541,100,0.0375092921767932
0.548234023594611,28.3678555985372,98,0.102477661794944
3.76521596213192,18.7887083350651,61,0.00966289959293646
0.9466641375,27.0921543854123,100,0.0878066493198452
-2.60481703690936,28.2553703525887,100,0.0593774375167743
-0.251123924685679,24.1153023228866,100,0.041673472414409
0.00630204270182444,28.4365500157944,100,0.102753525152966
-3.49694326970135,31.106299387656,100,0.0306184465185219
-4.2452271596696,29.0049025895786,100,0.0342103411342621