0.306121576055083,27.3950436664523,92,0.112207685830449
-0.571914107381558,26.937650164106,100,0.090243780155247
0.0846356042826284,18.23503150494,58,0.0100631997608476
-1.63174673294703,32.7251577590314,100,0.027608038474396
-0.400200199449862,6.13327485406863,37,0.0020970275995722
5.87647759080782,19.2718847927111,83,0.00850984605738269
4.77514576893796,29.1621827559636,100,0.0290735874028883
-0.893585572114509,8.74240840690517,39,0.00269448049928758
-0.785911981890277,5.87402640285649,27,0.00205062571269835
-0.29723903912641,28.2486315925405,99,0.104828103844411
0.878283055194943,26.4485354804151,100,0.0789384159693443
-2.35819178990028,26.6801958940123,100,0.0593228052174298
5.38315164223693,28.2382636064035,100,0.0256269166425682
1.33337880972104,25.4328399578031,100,0.0568957500733445
5.60399382683634,19.7083046851352,89,0.00928711786989754
-0.643493777110947,8.0374874689736,37,0.00251258755808839
-0.40173366252422,6.01696802598507,21,0.00208188285646666
-1.31021411138729,29.9030279979103,100,0.0633449561263777
-0.518042468319341,7.82539062522095,38,0.00246060292847475
9.62030601701175,8.50069461313656,72,0.00210312973732546
-0.237888674845634,18.4404941837117,50,0.0105587742573033
15.0886634335306,5.93039923393558,66,0.00139639381739629
-2.93580674810252,26.2244716024963,100,0.0471721295093033
5.71354711697157,6.2859027336399,39,0.00198830631013449
1.72160357559669,31.0790664165486,100,0.0430675221369782
0.201480383895124,8.65656879714092,53,0.00266623418612404
0.54825507861611,27.0973025710192,98,0.0991554184767357
5.60101075841682,20.8947499210207,82,0.0112354189828406
4.63638928464986,18.5577701940069,82,0.00853594996058564
1.81013704031942,27.6669404179075,100,0.075669599620541
1.07554020438403,18.8387551889307,94,0.0107685582062564
1.91254931897488,25.7771301682561,100,0.0558586164519836
-2.30199666014021,18.3736546708199,45,0.00992906837202406
1.34909950601753,26.5636619112037,100,0.0746003248452301
5.35050215663416,18.2462034576941,79,0.00769955003871559
-0.681393032249601,6.43605456288599,35,0.00215561986413004
1.05287387495325,29.9926854020637,100,0.0642978441580802
5.30203973770085,19.7245009539481,90,0.00959517213989813
1.51656797836605,18.2082392035251,51,0.00985403018903998
-1.00434528625009,6.7448010214385,38,0.00221428266344717
0.870874323334993,28.5094730136599,100,0.0902556919977844
13.5765594136559,8.71386148003049,73,0.00178844195583793
-0.2259215059163,28.5635194053636,100,0.100550586379175
2.35700552033252,18.3101131488697,51,0.00972947978053647
2.67694004335333,28.3339411743531,100,0.0578353665660424
4.56972058048928,27.2111925904122,100,0.0320452198515137
-0.0880968935359279,18.2156309261875,48,0.01012694596213
-0.897533198403648,6.91145043926634,41,0.00224870663564934
-0.441458231526908,27.0498235756431,98,0.0994601788780677
2.51639074121011,25.528990693474,100,0.0461412331161411
0.441422599845045,27.3836732819894,99,0.102839185988744
1.58962418944788,29.6445636685408,100,0.0640690366998668
4.99603943446237,6.43738486441052,38,0.00204648468330498
2.27166714778088,18.4198231627631,50,0.00997986627516762
2.24687691685123,28.9872214250772,100,0.0616625470708992
1.53038595522919,8.6699397162372,40,0.0026627689058743
-0.730541774451663,27.6437317881897,94,0.106587090037773
0.328773217224448,27.8474433771596,97,0.10858609755745
1.11053839371591,18.5888044951704,56,0.0106709604270246
5.24680850540714,20.0504499711895,87,0.0101896939815306
6.48041655857126,27.7368289363461,100,0.019263266424203
3.31539045717479,18.7140801997473,48,0.00996380461656775
-0.979489061659996,8.24443971297726,15,0.00257613054461162
0.649499386139314,6.08742848311369,45,0.00208367395881824
5.56285114219775,18.2465340884885,92,0.00749126512680539
4.84543572642102,18.706559773478,60,0.00875753828769177
0.162084833632246,27.8734456161976,100,0.106073553434808
0.198594344945854,26.9132097102281,100,0.0967193464840542
0.851891495237592,27.4789479947527,100,0.0973438460872502
3.05953124922039,31.9515408816297,100,0.0277836992054026
5.60443332452874,19.3764434700955,89,0.00883373707559016
-3.98353088898564,27.0694817492174,100,0.0378839642709154
1.32707802117709,26.7518570059536,100,0.0775623259794104
4.70437985620867,18.2484482929382,52,0.0082892708376527
3.57167403364083,18.5699002103814,56,0.00947088337092722
4.97969387234825,18.2432923732144,57,0.00807081748326762
1.15814151288999,24.3402151519527,100,0.0423014029626443
5.36401280124692,19.3474767533162,80,0.0090778925706075
-0.813087889518983,26.7138953862879,100,0.0841857006030527
-1.08295907925502,7.77687743511455,40,0.00244226933445395
0.828060218081725,28.391524724537,96,0.100322133243388
-0.609194699947218,7.47233129830567,41,0.0023748482109508
5.25909147514425,18.2978451230408,80,0.00781143303208571
0.284681683265223,26.0420769171561,100,0.0752367179395774
-0.802142830856633,6.70515967646825,14,0.00221963763517416
2.3194823740248,24.7762218918645,100,0.0403253301811893
2.64571897916697,18.3433648598993,49,0.00967205024135525
2.5505102705102,5.84859997354525,43,0.00201506366143561
0.471190613062333,27.0615642682687,99,0.098401031589888
4.05357782788906,18.2302006572378,55,0.00865131753216516
-0.77293280019625,8.8477892088837,34,0.00272918632250083
0.59942284586867,5.90611811906892,8,0.00206574225422781
1.33344612103071,27.1776844397101,100,0.082329456222875
3.00647530372705,28.4132930114194,100,0.0519624638725475
0.708491674510674,28.7362754291062,100,0.0895362969778082
2.22501925324813,18.8187710796697,90,0.0103500513486688
1.74903121015492,27.360937310378,100,0.0756978850432088
3.96171156475425,18.939875898718,82,0.0095797534345364
1.70638292993916,6.06702691683015,31,0.00207511810616671
-0.437252907845169,8.85409052205185,38,0.00273101849185117
0.0511941060081935,26.933587815826,100,0.0974264649062127
7.8201379300034,26.9162838936377,100,0.0138988320996363
-0.28149948928252,8.54413589485216,55,0.00263413968394882
1.04481440323206,5.86083003182112,45,0.0020386923865335
11.9666268101735,6.23836716510855,43,0.00162350944695284
3.67200553155934,29.4865802871633,100,0.0384225699058793
5.40916297590057,20.3764546171889,87,0.0105394076382884
0.842962245499136,6.26298269591498,35,0.00212045849425337
-0.605510249440748,6.34497465686083,15,0.00214722612937379
0.428509702399992,27.1746017860618,97,0.102500113297805
5.60768170902259,20.5557837396077,90,0.010557797658459
-1.11804747232612,7.41130130049213,16,0.00236994427482865
3.06098986281368,28.8678595661457,100,0.0493000613185097
0.927555169969925,28.5227831595809,100,0.089293658573242
-1.75859310150861,24.2810818475271,100,0.0387429437763252
0.529261309862213,28.6825595995832,100,0.096565266314368
1.24879204605507,26.8493611166308,100,0.080100145269922
0.0298858481169475,27.9562496422158,100,0.106259527737761
0.0228234806717924,28.807822592501,96,0.101035129701873
2.68612766342908,18.7597535240339,50,0.0104217406769365
5.27168176664312,18.4149743982531,83,0.0079224561191324
-0.434392806307205,27.4733167436851,98,0.10481984418596
1.66146474745376,29.2070150749939,100,0.0690961467196321
4.17728615910779,18.1800310693885,57,0.00849066219860503
-2.47230027597302,25.8159876241409,100,0.0495139988459017
3.03212825634107,29.869565390249,100,0.0432372794477608
2.30768452621629,25.697416821563,100,0.0502297502136181
4.18202092548582,22.4734057076952,100,0.0177245217572693
1.02278520627167,27.9531944941928,100,0.0912779701864822
1.38520435828365,18.4362311941955,91,0.00992550884262606
3.48838324097205,18.3149940212272,82,0.00889675370282362
-2.704804805425,28.6553985735723,100,0.056029742700329
2.63429119620519,18.4812223551366,80,0.00963157848896658
5.62028814471507,19.9171951668567,87,0.0095880568325021
0.636335823806022,29.4984098958817,100,0.0770044502693286
1.48781624836178,27.1939672871207,100,0.0796188207442416
5.89679013703117,20.5338354058177,85,0.0102182694027125
0.0264477989167805,28.3640759548847,100,0.103578129807773
2.61819603144814,6.29228554785109,35,0.00209874351654851
-0.0731201009290929,29.2284797143601,100,0.0849206230255907
0.209768271604795,6.15308899040769,37,0.00210133194701567
0.889507836407596,18.6473347624011,48,0.0109423322314212
-1.19043405740473,8.30081060492742,41,0.00257050664901228
4.25128741368417,29.6802389261143,100,0.031966021706908
-1.05637297358809,6.49169578928956,11,0.0021749808533805
5.22985867148369,22.7450673552513,100,0.0157660070148713
2.15923488065713,29.5661864278704,100,0.0572404863368565
1.91031651112722,18.6290757800379,48,0.010572714755792
1.69941002357676,31.3257278790714,100,0.0403360800872677
0.662552621112744,30.049963884452,100,0.0660916395069166
4.61467662474052,18.346979329636,86,0.0082428464053976
0.198622504506602,29.7687532088804,100,0.0736427255945397
-0.843685873652612,8.62529040358538,41,0.00266145447741069
0.86815906050147,27.9935402094855,91,0.107849216098852
1.26198162972263,18.7730720983013,50,0.0111002185470561
1.78081638966522,18.3906619100341,57,0.0100538811587737
-0.104699239268344,24.9490899813867,100,0.0543698253067689
0.966640745700044,26.6285707822799,100,0.0809398261555347
0.0832101911163341,30.7448979639218,100,0.0548744067063468
0.249862607101393,27.0273888997392,99,0.099416110233194
2.47283404558843,27.0441221802886,100,0.0599391636069424
5.7057232742657,19.1709414262709,86,0.00850502905654556
-0.0688691815945951,26.9930502208356,100,0.0984301465308257
1.79543864090351,22.8511434150768,100,0.0261604615933956
2.1958802635448,18.5156783597767,82,0.00987534029838935
0.63909304947064,26.7787933194646,100,0.0870995045912568
1.86776866458415,26.0803274580251,100,0.0603821192116842
-3.12843474059355,24.4354515143273,100,0.0318227076876715
2.73220055710362,28.2355112986859,100,0.0571232652853037
0.893083501103238,18.8801916060422,84,0.0110183425180807
5.8056790050261,20.1255776904092,90,0.00966675650559325
4.95232005738781,26.7426382594398,100,0.0280286856545287
0.580180547677336,27.1599594892122,96,0.101735631505002
1.45398425432035,25.1048240051948,100,0.0509869129728404
5.48640953687293,20.9161950373135,91,0.0113205052098361
5.29154750970323,18.5825620078836,83,0.00811061176950691
-0.34449367858922,18.3147189637642,89,0.00989553689333384
5.77172883127476,19.2971396041838,80,0.00865369330152059
0.730713339112697,5.85449180656186,31,0.00204569375579643
-1.16207074869678,6.23309516651404,19,0.00211896786632845
-1.41254447462758,30.5572863061275,100,0.0521785307575136
7.71286834749912,29.8101598061444,100,0.013663508726174
4.15984426253099,27.6676921958626,100,0.0367069957385958
2.01887513340793,29.7270257227347,100,0.0572802348012784
2.39597938356353,23.7921602517538,100,0.0310567757220102
11.2569978787198,8.46575531953454,72,0.00195692547655478
0.283767265525989,27.469255550079,99,0.104874874186069
2.03086463894891,18.9578865812947,82,0.0108113907977763
0.426893575356308,27.9921551975834,99,0.105258969427456
0.489754745608233,24.5091661265937,100,0.0467787442669212
0.309353313338378,27.4777129503158,97,0.107022962182782
0.228882413855911,27.0880048293448,99,0.100489653632488
-4.57695191661227,18.1653777651174,51,0.00826725378870681
2.62171343314873,5.9464109791753,34,0.00203486154742583
4.82912755192132,28.2673739464587,100,0.029952296947105
5.47283374168878,19.6507568114054,89,0.00933141584019547
0.0621622787146919,27.3187527121737,96,0.107536687164953
-0.369279688827553,30.7351462052551,100,0.0546545786384832
1.17667562043019,29.5464638960025,100,0.0707936565417568
5.28578193707199,18.855977914234,60,0.00862551105353494
0.300289272035283,26.322057141088,100,0.0809045486908196
2.43400295533908,5.98409868271606,35,0.00204526374411624
4.03238676274576,25.0194198939145,100,0.02920811506454
6.96700438456358,28.8858890422029,100,0.0168095296131625
0.313037840229081,18.5614017888824,89,0.0103749609930192
3.04206368426329,25.2569453428884,100,0.0385542465545853
1.78662671020477,31.1355712786568,100,0.0419915622066291
-0.417382392383271,30.6438888223137,100,0.0561218684372171
0.139300643248043,6.32730080737205,39,0.0021343315897089
-1.56830858610892,29.3854604368958,100,0.0681020179790146
4.667353305849,26.1468846075066,100,0.0288815447769591
-2.03432847746466,25.2313256111608,100,0.0477192131168204
3.08748198371116,25.6996417322108,100,0.0414833900519417
3.72090992456694,18.4369370635722,58,0.0091438121491232
-4.03589958863291,27.1339971161613,100,0.037427444747562
-0.497758564599124,7.84577200659214,38,0.0024656804843378
-1.68576039637462,25.5829395382294,100,0.0557618067650041
5.83077333298011,20.4657522492779,97,0.0100712953041816
-0.117185403603996,6.42957401775622,42,0.00215317303769232
4.09761008699464,24.994207648925,100,0.0286440546668359
0.0831178738311396,28.6853201282787,96,0.103230882699224
1.08050661017276,25.9673893132255,100,0.0682354036326043
-1.1071912620167,7.5129135641897,15,0.00239417112064909
0.0505632726237387,27.3096677912695,99,0.104082274730891
5.9224872018052,19.4379410697966,92,0.00861113218420185
0.655565642205733,26.1366555662172,100,0.0751600355345459
4.26368305687071,18.637090910547,85,0.00887588344069812
5.51317240826259,19.2224533928684,82,0.00876235036475246
0.82425873416657,28.8919325995266,100,0.0858904462417616
5.30575631409156,29.3132955501068,100,0.0249000712190907
1.34602046708354,24.0402018923335,100,0.0380039260200594
-0.549491557424942,28.6766174175256,98,0.0983498060942926
-4.73713149710954,18.7764806143556,50,0.00901923154826287
-0.0902388713999084,18.2095221733086,50,0.0100944111922905
-1.17611721815964,7.69201879266866,34,0.002424350772298
-0.703242082494024,6.670270381502,36,0.00220238818456476
-0.103977287667419,24.8787304286829,100,0.0531712692368413
2.90734143798806,28.4468726634344,100,0.0534856467015439
2.11397389379288,26.3695991765715,100,0.060259603253726
3.67666312379162,27.5488388513484,100,0.0425234367487411
3.10036938659498,29.1027020670377,100,0.0474957194906194
1.79574376129215,26.9773694155604,100,0.0719066718615271
5.82763373766142,20.8513238943568,86,0.010798998536614
1.70297398276093,26.6354665424009,100,0.0699123202329958
-3.36979923730729,28.1696520990105,100,0.0468347494723802
3.98473111339044,18.9872638278045,65,0.00980137898785338
5.7296661294336,20.2651373192451,81,0.010047142654851
0.150395585178177,6.62506017626518,35,0.00219587768141939
3.83919695605142,27.3344899953956,100,0.0401318018810157
-0.0913048552966553,6.66498980237712,36,0.00220366161679432
-0.985100815659648,6.24147476767873,27,0.00211870920501226
0.299756806040124,29.046288350418,100,0.0877562190697394
0.582898310753371,29.8948114763302,100,0.0695594075917653
0.908321541131204,29.1116351908178,100,0.0813699658196472
3.6238784946675,18.3132434480427,57,0.00901732342765478
5.20350517554666,18.6396367876326,89,0.0082024123272682
-0.224323714989512,28.5787907130546,99,0.101356081099341
2.01477521963464,26.7776722881473,100,0.0660745113890677
0.208273330548615,28.2399626300833,100,0.104299084964343
2.56789096456042,31.7445180553229,100,0.031670680257507
-0.588038815866425,24.8031663985461,100,0.0510241103811438
2.07752902560835,29.2840875304938,100,0.0615701596854033
-3.1043267004172,27.2787607642263,100,0.0503090956074
0.370051106396059,27.9922709286097,97,0.108048441572542
7.56716245185746,5.9777757270743,82,0.00183402522677438
1.33653555897254,27.7406783579191,100,0.0854564899470868
4.90628750866749,6.46994833766723,50,0.00205103031250066
2.06691768262987,18.4822378399061,93,0.00976193084670424
10.2359471367807,8.42257773405065,72,0.00203775121776018
-0.0935888854562656,28.367403224093,100,0.103455791931929
8.04336759145778,8.76903794749021,62,0.00229195479684123
2.94905288812925,23.3329083559888,100,0.0255730524667823
11.4988785286502,8.18828210040447,70,0.00189699213913905
-2.72023693460087,29.1154040973817,100,0.0529839860278398
-0.652633015036856,6.7999720825083,32,0.00223162600916479
4.36877248463151,28.2630866184815,100,0.0343068977527527
-2.6122025144489,18.7257521860279,50,0.0103969922996021
0.352983888394685,25.6557202439953,100,0.0671596349075759
0.73070254460909,28.0119979638903,100,0.100425246172966
0.664110660062558,25.674968169459,100,0.0661296544607448
-4.44009362801185,18.7852055716399,50,0.00926013765378949
-3.59936002680869,25.0442753351317,100,0.032476327827537
5.65159136787144,18.8021459430073,87,0.00809005242686224
5.34496161078558,19.1634324650416,82,0.00882445882825051
2.40463079777758,18.4642636949737,82,0.00969120588588219
0.62485416987229,27.5128112951426,100,0.100879239846097
5.5201275698777,19.4755958176341,78,0.00913310690051669
2.86812050441106,28.8721855300627,100,0.052221680891223
-0.320768802356122,26.9328329178993,98,0.0983688046193843
2.35023724156738,26.764920162284,100,0.0601448662065709
-0.337373061448559,7.58887079793798,14,0.00241906063991159
1.05827716483936,6.18004663879316,38,0.00210130424671672
-2.73714616395233,18.3144098056814,50,0.0095661872874351
1.23857198627665,6.09867691811369,34,0.00208574920516355
-1.93927698669756,24.986875770696,100,0.045612654317911
0.34542476029646,18.9375029866114,80,0.011279892792568
0.143842688998949,18.6329466427617,89,0.010528198594595
5.63429407129876,20.4735187018572,87,0.0104248509358074
0.0745902585433473,8.73744509552026,40,0.00269813823288348
3.00166802640017,24.5659634500966,100,0.0335910545102952
-3.47573411479464,31.3989174232046,100,0.0289880958433185
0.574408658911929,28.2520044931654,98,0.103266894561468
0.0938765516264455,29.4393308075039,100,0.0806438814545147
4.65057381209067,18.4976019903852,82,0.0084454841459569
0.562998448269341,6.25605770374203,37,0.00211998394242845
5.41513330979729,21.1824992400389,90,0.0119288766620801
3.81888081564191,30.8285499521474,100,0.0300392274389047
0.225639236286378,27.0743526418449,99,0.100289856698728
0.273265169278991,28.8113449303646,96,0.100216655468879
1.78491120418163,33.8714427808907,100,0.0203212808900393
0.459617803339131,27.6015109991717,97,0.106613155667373
2.72489872356159,18.6004263592951,87,0.00972869928655281
4.10888640504448,21.2106184049826,87,0.0141413395578165
0.3109977427881,27.6211197053845,96,0.10922545123455
0.284681683265223,26.0420769171561,100,0.0752367179395774
2.75520986126256,6.0191613717791,25,0.00204889316837862
-2.85214738899446,18.3594998145969,45,0.00963217324551185
3.81576231005487,18.4255812035349,58,0.0090667898730604
1.13906660976264,5.98422122612717,33,0.00206567935933767
1.70348822880715,24.8897076896255,100,0.0462259916783811
0.650100163519721,18.5381641130021,49,0.0107361458343317
5.29078755948702,28.5441531603627,100,0.0260689513697833
0.235237291474383,29.0394547384721,100,0.0881481579930843
4.18854451455714,27.2944780975727,100,0.0360151156060111
-2.11026638695178,18.4105367273172,50,0.0100331156625822
-0.961047981930954,8.4968413720078,41,0.00262533077633528
-0.372089630933425,7.11634494524411,18,0.0023084561640453
4.02711541969043,6.13641475732977,40,0.00202804170780639
-0.140612323439136,31.0743729836604,100,0.0493948570532776
5.36745298524511,20.9068089111944,89,0.0114976090754541
0.05569143134826,28.0148680610364,100,0.106070359809743
-0.0840097887541498,29.0103603878685,100,0.0890587333259866
1.04409193600388,18.3434931575772,45,0.0103009364835129
-1.18876372407115,24.8802426892646,100,0.049503776935919
-0.38392831276323,28.7147532440683,99,0.0982618167773994
0.537103960547133,24.95271080222,100,0.0536221836372405
-0.771938828818046,18.4134660562236,50,0.0104430743840637
3.74808043720069,31.3258606148396,100,0.027814297673266
-1.07072457578477,8.08380874709108,41,0.00251702724690565
2.13636487597417,8.84810161178653,72,0.00267262251711718
1.0827268944984,27.8476850431903,100,0.0903058384674312
1.5764762158529,27.0225745390755,100,0.0763963540323442
1.64227001427833,26.0355670717732,100,0.0627702378259008
0.921476713314438,23.5786835172886,100,0.0343756334409236
0.221942081799207,27.7242704060267,91,0.116699489237988
-0.602439145126722,23.1699079807103,100,0.0309861440342463
-0.278336727875402,18.3943385185747,50,0.0104601837895441
2.57179705628628,18.1760148214222,82,0.00913086536774749
1.6817232936171,18.3623748624213,52,0.0100849605932834
5.24840865380016,18.4784803476034,60,0.0081644054904922
-1.04834588211618,30.32981120113,100,0.0585004219303539
4.14859931433136,18.7550275915454,92,0.00907153695153041
0.966261912105666,28.4012325653712,100,0.0898774721022023
0.222737503570396,26.8920928870023,100,0.0962477812040902
-0.439777844629215,18.4239697388207,50,0.0105090152425347
1.6296965762105,28.6653808504183,100,0.0757371481899264
-1.07881431494634,7.4923773286314,35,0.00237837448315226
11.2447223854094,8.30337032900114,71,0.00193440479127457
0.181767416588419,6.59764887828422,39,0.00218830750951527
5.948318524164,19.0552554579576,85,0.00817469103386165
5.34694742854134,18.9946203314203,88,0.00855375534455982
4.01238180498069,18.4595461483946,85,0.00878024986043964
6.28652283850585,8.35822687013018,70,0.00233760251575126
5.54775693101035,26.0676264388056,100,0.0227813051382944
-1.24256767609197,6.84017760791026,30,0.00223548680509233
1.2866861879851,28.0132428619259,100,0.0863582654247213
0.27244854126743,18.5077252430716,47,0.0107338304282482
1.97204772269104,23.7589107113896,100,0.0326594139336115
-0.405435165460555,26.991254505724,100,0.0968781495510006
3.3443611197173,18.4620995384685,54,0.0094491599916408
0.0919494159139982,31.7476530624068,100,0.0399781013468719
4.60739409843261,18.3684849892094,58,0.00847160420657684
2.29246971260571,18.4980758012291,89,0.00973471141919648
1.48677006083228,25.1645141682311,100,0.0515894914509071
2.99401364336172,5.97065104534961,43,0.00202690589154505
2.35454760183306,18.5693053074594,48,0.0102474906391783
3.23332237326365,18.2102489977782,83,0.00886549037549439
-0.170195776810843,27.2348026256581,99,0.102855419998117
-0.120723479585828,27.0754650681382,99,0.100674420598023
-1.55444983628648,18.628684906954,49,0.0107000726335855
-1.07211963449846,7.79900203353621,14,0.00246339601345193
1.2866861879851,28.0132428619259,100,0.0863582654247213
1.73087427002512,26.8307770038292,100,0.071639544854538
5.59353034327883,18.2789240840924,57,0.00770954869087801
-1.14135004438022,7.9937081710815,33,0.00249861119469012
-0.624084317575057,29.896458184963,100,0.0692875295504247
-0.227731326573266,27.3998910668921,98,0.105644585094097
-0.380556059761267,6.59859486294598,32,0.00219132108507225
2.26237123281986,6.5925355735391,35,0.00216507890425528
4.81854221928871,18.4295928890252,84,0.00823213051615609
-0.643205274979254,7.78197472583327,58,0.00243729191177247
6.22349718149006,27.2624991669271,100,0.0204117446208357
0.57012531443257,27.8600014005356,100,0.102816721690739
5.64118819425125,21.0914116391743,81,0.011540078545445
0.927344884631945,25.648942542678,100,0.063876499406851
2.33985687556631,26.0802977451536,100,0.0539151267053484
0.0220097957542765,27.2363462905461,100,0.102124482556535
1.06371937471255,27.5689581084796,100,0.0899448402514299
2.2680489604783,18.6653662575942,57,0.0103832389144004
3.25719943348796,29.7665495308822,100,0.0414240447922282
-0.139078722304267,29.3379747611886,100,0.0826371089889355
0.460357382599611,28.7220353266319,99,0.0975238231602233
0.162930924761216,27.1928434355067,97,0.104446334962067
5.3507728255278,19.5073512059554,91,0.00922346223818041
5.00148699441578,18.8110396903372,89,0.00856737098909138
1.5419394128689,26.3559659916882,100,0.0687549174970433
1.98568197388196,18.9715704977447,54,0.0112019613389339
-0.834907459091512,7.71457976777744,35,0.00243317398320005
0.667301400849863,26.8593130063658,100,0.0881046373183369
-0.393603186101298,8.27021625839654,15,0.00258823306900979
2.08076057696079,6.06407139530924,36,0.0020663422365435
1.20980932628694,26.7963326786171,100,0.0800085950002069
5.56894944915456,18.2633614633631,85,0.00754526846333317
5.41061250131422,26.5642505250423,100,0.0244750719138108
5.39417409152216,20.967683617625,87,0.0115983480138681
10.8006732369299,8.7864331124008,77,0.00204455645301886
5.0602811532236,20.383613885647,87,0.010974265167641
4.73048347307398,29.6500595838541,100,0.0281861921257708
-0.772588465964296,7.63893736677522,38,0.00241406388127866
-0.771480312890184,27.5614120055716,98,0.101152366643884
0.490834234150001,29.3562792903477,100,0.0807945438368512
1.30087829650357,27.6019985976926,100,0.0857597022306777
5.33113640580543,18.6263452308831,92,0.00807720395511461
-1.3018223595419,26.8971705575371,100,0.0798392792675073
-3.31661848728788,26.3486037281487,100,0.0431238691948422
-1.2415551210598,31.3929924270041,100,0.0418134243219136
5.17749176956293,19.0879323254973,81,0.00886695604739712
-0.126629760146855,30.2334048084889,100,0.0643325898222349
5.06273630045041,18.5608927414833,58,0.00841547686742676
1.95154305812088,31.7810371580045,100,0.034394562282097
0.0298858481169475,27.9562496422158,100,0.106259527737761
0.948570601518301,18.6362718052044,49,0.0108931576507416
1.24879204605507,26.8493611166308,100,0.080100145269922
5.7533687700905,20.8488723605515,91,0.0108371136420446
0.753038351125545,18.4747339584152,94,0.0101036143023899
2.60180358467459,28.978803228359,100,0.0558056300616991
0.208645289763219,26.4297380882214,100,0.083376978145662
0.324684533844981,5.85129216413493,32,0.00204647949044847
0.289830171222978,27.0071259107069,97,0.100862320795563
-0.85478693990111,6.72598962094258,16,0.00222256652243611
4.83094327261146,6.50090952789542,35,0.00206610481880055
0.69842249828083,18.5415108319826,50,0.0107243129439989
3.57085891087727,25.0724502685378,100,0.0328630004044421
2.435143898351,5.95940149567845,12,0.00205035142355706
-0.256434264489055,26.6632141609744,100,0.0877038017523233
1.52703311385432,24.7511976298533,100,0.045651329051873
0.333865214420609,18.6425313632502,50,0.0109893760889128
12.0176076760484,8.88291605970415,72,0.00195045640670746
0.753140808777941,27.9611158636174,96,0.104403781648731
1.04432943988304,26.5573757706904,100,0.0787918073912395
3.43330769394832,18.6590069912689,49,0.00977807523933422
-0.178449271193328,18.8300396027029,56,0.0113513371708962
-1.01327428784652,7.31984150445179,36,0.00233930931827774
-0.675805826156322,23.8474696583209,100,0.0377814265429183
1.01205593423628,18.1681585433206,51,0.00990285270665204
2.62074355143243,29.3761065557205,100,0.0524545302902579
5.63643427501662,19.6240927747937,81,0.00920633003309626
5.37295845421138,18.7694042599517,82,0.00828973742814947
0.0977058275701729,27.1378873122744,99,0.101690302271408
-0.140612323439136,31.0743729836604,100,0.0493948570532776
-5.64964399732533,18.8137199951162,49,0.00836281093274579
4.4577137947922,26.1214111454201,100,0.0304885466787842
-0.668094777475933,18.4918713605857,50,0.010623341580253
5.82421243747217,18.7796130367334,89,0.0079240356442017
5.57967978725449,18.3481939415097,83,0.00764340219825493
5.49899456639474,18.3049902143155,81,0.00765920988137955
-0.369213493365805,8.59479485672996,46,0.00265369495548365
-0.67800542585172,7.44366486051066,38,0.00236945548544972
4.07279119357551,18.5946901253609,87,0.0089239902282878
0.0298858481169475,27.9562496422158,100,0.106259527737761
0.71724769340495,6.24363389041758,35,0.00211758458109958
2.2157219263202,18.3065133928925,81,0.00950541942159224
5.87572330963003,20.6926040212249,94,0.0103934540351432
-0.73160297187376,7.20229207643677,19,0.00232488827064202
1.35655418186692,27.6987372382446,100,0.0849787700529318
4.39632073761937,27.2136203224172,100,0.0337290404332502
5.32694567277078,25.5339036206795,100,0.0228865291185123
-2.37668998099234,18.7353688635962,49,0.010556195172245
0.0966729054459315,25.5095476169447,100,0.0647635560432996
4.9535426702737,18.1994353044762,60,0.00801352856718555
5.11713988180145,26.0100594005369,100,0.0253081427861834
-0.611158100882179,18.2237004744104,43,0.010156759365535
0.496487429258374,28.3106799132319,99,0.102569364470904
4.2707413329478,27.3224307492826,100,0.0351734408353677
0.135119539466263,28.204511561483,100,0.104853725433349
-0.695277611783082,8.21594882413614,40,0.00255544217260806
-1.19652094631964,6.49999856938675,17,0.00217233046944979
2.88565976651905,8.71009806848689,46,0.00262747105464884
2.8850331111062,27.6042985670414,100,0.0546733919550573
-0.283217585180423,26.9205170075606,97,0.0993427092077536
-0.668418399253413,7.40934501319227,40,0.00236056375223156
0.416433699085235,28.2479987435062,98,0.104997871021897
-1.10157551605704,8.10340942156216,37,0.00252406589445457
2.11844260362243,29.3376999218468,100,0.0603545996027073
2.42058967966921,27.0325843572898,100,0.0608016667831325
-0.293964026584402,27.359946767221,97,0.105946731765381
3.35954174520251,27.5166155029826,100,0.0469345103375319
3.61329588493017,27.3797230537173,100,0.0431243382315151
-2.1965027072622,28.6700324757047,100,0.0650204516803708
1.12820838707336,25.6182259940482,100,0.0617095509150894
5.79602721581109,19.3264236326646,78,0.00868523370669732
1.69468201066828,18.2881378521258,49,0.0099683852023277
0.588322613071305,27.4715982020946,99,0.102051844981919
3.77857317710437,18.5179046895606,82,0.00903534576244467
0.418353272224889,25.8796280835813,100,0.0714143475390186
0.211578890038604,5.95184835532252,41,0.00206157078223751
0.361999773979178,26.1482219547525,100,0.0771220510545757
11.9211431948792,8.64784407925634,73,0.00192504241028639
0.65738894720934,27.6560906553694,100,0.101263313082589
4.60736410099771,18.62011857235,91,0.00857434011303403
6.79180043460811,30.733481248208,100,0.0155570963622763
-1.17174911011736,6.21439430634041,14,0.00211747882264843
0.153897610557838,27.2988138610415,94,0.109397187019848
2.02064138558737,23.9943337535158,100,0.0345579248179416
-1.20336364113572,6.66748379436754,15,0.00220738756547709
5.18166857329293,18.4786991186793,58,0.00822485550835837
-1.7832771112552,26.5801084807176,100,0.0679238725333741
-1.62125318074236,25.740659943584,100,0.0587326538868056
5.73716510473197,18.7014781089985,79,0.00796069178296098
3.75812505691977,25.8242698835018,100,0.0354940528246726
4.6507432287307,18.360920015727,51,0.00848274185973871
-0.856721790859388,8.09060686247723,40,0.0025219870667751
-1.05074789562883,30.3984289337828,100,0.0573314929920844
-0.728864611964201,6.79749880306284,12,0.00224057874539813
0.29405419838068,27.3638425831146,100,0.102723531143898
0.966557201520976,18.3649846557521,89,0.00990942607878853
-0.340229826183443,25.2063170017252,100,0.0585982709723242
-1.17439584809923,6.76814009796907,34,0.00221926867077531
-0.943057739309367,6.06959906587766,29,0.00208521964195198
-0.838082293124773,6.4368107222653,13,0.00216492685537898
5.9339805881657,20.5618365177134,89,0.0101735242176272
-3.28394896182193,25.5488043527029,100,0.0384132857746751
14.6784106008267,8.79585835032684,73,0.00170315577577091
2.44342134198971,25.8334701789921,100,0.0500421828080992
-0.614100607926632,31.2579834689032,100,0.0458378865225971
2.04344436073427,18.4029395729405,44,0.0101075410438412
2.13672398492895,26.4473714289175,100,0.0607326726581692
-0.194595310564492,27.5172045258664,98,0.106869292853211
5.84937432093848,18.5614333007329,61,0.00783069991086575
4.29882075722743,18.4631153572256,82,0.00862771626221025
3.19384396960543,18.8967275611414,98,0.00987517321637144
1.51237538372886,29.6383104403598,100,0.0651623982366933
0.194102986446299,27.8054040513738,99,0.107045829859906
2.96990884011664,18.255025268056,90,0.0090089571868033
-1.75359580576138,30.0079663877256,100,0.0568681008811025
-1.26694464347445,24.8447298484162,100,0.0485308342206575
5.73119954851051,19.1491111951082,90,0.00842823791394075
-0.284635737445548,22.3688922388365,100,0.0249079310454666
1.45207326333965,32.7692028377111,100,0.0277026285396406
3.45454902106424,28.1175791178548,100,0.0456608059898099
0.651685709553345,18.8318656762191,50,0.0113823631517821
0.953210193121944,27.6038071719696,98,0.0982716073290058
5.67663868526436,18.3441615663217,56,0.0077339563595648
2.85539875293877,18.3262294258274,48,0.00954465798367943
-0.130362565974664,28.7115737065292,99,0.0995909895212562
5.12943847009437,30.5037347029341,100,0.0231508599659903
5.40826003449206,18.5711716426549,82,0.00802210456405017
0.533424054007598,32.9461999696573,100,0.0277450984830603
5.3292559896274,19.1820221878906,82,0.00886283470679552
2.00660397368055,29.4011806215264,100,0.0613538725102358
2.03988249146316,25.3234389035291,100,0.0487744601000397
4.84374652350353,18.9921311275619,82,0.00899087357961248
0.501895072710391,6.2552698230623,14,0.00213051236376485
0.921476713314438,23.5786835172886,100,0.0343756334409236
1.91371002942822,24.1012478940779,100,0.0361000471862891
1.04791788423506,5.82310837668743,11,0.00204591780006614
4.94257937995768,18.8379083046519,82,0.00869939448197932
5.42224189258175,19.1098851000376,92,0.00861416624444436
-0.364152332291571,8.91380465108258,15,0.00276595522087229
0.610156816441891,28.5828607671064,98,0.0990684200808712
0.0750040436537501,18.2597566201148,83,0.00986241660079582
-0.70677215590354,8.5600898332213,38,0.00264736027363269
-1.18353303769559,7.45345740562572,34,0.00236866258780015
-0.0908500558687371,27.451725539343,95,0.110169136202836
5.89935697163298,20.5466873294092,82,0.0102663047208304
5.8979770579143,22.21189846686,100,0.0130544646922783
3.96376157878733,27.9725696060278,100,0.0390246931835285
5.53705103516071,20.7349048725412,90,0.0109475635061229
1.06205281390668,27.8979169059357,100,0.0906593517074596
-1.04093864113228,8.25427992138027,40,0.00256136210070848
5.02641102248706,25.5681991846596,100,0.0247378869384732
1.36135607930998,28.7377288171895,100,0.0798560645121634
1.866128445205,26.9387888461952,100,0.0702526243907583
0.177139385386157,18.5729082261844,49,0.0108571259356947
4.19441394233594,18.2474026784701,81,0.00840195667787819
5.1217239112912,20.9919959568253,91,0.0119876031961961
-1.12324112397291,6.30389240289446,31,0.00212774231569607
1.71763830310397,18.2233823786945,83,0.0095202281852698
0.853597195443007,5.92051947361249,12,0.00206515711429692
4.56423052028982,18.1767859011868,82,0.00808265195213565
-1.24890586699712,7.59249129918535,15,0.00241090054259759
5.17859788498777,21.1478358569472,87,0.0122716530239651
0.753140808777941,27.9611158636174,96,0.104403781648731
5.25532215689236,18.6433315540122,91,0.00815732751114118
-0.00997859964870829,27.7425762283146,97,0.109707108107434
-4.70648394673193,18.5320533555173,44,0.00873472026495294
-0.40428903257749,26.3081696287505,100,0.0801509143921236
-1.12684929220498,8.30908732557705,35,0.00257760327233463
0.348550338871109,28.7689215865462,100,0.0966521539802681
10.5211601620496,8.87850467959222,73,0.00208663765286679
2.49136076959231,31.731919074933,100,0.0321646130132075
1.50207926962196,28.6273946876784,100,0.0784668110102468
0.726236934982086,27.6855310537406,100,0.100408741605947
-1.59680087199736,23.643972193094,100,0.0330730648442467
1.56527766344367,18.4224269114137,59,0.010168573946202
17.7520601811276,8.66672686973956,73,0.00144557591952309
3.37031259946466,24.2467667475809,100,0.0291337997659066
5.49723928519516,18.7475528562122,82,0.0081712794433967
2.84163291605838,26.7785726159068,100,0.0522246742190358
0.377330125444839,28.2409063369801,95,0.108843208406482
2.13403354218534,18.3987240461094,48,0.0100206197232039
5.69297808743768,20.959299536871,83,0.0112047676415555
0.304167290427138,27.9147786268108,99,0.106423911405401
5.91634779796619,19.1715876230596,97,0.00825667315166532
5.20281294305698,20.5751951547074,87,0.01114123574986
0.259125582121164,6.15645725263132,38,0.00210143387617496
5.45063743397562,19.1490650980382,82,0.00871745596751206
-1.24769300821801,7.54735540685185,37,0.00238770918416889
5.20525198653091,18.3454961715771,85,0.0078712299444074
-0.364656188910932,6.1552427026427,15,0.00211111156503458
1.67849808427748,18.2649231116747,51,0.00991005905560927
0.298490620814149,27.3421077010468,99,0.103524056284443
13.7036682794168,8.87226261821206,72,0.00179703359096742
4.36359640288694,18.5132799003554,84,0.00864108169224492
-1.24960094747304,32.7110583015499,100,0.0285850830717554
0.206377242776204,26.8470096455662,100,0.0911390415507732
2.78444864625851,18.5656055553897,48,0.010013729309913
-2.58388177385053,31.6435266651197,100,0.0323800961955918
4.46678000015566,18.2259718131538,84,0.00819058274724427
-1.00651622172223,7.4217610594206,16,0.00237368325360535
3.19298555596732,25.8628454367284,100,0.0415114818057667
8.16917578333557,29.1130290873036,100,0.0127871646300743
2.28218921552463,18.3354224623011,43,0.00988625795280005
0.711336806857841,25.4259864474673,100,0.0612091028532284
2.54274870792865,28.0354936147099,100,0.0609870009671611
-0.00965553348870318,26.7682494711897,100,0.0901249038501643
0.738747253586623,29.8421216789915,100,0.0695862431603559
-0.176186805055641,27.3395696178129,99,0.10412135920513
3.65392317117758,25.4190251755605,100,0.0342271794653858
1.69741157872912,24.2601811503657,100,0.0388352525490014
4.95895663207495,28.681926959574,100,0.0284367319567756
5.71928745141763,19.0204421032005,58,0.00850550738439835
-0.581486451232212,7.23099603568701,34,0.0023242521527689
-3.52766420614253,28.4587386105076,100,0.044048158996745
-0.274936647957146,29.3236843877091,100,0.0825399445735873
1.22102830629167,25.1862227514559,100,0.053915317664889
5.30820663181363,20.1878631009701,95,0.0102607560194372
5.49662872223365,18.2005409857679,86,0.00751636966839605
5.44820777042083,8.63485328989555,70,0.00245556802675393
-0.654353367566902,18.4562307660294,47,0.0105838812703918
5.69737629895693,20.3940679951601,83,0.0102648652313864
5.09066435311937,18.8100435525153,85,0.00852951619292392
-0.67755992169475,6.80331205415032,35,0.00223066783707202
5.4758259639121,21.1433931574441,87,0.0118042739197086
5.53099619256959,19.0829786084883,83,0.00855792776989052
0.306033386584562,27.9289101150316,96,0.109899333557147
-1.0467377048955,6.1092235728601,40,0.00208704351430134
0.789269943963746,27.9932782814499,97,0.102654836043341
-3.31095381204997,25.7777631927468,100,0.0396758119909422
4.80599459907607,19.0320969174743,90,0.00901288400021788
-0.0500790341538624,28.2167133362909,100,0.104933201319633
-0.0476081587291536,6.58908820340541,35,0.00218862666602714
5.82910535022898,19.7301006439564,86,0.00912451822231049
3.23879766033279,30.6714612641186,100,0.0353504566966237
-0.265542408925773,18.759170657083,50,0.0112588393579828
5.61450342571347,19.8132059016379,87,0.00944336702971782
-0.938657131618827,26.2819198457275,100,0.0753221001055063
-1.5169814880452,26.8435457584672,100,0.0755405353741023
0.697603446015059,28.5576691225338,98,0.0983026088679185
5.70595846205419,20.6281927419622,83,0.010629717965487
-10.25645036149,29.2701881069124,100,0.00854110126310954
2.62686455601721,18.4429110063402,49,0.00986132428580727
0.0979854818498875,18.446993018852,39,0.0107022188651911
0.506394693747717,28.6594632456671,95,0.102097045679091
5.1376452223252,19.9511170984486,83,0.0101867874148921
1.58912068454551,28.5587254088614,100,0.0774425594528492
-0.144027022781049,27.2916177524646,100,0.102604002829076
0.226933797377757,18.3924942227742,54,0.0104156288774344
-1.08664016679574,6.61676170264272,13,0.00219920647687515
14.137626546245,8.17602154610957,72,0.00167931430212704
-0.981550499131859,6.80238860674933,15,0.00223794009738431
-1.29896888822464,30.6869129019445,100,0.051091384806054
-0.753092847808924,18.2430293504192,43,0.0101752127530996
2.42256703637464,26.0864763710133,100,0.052855234679066
5.39424503968448,24.5469904209961,100,0.0200067616030949
3.44690002819354,25.1001028284969,100,0.0340066943779992
-0.0586185339715115,26.1942743496548,100,0.0788444775953507
-0.167388218971608,5.91970960262116,36,0.00205778427448428
1.77511740212745,18.2995690851255,49,0.00996239084246265
0.521399088281114,27.3082026235002,98,0.102263054211726
0.800883995412282,27.6916248941919,97,0.102341753093268
-0.803428338749739,5.96185236934592,15,0.00207198279608973
5.33357159173971,20.8943670884508,89,0.0115226960541294
2.13849312570479,26.8624293340545,100,0.0646338580527616
0.753140808777941,27.9611158636174,96,0.104403781648731
3.50070481898297,27.0868659576646,100,0.043945259850942
-0.816188712555111,25.1223211357841,100,0.0553439653528793
-3.73659375199787,26.1391975113928,100,0.0372737271482884
0.938850210418126,5.89114491029302,35,0.00204931751625732
1.11349625697293,18.5320698451487,51,0.010607354801863
0.170610030167171,28.5132110561746,97,0.104655280683084
-1.32043753323042,31.0832926566216,100,0.0454004653818877
0.0429828087927618,27.6000157832523,97,0.109038371659879
5.79596192529905,20.08929317529,80,0.00971843118245395
-1.24680362669645,26.2238822550945,100,0.0707391387948972
0.688550938534968,6.37348446662931,39,0.00214133423523774
2.43389038294994,18.3350775758873,59,0.00966440245383913
4.42389023736522,18.6150905087109,56,0.00896354471409357
0.982267167674059,26.7931386489054,100,0.0832869686981035
0.243656430365743,27.6784550735517,98,0.107598877693219
-1.97175470563063,18.1528780512636,50,0.00961159302764407
4.58271001086917,18.5801381509826,88,0.00855863923710661
-1.43636040090164,18.5347942345222,50,0.0105322312780125
-0.0558131123444818,26.2751844021553,100,0.0805174112719174
1.04458162761567,27.3088016218717,100,0.0885164568640189
-0.865450304470023,6.62065938114042,15,0.00220113006907645
-0.80902503235481,26.4778974358273,100,0.0801979515264338
5.49627488593972,19.0378202844685,87,0.00849887020170242
1.19723920820327,18.3933510581912,98,0.00982557420386336
5.38753642610808,18.6371144069047,88,0.00807682916055226
4.64931178982331,18.4394253251519,84,0.00835508356811743
4.18157353929644,30.0720262183655,100,0.0309845479011396
5.75900718248659,19.8103883209016,83,0.00932981092742595
5.2255711727494,19.0763358785265,89,0.00875027979154392
1.87851701335334,23.3348987789237,100,0.0294832593360749
-1.11466681445898,8.12955532351876,37,0.00253047517747655
3.08685066456552,28.3266454297844,100,0.0509002907810431
5.46280242507658,20.0288640191661,74,0.0100513364573242
0.446037721089404,27.2362009589494,100,0.100093906609102
5.81426555769944,20.0787214255594,91,0.00958091053540583
-0.00965553348870318,26.7682494711897,100,0.0901249038501643
3.24987582225239,18.5475818236433,54,0.00965187217447991
-0.992609831188568,7.49809894374851,40,0.00237787464563967
-0.218492047002104,6.26066560157353,43,0.00211939227667987
-1.00254055131927,7.81920365290525,39,0.00245405314049487
0.0758979142005005,28.4974109461156,100,0.101921429279888
-1.5169814880452,26.8435457584672,100,0.0755405353741023
0.252921919990152,6.16231500024824,38,0.00210257128426105
16.6365022310447,8.70707879547697,71,0.0015345521242184
1.93923804131801,28.935711811775,100,0.067493949135472
1.61384491658056,18.222405583303,89,0.00949554512391112
0.0217037714404521,8.26616557343788,40,0.00257156507047262
5.28955034748319,19.5085849331977,87,0.00931557374081591
-0.643600326270524,26.7041326627693,100,0.0858066458739099
-1.2128594619644,18.5249159705763,49,0.0105888574541537
5.20444249719367,18.2468265866376,84,0.00776252357359647
5.5196407561736,20.1083180231947,87,0.00998251388125254
-1.69397582419382,18.5397541987993,38,0.010586427468021
3.36862558169239,18.5759909833237,88,0.00932275682842078
2.06310909788358,30.4130310428597,100,0.0483814509949189
-0.261645284189994,6.13519513745806,15,0.00210752464577314
3.89703696501829,26.7348871347861,100,0.0379412208348188
12.6676694607873,8.3430462530045,70,0.00182039750295584
-0.24032333705112,26.9847336173688,97,0.100735253421262
2.18089787367094,5.84128224721799,42,0.00202128139192227
4.5745196774194,18.1902526266101,62,0.00822671882681049
1.99990500631772,25.4886089393947,100,0.0512033345394914
5.30034981975455,20.0446630576554,95,0.0100408142028808
-0.267937571613614,8.64962286905949,40,0.00267337605383713
4.69484775321092,18.3465411445056,58,0.00838419683033797
-0.707324754618399,18.7650512965954,91,0.0107247944723376
-0.670468674181305,18.4172556874125,51,0.0104559540616851
5.54926651480543,20.6441203490572,87,0.0108129016536328
0.808033313189655,24.7023767203313,100,0.0487037301128802
-0.862539103696938,29.4952443277558,100,0.0751035055304928
5.18758645407323,18.9424708713236,91,0.00858690312786431
-4.68900288043611,24.8240077319541,100,0.0243235013431885
-0.078376234551597,28.754380279599,99,0.0989623797478556
2.8720599680346,6.57730365448338,39,0.00214566722697048
3.09285301492989,18.4085096772238,56,0.00948579676166382
0.273265169278991,28.8113449303646,96,0.100216655468879
0.25116227575281,27.839093412444,99,0.106785437448181
1.59199097327925,29.9887618991666,100,0.0589559975098231
-0.464930018445026,6.50640810741646,20,0.00217795730219835
4.70783330473035,18.2460715880121,60,0.00822936379458307
0.44400253047114,27.3804472238332,97,0.104939547944479
-0.519709481575252,28.4273398987881,96,0.104258198382749
-0.97615042024123,25.9502530703792,100,0.068938300984058
0.198746225269555,6.07275618956084,39,0.00208516505531835
-0.0582957061363438,5.99308358009105,37,0.00207116318670341
-2.14597543810698,18.2366963449481,50,0.00969575031205071
1.64881088659016,18.1616458931345,50,0.00973694466823182
-1.18794380225558,6.44758843026514,43,0.00214981408385062
4.70354719247761,21.2388239940521,100,0.0130071667016558
12.4269282503226,8.64413650930795,70,0.00188102003076177
-0.694921887943399,8.73852096477068,15,0.00271324669091112
-0.0569492403742391,27.7171054759792,97,0.109588839880992
3.95398808664368,18.7459043313484,85,0.00924861574537301
4.7313682641049,18.741441758939,85,0.00869886786209848
3.72476053820433,28.9684137903503,100,0.0399989052120372
0.738099525746442,29.3304359609078,100,0.0793377510063841
2.16780400980574,28.7889712275675,100,0.0646785877679617
1.78500432154858,27.5978694999621,100,0.0760074663449258
0.792858776793805,26.7042604651586,100,0.0842586557872722
-1.03794307284638,6.2069073280556,42,0.00210487202572059
0.905476558123075,18.3990429811246,51,0.010378398489454
-0.689954541332237,5.84343508804197,33,0.00204306543456156
5.4016646966442,18.899630852609,87,0.00839705692000545
1.76114300773987,26.8416493637577,100,0.0712140081490514
0.996674353292029,28.5189108868233,100,0.0882854375902956
-1.16656836836235,7.73170722770279,40,0.00243037107991971
9.35808854962737,25.464893877418,100,0.009688300655933
-1.23794371257104,25.9123555458748,100,0.0656528176957414
5.9572609108991,29.7130825127708,100,0.0204837046758785
4.49085335656492,18.6379287914279,86,0.00871549658063063
5.36498750761291,18.8171155553512,80,0.00836958751248765
0.411953744386551,18.6811935244664,49,0.0110810836760235
2.88215761270777,18.53766632062,59,0.00980038770570225
-0.311073359816479,18.7056573848352,98,0.0105683241000239
-1.2085453324868,18.2422774644001,51,0.0100014061492919
-1.02901616593523,7.37922912124344,41,0.00234977605489635
4.79082675126628,18.6912573925872,90,0.00855128242009699
0.816486517811756,28.4050990607111,96,0.100366966467475
3.66679875933386,27.0101663429802,100,0.0415442283970165
4.6579404740908,18.2311029012412,65,0.00820769619150852
8.80125747611254,22.53541341299,100,0.00864098727344646
4.27879599561325,28.934164065952,100,0.0340596319083377
3.69421372270151,23.6932212630056,100,0.0244375933109117
-1.12214263135374,8.56730683023246,35,0.00264609138281922
1.46556509567993,27.2375544598941,100,0.080399686705259
-0.593393724479883,8.62583127126009,41,0.00266415240374348
-3.2571592839096,30.1636083632416,100,0.0387431621917791
1.63677683921583,26.0497373647095,100,0.0630454819135092
5.24907526222698,29.9254545803028,100,0.0239723126772028
5.94155909806501,19.7769963593604,87,0.00906963246052559
1.65586547406271,26.0973858040698,100,0.0634757124310967
0.337768858568328,28.2928060174634,97,0.106367807842229
-1.17015721693661,6.36601177729818,15,0.00214677536711673
0.732859692444496,27.8444241819337,98,0.102686631856048
5.44456141020779,19.0848084653061,91,0.00857118919168033
-2.20843856789902,32.4045043425433,100,0.0282330431787789
1.680285932991,6.70958120430435,42,0.00219627276559845
5.12136733970145,19.8522443791908,90,0.00997273988035967
1.61339155508254,31.8094209306833,100,0.0355970715956194
-4.05746404763441,29.4720338233012,100,0.0345319548637617
1.78662671020477,31.1355712786568,100,0.0419915622066291
1.06205281390668,27.8979169059357,100,0.0906593517074596
5.09322483129817,20.282575256239,83,0.0108016983590558
3.39228057682667,29.6407259114745,100,0.0406915070492641
3.33972407224384,28.8488427484848,100,0.0453923899739029
0.158032209099203,28.1931421016995,97,0.108270384934143
3.63859288510386,27.9849858970382,100,0.0431859627262865
2.19700533001732,19.0664601237029,50,0.0113538422701157
0.759509355532583,29.9206287193535,100,0.0679396111746735
0.566509878749679,18.4570989692428,58,0.010475622356962
-1.04506267839692,7.00700883941362,42,0.00226710106780732
-0.602053335873335,26.446795383171,100,0.0815387351182671
0.274428103699183,27.2649928793414,98,0.103822577501448
1.66325971215109,28.9851060066495,100,0.0717848436853155
2.19461916501445,18.3039703258249,51,0.0097886938321906
5.85008888195061,20.1165882636043,83,0.00967079597516432
1.94893014496533,27.9784621973604,100,0.072923127021078
-1.2012312566981,7.5842310208117,35,0.00239807648751831
-0.451070067485291,18.2097411404056,45,0.0101259862482017
-1.65057507400659,29.6797602423153,100,0.0627650671831111
2.41695611470928,28.080101376001,100,0.0633289000231887
-0.345685327989339,29.8495114735796,100,0.0715628096358628
0.415426386727178,29.5637307241851,100,0.0770887097781772
1.05462848791934,6.14328890718049,12,0.00210578425445193
3.88855990200853,18.31235100979,60,0.00883368050148723
1.65955499148757,24.4660404988021,100,0.0413522626206884
4.93817898639395,18.5568665447193,82,0.00832931456623183
4.04375360465801,24.5788542798853,100,0.027007339854193
2.05768975583365,18.6486555839172,57,0.0104485870343022
0.977764219704214,30.8057853768137,100,0.0512101067962056
-0.406245474558729,7.5258201268685,34,0.00239237217416994
4.90440811307346,18.7487678763612,82,0.00860649710797392
0.548526016376102,28.3243645524774,100,0.100843362413615
3.11798138950511,18.8663820389338,49,0.0103701950807317
8.27876183129247,8.67348153945166,72,0.0022481569132654
3.53010575437137,18.4841030215379,59,0.00932894431350885
5.27366578592832,18.8301406553903,63,0.00857829883909408
0.255030851297067,30.9076010899259,100,0.0519578160559753
3.48734483302454,27.5507355003377,100,0.0451284220515835
2.56360839395869,28.0129334444564,100,0.0606203883799614
1.55118008710517,28.5422645912819,100,0.0783026495415496
-1.73150337068904,18.8374171890805,52,0.011046256636445
-0.410196896955178,29.9772025705723,100,0.0687446948493182
-0.608387609844468,6.52857795608278,38,0.00217318821718566
5.90285153094967,19.2657463448986,87,0.00845114979456954
0.847537736807455,18.4990822755914,50,0.0106079143170963
2.26646755727173,26.5851932591036,100,0.0600018253212957
5.24751374813253,30.1826765368837,100,0.0233500352421908
-0.560617776360166,8.72448088338923,40,0.00269229241242448
-0.478238058703064,27.1529856276172,97,0.101715638812254
-0.159210469820719,26.0244729288459,100,0.0751877117649673
2.83980841232914,18.6522405641696,87,0.00975884867013084
1.3666029904876,23.4011471130518,100,0.0315846048772368
-0.110475183474581,6.05485806427336,34,0.00208406573955697
-1.04955799697162,26.5592892156876,100,0.0787548121428023
5.23735947015828,20.6985096903612,90,0.0112821511619134
3.06337043355818,18.994182003536,89,0.0102239159559129
-1.11795200217915,18.5868403796599,50,0.0107336185342792
0.216535692077248,28.1288785029794,100,0.105047309507024
-0.955124081444154,5.96921465633492,15,0.00207222169230201
-0.935426731284177,6.72772763887875,16,0.00222221635255304
-1.17644701776776,18.2893754176016,50,0.0101106573050834
0.468472836657094,28.0731580880031,96,0.107928679625173
-2.72569516147572,18.1763404530104,49,0.00934338334630561
3.10959665940835,25.3928310016464,100,0.038965674214718
4.38538755928025,25.6042970868239,100,0.029217215677174
6.82725604390281,26.6991430521316,100,0.0172822355440086
2.30253605095271,18.5670410452451,50,0.010247505160385
5.38046678251804,21.0620598159914,97,0.0116578355829619
-2.28701859691814,18.6306563884406,50,0.0103804379036505
4.61407619231255,18.8239071140211,79,0.00894742427972185
1.00424073581836,25.4068569644165,100,0.0590546250264607
4.44460352242172,18.3254181792158,90,0.00829274605119904
3.51668131399948,22.3638900345395,100,0.0190516625460459
0.363200235662464,27.1785596305803,98,0.102051634770359
-1.34361364988309,29.7439666700561,100,0.0655695855376005
3.42440460462924,18.338262695016,51,0.00922385308379906
3.0829099330315,30.7252346206589,100,0.0362216171485912
0.0228234806717924,28.807822592501,96,0.101035129701873
-0.146170254965428,28.5018424097491,99,0.102745961598055
-0.377348960807092,24.9685461959763,100,0.0543152217713707
-0.215258154884341,18.4440621523543,48,0.0105897994297746
-1.22774899696765,6.67844100361985,13,0.00221033962683914
-3.04944419798891,18.817115011741,49,0.0103203189640797
1.53373659516078,27.4103990458582,100,0.0802787168848059
0.959679215247285,6.03872708960684,34,0.00207708533601951
-3.76291940865403,33.814010835876,100,0.0168078261869864
0.652205065850479,28.7271125922286,100,0.0902843711647081
0.877057400492462,27.7581179954302,98,0.10019173736045
-0.998292189672674,6.51537457552772,56,0.00215915858845065
2.80439703532489,26.1597982762966,100,0.048401463645885
0.323999777155315,27.3004038079588,99,0.102875278309679
-0.871377637747327,6.08336491141794,35,0.00208578431406326
-1.64646036784415,18.8914224852403,49,0.011239821820121
-1.19480421411012,7.4955063058161,33,0.00237873509825433
3.12306412384666,25.2193744771652,100,0.0375460494532881
1.55118008710517,28.5422645912819,100,0.0783026495415496
-1.97017086088609,18.2550437074504,44,0.00985595531726655
5.27794249223769,20.8000264316189,81,0.0115315841758315
0.0750359254561024,27.1539420921456,98,0.103019557622518
-0.854641213741637,8.75301665785598,34,0.00270156768794468
5.81433795347904,20.562856573326,90,0.0103120568047724
4.66636322366913,18.4166619406712,89,0.00827979614829753
5.1355075064538,18.2012136309362,87,0.00773452242694163
1.79596301063619,31.0463852170629,100,0.042970720224402
-1.58970815358243,26.4906058367215,100,0.0698968401119852
-2.41962367985014,18.4822478856789,50,0.0100279788360779
0.05569143134826,28.0148680610364,100,0.106070359809743
0.784151113295578,6.21169425908376,36,0.00211051260210902
-2.3035965919988,29.1116773953725,100,0.059626162282299
-0.911266677852378,7.23004682821933,48,0.00231386482528865
-0.478658657910642,27.1488366100707,98,0.10062764827753
0.355702097624313,28.7063587358818,97,0.100585843848586
-0.00312610069375918,5.90430695290777,33,0.00205631112459665
1.33383154118751,24.8827499122387,100,0.0486582854486171
5.87115544409326,19.8314226586843,80,0.00927219184918298
2.58746571261399,27.201098278147,100,0.0587138370890949
0.370051106396059,27.9922709286097,97,0.108048441572542
5.52207248026396,29.9486516428369,100,0.0223455749845187
1.7759461502796,30.2227110707484,100,0.0536723986813823
-0.61426897646699,6.21274888808659,13,0.00212208206484904
2.44957073460932,27.5429593331793,100,0.0624894679205587
5.80163198946748,18.794529335988,66,0.00810602031978402
-0.0586185339715115,26.1942743496548,100,0.0788444775953507
4.65581182902231,18.3165133098304,85,0.00818469179970977
5.38046678251804,21.0620598159914,97,0.0116578355829619
5.6427719752282,18.881252567827,89,0.00817782024607489
-0.441601507069252,34.2642612968923,100,0.019571483183408
5.53916171862292,19.9198359122666,82,0.00972297833991955
5.3496389335341,20.7505950636502,86,0.0112763919684176
-4.24541589543333,30.6116666179284,100,0.0281774069531549
-6.06137325633278,27.6474187849892,100,0.0214192555284746
1.40745557339438,31.1549307616594,100,0.043994027790487
-2.18826602740654,30.8595346373052,100,0.0422309703118785
0.629506606353217,24.4323799000068,100,0.0453425677261338
5.50863954020779,21.1754332990678,87,0.011813898383943
1.6988928572823,26.9804327876684,100,0.0737297245080812
-1.01697775109205,7.86214910139985,46,0.0024600324017628
-4.33993940760745,18.3136586887748,47,0.00865109512494333
4.36155798861229,23.9464350287423,100,0.0225989452118368
1.39556821493713,24.685476734542,100,0.0455912029702017
0.0054791964664711,6.35068633366252,42,0.00213764388788083
2.31040856841096,26.5428797952873,100,0.0589030478379038
-0.0584060505507563,28.3248030352301,100,0.103957604817559
-0.842190868130823,6.20351631638157,35,0.00210896117962654
1.82753617351859,6.34747903464667,39,0.00212322061207567
-0.436254406180792,7.69203769245748,38,0.0024290246967
3.34537957988037,18.2711894091968,50,0.00916913401441984
2.08789428203871,26.0392605284361,100,0.0568831570183407
1.76757625860309,8.64400281397399,53,0.00264111917111521
-2.57127300389093,28.4434471837168,100,0.0593421976582016
2.69447967027002,28.4971345260948,100,0.05692949212035
5.6354833657015,20.8298530511525,86,0.0110253564348709
-0.636291946239958,8.42911550926717,38,0.0026129229196172
5.56890864133529,18.5630366440715,81,0.00790699787662506
3.05909473356726,32.2637503427235,100,0.0258791166640534
-2.66495946847637,18.3649520311707,48,0.00971039583419091
1.04309880601315,25.6092303565921,100,0.0622642386037005
-0.912446908878221,8.25024238296188,51,0.00255477031217298
-0.988640981863575,29.2429897666718,100,0.0782004198441254
-0.100798900296199,27.282291011807,100,0.102602644979246
3.57018073124455,27.8159452458873,100,0.0441515885582166
4.84369474227011,8.34052894344574,52,0.00243533946434908
1.82972290215786,6.64102489384697,43,0.00217937932936545
11.6162657558112,5.82424204948649,75,0.00158990670789006