0.388279574199517,27.9909159048129,98,0.106739785206025
-4.48344922625357,18.8891424291024,37,0.0095056333337675
-6.9841394098097,13.182600861107,100,0.00364775090996486
6.83840813670932,30.0076183625338,100,0.0163207259955829
-6.76782641136268,18.4490539290547,50,0.00712790681019979
-5.65285775579827,18.6308565017868,52,0.008113214914456
1.92370741043834,6.05621916883603,20,0.00207442885320323
0.604388323178532,6.38365703214347,29,0.00214844614199609
-0.928379663965326,18.2174267530686,45,0.0100739487340415
7.86775344951584,6.03811094629687,27,0.00184586536553116
0.142983471751193,18.5444148108357,50,0.0107846249435269
-13.633096856955,18.8311230533218,79,0.00362049578825899
0.529439031876119,28.1349130079097,98,0.104644051463342
-3.50585005848549,18.2177240076708,90,0.00868136163198678
-0.281191988723682,6.81969680062742,55,0.00222604889599629
2.85774576066394,18.4720483278396,40,0.00987902624185586
5.13988590315623,20.4994351034922,93,0.0110113318078682
-0.576915152387295,28.4924539010636,100,0.0986945919321628
-11.3921142348751,18.2804421321968,62,0.00437305914683942
-0.598981570672629,6.15192543186489,52,0.00209312771553515
-5.29847375567832,18.1968873811443,76,0.0076938196049013
-10.6948622964076,18.4185524537109,48,0.00477907877899312
-6.30674314749782,18.7799663948746,65,0.00771334361896772
-3.1730930552804,18.44694212349,35,0.00969946741602594
-3.87446449811593,19.0740235583371,89,0.00980127201597528
3.67190263013467,24.4104048345533,100,0.0283349507469593
3.20021721784063,30.4797380715851,100,0.0370384848233086
1.48702906454598,18.1513451566095,43,0.00983339950323773
-9.01929768410162,18.4178966730374,69,0.00560772661023473
6.23523476554366,27.2232399785559,100,0.0203309094620041
1.71600284718798,6.71872975573046,20,0.00220823074537797
1.48702906454598,18.1513451566095,43,0.00983339950323773
2.21721857556651,18.8790867403486,80,0.010582451887513
-0.618500150699621,18.2220712148908,50,0.0100809464174742
0.398113171353058,18.21409269252,50,0.010088082739363
-2.96008188406581,18.1794621350938,36,0.00934580965545276
5.30624189791371,18.517037937332,59,0.00817853840947156
2.24871074488254,18.2601423942629,54,0.00965822499079982
-0.497722992932405,18.2342719212375,87,0.00975351303213856
1.89701411290328,18.4141066855519,49,0.0101370621771018
-0.345007157414907,18.6252639457202,50,0.0109501193820279
-1.06637959546546,7.97376056032122,22,0.00250156450846684
-12.1146808539959,18.6752232510455,51,0.00421675258657047
3.60126626596195,30.1144624656308,100,0.0357818247876023
-1.15237090862593,8.01083074955468,46,0.00249458962345388
2.68529150641996,18.6958867422475,44,0.0103610394262891
-1.15638187299163,8.53600425422228,77,0.00260822305306853
0.00584372066536587,6.33387889765758,41,0.0021347992171252
7.84439921233077,23.3747064942671,100,0.0109212579241939
-3.1730930552804,18.44694212349,35,0.00969946741602594
0.562009425026281,18.8319206259913,44,0.0114750767862559
3.50297873419802,6.03494836474754,37,0.00202733380616607
-6.50940797686603,18.282351282627,80,0.00699161746960485
5.78392734389897,27.2821341625475,100,0.022888441596219
2.36149086076655,18.7862381447744,60,0.0105448279815276
7.48281508753844,20.9682863559222,100,0.00881785436254323
-9.68790183276221,18.3900272914389,51,0.00527536810216561
-0.79591462380261,8.08431504018021,34,0.00252486312768466
-0.248610413234953,18.7952492076882,62,0.0111913256493675
-0.357174148345854,6.14319496232917,36,0.00209950887085216
3.6427397467304,25.6575703124161,100,0.0356802693425469
-17.6632728718768,18.4806780644121,86,0.00244207954374184
1.89515496416305,6.55324627370403,34,0.00216486284273275
6.12741736777196,6.27175429827011,81,0.00195064115824395
-0.484878082382926,5.93463653895912,35,0.00206010623600652
1.69000303941868,5.81856054584635,11,0.00203775287364575
5.36210041430485,18.378496258163,58,0.00797604192997324
-3.1730930552804,18.44694212349,35,0.00969946741602594
1.85355950853934,8.47104373678276,38,0.00260337867349954
-6.19836135739465,18.1770464471096,48,0.00725141043934413
4.47832036522004,27.5894129099628,100,0.0332997661095803
1.44128531230064,8.80301981287231,41,0.00270055759593078
0.178809659068942,18.1691948662046,50,0.0100131543257115
-0.806945392280567,8.13130589846878,34,0.00253663990439575
0.346968592180763,18.2994948090526,81,0.00994547124989274
-3.81384750885551,18.8145494818692,37,0.00990207193386426
-2.69429247593386,18.997475587159,73,0.0106353045635296
4.42479698805372,18.2489448416748,45,0.00851963176219347
-3.06769820265266,18.3889470670179,50,0.00952054304207645
-1.03856341473058,6.50699836284424,41,0.0021641130517484
8.42511186620713,6.49633477110683,42,0.00187778438752011
-1.73630489915893,18.2108554848868,37,0.00992599238364817
-7.83285935989979,18.3185382889158,56,0.00629256286581721
3.84888103504402,26.6634399052062,100,0.0382415025508175
0.788335855142772,6.13442293131197,38,0.00209478101022168
0.664076718695576,6.08424086169419,17,0.00209520834293809
5.41948450915577,18.8935465640933,66,0.00852578431145539
-0.468493129712171,7.34239855625481,34,0.0023499378677154
0.186243379172876,18.3657155729934,45,0.0104601864697572
-0.270396740895637,18.1793096592442,51,0.0100186539934889
-5.86733841459925,18.4569911088375,67,0.00766480416385489
0.118956044247459,8.49413988249298,58,0.00261917540654874
-3.23981720385582,18.634034852404,38,0.00996624909059323
1.46081227745247,31.4898274861723,100,0.0396799409043584
4.04607755116602,28.3035894325013,100,0.0377822994382412
-6.16771384183912,18.4022610591494,33,0.00759221333018588
-0.37563459885449,7.55503374215809,41,0.0023953017114295
-7.81875752114313,18.5785443993109,47,0.00654012278813189
1.95695319867762,18.1680169777654,68,0.00947964735400845
-3.1730930552804,18.44694212349,35,0.00969946741602594
2.7797807197204,27.4975810950804,100,0.0563049571306433
-24.4121318658624,10.8262516593542,80,0.00111726367673401
4.83090907388037,28.7337135982328,100,0.0294118511586043
-3.1730930552804,18.44694212349,35,0.00969946741602594
-5.90403231179523,19.1141096976802,45,0.00856378391184479
-0.415810304494327,7.49817890216822,51,0.00237626783628291
3.47118455095807,6.06134904162456,97,0.00200849519936375
1.57086828331137,18.1986542198241,91,0.00944874963266446
-11.7628742650123,18.1577216771184,52,0.0041906863449833
-0.70347839876138,6.79799883502992,38,0.00222788683962081
3.34556453152084,30.0682239799726,100,0.0385139781396991
0.388279574199517,27.9909159048129,98,0.106739785206025
0.392314808197364,18.4664321294608,38,0.0107391492069258
-0.818014174165955,18.7653404849746,68,0.0109762907928755
-6.88741437583887,18.2327324294122,52,0.00683781474726617
3.71767665861488,22.6362266477771,100,0.0195990658512485
-2.93468698856853,18.6660963073261,37,0.0102287164266218
-5.76473976950084,18.9614504990097,92,0.00816064042614509
5.58525291343625,30.3571289163008,100,0.0211302428442443
3.87352813053722,6.33641627367476,54,0.00206345932248027
0.1071879146022,6.19741633157278,15,0.00211984069356638
0.132770414426593,28.6816062307926,95,0.104257504332077
3.95905869040045,18.6555892485095,82,0.00913082962749258
-0.457398417553305,18.3428986425647,49,0.0103510073412484
-1.93557713211032,18.3582853036197,82,0.00969428808701636
-8.48098031479663,19.091832957652,65,0.0064008007623678
-2.73700434703638,18.2199332050022,36,0.0095286275860017
0.217156389222256,18.2985401226748,35,0.0104282567267241
1.83593346223222,28.3020396233763,100,0.0742613241401654
-6.1528452543692,18.1753415046038,79,0.00711870174942053
0.518508275112248,18.6233773609802,51,0.0109160916641846
3.57734930292088,18.903077371809,82,0.00978980987289704
-5.02131764026722,-11.0034022838387,56,0.000648434957712203
1.57086828331137,18.1986542198241,91,0.00944874963266446
0.627887941178011,27.0489844955943,100,0.0912825578874649
4.74503096447044,5.29517697669755,100,0.00184623339507813
-5.36916229683336,18.4630831334476,72,0.00798376571286915
2.85120947093818,18.5271460601337,49,0.00989554011127914
-0.441107681917586,6.21040957668558,45,0.00210813088010102
-5.64035167779251,18.6373165132152,52,0.0081303950618491
-6.30570358665545,18.6148605985579,75,0.00748176219530789
-5.55787300598974,18.7060768727972,44,0.00833278569064918
-5.51190257461403,18.7470226684892,37,0.00847091868342161
-0.805196532594946,8.63481357513579,33,0.00267019380449738
3.38589757035292,27.2193565078733,100,0.0459193508729889
-12.2660251926613,10.667853871012,100,0.00219313273019354
-1.96255236730491,9.03777632490171,100,0.00271683585285198
-5.65285775579827,18.6308565017868,52,0.008113214914456
12.4255775165239,8.74650167043612,79,0.00189190045599743
-0.602384830613584,18.1556151664705,44,0.0100137249555888
5.04938787350084,20.3337285826827,93,0.0108271179511608
-0.778617907435987,8.83996591714542,18,0.00273885595496928
-8.19168486692294,18.3525816244837,55,0.00610056645690784
-3.1730930552804,18.44694212349,35,0.00969946741602594
-7.3497647110984,18.4916072916193,71,0.00667512276043427
6.23011757195439,27.5355629844535,100,0.0204828094297985
4.10359258422711,29.8235794882155,100,0.0326890698911195
1.64806665984718,26.3292874905497,100,0.0668270997729124
-6.93981465187562,18.9993333107475,80,0.00737488458181846
6.0265941857246,26.5555919573936,100,0.0208656998527743
-7.78990720570946,18.7567554129477,39,0.00673967002490767
-3.78757685262221,13.3290062474045,100,0.00424750314709795
-1.21267752717843,18.188091227208,41,0.00999587051517536
5.24373731934297,5.90520793237583,45,0.00194187977532987
-3.604759172119,18.4572805413003,44,0.00936946653221767
-4.57913842158456,18.32034010632,46,0.00851076878211309
-4.44584769424504,18.6190013184647,83,0.00874236994196635
-5.54152794970259,18.8690018386422,91,0.00822572691783719
-2.16423429050775,18.9413391610876,37,0.011254991752707
1.4139819712397,18.6692215042263,92,0.010352666582627
1.25493077736061,18.1637280332041,57,0.00978305992822168
-1.92942894442034,18.2867781366026,83,0.00956078382428194
5.48532029546343,18.5171393327626,58,0.00805789586854989
2.92666589073656,8.1990995831147,64,0.00248468210740081
5.52698023760761,18.3216819467762,39,0.0079144230860261
-3.84923512764665,28.480121360743,100,0.0398396367664744
-2.10754868913533,18.223322559164,37,0.00981044914190609
1.49710516974755,18.8279588771045,60,0.0110202048164888
5.11371649484614,18.2881947297728,57,0.00803895930965775
0.0877190276107048,18.7809094812662,65,0.0111282956814273
4.17821437205649,8.40117114999538,61,0.00248045039282603
-3.9513754263969,18.5591276775683,35,0.00938583044090447
-3.1730930552804,18.44694212349,35,0.00969946741602594
-3.32500211754142,18.1859216485707,35,0.00916856330410041
-14.2635093875241,15.4824241252699,100,0.00272789014181803
-5.43645845363724,19.0320695876188,46,0.00884875441614812
-4.48344922625357,18.8891424291024,37,0.0095056333337675
10.0891555565593,8.91499320654775,72,0.00213286846273573
-2.15425115197727,18.3834330389974,36,0.0101040165648805
3.43079279716658,5.94676639696555,41,0.00201201046867622
-5.91885476623676,18.194206143053,65,0.00735914757150224
-0.709013478235839,5.84661874832272,11,0.00205276820402029
-0.281299775803925,16.9942114869304,100,0.00780808683988718
-1.11791431057286,7.81111838964425,41,0.00244943185347357
5.68085314629781,13.1330759454997,100,0.00385963609021939
1.16172180433569,6.06905077984924,37,0.00207965094871621
4.93237815743958,18.6501719113799,81,0.00846216618295481
5.46695564800653,18.6656430391808,88,0.00805493273924608
2.7583666099058,18.2881925080517,45,0.0095554112317668
5.45583672327027,18.9143777637939,75,0.00845927628441175
-19.5307943240188,18.3378264408469,76,0.00208052353446708
-0.756846034964662,8.78983102564575,65,0.00269039744717382
3.48094658865576,27.6862249877224,100,0.0453543166965927
-12.3253318492523,6.63052335243792,100,0.00163249859497355
1.1405422330097,8.5139651064775,73,0.00260539664275401
3.04013683913698,27.1400577209714,100,0.0508555692736546
-2.46805952444083,18.2038103168765,52,0.00948243144622436
2.71355870112089,30.5861491453559,100,0.040502959611615
0.293391740409403,6.69726962926105,17,0.00221926053996498
4.01875440623726,18.7345636107392,69,0.0093242239359005
3.53140010092158,29.8612790900675,100,0.037919062518012
-3.1730930552804,18.44694212349,35,0.00969946741602594
0.760586985409685,6.46819471948983,35,0.00216149993719384
3.03283860809577,28.220223758392,100,0.0520075366641005
7.37257160485563,30.5539857804227,100,0.0139847006467176
-0.803278493396756,6.44882639391114,73,0.00213978106481884
5.33024326109303,25.2402758456659,100,0.022132744901999
-0.895564627437843,7.97513125959397,47,0.00248842764101982
-2.16423429050775,18.9413391610876,37,0.011254991752707
-2.55049280352602,18.5827182973616,65,0.0100003100278867
0.693135416811613,18.3464556335709,37,0.0104588859719711
-3.20693187575574,18.3895171364631,72,0.00925079087025574
1.21691522188007,18.5454684104001,49,0.0106309010337957
-18.6089169503177,18.2760478884928,88,0.00223279766210324
-13.176494869753,18.7402346132392,74,0.00377196681809214
5.20605867170243,18.794438922578,85,0.00842382971059958
-5.71446872072169,18.5762525938425,80,0.00782674313602988
-8.55116891614201,18.5919590286551,61,0.00602253702276085
2.95250995526039,18.3189120608395,41,0.00954432923294938
-0.84917533383508,7.45131366890284,21,0.00237932640338688
-5.13624898258718,18.5791485679015,70,0.00830294481651826
-5.49788960623897,18.9066473643888,65,0.00848806773618299
-1.38215185824786,18.955070068077,37,0.0116507843669324
1.26024497072952,7.97518606585382,47,0.00248358234247913
-0.69789322349819,6.34910733846944,42,0.00213511100233626
-4.79071068820739,18.2529349773381,37,0.00834227675461126
-0.453111003582437,7.10254472910021,26,0.00230080989769068
2.31062836521692,5.85656039641278,14,0.00203315778946116
-5.17696200094684,18.7730506042002,53,0.00865074016697096
-10.121974662851,18.4972106289738,67,0.00505713711033149
-7.69358897457575,18.6048887703568,44,0.00665901896653409
9.17239416332193,5.91264060969557,19,0.0017584747466603
0.0479738516906646,27.2546189116565,100,0.10234067985165
4.55083038545573,29.9904231447301,100,0.0284539575272991
3.00600032270568,15.842075987699,100,0.00612005443201311
0.263037246718772,18.9023326227554,41,0.0117189147072519
-0.257846449670214,6.83314426497291,29,0.00224191059813836
-1.43310625558622,18.249178672174,51,0.00995555492133964
-1.13195223316117,8.07044589979249,66,0.00249714277492315
3.96737844150687,28.7531928196232,100,0.0378262336327942
1.43546175658054,6.7293232175382,32,0.00220887434750407
-2.11245113149394,18.1727486697806,36,0.00972476655940223
-0.218038499241887,6.05569265860771,19,0.00209060580760635
2.25672013203692,27.6312105094375,100,0.0664597669136547
1.50837845131183,18.6495656863376,50,0.0107490969252846
3.21964923954659,30.3238943915276,100,0.0379768533658547
-11.7078514502093,18.3686524203225,84,0.00422861724820057
-3.9291590010015,19.0064339342801,65,0.00987685480136743
-1.69757370280551,18.4003493351213,50,0.0101738581737404
0.204450387901156,6.68837108714837,24,0.00221418719103593
3.11453807605318,30.2810610229481,100,0.0392820780118228
-1.07763314364038,18.4963882926674,80,0.0102288541168013
-3.73210110285853,18.5421127526392,49,0.00938300790697943
4.09149925321652,18.3840094463836,83,0.00863862338445187
-0.501455905197086,8.87110731671018,78,0.00270579289179437
-1.54973138120762,18.5139252784432,75,0.0101859049305967
-0.928065969194944,8.33085482835608,39,0.00258332458075083
6.26725369449813,27.8078713789895,100,0.0203325111250785
5.17484712473311,25.4741856497851,100,0.0235971210741802
-1.15101186400304,18.8763179446884,35,0.0115667676746868
-1.42782414667007,18.483893914624,38,0.0105625373037586
6.73015267086618,30.2293816880264,100,0.0164462674633411
2.06941559315042,18.298654615164,82,0.00953957808116526
-10.8921561687318,18.1772357940699,65,0.00454917822742545
-5.20170629938723,18.1754994034833,46,0.00791313046634144
-2.60087109960403,18.6841583029152,92,0.00989273494449425
-1.21068372429035,14.8004054258318,100,0.00549595364632211
-1.59142350469966,18.4891409942275,80,0.0100735582260704
9.95861048842067,31.8919393071228,100,0.00797947717047308
-5.3225013948187,18.6908037511062,70,0.00831069746587968
5.7891087633665,29.9403184767626,100,0.0209479512603541
-7.20348440165509,18.4044117699399,33,0.00687177978852601
0.592519260049483,18.5427809874166,50,0.0107427911280528
-0.664276232299987,18.6478293756668,81,0.0106011801983239
-3.02086401281853,18.3998836748311,45,0.00961133652053894
3.07546701986657,5.85361255285545,27,0.00201047466730252
5.88942816459157,19.8530774555534,82,0.00926638377756601
2.9024899066775,28.4428287775641,100,0.0535799494150749
0.24521737151395,18.5782368243911,67,0.0106569815143691
5.46172706378812,20.4427696031742,50,0.0110174502222674
5.6742621568793,5.90621016739067,45,0.00192447809216149
-1.32710812234397,30.8950372805135,100,0.0479244687902393
-0.580681829048337,19.0371209015543,35,0.0121060693514948
-0.0766629665727117,18.6430984450819,38,0.0111506422765215
-4.73624493735752,18.1932991335202,50,0.0082100448218098
-2.31116678331713,18.281746731302,94,0.00931019794508401
-10.7052776471007,18.9605402562015,54,0.00499684324613005
0.794209796196052,18.4457354253512,41,0.0106063191742121
-1.79758255770274,18.3840584322146,43,0.0101782006364569
6.63127653967531,25.945863776519,100,0.0173781639247449
-4.85158612586997,18.9033582439126,71,0.00894594753362345
0.236663915874041,6.62822403592588,13,0.00220702905081612
0.965089074286191,6.12249027749318,32,0.00209377844368013
-3.1730930552804,18.44694212349,35,0.00969946741602594
1.00111783680453,5.85783571607907,16,0.00205063909558509
1.44020762002538,18.0770261843277,100,0.00928453770441096
0.223070673781264,6.26372462145176,11,0.0021344569212929
-0.865549752861012,6.23012976467894,43,0.00211035055603307
-8.53199795674083,18.742462443216,67,0.00611441229929455
-3.00275906716746,18.4329098391894,66,0.00948668571426039
-5.99277634407528,19.0352491527063,70,0.00821608920121488
0.457789091387698,31.7763098621668,100,0.0393106854180393
-1.35153256361047,18.6421959620701,38,0.0109267722099644
-2.37633451684426,18.5653730061045,72,0.00998392288427921
0.0309426225282462,18.9078344190737,66,0.0114070150394352
0.135110146857624,5.91585052447266,20,0.0020639017507172
-4.48377312287987,18.2511030679631,77,0.00826037551146926
2.80375098547444,26.5160510469442,100,0.0510945956999722
2.683438880452,27.2101482236695,100,0.0570588690858078
-8.98790721012527,18.8938879223671,56,0.00596314289079097
-7.41884821965956,18.8125168870238,61,0.00694832285731281
-1.20308204635422,18.8757107647267,35,0.0115489356470381
6.6302409932403,33.5168731935093,100,0.0116485858680854
-0.973918208127595,13.0315355075589,100,0.00433332778564746
-1.14234972629132,6.70736337591412,48,0.00220025739648282
-5.56163185694069,13.2073172648568,100,0.00391282115317352
3.98261781529688,28.7249145865472,100,0.0377241961509803
-3.23981720385582,18.634034852404,38,0.00996624909059323
1.6878917190078,18.2474781758867,77,0.00962701911679938
-7.31613451103847,18.3869061451481,79,0.00657506523337136
-1.18806906468479,6.75677089929965,27,0.00222019471527003
0.965089352308718,19.0178757796822,65,0.011555695546442
-3.64977671936992,18.8556169109068,71,0.00976342814007803
0.858738079866648,18.1901841106427,65,0.00983596840100556
3.98276474757485,28.8087271553108,100,0.0375077524094846
-1.17350937299097,6.20961038812673,16,0.00211563643320321
-3.1730930552804,18.44694212349,35,0.00969946741602594
-5.82272451340372,18.7480604397222,70,0.00800928531506996
-2.82707069609804,18.5744199794849,35,0.0101380522877016
1.76211682829752,18.4317671913852,79,0.00991857512634708
-9.35092602292501,18.4039128436857,71,0.00540886198394325
3.91736232720777,18.1879536205353,76,0.00851650091772025
-3.1730930552804,18.44694212349,35,0.00969946741602594
-5.50507261889267,16.4257765060499,100,0.00584875518491268
1.05057465608064,30.0211953244441,100,0.063815669980809
-5.40163176449878,18.5906931123203,35,0.00836668946447777
-8.09129536011884,18.2731568748981,40,0.00616137944375872
1.74803751258218,18.7493318587539,41,0.0109789456095048
5.27090716478791,18.2896597917524,57,0.00793660060408119
-0.728751500982737,16.9820521258366,100,0.00776465545103867
-7.43780773636002,11.8414705866883,100,0.00310699052281908
-7.61544525653712,18.2069066645101,44,0.00638969156845259
1.03172641219949,6.09809183475198,12,0.00209731590763256
-0.867755592021414,6.32677457285194,16,0.00214138714945626
6.62100992182013,5.98304936831683,20,0.00190333417896191
-4.3501046510715,13.5869564981021,100,0.00429960584146606
3.97166797467863,18.4137934108416,60,0.00893421007871843
-2.61058610259838,18.683864791972,75,0.0100562852643324
1.88283148449326,18.162750118006,37,0.00978409648388364
-0.172748383920026,5.85375413420589,32,0.00204725016762717
2.64816851072901,6.25597955573206,17,0.0020990724759169
4.31905686035782,28.7386406981144,100,0.034100490254017
-5.47091126051249,19.067568090641,37,0.00893970926284744
-1.94668085901902,18.4741305240862,79,0.00992966707104784
-1.19916746963287,6.86740809217886,27,0.00224325999952612
0.0303005466393435,27.7793751666736,98,0.108593912902153
4.92847632349264,6.21097213843065,96,0.00198599952283049
4.71198859157207,27.7198408918534,100,0.031129539387808
-3.98835832058941,19.0638351133852,35,0.0102351777524238
9.3978819160442,25.5630273140111,100,0.00966156069189133
-0.728257905132444,18.9844589860457,38,0.0119007205554827
4.55391562370031,28.4129271215767,100,0.0323169534403969
3.39980557796815,27.9049654315866,100,0.0465948696366138
0.308437614218494,6.57298589521898,32,0.00218633849946002
-3.73052088901497,18.4355252272844,74,0.00900399555821109
1.17639293872484,18.2311189933903,42,0.0100782018825217
-4.62728053798219,18.1985392097019,63,0.00819803637252791
-3.45169851922897,18.6721244801961,41,0.00986631257433517
-0.298251662768983,18.7919168709117,36,0.0115150992879746
-8.58456695654029,18.4800491572438,33,0.00602763846269942
-1.02305929136502,7.4752406494435,54,0.00236442143336349
-0.849925821430553,18.1538375386563,79,0.00963790821223662
-0.772823711448531,7.12247223678702,38,0.00229676728060964
-3.01679263407785,18.5019929853021,50,0.00974682969672431
-5.30263494999527,18.1816783516283,75,0.00767973838231719
-0.831189802981273,7.21669145400297,27,0.00232293926246963
2.80375098547444,26.5160510469442,100,0.0510945956999722
3.14102250478422,29.4103323235967,100,0.0451126682365106
-9.38207226190576,18.270751529279,84,0.00528257364166152
-0.919214709115347,8.61041604152437,41,0.00265646572877607
2.74891330595215,28.8401855124541,100,0.0543010003734991
-0.471952969894787,8.39991199981136,37,0.00260710738843918
-3.1730930552804,18.44694212349,35,0.00969946741602594
0.623030548962482,18.4045488044476,83,0.0100991641766347
0.996297456641693,5.92354754372303,34,0.00205526284105721
0.0221314762072784,18.4666672368452,91,0.0101771425794277
-6.54843076596253,13.64331672381,100,0.00392261208574933
0.386836791453616,27.8505351465218,98,0.106943210901067
-0.185596671101031,18.6319278887292,79,0.0106365360682915
-3.11116413290369,18.3138087530901,89,0.00903883678888797
4.14142517436043,23.2630258038736,100,0.0207486368523877
1.27834851392781,6.13076190550038,31,0.0020927127463065
2.67656059382431,18.4798424401745,41,0.00998247903178459
-8.77709219038592,18.8832607105663,79,0.00600808508203117
-4.80470739783321,18.5790884469937,37,0.00878391355670706
-6.71757502354332,18.3119445236456,39,0.00708637984526799
1.1307840455006,6.59749209056423,75,0.00216531548262181
-0.653569741634719,8.52524316123361,15,0.00265457058045563
0.993638146946104,18.2669999815568,51,0.0100971673730267
4.25322439034396,28.4213993123019,100,0.0353298203986847
-9.42932227088058,18.6794429788088,77,0.00549999227661431
-2.61759810014693,18.9305078627001,83,0.0104372453743096
-2.57176946854841,18.9873968127747,82,0.0105864898621178
-0.0241836343887719,6.12560467052222,40,0.0020949461275671
0.424960042954053,18.6256608057605,50,0.0109436207291344
-4.86167724229474,18.4503241829283,35,0.00857617029007015
-0.621689454495923,6.37258768138661,43,0.00213972629247584
2.93187481350503,18.8071802992693,82,0.0100328263865292
2.24871074488254,18.2601423942629,54,0.00965822499079982
-11.8691954588414,18.3452622577809,66,0.00418528153451814
-4.07290780276071,18.4034765439952,82,0.00868517050767406
3.80174170065563,26.5040462896141,100,0.0381734708603369
-0.435972217525139,6.05809735267303,22,0.00208913103704752
1.25954048088371,18.6253201775958,80,0.0104395489791937
-2.95686480762648,18.1372066919729,100,0.00883386055111595
-0.429585301429506,8.69144557767655,36,0.00268697013593413
-3.1730930552804,18.44694212349,35,0.00969946741602594
-3.1730930552804,18.44694212349,35,0.00969946741602594
-9.32631990358686,18.4319985283736,81,0.00540856992500114
-9.25358111156256,18.2141766455466,91,0.00529954308156092
-8.66691373350289,18.8651616147653,93,0.00601519159507146
3.6194330141696,27.0288616157836,100,0.0422045245433725
-17.8061098400998,18.8648466914296,88,0.00245282263098367
5.0512863633467,28.8461366538759,100,0.0274827023403597
-0.84049831817895,8.29110591550812,47,0.00256873010178181
-2.25716839243265,18.9386044786792,56,0.0109638113184276
6.36424833838032,30.5294652741727,100,0.0173840164659664
5.44327590797389,19.6926364356643,87,0.00943785604690667
-7.94145060039747,18.2094574164344,48,0.00617571911428022
-0.408902801837492,18.2770566608745,73,0.00997758132498139
2.6596423570654,29.4364054351064,100,0.0513984041489095
-8.00205521812413,18.1868634328707,95,0.00595141145298207
3.02520615329469,29.0094381815429,100,0.0490888108562202
2.41660626927014,18.4583907784544,39,0.0100954545846706
1.27101915099552,8.81141317220677,28,0.00271582505371552
-0.645959075247428,8.57595100751552,40,0.00265082905131788
-1.20456718425417,6.45416948668864,11,0.00216584072689168
-6.5457167297799,18.1900909438305,31,0.00712360054787419
-10.014287471808,18.2671854674205,82,0.00496443590917757
-16.5110945158631,18.4874205446053,67,0.002716758965589
-3.78359671472821,18.3799733159802,63,0.00897577908963258
-3.56465531748301,18.2468178368975,61,0.00891704300536306
-6.56430723655672,18.2343607416863,42,0.00709885176212172
0.464355298355444,6.23137951406179,37,0.0021156529871973
15.0733862102005,8.76972251605518,72,0.00166723950312895
5.4264085993693,18.9493141017062,41,0.00878200155518606
5.85822209739462,18.786416197302,86,0.00792568144241861
-0.475904753660282,5.8946584871286,67,0.00203932635992729
1.44127241492401,24.7348623558935,100,0.0459717763626508
-3.47182415165136,18.2795772030943,35,0.00923678789799339
-6.31631371660425,18.6741848538838,30,0.00780038969448457
3.1837384749497,8.47292790808797,63,0.00254295255399332
-0.624407480172339,8.79947369120881,37,0.00271487076955492
3.58686749099633,19.0090433585311,49,0.0103063109103238
4.77957445922629,27.4039876781171,100,0.0303449543233784
-1.51786834545477,18.2314777923649,82,0.00960271984669276
-2.90975094632759,18.3024279107357,82,0.00917949471649271
2.89022667569697,18.3885033306736,75,0.00939081149544143
3.60944108578594,30.301193007445,100,0.0346230939857135
3.28648260474241,27.0760286614241,100,0.0469075756331165
-6.75745522002882,19.1423762394145,58,0.00778921072460748
1.30243193582945,8.74960383009581,50,0.00268203074117691
-4.76446885343271,18.4783913791941,91,0.00828233265439614
-3.73490988624471,18.5082973397667,41,0.0093960228150647
10.8494064659395,8.72400612498422,73,0.00203192487742932
-2.16423429050775,18.9413391610876,37,0.011254991752707
-2.11111845219498,19.0112404582005,36,0.0114573473178755
-1.30299922237231,18.3069702335785,41,0.0102058732118396
-4.02620538291775,13.9339935395526,100,0.00454381452561124
2.07877646290024,5.82315417688513,21,0.00202840023460621
8.16024013556291,6.37092538129877,86,0.00185899881003295
0.210537355640659,18.503193054115,41,0.0107970035752121
-10.8961507576824,10.6811485867578,100,0.00235970104502146
-11.8802936871975,18.8594452614693,54,0.00437685394855096
-0.774939879883539,6.19294186616948,28,0.0021105217248434
-0.596028125624258,29.8164342005099,100,0.0710275172200574
-2.81701648192059,18.5275110311851,68,0.00973188660723106
2.96555453301094,23.0675719124501,100,0.0239953582858348
-0.808767868332284,33.3045903417106,100,0.0248847744217197
-5.71371723878734,18.6404057816649,40,0.00815851870349877
1.86323324909789,18.8185204094723,79,0.0106333953087989
3.9634414731453,18.6518168481484,58,0.00932633417022969
-7.69062815050981,18.750710204838,51,0.00674998682950353
-0.769531110507332,6.23563574984032,9,0.00212738910697997
-0.795503275855224,18.6490982062328,50,0.010941241798619
1.69000303941868,5.81856054584635,11,0.00203775287364575
-2.63311670141578,19.0305187277724,37,0.0111712038915884
-5.37034513643392,18.5572549234136,76,0.0080706559284439
-1.18775590767654,18.9159483893084,38,0.0116103658452093
3.28900125176272,6.07147387487216,14,0.00204954885952255
6.42859435340553,33.9923835023098,100,0.011258877876349
0.5429780436922,8.76847962019459,26,0.00271496287251696
-4.09335066241058,18.2583807555496,44,0.00875110037462505
-1.05165954071909,6.08194384974693,17,0.00209185527351965
0.846659478167558,18.2823603437404,80,0.00986459010500478
-13.9801272673741,18.5016129251338,82,0.00342292850996272
2.42892173644218,18.1822506528128,41,0.00956174566069168
-0.618900594913506,18.3582053551938,49,0.0103635937538881
-0.32270932153592,6.06016293282412,68,0.00206999944203568
5.54283270524737,20.7269302325707,87,0.0109622306527835
-3.23030069724784,18.7464620080392,69,0.00987021232248225
-3.1730930552804,18.44694212349,35,0.00969946741602594
1.6965992683084,22.9788360747555,100,0.0273095138714499
-3.5835957656787,18.3168988352234,35,0.00923041200673297
0.693703423764856,28.0867040981176,98,0.102742606912655
-0.681855235639571,18.7416646249569,71,0.0109131580380968
-2.16057531266436,9.53387761121365,100,0.00285338338316977
1.19337749344963,18.3434173447655,57,0.0101405462266852
5.78043665042821,18.6213357562215,93,0.00775252694087398
-6.75057605456776,13.6681742817083,100,0.0038923489750707
-1.56914279901293,18.6242604631562,38,0.0108125733502456
-1.01326949718396,18.5290660181322,94,0.0101608351341889
2.32651329958334,18.3331873322708,98,0.00935476701770527
-11.280857874313,18.6421569464241,92,0.00449741057828079
-0.746187555859457,8.77164965221968,69,0.00268261863607127
3.45441152375015,6.22600903422571,20,0.002070749241849
-1.04440769728418,8.0097883386325,35,0.0025026794180041
-0.661918862434073,18.1643042911099,35,0.0101143307293969
5.5084975141301,27.7145202608863,100,0.0248348048999886
-1.05222900600069,6.74474300262874,35,0.0022152591596263
5.77407276036992,20.6444031893638,83,0.0105681893392851
1.90750802085076,28.2653405091813,100,0.0729773195658575
-0.928379663965326,18.2174267530686,45,0.0100739487340415
0.0860744835287458,5.96905019150852,31,0.00206921012192742
4.16426895726654,30.1452732538764,100,0.0308081312687392
-4.94658563001055,18.9942688303971,72,0.00899338709870493
-1.22488071370785,6.69686364691229,29,0.00220637564188268
0.554453984139589,18.4807704625718,41,0.0107179357392567
-6.43272834346824,18.6261796216151,81,0.00737097536293432
2.68664841824043,18.4845243916549,47,0.00992636663121118
-3.70330801407544,18.9486987893509,37,0.0102303040447159
-8.09129536011884,18.2731568748981,40,0.00616137944375872
5.35727590844431,32.1958273142884,100,0.0174246113819281
-0.0349218861236701,8.75671645555012,86,0.00267033479994705
-9.70440111613655,18.3657901796259,64,0.00521812035932494
-0.681509538967949,8.82648836331949,77,0.00269260859593011
0.777865857720563,28.7862623203941,100,0.088014614818869
4.33672868085197,26.6824337145028,100,0.033225030907012
-7.07057943103829,18.4877299852517,90,0.00676788242510405
-5.51190257461403,18.7470226684892,37,0.00847091868342161
5.42670260112064,19.1431033228927,88,0.0086838772678456
0.926812772501383,18.2873909798165,80,0.00986013538353484
-4.49840548020594,18.927743418835,33,0.0095928840219346
-0.0263533235175452,8.73466721620389,46,0.00269304182493253
1.18322213666331,5.92372369231025,14,0.00206204507945224
4.50428806055015,25.9779397746563,100,0.0296415611746801
-2.18822187006806,18.2227716856941,35,0.0097953453946395
3.76102866788386,28.2403789800316,100,0.0413392490947628
2.95238176364593,30.5579668408402,100,0.0386250761293918
0.530909032617713,6.54430100233313,12,0.00218916787049725
-4.80470739783321,18.5790884469937,37,0.00878391355670706
-10.005099005372,18.5003064644111,82,0.00508052625590523
-5.16653818813697,18.4272504720128,97,0.0079180202869984
-2.83830789005517,18.8052718974428,41,0.0105188448484268
-1.06473507957958,6.49144608244876,35,0.00216355351845991
-5.96473653099283,18.2080157538429,48,0.00743694926475207
6.84179346143593,-10.7403551324852,28,0.00064910030018128
3.51649828930287,18.5718138531122,58,0.00949125726343324
5.6304344439283,18.715563474046,66,0.00814026566251279
-0.286616428062184,18.289379757854,38,0.0103730591608034
-1.20245768859093,8.2779733505082,45,0.00256179648067743
-5.65285775579827,18.6308565017868,52,0.008113214914456
2.6596423570654,29.4364054351064,100,0.0513984041489095
2.92582896729131,18.9649634950211,43,0.0107636676533677
2.74277433192166,29.5549587376508,100,0.0492792695761486
-1.27649578111285,18.376960979164,69,0.0100621934549034
6.26809325863886,28.3502039191554,100,0.0202310045036876
2.9127667938525,30.48696454595,100,0.0395574908240303
-1.38215185824786,18.955070068077,37,0.0116507843669324
-4.06616117708822,18.2858410614715,34,0.0088870837980116
-0.690743279462562,8.11291978946263,58,0.00251778747682114
0.584873572187319,27.3159222044259,98,0.10162143123662
-2.78089071326947,18.1744873910047,95,0.00893116728078879
-1.16133712715877,6.71276349237944,17,0.00221627480881462
-7.41579029683554,9.29288601826575,100,0.00244093809880027
-0.538263953234563,6.71553363113916,22,0.0022196008906274
3.3819956315856,18.2401667025198,83,0.0088336207141548
6.68450870287623,27.881260703663,100,0.018320367594846
-12.6479935803171,15.3691064456098,100,0.00306818077842084
-11.5684199177999,18.1595516964703,61,0.00425618826196824
-3.19519694665434,18.6824885555159,96,0.00952746773169984
3.90047395492348,6.58555759254714,14,0.00212689398995435
3.68410826984267,18.3139791353795,48,0.00905602177377585
-0.83744808118882,7.97198880295743,63,0.00247841017399794
-0.945433019854886,6.04350169896529,9,0.00208895452243888
-8.92789509837731,18.4944018764179,83,0.00566104318704402
0.771934191383362,6.48278711122739,20,0.00217138786591478
2.4706964563677,18.284469190318,53,0.00961355444598409
5.0708373158729,18.5181588150736,59,0.00834672441075562
1.86055023303999,18.7678419621627,65,0.0106891900266131
0.688126456324046,6.20452705260586,42,0.00210709277986405
-0.524825599654517,7.52409395982219,18,0.00240052363035384
2.68668806451818,26.9882680016526,100,0.0559241408162688
-5.10383115404585,18.1699055895439,36,0.00803393709251988
5.7344857594819,28.2703271660804,100,0.0232814328934269
-3.48762526362025,18.5339173041866,33,0.00967460440129144
-3.39415367004267,18.4100813840007,49,0.00937685209124861
-8.1252794646076,18.7522313689429,36,0.00651486478617161
2.9024899066775,28.4428287775641,100,0.0535799494150749
2.58042566600805,18.3267901820745,84,0.00935757890172151
2.12000634782848,6.56328590667369,65,0.00214823650442329
1.50095786283466,29.6236954937191,100,0.0655302033298889
3.94820517403667,29.1231485748017,100,0.0369252382848384
4.30557508829023,29.6613442395463,100,0.0315662869104417
1.96336142626704,18.9515982974407,75,0.0109125716888166
-2.62441856120499,18.5286785906441,35,0.0101641307827763
2.43406148160102,18.5677104796329,56,0.0101219423386091
-5.4120380787681,18.5113364624492,41,0.00821613205733774
4.61975432744816,6.30993490110811,44,0.00203623812066819
6.55892136839177,27.6781449122026,100,0.0188843247538427
3.15202885516971,6.78379492996617,71,0.00216358990796811
-8.12617344988325,18.4817745057237,48,0.0062613491520379
-0.423481424429976,6.70965187818621,29,0.00221547812385293
4.08386549139798,28.7152666407016,100,0.0366188684122376
-3.00979511546798,18.6461413545512,90,0.00962669306298029
4.81360542622929,18.6691024969246,58,0.00874377249194769
4.36528777016693,28.2074127916264,100,0.0343919450831879
-0.416920928269182,8.43770292338465,34,0.00261952601970166
4.21249736928979,28.5679480135869,100,0.0355295620675855
-5.51190257461403,18.7470226684892,37,0.00847091868342161
-5.65285775579827,18.6308565017868,52,0.008113214914456
0.554453984139589,18.4807704625718,41,0.0107179357392567
-0.675998196995631,5.87215173859773,38,0.00204633814200259
4.94304185295268,18.3535069675067,42,0.00833808816125963
-2.21433879672626,18.346475918169,37,0.00999650610859281
5.25621416972017,20.3744265162262,87,0.0107202852421354
0.80265845736971,16.5555214772428,100,0.00722729068862676
1.98380073148188,6.17858692356477,23,0.00209523371151086
-9.04053763773898,18.4386027955803,83,0.00556426261468541
1.09670533494716,10.6441779661568,100,0.00325170638087803
2.71355870112089,30.5861491453559,100,0.040502959611615
-0.799690264278486,5.94999477908695,34,0.00206167294306893
2.48009256508683,-10.7847673280155,49,0.000664246412374693
5.6620747622785,19.1253002203729,82,0.0085123291478343
-0.251792035980354,18.450705607009,43,0.0106584267692368
0.637346833586736,6.35509079646556,31,0.00214168771047538
-6.68305173318276,18.2953537605595,73,0.00692663343071825
-5.25534331081189,18.6092321762567,50,0.00839495202937351
0.863965621408103,18.5440873221206,80,0.0103673470820623
4.08386549139798,28.7152666407016,100,0.0366188684122376
-0.722013645261437,7.89460852233517,43,0.00247286948802576
-2.8068074310117,18.5709964292255,79,0.0097098960048779
3.80788784753814,18.6000099426803,58,0.00934830065700777
0.0536780181548358,5.98759991448666,22,0.00207658518267024
1.80330504933473,18.8326024283283,97,0.0104855733864249
2.68060440101757,28.9898461742086,100,0.0544650401066858
3.02170897908702,29.5166833274396,100,0.0459300639835932
-0.139356727922149,18.2999523002836,67,0.0100970771705585
-0.75758998301948,8.84824335232566,30,0.00273247319893762
-5.39169417544999,18.5150851678615,54,0.00814850507448103
5.46328272643197,6.51426963070868,24,0.00204565316485461
5.16523627017676,16.3283062635053,100,0.00589660439359093
-0.466617831759672,6.65367555199734,36,0.00220032003072166
1.49485893253857,18.3989353923849,83,0.00990386011543946
4.58176486386353,18.1781023143454,60,0.00821985531507206
-1.5983002926174,15.2209091493343,100,0.00580607408509891
-1.28206470611412,18.2682838275191,36,0.0101864718566889
1.5920355107285,18.7909812983968,37,0.0111850451245843
-5.71955472242735,18.6965144807024,65,0.00805760073723569
-1.26971761049279,18.7929962489622,66,0.0109473688085891
-5.61284379868429,18.2345664398434,47,0.00770547945792302
-2.77378059814882,18.4064608447653,75,0.00947978472858662
-0.0267501152557514,29.4702604362982,100,0.0800597182573085
-7.921615302474,18.2041288931923,47,0.00618763245447007
5.5084975141301,27.7145202608863,100,0.0248348048999886
6.54612517810653,23.8718554717239,100,0.0145628431266825
4.03714931123506,18.1904812254519,82,0.00840879754032737
-3.53687416896026,18.6695324386141,87,0.00938104882925703
-0.18654250085378,6.0081254978462,31,0.00207643685422929
-0.607017452865968,18.3262443929251,33,0.0104727909501622
-3.53608603871882,13.5240139524873,100,0.004386718473792
-11.0496074942435,18.4275521601657,49,0.00461064886875759
-0.393401938438679,18.6471761805492,85,0.0105870902577263
1.30128730100405,6.79627358571578,42,0.00221962289593469
-7.05509093030032,18.2663273237659,65,0.00670072529610975
-0.457726647213218,8.62389970076905,33,0.00267032955928157
1.09719456226142,18.9329589656707,37,0.0116933130615226
-9.45935710073681,18.2671684010675,67,0.00528746450213131
1.77599193913466,18.3666594378369,51,0.0100702777619603
-1.67382047122882,18.6978638649188,79,0.0104635280752877
-0.596028125624258,29.8164342005099,100,0.0710275172200574
-8.80226569256014,18.8151375408577,58,0.00602363284575168
4.77657313899795,26.6018911516608,100,0.0291523093320801
4.6209896655191,18.2453883118587,57,0.00830433269318032
3.99081286391511,26.0404278198965,100,0.0343136410436237
-4.03413300295592,18.3814416425402,57,0.00886983053503231
-2.75160038557752,18.2338387622526,48,0.0094376057493415
-0.814014266210474,18.8231359121091,48,0.0113570714525318
-8.80488088926559,18.4037066874448,56,0.00576462626500779
-4.94799700088904,18.3701673082106,32,0.00842715178544137
-4.79071068820739,18.2529349773381,37,0.00834227675461126
-0.583727778097467,5.83599659324688,28,0.0020443505563615
-10.1641868129137,18.7717256086194,86,0.00511689840092919
-0.61334426058368,19.0293087142778,37,0.0120510782789116
-5.32746490393177,18.4601831361691,49,0.00815909100125756
-2.93468698856853,18.6660963073261,37,0.0102287164266218
-0.596028125624258,29.8164342005099,100,0.0710275172200574
-0.63696408542668,18.3484806016032,42,0.0104167497922276
-2.82707069609804,18.5744199794849,35,0.0101380522877016
-8.68084053016009,18.3300815427225,89,0.00568178935336311
0.371543935826667,5.87272819156049,34,0.0020494595670833
-6.04181624066209,18.9308055569484,98,0.00787667477261708
3.64921493191897,30.3078100718867,100,0.0342424762245059
8.04284855329921,26.7094202184256,100,0.0131726113360148
3.2231175023106,30.3479192052118,100,0.0377742205404325
8.99438662627804,8.86806961261376,71,0.00222399968711518
6.32957692214411,5.97241093156152,53,0.001903365391735
-0.286822519871915,18.5485720642498,81,0.0104374358332159
8.13712157731464,5.90008755484107,25,0.00181190348042426
-6.84718982262254,18.5430121471908,83,0.00699720043298153
3.70699300988648,29.9657002549028,100,0.0356232327415488
-7.69225639341364,18.7257119547324,51,0.00672813474462291
3.92219833812998,18.2971127655607,71,0.00870647178760453
-13.7103731070106,19.0739349870747,48,0.00369150825136569
-3.1730930552804,18.44694212349,35,0.00969946741602594
0.574882610800949,30.7175098432963,100,0.0543779950466199
5.43214791250963,19.0611026415918,90,0.00855786505326498
5.35070819728021,18.4029531918565,60,0.00800062806065289
-7.091056534418,18.4451402712328,79,0.00676832982333875
-4.20675381196693,18.7730516570777,70,0.00924275342220223
-4.24585632090256,18.6172259639721,68,0.00899442240747314
-11.4983264759904,18.9084642776764,80,0.00451947518592723
-4.90166496230397,18.2330348608084,55,0.00812152583929027
4.117735794683,5.85627607600601,45,0.00197404136122284
-2.18822187006806,18.2227716856941,35,0.0097953453946395
1.71668426682948,27.7294207860045,100,0.077727979695734
-0.96879683121307,27.6687804461102,98,0.0982645850551628
-9.69427674522238,18.57977009205,44,0.00539299840357853
4.31454353424588,18.2751345246192,82,0.00836053134188248
0.386188455725699,8.63051999416985,95,0.0026290151709924
-1.63232671257992,18.7630965996692,35,0.0111306978434148
-17.4577802940966,18.6179602884613,90,0.00249929248646355
-0.520728269591764,7.6799103853777,41,0.00242390130496236
-4.4595617545081,18.361521902375,53,0.00859599437186869
2.12628212444195,5.94316013611507,28,0.0020465629304733
-1.76556641484905,18.7769636741309,82,0.0105549559326769
2.87352889344162,6.01875401989928,34,0.00204226601529927
-3.39715906197681,18.9020247308137,35,0.0103940215658459
5.82741046851493,26.9527243116902,100,0.0223788213478497
-4.40730092738738,16.75683770579,100,0.00655166496065314
9.29635786631766,28.269147154484,100,0.0103638046467982
-0.807962840524514,6.37836555760294,22,0.00214930113444166
-11.7097365025941,18.3289632804434,58,0.00426106437728772
-0.522654143863785,6.43073571805949,37,0.00215452002449418
-1.24156246494098,7.06264850984836,35,0.00228037841448309
8.89741792591277,22.2400413897889,100,0.00828755344893897
-1.93974439710797,18.9270987627774,46,0.0112255604162585
-2.52678347819864,17.7261679901649,100,0.00840299179549234
5.91064626956082,19.1924736722591,50,0.00862186583885005
5.38348403245065,30.9465092162042,100,0.0206603832693026
6.38213959212199,17.980901552401,100,0.00674519377199636
1.70528161408607,13.4204526712538,100,0.00451783003639062
-2.88504276581472,18.2667342575747,37,0.00952572094485084
1.94862010149651,18.7493535797956,44,0.0108548737194318
-4.9980361830662,18.3314393818314,88,0.00796823005050923
8.27315600631182,6.36583478129218,64,0.00185943292007034
5.56264508054007,25.5818432926126,100,0.0217204082429711
13.7520605194245,6.12898227977928,41,0.00150057544864248
2.48106747029981,13.1668957438662,100,0.00431071041563912
0.927220071304294,5.8850102453449,18,0.00205543413420877
-4.80470739783321,18.5790884469937,37,0.00878391355670706
1.86055023303999,18.7678419621627,65,0.0106891900266131
-10.1184822856702,18.2591201371794,56,0.00497301373779476
-0.483922639590213,7.42114770775344,56,0.00235553292421593
-6.05837819097848,18.6919375071999,58,0.00784430764246099
-3.9617989431026,18.9513583605386,91,0.00951630830629048
-15.0000990961679,18.4044840922982,82,0.00309086406291819
-1.15096784571291,18.8212024917601,71,0.0109832262751562
0.587830378092209,5.96102098901931,30,0.00206668809180596
5.8065530653639,26.3091031279963,100,0.0217267678077728
-1.46094679811874,18.6341163358834,71,0.0104959219873947
1.76456753134294,6.75741332099064,76,0.00218825074758138
2.88664539028838,8.8955218687545,94,0.00264318094698715
1.29228050184264,18.4293346920767,77,0.0100774201204914
1.10391022991371,18.2283196588295,43,0.0100793557374812
2.33220287529018,18.7242718214849,56,0.0104795131544107
-0.202630119639883,6.50136249756279,18,0.00217871452918915
0.946225274326406,6.57665096452348,13,0.00219235796046949
-21.3226158449069,18.6475103708804,87,0.00182100377148163
-0.10476968268765,8.79271024276706,37,0.00271576301232544
1.97867505087016,18.4483627751368,37,0.0102967171244147
-3.27443128644677,18.2320475544584,71,0.00897310319974974
-5.10483113408296,18.4874496290947,45,0.00838025105528104
0.206694949659275,30.0654462864906,100,0.0675572201112807
4.52436715900915,6.50194858340971,39,0.00207688613006821
-0.199066837329292,19.0387294154238,69,0.0116717103929567
-4.76669168751588,14.9474889112789,100,0.00501536690168732
-0.647992695438091,6.60088685496037,37,0.00218807210548252
2.30912187324579,29.78742072715,100,0.0527893012685673
-6.84718982262254,18.5430121471908,83,0.00699720043298153
3.2839470264147,26.2185264001025,100,0.0427646451746113
1.4141291732373,29.6965153798407,100,0.0654921196103589
1.26566663686429,6.59914720859575,24,0.00218828282345914
-8.45705999222687,18.2244863655962,53,0.00586201510825424
-3.7468645141701,18.2807554978692,56,0.00890269037670833
-10.8642759224716,18.7880765619238,35,0.00488386870514916
2.93237568496402,6.0436038516333,43,0.00204161260052391
5.81538820797061,19.5214963646746,81,0.0088990937236068
1.75894934645028,29.3148758412226,100,0.0661902193472616
-0.663233078698659,6.88554387309959,58,0.00223653341092158
5.12512511641049,18.6428894233732,85,0.00828872503062412
-7.92794126020865,13.8396321605122,100,0.00371252273154624
-3.97583751919162,18.7700830261317,33,0.00974114447824981
5.44946242712373,18.8741987903602,41,0.00866067253007739
-2.71980481348799,2.60789542677358,100,0.0015266487155737
5.5185430949215,18.4684022372254,79,0.00784432839625712
-0.888428664262709,18.8026357016813,74,0.0109711027157079
-9.70447732404358,9.22956162536886,100,0.00221622776377409
2.9035469707883,5.88995081457086,30,0.00201992067137545
-0.352213538812522,18.1848280996264,75,0.00978876629763704
-7.2914460722206,18.706337281131,48,0.00700877173235659
3.01768181610462,25.8114340747457,100,0.0430865656112968
0.720830649884242,18.5035363961802,50,0.0106397541398892
-8.28069163140542,18.9276024232142,47,0.00649432214395211
-4.48344922625357,18.8891424291024,37,0.0095056333337675
0.841731119121925,5.93791012992652,12,0.00206850166832675
2.28415327817205,18.8056129777833,56,0.0106697782420741
7.93675115707401,27.8823481902324,100,0.0137186509738319
9.37359221683635,24.9281945880534,100,0.00940132710433663
5.71749124427815,8.90257488990353,92,0.00248619213602837
-5.32746490393177,18.4601831361691,49,0.00815909100125756
0.116314970861755,18.5557186304699,45,0.0108687171984593
-3.1730930552804,18.44694212349,35,0.00969946741602594
-0.580681829048337,19.0371209015543,35,0.0121060693514948
0.874092608891629,6.5317199549961,32,0.00217479581058934
-9.17899798595101,18.246962176202,85,0.00537376524089656
-3.86229353580729,18.8344524654595,37,0.0099008795252013
-0.973658775293513,6.97882032775477,64,0.00225060846848994
-1.71168908144961,18.58799360658,50,0.0105458645454124
-0.260931089910236,6.37003031643966,12,0.00215498201190881
-3.46216081452399,18.4399812356662,68,0.00922104364372945
-1.53402589467154,29.8657433554786,100,0.0614541798653185
-0.425233981490605,9.16229584813461,100,0.0027798458463346
-1.43345291360393,18.1706750554523,55,0.00976917834832365
-6.11273339247226,18.4147590938857,83,0.00736363843677733
-1.25884823798819,18.7614046908379,58,0.010977837197897
4.76372875584854,18.4561110802113,78,0.00834372949003167
0.873345238992151,23.6804801185577,100,0.0355335094579312
-2.82707069609804,18.5744199794849,35,0.0101380522877016
4.63644281859426,28.7302554996771,100,0.0311014929751402
-5.17898101954196,18.2950992514633,62,0.00797233204893496
3.80300720108057,28.6316276151722,100,0.0400683287063511
0.231329506832957,29.9808873024659,100,0.0692164339335447
-4.57863715828345,18.2621668668485,91,0.0081230121792207
5.53928094450498,27.9221373623069,100,0.0246376161522643
2.59937057683562,28.4978639257549,100,0.0586062628294637
-0.215114745289028,8.89617385439697,37,0.00274483331709546
-2.53862808300462,18.1611951938515,57,0.0093338941573052
-1.07076042706737,6.57924892848756,64,0.00216745548058205
3.03283860809577,28.220223758392,100,0.0520075366641005
-5.32746490393177,18.4601831361691,49,0.00815909100125756
-0.524825599654517,7.52409395982219,18,0.00240052363035384
-10.9552921417254,18.8815609839757,65,0.00480644482806131
-9.24889502891956,18.5282263564314,66,0.00555098759374771
-11.4397913823572,13.525968420897,100,0.00288792219566004
0.388279574199517,27.9909159048129,98,0.106739785206025
3.91351387766288,18.4734878935549,85,0.00886160296209129
-3.60902840190012,18.1619344385861,56,0.00880262069440629
2.80936418913058,18.3451239293622,49,0.00959233428299628
-7.91222036454058,18.401917519051,77,0.00622343632578511
7.27383176690332,6.59521389034774,69,0.00194949515170698
3.48094658865576,27.6862249877224,100,0.0453543166965927
0.212429462398205,18.1990066172821,55,0.0100195583528819
-1.39452429095043,18.4477852876398,38,0.0104977235525439
-0.794277538503105,18.588049155449,81,0.0104576402914298
-2.07463257106355,18.3161599538025,48,0.00988986914462452
-0.301546505356775,18.1736636796245,51,0.0100059051772489
-1.00964847346453,6.62994589563899,29,0.00219496534123357
-0.704182636330616,6.67311142935866,35,0.00220345133479768
5.07292261478463,18.8428752836828,93,0.00852759409356796
-0.596028125624258,29.8164342005099,100,0.0710275172200574
-1.08094865788456,8.12804044141378,43,0.00252672997686407
-1.09442305207593,6.72026598919609,31,0.00221170744749923
-3.1730930552804,18.44694212349,35,0.00969946741602594
-3.1730930552804,18.44694212349,35,0.00969946741602594
-0.135173092958936,27.2221004727225,100,0.101752527757211
-2.41207266014513,18.923045348015,46,0.0109636689703855
3.64921493191897,30.3078100718867,100,0.0342424762245059
0.434483836700424,5.82952246852419,16,0.00204881856572655
-1.16465401790101,6.38262096793132,28,0.00214413606349427
-10.9690338586045,18.9274982666422,73,0.00480002220994687
1.51407537401943,5.95960148939892,41,0.00205349347253442
3.2835965808362,6.4036659598631,29,0.0021052174717128
-0.627993567532708,6.38263860722006,37,0.00214442481769389
-0.792979175747837,7.1473607555122,27,0.00230789948456939
0.487632698490709,14.5727382980613,100,0.00535552805819712
-10.7810104289033,18.4719392877073,34,0.00479179474341442
6.76834724690807,28.7764836733462,100,0.0176837151260381
-3.32500211754142,18.1859216485707,35,0.00916856330410041
-5.47465674972339,18.311810295414,45,0.0079011163779954
-4.11622246762401,18.498431750311,37,0.00915697363400291
1.95695319867762,18.1680169777654,68,0.00947964735400845
2.6930684073199,30.6006058470263,100,0.0405551744995943
4.78685360141018,20.5461942079901,87,0.0116245547407925
-3.23981720385582,18.634034852404,38,0.00996624909059323
4.69846789774392,18.2263406011603,60,0.00820965452674466
-4.29474556986014,18.1979992912452,35,0.00860407647917111
-0.596028125624258,29.8164342005099,100,0.0710275172200574
-0.352213538812522,18.1848280996264,75,0.00978876629763704
3.66077140674802,28.9910209706178,100,0.0406856973473857
0.00531960795530328,25.4101955958205,100,0.0628589790758361
4.1419209650314,27.0484456301163,100,0.0360787622961871
-3.7468645141701,18.2807554978692,56,0.00890269037670833
-3.32879787091318,18.1542626283661,51,0.00898414295598142
4.08305549143485,18.8178987853028,42,0.00965677077189759
0.023756857486243,18.4690840256012,91,0.010181839657239
4.86474752147448,33.1672958868191,100,0.0162019298274591
2.86219556197514,17.5688419513102,100,0.00806279084023873
0.488802547042692,6.2468495193079,33,0.00212034384491504
-1.23841978195369,8.27156903808599,21,0.00257539649809156
-0.0407271411551955,18.2922023201708,39,0.0103767744927454
4.59178962783545,24.8592735865354,100,0.0250016820705881
0.883600911926645,6.66655283642241,39,0.00219878640969077
-3.10569891391267,18.5073087213159,83,0.00940359426484212
-0.488846330149836,8.20951295896227,20,0.00256851395571046
8.24695470423666,6.25875919233554,70,0.00184304531822261
-0.384950627183629,8.90943670108122,71,0.00272242279666351
2.13341631771927,18.4447950097569,80,0.0097922264285279
3.2231175023106,30.3479192052118,100,0.0377742205404325
-0.971386051092731,6.66744440939055,70,0.00218330418178976
3.42727298560313,18.2982711856923,97,0.00878753992273022
9.27937409084583,6.31061597335337,15,0.00180852430941386
3.63104520973652,15.9905044609331,100,0.00609757023893894
-5.66941384821337,18.7109798940612,45,0.00824603287418878
1.35600310690908,6.74325526087682,12,0.00222267246294037
-6.90559231808261,14.1661254244476,100,0.00407923086311625
-2.00819952120437,18.454341517631,72,0.00993803391619941
-5.92704363924407,18.7664242590921,32,0.00820032121814092
-4.98013554115429,18.2168015459622,63,0.00799885704088651
-0.626742392121354,5.93965734500145,53,0.00205275832700482
2.04823853718657,18.5584696007754,68,0.0101587054640815
2.55534027338619,19.0707753592898,81,0.0107755186059698
-1.86684012783666,18.1857009175278,75,0.00947848732229376
-8.13463950974177,13.307083187221,100,0.0034734678823259
-8.96092124931737,18.4451777480792,50,0.00571881965686659
-1.04294156337094,6.28953605858653,20,0.00213071077475026
0.264328912840486,18.4451272008733,40,0.0106798846452151
-7.2246361322244,18.5716394407252,36,0.00699335093920962
3.53869775458348,18.6614956708079,50,0.0097032174418629
-1.41648199629067,18.5265496705931,37,0.0106673737735537
-1.39452429095043,18.4477852876398,38,0.0104977235525439
-4.40919158997329,18.3403780818751,45,0.00865885569835561
3.1175078091406,26.2853032980629,100,0.0452418715192066
2.27380068109223,18.2900846558694,54,0.00970138148861017
2.92149747878277,18.5059933341953,94,0.00940232182480387
8.74992267246288,6.09497577611075,43,0.00180007560909773
3.70916501068402,6.1459314554121,23,0.00204702698110999
-0.784901725980541,7.42871864741532,40,0.00236403922137484
1.08215220280348,6.42251582353913,14,0.00215940388746017
-2.27959006816723,18.8017375163941,94,0.0102488377552228
-0.578415823944657,18.9016904022301,94,0.0110000088394052
1.47482692561756,6.07387237526393,24,0.00208261605583597
-2.60751809325337,11.9757134323441,100,0.00371678167935554
5.63708190059958,27.2342604178844,100,0.0237694607050772
-2.17887513140471,18.4113677146871,37,0.0101370012800002
1.68288682284039,18.6642839139479,39,0.0108439838717347
5.58076979966911,20.356705648553,81,0.0103665655168569
0.683863000152527,19.0466296976842,41,0.0120241519120761
-6.87085761122659,18.3650703643713,53,0.00696442647188645
-8.87127488223737,9.47597552404925,100,0.00234401565064006
4.00285586113051,18.6954384600582,66,0.00929923778801088
2.39409179412852,29.9986035693038,100,0.0495024590082789
-1.13732856836456,7.90216630068479,35,0.00247488627776993
13.1878636841808,8.49786030326069,72,0.00179545766513426
4.36626356412095,28.5820636346717,100,0.0339157224310467
-3.00177180372345,18.2108510018882,81,0.00899753432281834
5.53198705310954,21.0821115616679,87,0.0116062591937523
-8.33158328625093,18.255065559626,76,0.00587562065692104
-8.7917225288057,16.2922634201392,100,0.00452413955570723
4.00450395666318,29.2169132343863,100,0.0360037126714088
2.64251485522813,24.7838703511044,100,0.0379448138517983
-3.8164548670481,18.1930814602163,36,0.00888576621048207
-1.08645707767035,6.30601207988538,53,0.00211860341567443
5.59203134054487,18.67278770164,83,0.00800644408535283
10.0282673156167,5.86945489962608,53,0.00169375095634411
-4.23133982103488,18.4749913938376,68,0.00879454724355716
4.40329980610643,18.17522562606,49,0.00840273703756223
-7.56421053822918,18.1520820771795,86,0.00621172234685985
-4.09611993778283,13.5746637592323,100,0.00433303089579338
-0.808069985600184,8.34751638712516,57,0.00257705908676749
-3.59807648306184,18.6204370118756,44,0.00964882932698295
3.62601574888925,18.2023343727098,59,0.00883053933870318
2.67331255620201,26.8726305345331,100,0.0554786857926828
-9.04192886641545,18.2510243205105,68,0.00550013734781489
3.98261781529688,28.7249145865472,100,0.0377241961509803
-0.751076603431429,18.5005371976605,73,0.0103747576590145
-5.66808762566202,18.2863873013076,52,0.00769787738430305
-0.628406212742046,6.3141556621128,34,0.00213232094125022
-1.13611542911059,6.29250768709166,17,0.00213173350367011
-6.18309062103513,18.3209980528458,41,0.00744891468527077