-0.624907283984906,27.442492375516,89,0.112779557672591
-1.064037879819,6.18890370417964,42,0.00210117955620407
3.55978299742105,19.0351378800109,66,0.0101964801827747
-0.977509400347428,6.5933269023999,36,0.00218445316420361
0.568806104507769,30.1481780897348,100,0.0647054630155758
0.46340483460483,28.6246019603825,99,0.0990248821906737
5.70262751003755,19.4778580344077,80,0.00895239257959012
5.57204278280946,18.5858898246171,83,0.00791886627575989
0.773741380295207,28.2662379011065,97,0.101381809127532
-2.7095044183704,25.9071825572064,100,0.0474817166871487
3.88442960629456,24.7121611357369,100,0.0286479888106245
0.718225639635933,27.7530493798086,93,0.108359357001839
0.582898310753371,29.8948114763302,100,0.0695594075917653
-0.53902405441371,27.5210809556639,98,0.104088034433158
-1.36782873780953,29.590695649745,100,0.0677369696209881
0.360212607691691,28.6119825699987,98,0.101067536999882
0.920231610364063,26.7878303636881,100,0.0840334343743895
4.13711966390801,18.2959165992543,89,0.00844508362505621
-0.62713938810912,8.35084785893134,40,0.00259101228753839
0.731238641639503,6.16468588466039,29,0.00210492643002869
-0.333591958543373,29.4554681968277,100,0.0796567706861732
1.5344212036915,18.2720701816038,64,0.00984178882651463
1.23686582061287,27.7605385160699,100,0.0874051228865007
-4.34373401979659,24.9331599759776,100,0.0267790293150281
-0.550822936202771,6.14410915764358,13,0.00210909063031987
0.298636952723313,31.2621537049116,100,0.0463898773333388
2.84010585836502,18.9100539451563,49,0.0106393327011476
2.05711497303424,26.9399593355367,100,0.0667491140163568
-7.51526040953342,28.0715496455826,100,0.0150547153948875
3.90565581368027,26.3581836841326,100,0.0364772958062799
-2.50535376071189,25.5675499940104,100,0.0466444194654796
-0.881228592785667,8.63071632304938,41,0.00266247457141888
5.52979129204465,20.5397623242668,87,0.0106628490844486
5.40882253319555,18.6977753017709,83,0.00816824168318366
2.90945599717099,29.7681557235069,100,0.0454498394284642
0.315385371771715,28.6928808308196,99,0.099087390674418
5.49152261471683,18.9708274008785,89,0.00840356038936383
-0.851796281371526,29.9969324881599,100,0.0658425053775164
1.17293286099465,23.4925820345015,100,0.0329360077654712
5.35130748703721,18.80212891871,80,0.0083608608716716
3.99435214598928,18.4847928987425,58,0.00904375578943832
3.44639816151579,6.08455966061223,37,0.0020378955557314
2.90588402714258,18.318791342406,49,0.0094963688693958
2.15755931843146,18.2790512823791,84,0.00945409041984125
0.100248631756979,27.3172399017253,99,0.104090969974731
7.07882261583679,6.02847614945224,43,0.00187976948587539
4.03947284260013,28.7228561910419,100,0.0370909829650629
0.225791741844508,27.5955241592947,95,0.110832987248477
-0.692040697010725,6.52459051638557,15,0.00218277534620488
2.28909599820838,6.45305583632651,13,0.00214706941053869
0.378664450257317,26.5115261622546,100,0.0842736676246119
0.0134798955843124,28.1512229166988,99,0.106549896396093
5.9939254548884,8.57074549532141,62,0.00240876120240587
5.84455831576451,19.072171047494,75,0.0083467214466839
0.67475868557856,30.5662420710313,100,0.0565823413640726
5.32702365664682,18.3433858709213,84,0.00779619817880062
-0.42252256248433,30.6296222332553,100,0.0563587015266519
-1.02158126316829,8.25246055707633,47,0.00255657251946439
-1.19781737138404,6.72487468565559,19,0.00221738573016105
0.606052852961497,25.2597637747336,100,0.0586993749065691
0.809051947893076,27.3084605065487,100,0.0965146109621406
0.685235645688038,27.4577986181757,100,0.0996680116707058
-1.6126481201485,19.0376393536125,49,0.0115931964779712
5.70221367198263,18.331196546445,59,0.00768415727550035
5.11832251425182,20.7708786207104,91,0.0115645186628367
-0.252245973616134,6.03416661520736,37,0.00207863226648149
2.84715218588395,5.98017333894568,38,0.00203422308496048
-0.849922694647929,8.64649191159886,48,0.00266219595447253
-0.1177551750983,6.41639620141561,14,0.00216358423387333
2.86671165175513,23.1668934545341,100,0.0249029498667571
5.47532879759471,18.3552608691855,83,0.00771939778838175
1.29485013627692,6.31907395498104,12,0.00213747206271918
-1.7327684304318,31.9909095689332,100,0.0333804083722596
3.06380373633625,28.4273939693842,100,0.0509984776351489
1.74057601994955,25.0854747593568,100,0.0484602858620262
4.92908894359792,28.3921722188365,100,0.0290033200440952
-1.00026580852683,7.22212559552466,17,0.00232788546055032
-0.0797493765358568,6.72656615579465,10,0.00222924871917932
3.01190289370476,28.3728280111569,100,0.0519904932755889
3.30214720652596,32.3876847355276,100,0.0242166421688056
5.07987776100747,18.3157540400212,60,0.00807608451410952
-8.41590680477601,27.0196291766479,100,0.0122794625434075
3.66981168805457,18.5514095689191,49,0.00943918217590687
5.36870192943206,20.4985128665146,83,0.0108420301387545
-1.53422734302019,18.844933313692,85,0.0107470761972216
5.27683092233226,19.3456730342215,83,0.00912735602633189
5.31367734184235,18.2530013243737,63,0.00782752298363211
-0.895665551289119,7.07500346196665,15,0.00229742105139063
2.19129354043535,29.540426557488,100,0.0570696478079557
3.25306164451422,32.4787029041446,100,0.0239209195998216
-0.968926828125193,6.07408005743096,15,0.00209196279868256
2.76577928251365,28.3903079500942,100,0.056083826492325
-2.90583614705079,30.6954344717957,100,0.0379110035294496
2.60199556395812,29.7107254801483,100,0.0497710701354442
0.702175065771565,27.8480809602355,95,0.106448400645422
-2.75237129731661,31.7983098569683,100,0.0303240731742186
0.204890249851794,26.9608449146284,100,0.0975259263504439
4.2875850276357,18.2330406601312,86,0.00829280045902931
3.70941361624091,30.3707112453973,100,0.0333798240894496
0.928503513425481,5.96616656495753,32,0.00206459211129074
-0.817080320703839,26.2128138189774,100,0.0752676792962207
0.207203539418563,28.6263637835264,100,0.0997073171327023
-0.422669760998139,7.01279895437639,36,0.00227615719899889
5.49547319350355,19.6603508528643,91,0.00930615722015621
4.90226193028677,28.170000930282,100,0.0293871244970434
-1.04123425380753,8.54949175315433,34,0.00264320469858763
3.2743786724012,19.0933509588786,49,0.0107068261672222
-0.429420484039328,8.143162466241,37,0.00254072905349059
1.45328055198447,6.45478425869697,13,0.00216193222524134
2.84015166998699,8.6984162568044,44,0.00262756076553854
-0.0814056416750069,29.9266337642866,100,0.07055422416956
3.7040489076389,27.1618276028496,100,0.0414763075613466
5.87401953220035,20.0852518851125,87,0.00956287791803879
4.05088472742769,18.4334740243791,78,0.00877244090465872
0.678718276678462,27.7115637653195,99,0.102207057099481
0.725377904789046,6.67370505722689,43,0.00219954912166754
0.0674847325979417,28.8079284963774,91,0.106362822639148
5.38572365725542,18.6221984168673,83,0.00809278669262389
-3.66858128521397,25.5620987977896,100,0.0349094734739414
5.63314510294305,20.1808674397835,87,0.00996796482886158
-0.600842698027146,8.80872667214829,51,0.00270738490953645
7.53385156938903,25.2103125601458,100,0.013570857120193
4.09836400262942,18.6782148554323,80,0.00908880541220391
-1.01940490206644,8.69381398943117,40,0.00267859359660797
-1.6933168976095,29.7841240515811,100,0.0607318620446964
0.117548110608542,8.86397299508621,41,0.00273290641464246
-0.482824155956641,7.26986893436121,38,0.00233133650634613
5.7650920665023,19.9905711443281,87,0.00954338272877087
0.467421165642148,27.9818273198477,99,0.104887496472422
-0.304562246289543,25.8408046227277,100,0.0710434139432039
-0.739611216777737,6.91078944940513,12,0.00226465057504118
-1.17707639405273,7.20995090526636,42,0.00230967111881619
11.5058782762539,6.11658512186544,50,0.0016363503682546
0.0332472640745717,28.4913651647295,97,0.105272372560814
-3.45577745115301,29.4251618226265,100,0.0411704554195455
1.05134892821068,13.3889715164274,100,0.00453611907094461
0.165789832041001,27.1401780641186,99,0.101539228421598
-2.81030637816164,25.6431346654548,100,0.0440164201708688
6.26006765387013,29.2006701569878,100,0.0196527239709208
0.11912476848678,6.01702152565232,12,0.00208644175703308
-4.85365252745662,26.9395162619168,100,0.0291472876293473
2.2006466773962,31.5259199775423,100,0.0354940247244566
0.244852977514471,6.31159094032876,25,0.00213744568869233
-0.593694719833167,6.6501235859227,17,0.0022081647850422
4.2452088356173,18.2802818538342,69,0.00850213791240719
-0.335586110128164,30.7908361546511,100,0.0537744949347163
4.87385819043766,27.2389510716457,100,0.029374845801837
-0.548797307061254,8.49256114744309,40,0.00262917301416409
5.53874100888629,18.318944957639,84,0.00763160906199383
3.42056996389409,28.4399806069729,100,0.04558665459002
4.47641113077161,18.5102321409486,63,0.00871987634929777
5.54143229304697,19.0413628225988,90,0.00844604364158694
3.89520751478156,27.8969434818284,100,0.0398804915273088
4.98812823995169,18.3866994019343,85,0.00806131354404987
1.60472329305552,29.146443254894,100,0.0707819522265166
5.67087811205617,20.358651205883,87,0.0101990202615743
-3.10940778546809,30.1556497863884,100,0.0402677766756158
2.71345708377397,24.5245906415574,100,0.0352149255165742
-0.511394453694826,26.9218791382895,100,0.0905394008622541
0.626556048580651,28.1493064808818,100,0.101249856342624
2.06186339788938,28.8508043439442,100,0.0660871849004965
-0.769063440306345,7.93036554470022,42,0.00248180806116848
0.295224954052605,27.435216993648,97,0.106727575251536
-0.380208496961132,6.69586381443196,41,0.0022069280732012
5.80122001345666,18.9410199864421,83,0.00816823939288328
0.761732212690489,27.8442622505926,99,0.101198964202427
1.70984264595308,8.65808108297632,53,0.00264630275748308
4.93001592370622,18.5730091354322,64,0.00848340398568179
-1.1731474373397,7.51633281454573,42,0.00237873024643659
5.01866468551393,18.2455349199339,63,0.00800963091848334
5.21238040354756,24.4301706999024,100,0.0204741330498289
-1.11515090934498,6.66457598756995,40,0.00219566469653069
-0.817623622098683,8.029794840611,41,0.00250654485640289
-2.42665481693939,31.8718981870491,100,0.0313724833549531
5.85052392114289,18.6209276809926,80,0.00778131858352081
5.40244190652726,19.0406094199907,91,0.00854767865895033
5.29384724480602,19.017701432703,83,0.00866296507239485
-0.280472492034827,27.2397874628705,91,0.111534162632414
0.660682820785742,27.2495858648269,93,0.105134590661978
1.06690203035421,6.07648245515535,33,0.00208370337982537
0.0725530091197626,28.1708276509056,100,0.105239771634722
1.22328750728538,6.56001554233454,49,0.00216901194868814
0.444620823975956,27.8099017803099,100,0.104152314755123
-1.37541342245184,18.6147868430861,50,0.010719310816813
0.0684809764601981,27.8207506542644,96,0.111020707099804
-0.376831726210184,18.2407388102935,83,0.00981383511229679
-2.37206993200694,27.7518847989918,100,0.0643514168285377
-0.530601110866933,6.56342888309612,38,0.00218064880577038
4.911984435673,32.589142216403,100,0.0177362542674912
-1.08734861109131,18.2489385991465,50,0.0100523138818271
1.11292766583728,6.62405170330055,39,0.00218790807078002
3.10664559967584,27.9835442838778,100,0.0511059160335382
-0.583511189503314,6.02981150484953,45,0.00207317232596167
1.30553920672661,5.93019260638486,13,0.00206238259244286
12.7874083566878,8.3346118631393,72,0.0018086196355437
0.238389852653648,8.911034587192,41,0.0027459857150858
-1.12582669742701,7.32414741062423,14,0.00235105765533747
4.71749805176615,5.97906693625508,41,0.00197595226482552
0.568274248990279,6.4658806279628,11,0.00217351067570078
3.22737430822648,29.3922144410721,100,0.0441289895357353
5.64591938131204,19.5629696327905,87,0.00906300932911139
-0.688787519432825,8.58899304137828,40,0.00265396466725171
-0.912684830129973,28.5430361107532,100,0.0892949202770738
-1.19574795389247,6.73299463865323,40,0.00220880551545751
5.53620794751652,19.1652067400456,89,0.00861537789386246
-0.494218259723844,6.38787034704928,15,0.00215633109887713
-0.414684750582451,29.548868613569,100,0.07739298272996
3.04998102990337,27.2061104268349,100,0.0509357573966971
5.83004036480161,20.408399143395,81,0.0101486632758731
0.131239806241622,18.537199300393,50,0.0107693772607576
5.72748764175721,19.4747846507153,79,0.00893354255659226
2.87001847381165,6.40952867490372,43,0.00211142521752813
5.64495887180665,18.7596903590079,81,0.00808376792724147
-3.09941212991644,18.2298070463705,50,0.00923601745522705
-2.58677426238263,26.1669843950671,100,0.0513798343078849
-1.21775538615393,7.33700022558499,15,0.00235223178547986
1.97057273120079,24.4441101763986,100,0.0392759029603771
-0.280472492034827,27.2397874628705,91,0.111534162632414
-0.171042006047424,6.69374242703447,35,0.00220997879577528
-0.772788267890424,5.9240802970672,45,0.00205238932502495
-1.7098750898771,25.6054554906272,100,0.0558247005797794
-1.86353501253216,26.2378478334317,100,0.0624642739561395
1.95976896244767,26.16537642607,100,0.0601770411142524
1.30510095493944,29.3472354506579,100,0.0723982760703043
2.7997360502578,19.043266137285,85,0.0105267468108278
2.89104571742503,26.2272545205993,100,0.047780500145119
-0.633628749695241,29.1343675381074,100,0.0838690474278759
4.36856692926551,26.6120181983028,100,0.0327375947416942
5.90907879384964,24.1648638289089,100,0.0170994603831597
0.296814767579001,28.47570987732,100,0.101351240594628
-3.62355321322568,26.5277270196227,100,0.0403073297725621
0.296935961896191,25.393475502166,100,0.0621928773909039
2.46568811112284,28.7619216438428,100,0.0595526892977169
5.7693729424924,20.8939473175608,88,0.0109254068279838
5.1260271981268,18.2718988406443,52,0.00804294693275544
0.178203963697439,8.8384056760598,55,0.00271517179161157
-1.06627956622412,7.80591353769761,17,0.00246333388180814
-0.911940060203361,6.45408315737605,20,0.00216450770620103
4.91839787903988,26.5909713954541,100,0.0280071177580627
-0.544780929703363,26.2375714167214,100,0.0779175921592053
5.76111233055934,19.669080224566,87,0.00909894697019396
2.91504820240663,29.044450726096,100,0.0505088675419849
1.13247148702544,24.8623368464321,100,0.0495616609258993
0.207161261239977,8.58383800140334,38,0.00265701652384257
3.32639607718707,18.5143054114846,59,0.00950290153182096
5.4788923543266,19.7454542662763,83,0.00951609055514777
-1.2387097402568,30.1863719084054,100,0.059376569992769
-0.68910273541979,6.68762523198069,29,0.00220946796866159
3.58093465000339,18.5874981437291,50,0.00954869959021797
-1.57921727230508,32.3304528699914,100,0.0308939197864323
-0.82721318739982,6.4177405794593,37,0.00215003472440813
1.05491888142054,26.4339949917575,100,0.0766232439653617
5.9338171025389,19.1623609223357,60,0.00849028986788825
0.681774482283271,18.4089528620735,58,0.0103614629079178
-0.2542358943798,27.0423202286677,98,0.10064150368879
5.37422077765932,19.2132610528868,87,0.00882840719951392
-1.42465281077163,18.7618522734977,50,0.0110217837861178
1.31290766479199,29.2948402348032,100,0.073099691301447
5.48654351181358,20.4844704607235,81,0.0106929198132908
0.308725035597702,6.13867639484399,35,0.00209922668151225
0.173201555821639,27.6116311043842,100,0.105337434509995
5.87586943109285,18.5684702815816,66,0.00778923381539372
-0.438192779459579,29.6412426107824,100,0.0754066076633574
0.366616938923216,28.0623992000204,91,0.115262153202158
-2.6568988926079,25.4549719977981,100,0.0439556246647005
1.87374170342845,19.0716040894552,80,0.0111520598829315
1.18365501554664,6.2168638105648,38,0.00210712241077581
1.77842855471977,28.8125271054782,100,0.0715882984674547
3.76783820902281,18.6585216677806,65,0.00940843952828294
4.68188431801081,25.6917358806281,100,0.0273764313195251
-1.07451423133924,6.26933660312629,16,0.00212826776108464
0.958267994111026,30.6142060151313,100,0.0543533713641089
1.15367733026099,18.2236038359451,51,0.0099784544755191
12.7129904542387,8.65362507937526,71,0.00185682596438837
3.41046694497838,18.7783685465681,54,0.0099571086024443
2.58216758922443,31.621870737913,100,0.0325616600786623
5.46754258574302,18.8749693465994,91,0.00828857461925306
4.10578518403665,21.1337586412591,87,0.0139436136332745
2.70296998673375,25.4545926395969,100,0.0434801931843912
1.66553088913797,25.971451102596,100,0.0615525554133846
1.77290709808029,18.2459071591194,50,0.00985233869914933
2.90942829841643,22.729979601848,100,0.0223735856101784
5.6339260861093,18.6561029884769,59,0.00811184005063025
5.71788432027584,19.7330844476384,97,0.00914394021742382
5.58077637361394,20.9504167439422,90,0.0112605657965337
15.7578229905672,8.58081394101088,72,0.00159198999566092
1.01757009010485,29.4701228379362,100,0.0739373364305212
1.69123717392373,27.0906238392909,100,0.0748776167932557
0.59925036314187,6.73964519826361,13,0.00222875152915995
5.91188598651132,26.6849502594546,100,0.0216286159686853
5.58577654424477,18.8196786123201,76,0.00823372887021782
0.572379010425863,27.9782299706543,100,0.102645109271003
0.0794335449791859,6.24404039167406,11,0.00213078573084352
-3.02642086736237,31.3294013853607,100,0.0321663426240351
5.53660830887436,27.6422447283271,100,0.0246287289080028
0.974879908390669,25.8841999422954,100,0.0677503954232832
0.259022558866582,27.4929144624901,98,0.106340518729409
1.43300105176671,25.0085865320411,100,0.0497708063735671
0.512189920798803,29.7968582604772,100,0.0718908657166704
5.11527730716243,20.1699017397555,87,0.0105347789965687
3.40673499797578,31.3755349493536,100,0.0295358655963508
0.873914793083074,29.1876985619722,100,0.0804878812548111
3.0217802858315,22.3375058300459,100,0.0201841812928456
-0.709012151587073,6.36647059535284,34,0.00214211370248497
-1.66985549671242,28.5418571442841,100,0.0760302313950367
1.74192232312197,18.3341203641308,64,0.00989107736731548
0.122421165917414,28.0712871221157,100,0.105707032660249
0.457948348296411,27.9563084845374,99,0.105044714503443
0.627658770339934,28.0961798560649,100,0.101521252714005
0.507102581124324,28.3944530592069,98,0.102643335665003
0.781915188989194,28.0333483478036,92,0.108201522797075
2.46823415986874,18.6148818546166,78,0.00997125880537338
2.06264103811747,23.9273772447047,100,0.0337487456780131
2.27135960649104,27.9556832381593,100,0.066361427158284
13.6506299724062,29.3811237686435,100,0.00503649549883653
-0.69066385464976,7.62503303693965,33,0.0024143980183554
-3.00964398048125,25.4482294816122,100,0.0403525909622717
-0.660365798230565,8.54676520161945,41,0.00264210665858586
5.51186346042313,18.5554329852479,89,0.00788770407833621
-4.37830914112461,31.0497663697788,100,0.0254859414689949
-1.81960456219728,18.3271967115038,59,0.00990002349284988
-0.996976699151297,8.04152617261718,16,0.00252323998262678
0.663001474529161,26.0334972975538,100,0.073093009752186
-0.700273074931173,27.2529576577586,95,0.102444482845531
0.458615337325488,27.2588884887324,97,0.103368251786435
1.29225121545555,25.0272228054165,100,0.0510137903680301
1.07445081125753,28.4623314852433,100,0.0875905200619139
5.78224365009292,18.4164142282226,49,0.007785736811482
-0.151512316276341,6.49921725269763,41,0.00216750575217703
-0.91157523001228,6.85336749341039,17,0.00224839100306619
0.17666703036977,27.9188979356723,100,0.105982318585337
3.32196807127541,32.1862736245583,100,0.0252255005816384
0.444819130110329,28.3983309263642,97,0.104304269227795
4.42660851597721,18.8108348438303,68,0.00915703791640207
-0.782574045762655,8.25352210429422,34,0.00256821264679298
5.55163700645711,20.8940109832686,84,0.0112785481104235
-0.836120608592756,26.3001008808027,100,0.0767033526263765
5.00929443108605,19.7023025369161,87,0.009875351144159
4.72757724360474,18.3818258928873,60,0.00839558674940693
-1.24645957557503,7.88366268091352,41,0.0024651301938931
0.689935768784092,27.8937086574666,96,0.105506757958978
2.4789682613353,6.75085514475137,36,0.00219156729338549
4.42485492627035,18.7283061827505,66,0.00905053189095479
-0.570437349009915,6.45596319567123,42,0.00215697566284446
1.20937967251992,27.3362626439339,100,0.0859165876365044
-0.453959490121348,8.52194296459034,46,0.0026335518589747
5.23032178336096,19.4864812224536,97,0.00925122615436076
-1.11371071632246,6.97296629121057,14,0.00227344468456322
1.31850118902321,27.5320987754383,100,0.0851224907687512
0.485184175575315,29.8394885643344,100,0.0711749453670733
0.288397262843788,25.9404043228621,100,0.0731327398627352
-1.24702558231382,8.15698504555471,39,0.00253412472012267
-0.388807665399641,8.8186135641321,56,0.00270801897256221
1.1768010860448,27.1205003219846,100,0.0844983559438743
1.53153488707914,31.1778704500458,100,0.0430169234656742
5.91508109738681,20.7456532356775,83,0.0105462205009604
-1.01485765038507,6.02252484927062,33,0.00207399934152484
-0.864285097875829,8.7976327978624,41,0.00270878688277852
-1.1578376264859,7.07004279373979,37,0.00228198334535138
17.0244255730537,8.29575736838616,72,0.00146898960578737
3.10077906385861,24.2805413040539,100,0.0309241334848557
2.20857524227657,29.6269775645294,100,0.0558763830752686
5.45134561049525,25.9394387213716,100,0.0230885706479387
1.44570479382719,18.2571118953699,86,0.00963110391709076
2.78456328681868,6.30661871100054,49,0.00209136632033344
1.21487394588719,28.2842725627481,100,0.0865360405434574
1.09589244416635,26.2185131664696,100,0.0724610494429733
-0.619694717107609,8.71128100237324,40,0.00268813021293257
0.654587387646019,27.7502862375758,96,0.105912070624286
5.50269168242822,20.4811137619877,86,0.0106104379736672
11.488029716616,8.61662958352569,62,0.00196297555794064
5.76370190068387,19.2014806888797,90,0.00846649597187858
3.73752816808084,18.4557116191381,66,0.00909636681647336
5.34818281449199,18.990556302697,80,0.00860636944104129
0.0990637114611043,18.3101372312202,49,0.0103056345441231
5.28379205286966,20.255799131993,83,0.0105305141682893
-0.20393262611817,18.9387035877035,50,0.0116885011377854
1.63441164188901,25.0032632877555,100,0.0482152915556758
-0.500893678643439,6.70616054175474,12,0.00222277000214115
-0.0161275149545353,28.8487272293701,98,0.0982665823823623
3.99581733738571,28.6230509556798,100,0.0378101587335351
0.542366791426219,25.9457119131174,100,0.0721272092890165
4.49894686651,23.0822379349084,100,0.0188749249511211
8.28392504744202,8.62863096836201,73,0.00223855120361984
4.1510032283191,30.8312369284998,100,0.0278142958224132
0.768114454209504,28.1047822998422,99,0.100499333626762
2.45611795494378,18.5079795333461,59,0.00996840837718306
2.96786253152906,29.3596456685116,100,0.0477225822964832
4.35413542984288,18.8699116115608,84,0.00916561676190506
0.725824441866572,32.1882439353937,100,0.034304351290789
-7.75556101412067,28.4897465319112,100,0.0141955215316809
5.01583123845945,18.8434327720037,81,0.00865948311564122
-0.0458488090434789,18.5511897678936,49,0.0108131419535137
-1.03100674324935,7.06355155549376,38,0.002281502537578
0.691405001224765,27.0826968646798,100,0.0910318706835074
2.13057335145434,18.5000523413709,50,0.0101965800945351
0.117155978959546,30.1563679716499,100,0.0658659240919899
2.95282596035158,28.9140275363213,100,0.0506879580539076
-3.4207069141672,18.1514667108936,47,0.00896203095105861
2.03130687877486,26.8379830200852,100,0.0663382753871678
4.45957792735815,18.3051175898808,60,0.0084668105023656
5.39716737070968,20.4773238990867,81,0.0107930087667454
-0.976163794239297,29.965047274773,100,0.0654453746093516
5.30409653030693,21.1568643588376,91,0.0120361514184169
5.12284218943196,18.9108603673195,49,0.00891633282709239
0.511194325257237,27.7616085729762,96,0.107848743954831
4.0012543439155,18.1715655468899,66,0.00851783350145497
0.843206567050099,27.7393948351151,100,0.0987474622518586
5.37828086685859,19.3819844280497,81,0.00910542742943595
-2.9882175024942,33.6189239065005,100,0.0192376442276466
5.39608441751901,20.1780166206226,89,0.0102092296511396
-1.1285793402036,8.02789112667202,40,0.00250290179794581
0.800933135265767,6.39777317683363,43,0.0021435183269416
-1.00499854056693,6.13442068999719,13,0.00210408701716378
5.88878507814505,19.7519794263206,98,0.00899775549534878
-0.774331080605461,8.12222393270991,40,0.00253081791860338
2.35243715901205,18.1536824268854,55,0.00941871884314897
3.15336044424966,8.46269020736074,61,0.00254292293978557
-0.122813498639656,29.9878543454459,100,0.0692588414755265
-0.93371879238186,8.38988723539009,33,0.00260276873522842
0.621900561962613,27.1111624577474,98,0.098518573593678
-0.623074423988578,6.29107667059492,15,0.0021364737340705
5.21324665366327,18.6827215831825,69,0.00838756853002791
0.701470017616283,27.9119313263565,100,0.101054705677131
-1.0498834798314,7.65209266991836,37,0.00241480145969771
-3.92615008351154,18.2443750991725,50,0.00878737221145126
6.13756836448114,27.2044690513959,100,0.020832427150432
0.599615810596301,28.9632053367458,100,0.0871469106724457
0.625246483481104,27.8961232596814,97,0.105339109578862
-1.32898642284742,32.3227525971878,100,0.0316732963696462
5.60589920602369,20.365514517263,81,0.0103505800637474
9.39136765340758,8.82645669322278,71,0.00218092233601668
2.84834549618421,29.0159860477214,100,0.0516862101548259
-3.07251115566554,26.5786374080941,100,0.0476499444554029
-2.27792819777166,25.4975531714387,100,0.0483630270108287
-0.55303319592116,6.95459244201,38,0.00226195941809186
-4.55372628451837,29.2425586472097,100,0.0307262367305778
4.33882567178682,18.5213165540328,61,0.00884482210175062
0.341115044237545,29.8399060713717,100,0.0717746499214691
-1.17053114059895,8.42633351770466,37,0.00260629399808095
5.04856797986551,20.5166812900238,89,0.0112068023871651
4.92370840954295,18.6416160099992,83,0.00844271626406724
0.747607302409913,6.39020372530154,42,0.00214286418408526
0.826852107091123,18.4548125430269,49,0.0105301418760279
4.85935757121483,18.282683811658,51,0.00823974266920338
0.390473333670044,27.4394585042362,99,0.103827437806075
-0.506232267549995,27.6507378464234,98,0.105245648567344
-1.03260780563844,26.0391136970308,100,0.0699917033166292
3.81465565145524,18.3308768207373,82,0.00873512436109181
5.37840566535788,18.8838750883128,90,0.00837371893516026
0.0677076272293546,26.9760423135738,100,0.0981435966192241
2.05889037251631,31.539945014491,100,0.0361363957842565
-1.05488142794936,7.31631884533553,35,0.00233859384383655
2.69745564205582,25.6691956341274,100,0.045491130977748
-0.432866529592527,5.89697442813333,22,0.00205881139178392
0.0821948655275665,6.15382854316503,35,0.00210252198265313
-5.01465808444968,18.3695349927003,48,0.00826855067673901
1.10679630581226,18.2388416200294,50,0.0100284339176963
-0.0697002634666525,28.460565515231,99,0.103465533727077
1.21168119142311,25.6096590046622,100,0.0608318048974855
-0.469198409823584,18.1757812700408,50,0.0100070874400687
-3.23131502953515,31.1185307101051,100,0.0323077066393581
2.94697368145835,28.457031523827,100,0.0527965641165393
5.62902797410973,19.1736178937554,80,0.00861610973998631
5.74093325206059,19.6129258205508,83,0.00907490990620363
0.963445330027856,27.5816784564211,100,0.0916810521266337
-0.859482099119784,7.34825485959592,52,0.0023385134025435
5.32903383970986,21.4903430386471,100,0.0126762191397399
5.03689182401391,18.4763250556334,85,0.00814015204892769
8.6088685380055,8.91102883419504,72,0.00226590915220085
0.26478988073648,27.3701239800428,98,0.105126996746062
5.68114567197783,19.3525149180704,82,0.00878929666628416
-0.732523229022517,8.50425320387003,48,0.00262515172001464
5.94690543364077,18.8530863710151,63,0.00808319615913914
1.37193435847192,28.7491095061747,100,0.0795448527791334
1.87161789245249,25.2667630750993,100,0.049664165844335
0.399946707610604,30.3197772712349,100,0.062091038389158
-0.71180717120877,28.7798571385554,100,0.0888767646058337
-1.09641083458297,18.4085318368865,45,0.0104213640804995
2.32564591589926,31.0300199160109,100,0.0394464527207463
0.049497178297042,28.141235350415,99,0.106588788723447
-0.571569047526778,29.3341682447918,100,0.0806632371066523
-0.549761746186796,6.13553887711159,45,0.00209332397074484
3.61385006332647,18.5112121429723,66,0.00926064373485364
-0.692318555060862,6.32876019291025,42,0.00213116098597868
4.9540311874607,18.5625236132053,64,0.00845240857136336
-1.09017945139127,7.39147276090967,47,0.00234851663515757
-0.35831043435494,29.8045302170023,100,0.0724334315258695
5.9176005472829,18.7812303504344,58,0.0080537673083006
2.03179131078002,18.1931998153088,56,0.00960613917480687
5.20662544332466,20.3896008562799,91,0.0107601767206237
5.86460530685192,20.7656878319305,91,0.0105550482102688
1.29934014016951,24.741942591251,100,0.0469059110033668
3.60282474096613,28.6495513719364,100,0.0425481443370008
4.90935272270347,24.8246404939512,100,0.0231354798895648
-0.994254291093956,7.84658918673773,34,0.00246380899275218
-0.486072883903662,25.5219583870994,100,0.064063610680942
-1.81134398018524,25.3723881957582,100,0.0516093626102899
2.17068155725564,27.0509494569409,100,0.0654903623378723
-0.0221567729072678,27.2397832647853,100,0.102169110239709
-0.047387343412341,26.9355645243593,96,0.101418718111194
-0.212855363294269,31.4122907120431,100,0.0443335147221624
0.8621089435823,27.6716066109356,100,0.0982299836670724
5.81836981635582,18.7783263058892,87,0.00793942716028593
-0.812225104084519,8.41166595720167,53,0.00259641477909372
5.85289221158013,20.2506811048725,90,0.00979644079744097
-0.734100193100471,25.7142499352412,100,0.06644760566123
-0.888358808078508,6.62473711966602,36,0.00219164124951555
-0.502504818127123,6.43341181934866,36,0.00215561306078203
-0.687214819031714,6.23598118262902,14,0.00212573781847887
0.869407664388579,28.4709245009049,100,0.090673422033919
-1.0944739246147,6.93184050772809,39,0.00225205718182781
-1.47858627845837,26.9652391058627,100,0.077579354192326
0.43403542010038,18.7294738631432,49,0.0111883777921593
-0.582046715607031,8.56906570504485,46,0.00264530946967861
1.21475498822604,6.61320526569251,39,0.00218457266816743
3.39277541915248,33.2426280562015,100,0.0198525715846331
-1.01917293048272,8.4898816403069,38,0.00262474718746207
-0.750325655844928,6.53489864411468,42,0.00217166280752307
1.22484157260421,31.6862218666409,100,0.0384146200184367
8.41469810021745,32.657271181697,100,0.00964226243132348
-0.176815264170436,28.2856785290227,100,0.104032126002413
3.41145005358107,26.1668193296041,100,0.0409667522603735
-0.528411069473253,5.8449671665767,40,0.00204124831728889
-0.971470669740309,25.8270820003079,100,0.06674437146919
-1.66388912818142,33.011123227095,100,0.0255161483221102
1.9571611042728,6.29550987770634,33,0.00211366436253951
-0.543431401620329,6.8824838535474,15,0.00225833373556061
5.86353817792078,28.5689840871843,100,0.0223299081244054
0.477404686408072,24.4811235200971,100,0.046394941438328
5.91418024704344,20.6832482250995,94,0.0103303615509007
5.8380106600645,20.2439947761008,96,0.00974604452548267
1.78222121185117,28.7841917691531,100,0.0717918368636837
0.963973779911824,28.0878806997679,100,0.0963241418854703
-1.40163194643872,26.0383070738139,100,0.0658386746542744
-0.504435751753127,7.93772653584422,40,0.00248693318567077
1.00319120444842,18.1603784456724,47,0.00992910369783359
-1.00892017150983,30.1215125252539,100,0.0623917075910417
5.54483351942605,18.7583442170398,86,0.00812289530068548
-0.147987860790248,23.7301197872027,100,0.0370521054762974
-6.00752304540426,18.4796147132401,56,0.00765660748902968
-0.666617521670941,18.1879942348044,50,0.0100083088483951
0.920231610364063,26.7878303636881,100,0.0840334343743895
0.213124199153963,28.2659913394291,98,0.106267113602891
0.889879474059169,25.5487719506039,100,0.0623426846988483
-0.869288320745365,25.9115583656368,100,0.069166318412848
0.310025757555905,29.6532379621196,100,0.0757094665890053
2.72578422147095,6.24156682270333,37,0.0020857624448018
3.50480678940815,18.7240252344778,93,0.00943634032952869
4.4883063794259,18.4945292532798,59,0.00871983379632555
2.10133283167185,23.9009783752497,100,0.0333330686566043
5.10032388081094,18.2683224792434,82,0.00786545114670169
4.36291999121392,26.8235707347344,100,0.0333190954715959
4.34808940681157,18.5391201180201,57,0.00889610687339434
6.46223566909018,23.545847373551,100,0.014227975786829
-1.00784473944498,6.50302607986846,11,0.00217774838175209
4.12148326691596,25.4189107872877,100,0.0304390137519229
5.44608461594109,20.5556128647755,92,0.0107373368388752
1.88786123667718,30.210111080486,100,0.0526808346203969
5.72772150090892,19.0850856478354,83,0.0084013418909251
5.66738672830047,20.8641668775594,87,0.0110278818181026
0.185126520314833,27.6661175954367,99,0.106685523818622
-0.176410480375202,6.04625888953154,34,0.00208235576946233
2.97621737952989,18.3080074664559,92,0.00907251327618133
3.72478597807719,8.8212133745861,71,0.00260147385017878
-0.191417250838645,26.9898801380185,98,0.100030997793247
5.50416656232776,19.1946251959057,83,0.00872547142019241
-0.164058759191764,27.2482606141955,100,0.102002785899411
5.42468740280285,18.7728560642839,79,0.00827630415711525
0.64409620202767,27.1411062268197,100,0.0967637699692451
5.53533482445858,24.8708629193899,100,0.0202088539236817
-0.160614828439586,27.3030558646986,99,0.103752069969689
2.28571426039729,18.3459893067049,57,0.00976892537817391
4.9330109563529,29.2624668117285,100,0.0276250377469393
0.365435349704852,27.7720091436706,98,0.10703768057683
-0.119456646790128,29.1439166048217,100,0.0865011492709294
4.51518975069221,18.7378179127149,85,0.00884762422436362
-0.0758888914689774,27.5011284855694,97,0.108266863944086
0.280262534900824,30.3096955918528,100,0.0625997580194414
-0.719717905305215,7.21522775001196,37,0.00231815983064542
-1.05979620189905,24.4442750461462,100,0.0440532738899078
0.174624264714749,26.8827494781703,94,0.102156221223576
5.68169702465611,18.9583334422677,85,0.00826826547868141
5.24364748663381,29.0040047594056,100,0.0258379506061168
1.83259595977491,31.4588677598118,100,0.0381644954322836
0.527607012293631,24.3982593602589,100,0.0451027955297108
-0.223963816040455,18.6666342045155,54,0.0110020856345779
-3.04001239184387,26.5358324543097,100,0.0478483339615557
0.184095775448497,27.5054131853002,98,0.106820477236809
0.456084114387297,8.86948549190609,55,0.00272260278847627
0.88553834587888,27.5937943030332,94,0.103555011503791
5.18980974173975,18.9992151283952,79,0.00875116233347881
-0.28367290363681,27.2869456375544,91,0.112217331368845
5.75427300204378,23.8679070842828,100,0.016960843541934
0.159819247646826,18.2413598886515,59,0.0100635458635536
0.656220809722294,28.1064337810736,95,0.106476453479953
-0.596296022874145,26.1899839609063,100,0.0766303987991588
5.08049271793133,20.5563357667792,87,0.0112645632312891
-1.48606593133698,23.032421682784,100,0.0282271880689024
-0.969303250483859,29.3859177062603,100,0.0759578060974133
3.17785846595481,29.5629745275145,100,0.0436763248988357
-1.07366613281561,6.06344392382193,22,0.00208595169015598
0.533138030446065,8.79586341831953,50,0.00270508860087409
-2.36649894498005,18.1951457896904,56,0.00947556423355534
3.82301720917631,18.8064522567952,93,0.00936280802839263
3.23462329913421,29.5415870768321,100,0.0431269293267079
0.94071938121992,27.6964019282027,95,0.101904356558195
1.65559990589403,31.6949064614542,100,0.0365777263182601
-0.287104840035888,6.0541361649714,41,0.00208058946118159
-0.547304942239165,6.85378329334779,38,0.00224057702033556
1.62480866041179,31.3342585439244,100,0.0406456307232234
4.63308758740747,27.7202737001856,100,0.0318609629435112
-1.00242623946634,8.06062576696118,40,0.00251275212657018
2.13026309647268,8.56282663355787,46,0.00261460045027958
3.34871815264287,27.4089611867633,100,0.0469054910154255
-0.625985232963835,7.95518872681464,15,0.00250599204035973
5.57274281922223,18.7709599029469,52,0.00834797166450141
0.949901133849136,6.64391541664482,36,0.00219501383240185
-5.45718385269923,18.2693407331294,50,0.00783169341374622
5.1438862964783,18.4433398362075,63,0.00817278377484045
3.99614048186942,30.5722252225663,100,0.0301027080691771
1.90182763845862,18.7968764491683,50,0.0109074379695841
3.64993848408809,25.1406360709966,100,0.0326533665964279
0.893250969328166,27.9648834457203,96,0.101940538695218
0.417916532267799,28.5138362223704,99,0.100994374519035
3.26060214682325,29.2156564356192,100,0.0447087591901536
0.117863047326391,25.1540205101288,100,0.0579915011289478
2.1718096363824,18.6481483492611,42,0.0105598029580581
-0.280472492034827,27.2397874628705,91,0.111534162632414
2.67788495631938,29.3304689776639,100,0.0520001490967015
5.19204886557988,18.1777528486642,79,0.00772032578271862
-3.23342567448241,18.5395686955593,87,0.00935020573006315
7.954302269888,16.2758425069543,100,0.00482175743455375
3.32779780750268,6.23857975759843,39,0.00206861817151092
1.64677354442248,24.8404893093703,100,0.0460028741695403
3.52872533462164,34.1618359531723,100,0.0161159146052761
3.22976342813029,18.6253398150014,85,0.00951165764011819
-1.00846698799334,6.94532241307649,42,0.00225431649158797
5.58823766104358,20.045827041608,89,0.00979335880052877
3.51273329195164,18.5452074666831,84,0.00922265230517127
3.65371902771924,32.2133256095234,100,0.0237015413899549
5.79103829499952,20.953591468186,79,0.0111046119302506
1.73375738684089,28.3568367803068,100,0.0760309701707815
-0.992195543484983,6.07219132470971,27,0.00208616743815604
-1.30136214145966,18.70840449158,49,0.0109566391022794
5.610400226539,19.8936530281419,89,0.00954563126718135
5.56585471672825,19.3232235624883,91,0.00878137434775233
4.48678061279083,22.2197959437234,100,0.016166046389642
5.28312918303909,20.4486968990311,83,0.0108626949987737
5.8875096339525,18.8582836785235,60,0.00815548159172616
-0.650687931217067,8.0277492429594,41,0.00250757549750706
0.497442923333692,32.3184238511462,100,0.0333167025734762
-0.836900874939267,6.77016994798427,37,0.0022215584200853
-1.1353412083902,6.29256027440779,36,0.00212315233980034
5.55592189807583,20.5925204648131,90,0.0106833623224086
3.49464357567178,18.8379318931418,65,0.00989770265377208
-0.766543626543087,7.56075934449254,41,0.00239407457865729
0.841035366599087,26.5078875337566,100,0.0803865505919598
7.11516917865111,32.8096658671256,100,0.01176282480173
-0.463905746470489,6.5593657801054,20,0.00218873040038788
-0.86701262748252,7.69623770822535,55,0.00241674403054313
0.73294442710286,27.3845641353869,95,0.103461582775216
3.99911527511378,18.8536419458127,93,0.00931700143797624
3.18546624103636,25.1005929960543,100,0.036141081379002
1.8715286039905,27.5742604299555,100,0.0741511134847084
2.99675068115871,31.7195419903233,100,0.0296137990809508
-0.175981455949181,30.0863731130116,100,0.0671898258249992
5.53360740763979,18.622573291321,82,0.00799522236698417
-0.964966778671143,6.64550508465135,18,0.00220390828842343
-0.42293350599683,8.22672125156371,53,0.00255171019874705
-0.757843239942754,6.62535101759177,45,0.00218848010415729
1.1768010860448,27.1205003219846,100,0.0844983559438743
1.73967087699278,27.9025587556649,100,0.0773445311383787
-0.961620237216879,29.3468464803967,100,0.0767297610257091
4.51925396287962,24.1030124888977,100,0.0224977453476292
0.335382240068306,27.7127482879547,91,0.115800654500158
-0.843873343354535,6.00832229517901,34,0.00207226850291641
0.756133984930101,28.4891264942634,99,0.0973995737855051
4.23590949179819,22.0166803385675,100,0.0161283149956816
-3.71909166267405,26.0475722766035,100,0.0370068586005289
2.1960282860101,32.5832541067573,100,0.0270116978779996
4.73118260127531,20.5862654798031,88,0.0117632830285272
2.82710471961429,16.1377452436396,100,0.00643775093243408
0.863896297253893,18.7035529555801,60,0.0109277111967628
-0.549390904310397,18.9294063830388,62,0.0114704672962315
-1.98460221663445,32.5434927015126,100,0.0279617223849358
4.79667997606296,19.0889139630284,65,0.00931421585151286
5.92070690256118,6.64843998995493,42,0.0020402397525136
-4.08704228523514,24.9992816640689,100,0.0287391866928836
-0.601197336152487,27.2573481850041,93,0.106076953051341
0.429421150412861,18.5598132720996,49,0.0108105931036163
0.213124199153963,28.2659913394291,98,0.106267113602891
4.9404524438657,18.3893386081919,81,0.00812176764974225
1.25165243737618,8.62221422051758,56,0.00264405063108657
2.68207358287829,27.44258256162,100,0.0579045863404932
4.94384544236449,18.3737503610812,92,0.00802858259388975
14.807998855178,6.13853685514734,50,0.00143461015823644
-0.240668983007469,29.4894782011867,100,0.0793015436506113
0.278798114739699,31.3233872027447,100,0.0455265166448682
-1.3531273470415,30.8829347590003,100,0.0479326217646692
0.835828833376658,27.0767514495397,100,0.0891660926408745
0.441689143690245,28.1864888047439,95,0.108673458646857
2.41877667600731,25.832014110747,100,0.050329099201376
-1.23584017383107,8.24850415577768,38,0.00255828056134498
5.90434261856928,19.3519360099735,86,0.00856381089274844
-5.29430985252656,18.2304906178948,43,0.00793764385255262
2.08045465522263,18.7080729897876,50,0.0106372024393433
5.63491910557538,18.3791827717963,66,0.00774217670999025
5.48684497120244,28.1122667465977,100,0.0249566476233574
0.291949675043322,6.14661375768786,38,0.00209946843385363
-0.426069119294806,6.25180874295778,15,0.00212969923348939
5.84653244403873,18.5729979880824,92,0.0076596479844809
10.1319543366697,8.72581171853035,72,0.0020967791398162
0.0159275923358156,5.98920915055838,37,0.00207044995149591
1.79118141411856,28.329921960929,100,0.0750243963508101
5.66531118693458,19.7485355003217,86,0.00930988986052938
2.1606952871979,18.9476577147004,85,0.0106927309635
1.87772899053616,6.25779971719619,37,0.00210599331707456
0.844671883864015,19.1111223928116,49,0.0120367427102989
0.258594595365139,27.7005948960828,100,0.105333269366173
0.295224954052605,27.435216993648,97,0.106727575251536
-0.946643196887666,7.44436591366731,16,0.00237956029510674
0.402810609753031,6.52097016985303,22,0.00218021580194158
2.27914476866188,31.4421203892544,100,0.0358188824600701
0.510058120278356,24.2629153000753,100,0.0432730536382421
-0.227686636371568,24.646431062419,100,0.0492906813696849
6.33712172104799,28.50085404244,100,0.0198140556853193
1.44805689938294,24.2437481083674,100,0.0398659138966713
2.35119401076786,6.60840802844899,39,0.00216444688303453
3.49920424164383,29.7021132081891,100,0.0391630693706928
5.15916374279356,19.848618040824,91,0.00991866563113616
5.25205639321691,18.1952713145731,83,0.00767954989304129
-1.42260472035699,25.7950874152373,100,0.0617521308780962
5.89068729280666,18.907731643296,83,0.00806019789605541
-0.511461085415369,8.08444378420971,38,0.00252471638492394
-0.144506173123801,18.5861674933781,64,0.0107125135558127
-1.95490624057512,30.2319434411041,100,0.051698520442788
1.4162514202995,18.80314490036,49,0.0111289448644505
5.73949071257508,19.3056387386135,78,0.00870769195837838
1.77106126656973,28.1648393321167,100,0.0761624301959967
5.74046678387679,18.7332707851216,91,0.00791930522875555
1.745633057106,28.7723349379583,100,0.0725777020394532
-3.33073711402907,27.1684034401295,100,0.0465661507094458
5.12889765379103,20.1855112111054,88,0.0105348170019585
4.85846607846494,18.2105476780185,66,0.00804884210846592
0.0932512937079322,27.5634273541048,99,0.106401252012182
5.2096516136379,19.2733081503432,87,0.00905026758590679
4.86863560653731,26.7445794680864,100,0.0286931416481621
-1.50243439248546,30.2578081926474,100,0.0558600906935827
-0.162474660859793,18.1920123825319,90,0.00966919005912242
1.09510621703091,24.9298770203943,100,0.0507791510331515
-0.729508523072486,8.06454961850756,47,0.00251229791933398
0.496601548315456,27.9944756065808,100,0.103462197361711
3.72410419156108,25.753029617061,100,0.0354427874255016
-2.35363680128996,24.1894720579984,100,0.0345752117059582
0.691405001224765,27.0826968646798,100,0.0910318706835074
-0.927068999699398,8.45861997786749,38,0.00261765059346877
-0.359148944633824,32.0859261890663,100,0.0358705825556245
-1.3178950197905,31.8377786025414,100,0.036428890078234
5.01603949381201,20.1198510549009,83,0.0106055009999422
5.42040052680299,18.4835385109343,84,0.00789746265938151
4.22195221202247,27.0180364933176,100,0.0351656198062565
-0.454432598202481,7.70167699853089,42,0.00242886274897142
2.66184586690843,27.5557161896608,100,0.0585488127817808
2.99602207588397,5.90226284459495,58,0.00200854176689892
0.805554966851984,27.5401192165168,96,0.102532189938988
0.281100341909306,27.2298083645926,90,0.11262887333033
-1.19541354383355,8.09508500918299,35,0.00252187264921364
5.37170391150766,20.6999855069827,87,0.0111433391240311
-0.134031079450599,6.41298587727479,31,0.00215495697709115
-1.56566303460846,31.5595004635853,100,0.0384180041147318
-0.71180717120877,28.7798571385554,100,0.0888767646058337
4.065720529855,18.1912522374687,84,0.00837944368551445
-0.209233233737587,6.06747125560943,31,0.00208762623331096
5.76223766536142,18.5000421389861,88,0.00766070264480043
0.737564839488477,18.5853774706981,76,0.0105167346160864
-0.416829484425391,8.50917836939477,34,0.00263868344972282
1.3149282820975,26.1491045385334,100,0.0686745752653578
-0.838059684753768,8.77546731428171,39,0.00270438452917397
4.33597922244138,20.6409082626148,89,0.0123862255564172
5.89566067142519,18.7097842578761,80,0.00784874653424672
-0.660475401094888,8.10361229955115,40,0.00252716121800357
-1.13457014578107,7.87360471728154,17,0.00247896816109356
1.08129549341532,31.3997049032602,100,0.0423891116571695
-0.606166512345024,5.94567439105542,45,0.00205735803985853
5.5994653073561,18.7035187355,63,0.00816868045433495
4.21807270747804,26.3865820824349,100,0.033480938705618
0.765714157065623,27.795599427567,93,0.107623785965916
5.61878495070582,20.8689502343901,91,0.011054145271766
-0.979830931070849,6.61377695675715,21,0.00219579666723136
0.866405891861782,28.987188665069,100,0.0838966354981854
5.25143243119795,20.1223944132145,86,0.0103126583565335
0.139915704279568,27.7952397407553,95,0.112045673131803
0.0764143176951818,26.9740789494546,100,0.0980980134065568
-6.28418278226256,26.7102811387994,100,0.0197173907264734
0.645536462472805,27.4135391578783,97,0.102900247905988
2.30411210471197,27.9654150947025,100,0.0656996297639297
1.42206167593993,18.4587544140025,60,0.010274333452437
3.93183328670117,18.2339544133895,85,0.00850739035057832
-0.427809572505822,28.8052938798435,100,0.0911139584344812
-0.636293234056147,26.2132752137576,100,0.0767952244722384
0.527612729821033,28.5628212329819,96,0.102337413430415
2.90877386550624,18.5157497543241,61,0.00972761945159989
5.17031170863401,18.9530334411423,82,0.0086813700601437
0.391065217811492,27.3966417596838,97,0.105599078698187
1.48586051694233,31.7406592002451,100,0.0368206031909577
-1.22175744283307,7.62507044564427,37,0.00240618247710789
5.5130500037212,20.0135397407869,91,0.00980574302098684
2.56683707640609,22.8193371379158,100,0.0238604293100252
2.54870715342304,27.8394846879461,100,0.0609853478407379
-4.83444995148874,28.9293000376219,100,0.0290582221727861
-0.657598225223524,29.9396018358532,100,0.0682452196472268
2.60626076990544,27.0197179597578,100,0.0574654933582395
5.66015893369421,21.0448851873879,87,0.011350604545879
1.1746077979263,24.6211021364866,100,0.045915433372696
2.25657512903752,18.3105277031184,82,0.00948684195055019
-3.43668357038032,18.4309897819736,45,0.00942140041407416
-1.0896206744387,8.36835223187703,43,0.00258825441957751
2.58829251663091,6.6590597962769,36,0.0021704567153273
5.06512791031291,6.29622933237152,39,0.00201813894033985
4.95191604573085,18.8626496351483,90,0.00866573468619426
1.78722378746955,6.23429368621745,32,0.00210517543960495
6.57536366064958,5.86511110584749,39,0.0018801731542308
0.10812122042299,27.0354876051159,97,0.102097592890641
0.449970121351905,28.5975596088107,98,0.100546511285016
-0.0708835701493841,28.1086266533544,100,0.105627553659706
-1.23863722465087,6.55601313010025,36,0.00217416007807158
-2.18224592120037,25.0547427817481,100,0.0443663594761141
5.81281761339197,20.6572803421414,91,0.0104507598487909
-1.23749569744279,6.99170322078377,33,0.00226618734476541
0.399645104076858,26.7948738362825,100,0.089302905427181
-0.745079572851363,8.09030755793031,34,0.00252687492264367
2.00661549197956,8.70889699681519,53,0.00265224140310325
5.37854250032218,20.4819156387353,87,0.0107545286005884
-0.783555887290075,26.5230245865689,100,0.0812626990240649
0.464889555560408,26.8421133944275,100,0.0896400108919303
1.35127573440944,27.0027218275389,100,0.0802311151621743
5.59782265395622,19.9870294344518,83,0.00975231616473647
-3.50380083853208,27.0723795193454,100,0.0438598136314828
5.64713518310456,20.7878380745867,84,0.0109620166530813
2.28773925293776,28.4803735138138,100,0.0644409515965683
0.281100341909306,27.2298083645926,90,0.11262887333033
5.4652637147171,21.2156499716259,90,0.0119141346520973
0.990878839019551,26.9550455168981,100,0.0854407170305121
0.702175065771565,27.8480809602355,95,0.106448400645422
-0.828367543210341,8.84682760756136,40,0.00272379436671472
-0.0161275149545353,28.8487272293701,98,0.0982665823823623
-1.01144300675315,21.1701693140044,100,0.0176384303771818
1.98972603950478,27.8159337884934,100,0.0721393398317895
-0.0697002634666525,28.460565515231,99,0.103465533727077
2.77284270525875,18.6116036076922,50,0.010086201560955
5.85863085053803,19.1238121263289,76,0.00839157596346009
-0.558899282961216,7.58014243447916,48,0.00239615016404191
0.603825727670033,27.5308198070859,100,0.101268076726734
3.78851401859811,28.9456830800589,100,0.0393238430932028
2.86903101485214,30.2596354216183,100,0.0418678768648847
5.56932602549967,19.9468436309494,83,0.0097223307087527
2.50742724335198,24.1434925340781,100,0.0333224412676737
5.25151608075761,20.3943410179123,87,0.0107603316853424
0.768516881475316,27.8029505755152,98,0.102092744450177
0.579200219317688,27.5382519991211,96,0.105923323302727
3.62741263374031,6.63621132303055,36,0.00213601829260083
-2.82381526434146,28.5311294696571,100,0.054574159864739
-7.29792524647343,31.3104845509942,100,0.0133230248408027
5.39753523675145,20.2255112948886,83,0.0103478240253097
1.71826585707165,6.0522936018858,37,0.00206960754284802
6.50893858204943,27.8143628655421,100,0.0191316238092743
0.804483328527452,18.5353366879774,84,0.0103177253872792
-5.84021917058406,28.4158924224425,100,0.0225648040990664
0.933632825276945,32.6919192007191,100,0.0293184864137865
0.444819130110329,28.3983309263642,97,0.104304269227795
-0.158516757141462,18.1721654547005,51,0.0100095880929452
1.92008323281982,31.7958666243332,100,0.034400861235984
0.840043737161858,31.7226473885208,100,0.0391892938113514
4.79366829720869,18.3450370533732,82,0.00815405996890375
-0.320919787139294,27.4977662126316,98,0.105975990103269
2.28596108803938,26.3595632562003,100,0.0575319758113897
-1.18720700744509,29.2047540017447,100,0.0762456533631979
-2.90976303175377,18.8426827216624,47,0.0104819583727549
-0.229407881468002,30.4178837790658,100,0.0606425303725296
5.37877271220487,22.5279886126204,100,0.0148642033858593
0.151476867191891,18.3101892809005,90,0.00988665600829281
9.73679860901182,8.43585444232404,71,0.00208267518007384
-0.77760233332442,6.54421996887679,41,0.00217381461899664
-5.96283048230578,18.4400853239392,51,0.00767374767863704
0.517187648017997,24.2422582787657,100,0.0429821329434557
5.28019430275029,19.5670224571776,82,0.00945399169051362
0.810665509201173,27.3328141602027,98,0.0986445454895944
3.05662421875858,25.5397363505041,100,0.0405954358020443
-1.42595955512856,31.9750018582027,100,0.0346531179177664
-0.706241532476904,18.9164146848244,82,0.0111595184807816
1.35393618812579,28.9413143134326,100,0.0775150961662383
-1.51249026114361,29.1740956661007,100,0.0718792133971567
-5.37653242444191,26.6030973227193,100,0.0247579825292078
5.01064862921995,20.5547951463477,83,0.0114035911643275
0.877200296648493,28.3207398086603,99,0.0972608964940114
1.4390655800073,24.1304526060513,100,0.0386239780274801
-0.700038034002299,7.22976527329085,15,0.0023334574783939
0.0284422970531235,25.3825204723328,100,0.0623214551304655
-0.709579702195376,26.0627151173349,100,0.0733181914871037
-0.707921681152094,7.92423180074219,40,0.00248208998381399
-0.518225984057765,5.86226832458665,40,0.00204447081256563
4.88238976927238,18.7854884865308,58,0.00885677474299137
12.1666307129294,8.7064318190931,74,0.00191118926388372
3.99157020397387,18.5425756374873,60,0.00911817582328008
5.60180148736546,19.5058353693356,86,0.00903392183352866
5.77820758557782,20.3239296377049,83,0.0100603959309895
0.298456503252358,28.8161388372451,100,0.0917269940462999
5.08456430395206,31.6866462830711,100,0.0198461684416422
0.927774516748909,5.82276108312228,39,0.00203518372062133
-1.07240813313398,7.99446716017074,43,0.00249351963083594
0.740257825689274,8.83355002832431,55,0.00271001383740209
2.46631940775698,18.2488750900242,82,0.00929530360281114
4.50426798643134,20.9067822176887,84,0.0128281020992702
3.13909786085241,25.47363534727,100,0.0392841313961541
3.13039110308699,29.079665540461,100,0.0472033889797224
1.031301185459,28.6270744384958,100,0.0865719089531435
-1.42260472035699,25.7950874152373,100,0.0617521308780962
3.57595900839749,28.2805196322972,100,0.0437363398901833
1.34099061627544,27.557445251568,100,0.0848065323056854
3.5408649500924,28.8907155133607,100,0.042555811550197
10.4304728090147,8.60775840066801,72,0.00205089436540826
0.401967625827472,27.0850770973395,98,0.100351226890829
5.02814443136309,19.8725351801086,84,0.0101623358609361
-0.417039531072655,7.40933791058634,15,0.00237611502064204
-0.144611622320983,31.6087335921745,100,0.0417263831455376
2.20931841735488,28.8922662994329,100,0.0631109461228578
-1.12249020184806,8.53285525582346,54,0.00262365773037924
-0.055207976222038,18.2658423813101,50,0.0102066205833257
5.6474672211729,20.4844359271018,97,0.0103186330140092
-4.55970800251722,26.9955172753231,100,0.0318051938893695
0.924526828079549,6.20354106379616,42,0.0021052122368249
2.73811753038937,18.4358048894562,58,0.0097052482452914
2.50438449716463,24.7278679797542,100,0.0384749523890059
0.295224954052605,27.435216993648,97,0.106727575251536
12.9135161363053,8.25321356125596,72,0.00178783915333253
0.588265528717847,18.5845463226787,50,0.0108337639585743
5.4146317837088,20.3056668213853,89,0.0103943772978603
-1.24820668757466,25.5814955839169,100,0.0600375768044353
5.89438425867307,19.9379489093088,86,0.00934376493697397
0.151335458360939,28.1278648996045,96,0.109950600604326
-0.70738621772653,31.1932620394041,100,0.0465034208150983
2.09655469756743,31.8632147346666,100,0.0329898242310729
2.49940667830785,5.92788785599132,13,0.00204281835540878
-0.788161527069156,7.79365204731008,38,0.00245079949793803
1.86767211104586,21.116766527367,88,0.0170424340672515
-0.706868168660379,6.20350139014232,11,0.00212062936966292
3.9678517077793,8.46679650324439,59,0.00250821993083126
5.92383645062965,20.6586384340448,93,0.0102912160450044
6.56353817939907,22.651203722363,100,0.012480426440217
-0.86338082426457,25.313435760928,100,0.0583508488349344
5.85181254984584,19.8041367366904,90,0.00916913390928207
-0.391457762438354,29.8656495524403,100,0.0710635391583368
5.09372139259598,26.6627265748113,100,0.0268215724131769
0.917455120340483,27.9233002534379,97,0.100537110470658
1.25066516060771,23.9506872235113,100,0.0373726249541783
2.84926098378578,6.1867942976024,49,0.0020673941517065
5.36312605127666,18.2005066717389,49,0.00781898685571568
5.35628701386089,26.0035017291564,100,0.0237857458231842
-0.2259215059163,28.5635194053636,100,0.100550586379175
-0.368303573584308,8.51594192899529,47,0.00263173795370886
-1.98585746883462,30.3538087295732,100,0.0498565380542615
-0.828314066820625,27.5331582634289,98,0.100052637331745
5.41209102219922,18.8536110042904,83,0.0083591748205461
3.17143655484205,18.2161592539436,91,0.008842787656064
3.68803638198189,26.6413449575937,100,0.0400148120093781
3.86715617464032,18.2882493066577,84,0.00862827908305959
2.98070864796913,18.2391621747747,59,0.00923617531243137
-7.96208354922103,25.6594311173983,100,0.0127969339574422
0.609010723557828,27.3298188716547,97,0.102518910451182
-0.00222067936352233,27.7763229690891,98,0.108598679299347
6.1561651065691,24.4152996877534,100,0.0167577606742466
0.366774238186878,27.2753070077558,100,0.101226502385482
0.501054724529007,28.5903017292007,96,0.102211937606005
3.08428594729785,28.6122953088286,100,0.0500552854299127
3.19225754545126,18.435206032567,86,0.00921306218190435
5.56512526021488,18.2335102179182,92,0.00747581285341582
-1.24597764245313,30.0177781496515,100,0.0620958515934444
0.0932512937079322,27.5634273541048,99,0.106401252012182
0.965636837598217,27.6679473540908,100,0.0964244380731877
0.258594595365139,27.7005948960828,100,0.105333269366173
-0.717991321352355,26.7954113132008,100,0.0865614006664016
2.3048527302881,18.3739790744079,76,0.00963192694071714
-4.73086474571318,24.5894605066375,100,0.023263066327568
-1.11654313680061,6.24460733689956,17,0.00212257310849436
-0.372476883314377,25.5141558720767,100,0.0643147904529728
0.405937496498538,28.3517935226903,99,0.103024466907532
0.789478659011308,31.2150138633434,100,0.0459303333313682
0.748606365115626,27.5661082443179,94,0.105836773829497
5.44253376567135,19.823104814894,81,0.0096867571208968
-2.40695546461333,18.1706183527046,83,0.00918252562721465
4.95926450849799,18.3096117414116,83,0.00799815557229284
6.85268172255227,25.492848819107,100,0.0160078109190746
2.40165131438495,28.4027904197993,100,0.0626479647546098
-0.943685297847083,18.4601126225382,49,0.0105182711766755
0.217463395909442,27.783441081073,100,0.105771503082496
0.543718705756797,27.0953598511665,94,0.103271689075351
0.238361768026889,27.8080540548298,95,0.111599113873084
-1.12691678532808,33.0251752982523,100,0.026429007857914
5.8764989778352,21.8059010887111,100,0.012330255810889