0.221942081799207,27.7242704060267,91,0.116699489237988
-0.846054456407609,6.41278237626492,20,0.00215678553769116
0.10812122042299,27.0354876051159,97,0.102097592890641
17.0805339069611,8.85779902979156,73,0.00151268481658138
0.921476713314438,23.5786835172886,100,0.0343756334409236
9.18659539630252,8.53772783367247,72,0.00214641792679828
1.69941002357676,31.3257278790714,100,0.0403360800872677
5.00419211382087,6.13878504107105,42,0.00199200090569483
-1.01192675852767,6.49251650641694,11,0.00217558181765438
3.5125267013383,24.891879407044,100,0.032199978902029
0.10124025858894,31.4426453889472,100,0.0439797359246292
0.441689143690245,28.1864888047439,95,0.108673458646857
-0.779506834000954,7.23616393944392,34,0.00232394804659357
-2.704804805425,28.6553985735723,100,0.056029742700329
-0.468146399351841,30.3642863460328,100,0.0610298545233637
5.58344899570933,18.839544212621,68,0.00831484520320888
-1.53655444451923,31.0843691353931,100,0.0441489636204718
5.81047893782721,20.7450530404318,80,0.0107178009274934
5.29093270219256,20.8346367814941,87,0.0114984739973861
0.636335823806022,29.4984098958817,100,0.0770044502693286
-0.484755225743149,8.23966543302616,41,0.00256251242877761
0.886422193108568,28.8993120939921,100,0.085002594573674
0.243656430365743,27.6784550735517,98,0.107598877693219
1.83140662642987,24.5595259344022,100,0.0413970031491154
3.11079736345359,18.7563421608519,84,0.0098157439912846
5.18444431832231,20.0232373859928,81,0.010276047374324
-2.26647422810151,30.1689645086013,100,0.0491074297150633
5.19542509238278,21.0759473835107,90,0.0120578419178499
-1.16597359912592,7.01403385543198,48,0.00226415271223469
-0.701632289367769,29.6213690654877,100,0.0741215276209873
0.906069199486994,27.6556507467884,98,0.0993618328173407
3.99562013256589,18.7377204487673,85,0.00920772059062291
0.745900440169867,27.3484158198567,98,0.099796895791707
6.6890901110124,27.395675697568,100,0.0182276615182304
-1.044374651916,23.5607604712406,100,0.0339146230656464
0.243656430365743,27.6784550735517,98,0.107598877693219
4.25365194876837,18.6247737644879,92,0.00881004601973553
3.72662360846343,25.986457293585,100,0.0366253171807226
0.931355283008144,27.8824612999097,94,0.103424668074625
-0.2542358943798,27.0423202286677,98,0.10064150368879
-2.95994310096969,18.3335564164293,49,0.00949316587313935
-0.30777417693337,18.8299400520979,50,0.0114207365317933
5.56873190042466,19.0072666878687,86,0.00841010757365306
-0.988409360013789,8.55923670979803,37,0.00264448738385067
13.2908258883469,8.65714105655212,71,0.00180686654275884
0.981931818859689,26.7579686855964,100,0.0827650935066485
-4.4010988060059,18.216736381152,50,0.0084540116057032
0.331970746636975,27.134669360997,100,0.0996104900468678
3.22041401712009,30.9171168340753,100,0.0337718317616084
1.86964401293886,26.4746102386366,100,0.0652771380465327
3.65527992078904,29.5538406729339,100,0.0382746071999854
-0.5947190480796,7.95108910879607,41,0.00248899472093695
0.00912899064392381,27.0617123344787,99,0.10060037252044
3.39228057682667,29.6407259114745,100,0.0406915070492641
4.79420059154333,30.6032314985713,100,0.0247500860368127
0.733435595096417,32.257303758559,100,0.0335972490947849
0.684337120915503,27.2519023918769,98,0.0995955975863527
2.90734143798806,28.4468726634344,100,0.0534856467015439
1.6466586696034,18.1993207152456,83,0.009499825894492
1.92812240131176,26.3103536300785,100,0.0624068134804748
-0.643600326270524,26.7041326627693,100,0.0858066458739099
-0.926813130936216,7.03231370771113,12,0.00228935644838767
-0.776923558128379,5.90061288315379,15,0.00206069332312709
-0.676570544450609,8.48103476815386,34,0.00262915087030818
0.221043832646618,28.3877582098376,95,0.108376574249403
1.65764184730708,6.30819494853173,35,0.00212007087257632
0.716054381509151,27.5647721756096,96,0.104149042335174
-1.93927698669756,24.986875770696,100,0.045612654317911
4.47330042044822,6.06555755371548,35,0.00200215028915866
0.670106764497557,25.957918412529,100,0.0715683341854689
3.77811982498678,18.1575638419846,52,0.00873084598059982
-0.950157430323057,6.79966279009455,16,0.00223716822087467
-0.236625158410233,29.4606529664776,100,0.0799033050421922
2.16829353057648,18.6906150144624,50,0.010559351926244
-1.2895130782859,33.0108801916105,100,0.0262586549478559
-0.912351630262362,8.54142409147331,39,0.00263929883850286
2.38297401783282,18.7145671010285,48,0.0105217623363381
1.11589873656392,18.3046838615535,59,0.010063003038203
0.69842249828083,18.5415108319826,50,0.0107243129439989
-0.227731326573266,27.3998910668921,98,0.105644585094097
0.0621622787146919,27.3187527121737,96,0.107536687164953
3.70067189485009,29.26632772253,100,0.0391079386878804
2.84364784191755,18.2570699136249,92,0.00905572885011482
1.45380475140594,26.1142783994683,100,0.0663728197269374
-0.447681902697123,30.9671360090757,100,0.0506379483873103
-1.05074789562883,30.3984289337828,100,0.0573314929920844
5.33478096124571,19.5023807438195,91,0.00923093864882466
0.140560587927263,24.8787848058313,100,0.0531469054294876
3.55144805370813,28.4767934435242,100,0.0436820575303743
6.29263104123402,31.304449047708,100,0.0162988762288049
-0.688546280222201,31.1217844421661,100,0.0476048257937487
4.97987668795663,21.1952956512105,88,0.0126686627624551
0.967699744086579,30.9625153088135,100,0.0488868999343246
5.84655550970151,18.5665885874418,68,0.00779583169800328
0.662943908975964,28.5983138827834,100,0.0963040546644083
5.49293456850072,18.2894710739244,65,0.00774041680307957
0.745939907023801,30.1453749687031,100,0.0637969998795359
-0.84215319914959,29.4375562031257,100,0.076364977261687
5.48271693232345,20.3748294628677,81,0.0105144218552087
5.824030423972,19.752893639608,91,0.00911863452331826
-1.46231977494804,25.3949151455804,100,0.0551811925808973
1.46106902864921,28.4549026781036,100,0.0807222176912619
1.683096742445,6.19031016062817,42,0.00209396530732834
4.67097112595145,18.6363660077999,66,0.00873994521484552
-0.827156587958915,6.25695334214482,36,0.0021189573918036
-0.984530928002884,7.61272332018924,43,0.00240284945009157
2.46253955727483,26.5644984998686,100,0.0566680482311222
0.828420925013508,28.1501686314407,99,0.0992973379373196
-3.4614364934151,18.4207196781925,49,0.00935402187017886
-0.827197437353556,7.78091951461732,19,0.00245878851582002
4.22529259648006,18.333634333445,82,0.00849406320411892
2.46593033605215,8.75465409381136,62,0.00264380113334313
1.62837874591835,29.6949742010996,100,0.0628329596441512
-0.257587837099552,29.6722896755476,100,0.0754872639612135
0.482163112905981,28.4086269115662,93,0.108305770918174
1.70297398276093,26.6354665424009,100,0.0699123202329958
0.381986496504719,29.7575963338395,100,0.0732971400519643
2.31040856841096,26.5428797952873,100,0.0589030478379038
0.0298858481169475,27.9562496422158,100,0.106259527737761
-0.362714598769588,24.8801478423479,100,0.0528556673817702
3.18906129582978,29.2364578023482,100,0.0455324730020441
5.33653586418832,18.6494191424478,81,0.00817412986593593
-0.0526313511100617,27.521340451985,98,0.107304209580278
0.0228234806717924,28.807822592501,96,0.101035129701873
5.5607141189825,19.3317734908189,82,0.00886727102688111
-0.663013310162718,6.5143639879523,11,0.00218278882735218
-0.772251345280302,8.79859808119911,40,0.00271089747206382
11.9688246995843,8.33741452227414,71,0.00187816931556852
-0.327711997410986,6.41613419187946,38,0.00215192237861744
4.81258051593026,18.6471411449175,64,0.00866840543315089
5.74484550053442,20.7813423732333,88,0.0107724793976522
0.565775876784178,27.4052870363648,100,0.10071516245605
0.520127467949947,6.10804705742692,35,0.00209260728382366
-1.00044472074642,7.62088779620261,48,0.00240168939477691
3.97017498129071,18.2732345572035,81,0.00856949017102594
5.91872953808844,19.6284858032365,82,0.00893570953098697
-0.0824579952776799,6.44589797425786,35,0.0021597129695146
5.74962123559619,20.5170599128366,88,0.0103416826586159
-0.979489061659996,8.24443971297726,15,0.00257613054461162
-3.60707808761192,18.8770881764195,51,0.0100273827661787
0.436379493360805,29.7249414596444,100,0.0737200757162023
-0.833760027791055,7.99974076397998,43,0.00249765757683207
5.86439176477691,19.5334804376245,83,0.00885397671781291
3.14539171319205,18.4048229710656,90,0.00915598049147991
-0.697174055245938,26.4052909566808,100,0.0799563315027663
4.652444180684,18.6138399825586,89,0.00854989026259983
-0.847945324530858,7.35267266045987,35,0.0023489552943695
4.9535426702737,18.1994353044762,60,0.00801352856718555
-0.388827243959798,26.9811313576439,98,0.0987481657305695
-0.0902388713999084,18.2095221733086,50,0.0100944111922905
5.83699915662369,27.1930768267032,100,0.0225133977447834
-0.858625121650575,26.7338140213833,100,0.0839678724379198
-1.14885963224268,7.26691701526005,38,0.00232478749149174
3.36172517054329,18.7801415672188,50,0.0100332634958937
4.15001726440628,28.0579036240841,100,0.0368157043709128
0.370051106396059,27.9922709286097,97,0.108048441572542
3.32036102047699,18.3972607643195,87,0.00907501790983357
1.68978517536855,6.04242858448081,37,0.00206818080479119
1.6988928572823,26.9804327876684,100,0.0737297245080812
-1.45903723510857,26.4286916974884,100,0.0710127807418291
-4.667972846943,26.9896490377062,100,0.0308160389939669
5.76552230415819,19.4720596204853,86,0.00884012880391919
5.03084793592484,18.648801800605,79,0.00840481838812193
0.0787172236205259,24.1764793311077,100,0.0425810479558362
4.70354719247761,21.2388239940521,100,0.0130071667016558
5.60199366633342,19.8738162967595,96,0.00946233116359144
5.05603379999201,19.1776323670171,81,0.00909343494564751
-1.14495904272609,6.28807222391344,17,0.00213077269639863
5.3190871281321,18.879921574372,50,0.00870642600888122
1.77524472931392,5.95729774613658,31,0.00205366221715484
1.74807555427212,28.5680417139217,100,0.0743143969136471
2.77614120752318,27.8978810183869,100,0.0567881651454953
-1.07273643985713,6.26401022899096,15,0.00212769617970937
-2.51093242621706,18.2064954675702,50,0.00948588479972026
4.92399493227511,18.4768844969954,87,0.00820258584488237
1.55976328191726,28.5294071356689,100,0.0782453359173058
5.51728357228249,18.2195618958252,81,0.00755268224955619
-1.17672511007189,7.73343634753299,40,0.00243064169328918
3.20005561922344,6.07927064926054,38,0.00204333772193765
-1.64641055029934,18.2000500559795,50,0.00980871275183793
6.99223051006868,24.2628852522163,100,0.0139391445634173
-1.1244824996219,17.5304234728411,100,0.00848240140342256
6.11760094433811,5.92288588101358,39,0.00191015678180678
2.24923292693653,24.3855319305307,100,0.0369814746186825
4.90672627184772,18.6272042559252,91,0.00837911819696768
0.0818694926911804,28.4636405460882,96,0.106716819109937
0.877057400492462,27.7581179954302,98,0.10019173736045
0.661360463390803,6.38963018659387,21,0.00215299972387758
5.25487709512265,18.8854878100614,81,0.00853396802253076
5.44235467799491,27.3876636734608,100,0.0251607172511833
6.00513390253739,6.43526016571024,35,0.00200186147778003
0.753140808777941,27.9611158636174,96,0.104403781648731
-0.0639554538375207,25.1709927200427,100,0.0583345557622344
-4.11248901129614,32.0579647920596,100,0.0225092904821133
0.645500219350622,27.7449912299428,98,0.103829401476537
0.345189001375023,27.4821936886434,96,0.107946732558156
5.34945403494226,20.4395101887898,89,0.0106952250390134
4.22820858706094,27.4449366092567,100,0.0357755477144754
1.08724974433689,29.3267652697648,100,0.0755807125672569
2.84789540468282,18.5935184846855,49,0.0100198300750505
4.7802040554791,8.66657758908016,62,0.00251012677354727
5.6510487089801,20.8241532680317,90,0.0109462027370758
5.6247044368576,20.0996164844034,89,0.00983467578016212
5.87357065907316,19.4542118662429,83,0.0087429490183522
1.83219513961881,18.7723547558324,58,0.0107914798393045
-1.23011937249762,8.0124914109973,37,0.00249945733130505
3.31180578985668,27.1772484090235,100,0.0468671725583639
-0.910825656735102,8.53536244408734,37,0.00263907960927733
-0.286474764123412,18.7812256393107,52,0.0112829056919108
-1.09035552929389,6.97954698788989,33,0.00226534019865554
-0.00222067936352233,27.7763229690891,98,0.108598679299347
-0.437950832836261,6.09507249954433,43,0.00208699137726696
1.09856557955086,18.2217634853599,87,0.00964066614654312
-0.104494603387087,27.2678708904738,97,0.105663556163074
-0.750514245716521,7.37531996052192,53,0.00234501217872665
1.45851885241877,31.6307196063479,100,0.038113698596344
4.05861727605967,18.7518979337325,88,0.00916141787820594
0.235749792633916,29.5139546404127,100,0.0788142697813638
-1.17780027505187,18.2256767647429,54,0.0099470606876535
-1.08891766799366,8.11069596663357,43,0.00252225534860203
-0.633628749695241,29.1343675381074,100,0.0838690474278759
-1.98014743334307,18.3402227354521,92,0.00955368317752955
7.17056017338641,22.3882676578636,100,0.0109563450639169
-0.986146254699999,6.51841171251089,38,0.00216830550991242
1.66301220005131,18.2067878152066,49,0.00982559812244239
0.394440582194719,27.3352510597242,95,0.107143890971796
-1.92808737840133,18.2630766247196,49,0.00983833842066033
5.74983675326304,18.7816137626543,60,0.008169857328817
5.87464483794431,19.2142757602242,83,0.00844007430718137
5.25102478453002,18.2329426214673,86,0.00770544903808558
-0.889856434109455,8.20702290792109,40,0.0025511445340441
0.78995232922052,27.563073142036,97,0.101896023861988
-1.0533048169435,6.80542741568186,17,0.00223684864742509
-0.662079735993367,8.03831579983,37,0.00251264169546308
-0.123711320450612,28.4818617444442,99,0.103077044541017
2.34665811118493,28.5546709491432,100,0.0629379828483589
0.177112539883525,28.0932377338869,95,0.111281820287413
5.8266982906951,19.4375361026483,82,0.00877115051071859
-0.738528309112368,7.24734721403479,48,0.00231922335247192
5.79437258736481,20.2717057009049,82,0.00997240434512996
10.3063526036048,8.91527337628731,72,0.00211295254996892
2.92854451563587,18.3845753824213,60,0.00949807743524048
-0.363667521284389,6.07257690167079,41,0.00208385903520405
-0.913040758481359,6.71466823701303,48,0.00220404151785481
16.3255028495168,5.85150575702065,88,0.00131466291476832
1.10221222079895,29.754464236669,100,0.0680263508356319
0.769905745518733,25.2142155459265,100,0.057141319673411
0.29405419838068,27.3638425831146,100,0.102723531143898
4.97950345365933,18.6378669727825,75,0.00845544500981828
7.60208661455701,22.6698967843879,100,0.0105660529083088
1.53847190556593,28.8001734993423,100,0.0760485196177638
0.208273330548615,28.2399626300833,100,0.104299084964343
-0.126629760146855,30.2334048084889,100,0.0643325898222349
2.47132911114906,25.1748911624221,100,0.0430572084262823
-0.704482612269615,8.16853883817092,40,0.00254323753202959
1.79085581972799,25.7430116935308,100,0.0568342059758014
15.6819884605544,8.64364867715282,73,0.00160399995163904
2.06071079821338,25.8152480946981,100,0.0545446774893351
1.62381300567708,26.937353659044,100,0.0746751994113689
-0.0558131123444818,26.2751844021553,100,0.0805174112719174
1.1080207740928,23.99882989857,100,0.0383923008079329
-2.33334198850334,30.8345375694585,100,0.0413462188368093
0.953210193121944,27.6038071719696,98,0.0982716073290058
-1.01626760842223,7.56159310633504,37,0.00239400947015838
4.73048347307398,29.6500595838541,100,0.0281861921257708
2.23870157073723,24.5277116345924,100,0.0384243439811876
4.96216921785307,18.2189094701501,84,0.00788030885115427
5.5711072963876,18.2898508571921,78,0.0076132676009596
1.16433596876814,24.8282951742554,100,0.0488868301684103
2.55113944301455,25.5320261119318,100,0.0457990164378537
-1.21631857655791,7.20275667122665,17,0.00232097620569755
1.81013704031942,27.6669404179075,100,0.075669599620541
2.58473382208516,30.1444355781988,100,0.0458823980914671
-0.755789839872003,6.67436021934825,29,0.00220625913628824
4.30257343312757,18.6451014657115,57,0.00908675648863356
0.151826008203097,18.4240936842139,50,0.010528122008849
5.91980967409375,18.9092045909573,85,0.00802671234632769
4.21166739683139,18.8034869515941,60,0.00937365642897961
1.62214476648899,8.58304518266353,56,0.00262618155323903
5.37561509837781,19.6093860339844,87,0.00938163209018156
0.459617803339131,27.6015109991717,97,0.106613155667373
-0.649285669071789,6.16099448499592,37,0.00210118004217627
5.65529806646138,18.5256455025722,61,0.00792791045443962
1.88471879414397,30.4264749026992,100,0.049916099024121
11.7168961139088,8.64052227469243,73,0.00194203989178898
1.99990500631772,25.4886089393947,100,0.0512033345394914
1.4364938970673,26.5444020927239,100,0.0730003438147781
2.97981046287837,30.8498128764399,100,0.0360856279818942
0.404457578114342,29.3670357546922,100,0.0810897189262633
2.84227931606461,27.1854663663614,100,0.0542410655735315
5.48884295237572,18.4967782538081,85,0.00786030902082977
1.08919253117572,26.3861226287647,100,0.0753960226106396
8.96026262956793,8.7360986358397,72,0.00220187602485741
0.2202966243879,27.4580954518835,97,0.107387708295199
1.8290823142675,24.7976747076447,100,0.0441853251535716
3.44876535079846,27.0642180552129,100,0.0445827109573982
-0.562958412610589,22.9017738314701,100,0.0287239240649554
4.64086336810667,18.8654571076225,90,0.00889975479041939
5.7880061062131,8.69090663967109,52,0.00245637760035338
0.025620072260211,28.0534082063538,95,0.111874509977753
-1.20288694325283,32.1849386544151,100,0.0332863510573781
3.72476053820433,28.9684137903503,100,0.0399989052120372
0.754021196888617,25.1113004060035,100,0.0554579114018974
0.680173739503425,27.8288374905094,99,0.102409847456409
5.85217025555492,19.6517242487203,87,0.00898916999755823
-0.648280799654029,6.54925164830578,42,0.0021752279465098
5.25349095032233,18.7587206328873,95,0.00827431342950337
3.50067860589526,28.870801921623,100,0.0431499934679379
5.66722085367192,18.8249251718827,86,0.00811205662611543
0.277811631727703,28.5968049020046,99,0.100814162396123
1.10368024063057,27.6359899052206,100,0.0895267509303805
2.88130604139552,18.5578278491213,66,0.00976979211856941
5.17584356064721,18.468489013792,83,0.0080506192037726
2.32550897788484,27.6629942901275,100,0.0651538308274485
-0.655610721748056,29.8819272780823,100,0.0693769000781622
1.5009323459011,6.61910406317955,12,0.00219499474227481
-0.667050509171167,7.11057111936356,17,0.00230608138914264
-0.0688691815945951,26.9930502208356,100,0.0984301465308257
-1.04175580047134,6.68289485116074,12,0.00221381769096478
5.17903652147297,18.317943652792,81,0.00788035456219294
1.05224546920702,27.8691188583963,100,0.0908406905882628
5.33778364354952,20.2996772682855,83,0.010540728735232
-1.8559838413594,18.8954879252287,43,0.0112321297929689
0.798539057990301,27.3218500070852,99,0.0977555175209035
1.32262734684086,25.6924308956373,100,0.0611469044880758
5.05662104831625,20.7328368543353,84,0.0116707239638802
0.389279959393462,27.199187921746,98,0.102136217547252
-0.805243844436556,26.9647280050863,100,0.0880813295009783
2.49907097663211,28.1138863747968,100,0.0616895988531749
5.3414815423971,21.0930464504019,90,0.0118707308401926
5.33301874076966,18.6701862763384,65,0.00831134432322334
-5.53359359248144,29.0845847597493,100,0.0237991876944492
-0.24032333705112,26.9847336173688,97,0.100735253421262
-1.22132823583526,7.70308979632879,47,0.00241871022537242
5.2896872356025,20.4959561289466,87,0.0108897900346977
0.892984999367142,25.7135668883012,100,0.0653129308392477
2.22006747410685,25.3951590276466,100,0.047821185419793
-0.432770912147007,28.590828417325,100,0.0988084090213931
2.32936712240451,18.8010433590101,49,0.0107165012544932
-1.00951827586466,24.2001985951657,100,0.0411128081729428
-1.68576039637462,25.5829395382294,100,0.0557618067650041
5.48851861914581,18.5174873370548,57,0.0080625348784005
1.80767080753482,28.8193575315147,100,0.0709890927597499
3.0829099330315,30.7252346206589,100,0.0362216171485912
-0.609030925251708,8.79672199941327,41,0.00271129381425879
2.93028581759742,26.9885928710399,100,0.051950533208543
1.35655418186692,27.6987372382446,100,0.0849787700529318
-0.0483237856111268,30.2080226269961,100,0.064889794635307
-0.321021781363601,30.1832827393935,100,0.0649521162757787
-1.28539443200692,31.9370176556352,100,0.0355047608112609
-0.373198022188812,29.3254117842268,100,0.0820742581422363
-0.656102499264522,6.72884719623042,36,0.00221479372121974
0.792858776793805,26.7042604651586,100,0.0842586557872722
3.05314016497542,24.5105970777447,100,0.0328413216899907
5.50934880994175,18.2161571523285,60,0.0076756889030622
2.42274462414438,28.2214236406981,100,0.0628913934858006
7.41149586930782,8.86157689574219,73,0.00235783266443009
-0.388273115772444,18.2303395723218,52,0.0101004063863426
-0.478238058703064,27.1529856276172,97,0.101715638812254
0.42488078052479,28.1923159876293,98,0.105361445752453
0.648889593087386,27.3819142452225,97,0.102545099462692
2.54274870792865,28.0354936147099,100,0.0609870009671611
3.2246345989555,22.8214152712978,100,0.0218822887251122
3.85894629242956,24.0367920919385,100,0.0253685827733501
-1.10318008093745,6.9313684199671,16,0.0022635836649052
-1.66218738887108,25.0540197133001,100,0.0486752333349159
3.20416721463559,18.7476089666935,49,0.0100881827382674
1.24350216916323,18.4167322847665,49,0.010357762984606
-1.79765095501689,28.2342361953539,100,0.0753484208065893
5.66974259466698,18.7384129573422,82,0.00803387874126752
-2.89922761125865,18.2599346384634,51,0.00938161075736316
-0.73321946096563,6.21750059816104,38,0.00211108583275891
-0.330967433223236,18.8442028171251,50,0.0114524681476318
0.61510881447945,30.2079171945849,100,0.0633461757764953
0.17731931137526,18.3081058081169,49,0.0102992197304488
5.04234449708631,18.2438131446279,49,0.00808269856614265
-1.18691658052177,25.1457996567403,100,0.0535235512049584
-1.00254055131927,7.81920365290525,39,0.00245405314049487
0.274428103699183,27.2649928793414,98,0.103822577501448
-3.20137993503487,18.246093293757,49,0.00921652206675636
1.82414593394093,16.6957632214028,100,0.00725182696078651
3.02094940885481,18.4411825566495,54,0.00960019621360481
4.19340433850435,28.8305232172632,100,0.0351801033310071
-0.0840097887541498,29.0103603878685,100,0.0890587333259866
-0.0652250529006457,28.8581415774079,99,0.0970960935400167
1.79596301063619,31.0463852170629,100,0.042970720224402
-0.465389267964787,29.5942082360359,100,0.0762149765984195
0.399440296211681,27.7682566842391,99,0.10560556829267
4.10041637004305,18.1770439102969,60,0.00851078416472591
-2.40187622257891,18.3479026210195,56,0.0097301331257203
5.51576292428388,18.3434243371717,58,0.00783003347043385
3.33455692207418,18.9961703553745,82,0.0101204685451431
-0.188832302193782,27.5214249312769,93,0.112967173869785
-3.2571592839096,30.1636083632416,100,0.0387431621917791
-1.65113706546938,25.30778039448,100,0.0522264449315216
4.99675550597564,18.2276382775287,60,0.00802086927443496
4.10928020016951,19.0203894774186,85,0.00957416537280341
0.298490620814149,27.3421077010468,99,0.103524056284443
4.72448858302852,6.5323430438208,43,0.00207278176518908
5.83982982405055,18.7288346425364,84,0.00788610181899828
-2.77721629641545,25.9619604783639,100,0.0471227398229937
3.3135489862612,18.8593987730644,49,0.0102235192554877
-1.00359503639324,8.66574535034827,38,0.00267254587557664
5.73026665489253,20.8671597628558,90,0.0109105920118864
7.12712107868734,22.1767123598537,100,0.0107514556691097
2.14267621890766,28.9136782326108,100,0.0641038110843646
2.39570174548579,18.6173036664981,49,0.0103102703287678
4.56423052028982,18.1767859011868,82,0.00808265195213565
2.22698442753917,27.1053193631041,100,0.0648009638120983
3.92353577008563,18.5883232870983,59,0.00924367864167214
6.17441199690732,25.0005312743086,100,0.0177910637794197
4.89998415343559,18.2218459192314,57,0.00809528597303341
3.22511382198919,32.4742138132883,100,0.0240489102703418
1.04458162761567,27.3088016218717,100,0.0885164568640189
3.89432598293344,24.6079717632854,100,0.0280500963066028
1.77004585447256,23.6170570816483,100,0.0322091118944532
2.92980491588273,27.1604010731769,100,0.0526983502498658
0.415426386727178,29.5637307241851,100,0.0770887097781772
5.45644413170667,20.5907063554514,87,0.0108419441434537
-0.923529729958131,8.26705075672386,35,0.00256946554570182
0.383391550296398,27.5128668442867,95,0.109058984775164
5.49914740037017,18.9441283668462,90,0.00835726112151433
-0.772588465964296,7.63893736677522,38,0.00241406388127866
5.14706103289065,27.5102444770358,100,0.0273849316857998
0.286058079801144,27.7975444258268,94,0.11252535717025
-0.30730554862879,8.09358985126295,55,0.00251727314181203
5.3879761878494,18.7175972342161,82,0.00821440160817603
3.30608478279343,27.9151286608507,100,0.0479982312783632
2.73220055710362,28.2355112986859,100,0.0571232652853037
3.33757859480884,26.963170986512,100,0.0457729772146815
3.01042162022777,29.1392392227886,100,0.0485509220259505
1.99990500631772,25.4886089393947,100,0.0512033345394914
2.27154059325378,26.8125061470099,100,0.0618783910899835
-0.991221876062576,7.86243732061148,39,0.0024646601028558
2.63045252733802,24.37015135189,100,0.0344733071898832
5.52557593539951,20.2172776562738,91,0.0101047779699809
0.702396540880503,8.80833231012516,47,0.00270923789183379
-5.16245325450981,18.1924803252403,44,0.00797214499165731
2.14429576594905,18.1792859933594,89,0.00924734426284428
18.3728348545831,8.89276996898388,73,0.00141730435500298
-0.683728513259907,8.28976080827191,16,0.00259059896851855
1.6718401886764,26.2761356867089,100,0.0657523069590017
-1.56830858610892,29.3854604368958,100,0.0681020179790146
4.69266861427264,18.3189521980622,56,0.00836279026751043
4.04375360465801,24.5788542798853,100,0.027007339854193
2.99099960351428,27.0553014741711,100,0.0512909714425645
1.43366897660169,18.7575114741905,48,0.011033362368128
-0.871628037646233,29.2805477402496,100,0.0788943310576622
-1.91572088471668,26.0622247890523,100,0.0594975067516834
0.135119539466263,28.204511561483,100,0.104853725433349
-0.0921241604511231,28.8300216662655,97,0.0995219661791728
2.43893829441238,29.3778809539379,100,0.0550975338800463
-0.0520757883219455,23.043837499084,100,0.0302014090800118
2.55504824069145,18.3189146669002,44,0.00971957440374306
1.22263330675516,34.0055961917934,100,0.0203462950248989
5.35288663798974,18.4054258290989,81,0.00786988023256064
0.158032209099203,28.1931421016995,97,0.108270384934143
5.73477540505012,18.898344204926,85,0.00815513853101255
6.49440787954279,8.69741511438246,73,0.00239446196164901
0.561139262334986,18.9237521604835,84,0.0111738722265701
2.40581636040549,18.3116940852208,58,0.00964481069824809
-0.68975601312962,8.46668412534247,60,0.00260738926121922
4.74992304982781,18.5488818978897,83,0.00844005049908393
5.48640953687293,20.9161950373135,91,0.0113205052098361
2.71738648202198,8.49602911295877,62,0.00256741770787577
5.64066041477375,18.9503157187288,84,0.00829720275806844
0.0758979142005005,28.4974109461156,100,0.101921429279888
6.95846215254933,28.8367844078494,100,0.0168711191281914
0.172090699180518,27.7179935872123,98,0.108094861773717
-2.87777803578657,27.9375441603237,100,0.0549800083480739
5.61458345829436,19.5261647863019,93,0.00899297109654603
-1.69540959827226,24.6953257480444,100,0.0438627274010622
3.67950386432319,28.7993810699742,100,0.0411186487724514
4.69538072197994,18.8489201686156,90,0.00883630834451868
5.77211253030882,20.5746385343965,87,0.0104152798972457
5.59708980876808,5.82594479587077,45,0.00191467275372983
0.0228234806717924,28.807822592501,96,0.101035129701873
-3.86157061544221,30.5133953818261,100,0.0314004490838373
1.65955499148757,24.4660404988021,100,0.0413522626206884
2.60180358467459,28.978803228359,100,0.0558056300616991
-3.72017993059195,18.6558271294511,50,0.00957118353297528
3.80959006354428,25.4794224150291,100,0.0332369337556872
1.99990500631772,25.4886089393947,100,0.0512033345394914
-0.677576611213598,5.86739086638018,41,0.00204419833502137
0.235168413493665,28.6853918076048,95,0.10378248363091
-0.61200102559937,6.45973349244124,35,0.00216076131374409
-0.337522922478923,6.65746223742093,32,0.00220354141461492
13.0768484007778,5.86857132178333,64,0.00151061451463887
6.88359773796757,29.1356995840781,100,0.0169752841622057
-0.604943643873689,6.95582303149936,39,0.00226140361228759
-1.35987477549439,25.9962394594177,100,0.0656664760519483
0.674164441673466,27.9419411105463,98,0.103498122182262
3.72476053820433,28.9684137903503,100,0.0399989052120372
-0.0393634778369387,5.85423592112304,12,0.00205587628607285
5.43092241905512,30.9221239524217,100,0.0205065298003632
1.96299127605361,28.1762316319908,100,0.0721836268590774
3.45836825346268,18.925697634642,79,0.00993984875287474
10.9966381971459,8.78314244151664,73,0.00202798334621107
-0.184772769671824,26.0788596121547,100,0.0762659826893342
5.01533484729127,18.7232661710068,65,0.00861645037553981
-0.484872307422566,29.0736553142836,100,0.0861618670691753
4.46835190025296,18.322249215799,57,0.00850633568714607
1.33344612103071,27.1776844397101,100,0.082329456222875
0.426893575356308,27.9921551975834,99,0.105258969427456
0.785613573803801,28.2832712809699,98,0.100036986979487
6.27116247978824,25.4529890544894,100,0.0181725234200664
2.64106764643349,29.5734133518387,100,0.0504851868170814
-0.0877447994198655,28.7641975679529,100,0.0978087018716113
-1.38273038616642,25.367003739605,100,0.0554503948525789
2.15923488065713,29.5661864278704,100,0.0572404863368565
0.686158953906179,28.1608112378508,98,0.102442646794669
5.57241285315871,20.5241137372763,90,0.0105500651454924
4.49426774458611,25.1585261233445,100,0.0267350499825163
-0.90403832891139,5.95014747877384,16,0.00206861995113342
2.12910129882804,27.4830201485365,100,0.0686006592498582
-2.90115974390769,25.008265550453,100,0.0377969419403181
-0.963636152780301,7.50073226926846,37,0.00238050066978786
5.27458656436767,19.0045012744837,89,0.00861593535640725
0.346123731537207,24.0836556601389,100,0.0411676579829699
3.27621145642797,29.1566000770361,100,0.0448178664596073
0.737156404164032,28.9070130032102,100,0.0866697608192206
-0.0758888914689774,27.5011284855694,97,0.108266863944086
0.574408658911929,28.2520044931654,98,0.103266894561468
-0.2259215059163,28.5635194053636,100,0.100550586379175
-1.19893235809064,8.21066663227771,39,0.00254852840388806
1.69909180561773,8.91105796570279,48,0.00271962944599957
-0.660683438780652,18.3078247924399,50,0.0102453595913303
5.54641474597769,20.6577179474202,79,0.0109344127758246
-0.813127514545803,23.1266442190553,100,0.0303227553471143
1.91371002942822,24.1012478940779,100,0.0361000471862891
4.5745196774194,18.1902526266101,62,0.00822671882681049
2.1957469751658,24.6529010869811,100,0.0399748699685482
0.0391805359695866,28.3787539358345,99,0.104489275363857
2.78031554459634,18.5664345853179,65,0.00984984081419847
1.6393255697036,8.39112678511099,52,0.00257815993647721
5.79596192529905,20.08929317529,80,0.00971843118245395
4.90826413899797,18.5244676877721,82,0.00830790457761609
4.94175954446995,8.50659814670208,59,0.00246412247241647
3.99087027680805,18.4884616553494,93,0.00877370457916266
-0.0853872167006559,28.9721413294162,100,0.0897472542504534
12.8480778954283,8.79238874150013,73,0.00186256146936015
-0.338552132381726,7.73150942962841,34,0.00244127810899828
4.96432945642896,19.4063549884173,87,0.00945800202587098
-0.859624401202449,6.10726547425153,20,0.00209698480384476
-0.898118245634403,7.32630172741049,15,0.00235354406007443
4.07672411870081,18.378770716179,84,0.00863275893544777
-0.708345408748435,6.78246541053297,12,0.00223755037410082
2.3281735241055,22.4701037572675,100,0.0225297806573309
-0.988388573025253,6.71600578141645,33,0.00221092849116559
5.73797982814514,20.5858791786583,87,0.0104760060526845
-0.441458231526908,27.0498235756431,98,0.0994601788780677
3.45813388588529,28.1177499271894,100,0.0456090159533183
0.662482940569908,28.0475054381198,93,0.108996814636702
-1.01485744562696,6.24991696462333,20,0.00212323224832794
4.29882075722743,18.4631153572256,82,0.00862771626221025
1.00424073581836,25.4068569644165,100,0.0590546250264607
2.36705104987108,18.7641512548828,85,0.0102290407908694
2.24687691685123,28.9872214250772,100,0.0616625470708992
5.68649639117818,19.3272332987307,86,0.00872094753324407
-0.637931923619298,27.7670384284781,98,0.103984366083664
-0.0908500558687371,27.451725539343,95,0.110169136202836
5.23205398651551,19.4773010090734,81,0.00937508049676395
1.06861515154206,28.6651548861736,100,0.0855488759412081
1.59104664732686,28.7590347520455,100,0.0755374158542451
-0.976778105085207,6.25387616487223,40,0.00211535861078579
4.93621898238357,18.8547764286461,60,0.00889809802470555
1.29585350202669,6.65311681272393,33,0.00219459690212856
2.00484583850311,18.2724456336771,61,0.00971200950121285
3.59486844994395,18.6147809819773,85,0.00927463066229802
5.40144582950172,20.141969352491,98,0.0100539200887671
-0.546932573786847,6.61646570329934,34,0.00219326916866442
3.5794908285955,18.8194480397032,57,0.0098845797643567
3.72840952293666,18.6401725704691,82,0.00925668419643911
5.48870969888213,18.8435815314122,82,0.00829565571511424
0.552292936130998,24.4574941007635,100,0.0458894844028116
3.77857317710437,18.5179046895606,82,0.00903534576244467
3.9938351938819,18.6057183976922,91,0.00895926321080077
2.65840105169629,18.9834230901895,93,0.0104075975376636
-0.985587873691012,6.13214594925469,38,0.0020928132217847
0.0770363521915906,27.2531610561563,98,0.104420218065316
5.58374193726626,20.6412961548398,91,0.0107173437664433
1.99718352228056,18.5536974411201,49,0.0103712910205562
-1.29896888822464,30.6869129019445,100,0.051091384806054
1.32707802117709,26.7518570059536,100,0.0775623259794104
-1.7832771112552,26.5801084807176,100,0.0679238725333741
0.172394222796197,18.8229889627692,90,0.0109145730123566
2.30077600719067,18.3994727809448,58,0.00985032151988497
5.45786935139459,19.018861568911,84,0.0085268269930411
5.9504072966653,18.9658917460949,89,0.00804275579844793
3.32000117351684,19.0007942921189,82,0.0101388175703486
-1.3018223595419,26.8971705575371,100,0.0798392792675073
1.76553374024455,28.9422769973051,100,0.0704882603119388
-0.532434399806754,29.6727353450597,100,0.0742610075003128
0.733804670568308,30.1967641240412,100,0.0629161825222059
3.52242219525031,18.8903654613373,85,0.00977660726058024
5.77086690538703,18.5145569592131,82,0.00770627921110747
-2.11026638695178,18.4105367273172,50,0.0100331156625822
0.061679360243533,5.88981860363923,42,0.00204981889628992
5.5346425164701,19.0606650933073,82,0.00853363831834378
0.0555937908269778,8.29572598350717,18,0.00259394447578085
5.42914415350948,29.3085897783981,100,0.0241129799796325
-0.677093397267816,6.00841686643486,21,0.00207897982398789
0.0429828087927618,27.6000157832523,97,0.109038371659879
-0.439602951395524,7.92598459585679,15,0.00249994694067598
4.09921753521256,25.0150675500597,100,0.0287312912229376
4.96559085043866,18.2033861272149,48,0.00808851082723793
2.30895153534755,25.1949528416666,100,0.0447601090758371
3.05909473356726,32.2637503427235,100,0.0258791166640534
2.68303112357385,28.172348695214,100,0.0581515463240868
2.33720085480964,25.7837717287406,100,0.0508146486825292
-0.487092715717685,18.8279583413241,82,0.0109964595545852
-1.56951487487198,18.4350259957776,86,0.00991888264049134
-0.322692228303291,29.3666890418496,100,0.0814894985459911
5.51706794921031,19.5698904895126,82,0.00923485145063198
-0.864743973717419,7.39208342574349,34,0.00235829601017024
-1.93210740440675,18.2421915076704,50,0.00978856203639357
1.45834247889109,25.9392404159956,100,0.063605831578921
5.30114669008197,18.8778468419972,93,0.0084030483377182
0.314135831383243,18.1615555099322,43,0.0100620346325291
5.18128644729702,18.1535725600321,83,0.00767545392917782
-0.734074799494424,8.71828153858246,38,0.0026903955097005
5.57628243081513,19.4665322956407,89,0.00897932288401859
5.47104098948941,19.9193970171133,89,0.00972705001763365
-1.0902472852125,6.17125461707111,35,0.00210064209440099
5.64693943021075,19.4590072850078,91,0.00888996609603638
3.25381239354945,18.3179902672109,88,0.00897973752406254
5.63733427188847,19.1170924386677,81,0.00852946990903379
-0.0103265982283691,27.5959115822715,99,0.106706463259115
0.709740529718787,25.232754554318,100,0.057757912705456
0.836600327556463,18.4182824220161,50,0.010441653999025
0.173434364895401,30.0190755840322,100,0.0685525369417911
3.83220976313587,19.1247010877855,54,0.0102760274857691
-0.38392831276323,28.7147532440683,99,0.0982618167773994
1.48781624836178,27.1939672871207,100,0.0796188207442416
0.544451240462386,31.1317340408157,100,0.0478615778048521
-0.144027022781049,27.2916177524646,100,0.102604002829076
2.84163291605838,26.7785726159068,100,0.0522246742190358
1.73965810959466,26.059096553247,100,0.0618233585899628
-0.565710894837717,8.91290901119765,40,0.00274529095525734
5.21607269601876,20.2439352064262,99,0.0104132300761435
3.40542111988065,5.90905290588482,41,0.00200603324529567
-0.91527275036549,7.71480204430795,39,0.0024300302224659
4.73337788018755,18.4076615619978,66,0.00838392112776269
0.164168571539269,5.83223853242549,39,0.00204038047583655
3.39702880354813,5.99939549067719,36,0.00202436991326642
-0.507193458752476,18.2615181808883,49,0.0101819698462235
-0.938796471031665,7.05862012468701,40,0.00228033968913864
5.88721276177825,20.2809977389505,81,0.00988921287528244
5.30779039742838,18.5317574094272,86,0.00801842279666483
-1.01212076952181,31.1361080646607,100,0.0461889986668181
-0.070405124779935,28.3212466190072,100,0.103976402053063
0.118195288163743,26.7505329543199,100,0.0896971129346336
-1.05778748691707,7.34848436712821,15,0.00235686252983133
0.136102116975372,25.3869676952959,100,0.0623382080585534
-0.772137773618444,18.7740333470428,90,0.0107440877714655
0.431927292631114,18.4357049078503,75,0.0102639694854559
-0.122167401848042,29.7063229232143,100,0.0750735447498111
2.47787015609013,18.4395521456257,49,0.00992960282849524
1.57076055135001,26.8665721314048,100,0.074863498907916
3.23879766033279,30.6714612641186,100,0.0353504566966237
0.738099525746442,29.3304359609078,100,0.0793377510063841
-3.31661848728788,26.3486037281487,100,0.0431238691948422
-0.0935666936910564,6.31915708870124,12,0.00214513600599174
0.874272956080795,18.5030872479625,47,0.0106450589856629
-0.799928213956511,18.8056727222218,57,0.0112052216447823
1.29335090843769,31.9744059690623,100,0.0350976627080545
6.18014859091835,8.79557617957059,73,0.00243965148906282
5.32638639548808,28.3343664576856,100,0.0259772345386117
0.927344884631945,25.648942542678,100,0.063876499406851
5.55301327821398,18.9843423286725,90,0.00836566709451318
3.37031259946466,24.2467667475809,100,0.0291337997659066
1.49635247349797,26.7498575345251,100,0.0747650567065418
3.03369850365302,24.9653744271905,100,0.0363764151189431
3.63295532736603,18.5252073623061,85,0.009110721545521
3.90781995322734,18.6298787215986,48,0.00941708174273777
5.31337172331028,18.6412578502877,60,0.00832355927609191
1.64908984836445,5.90854784331902,34,0.00204523652498005
0.399654989041187,28.2214589640536,98,0.10536869442381
4.8712739791101,28.4193416216799,100,0.0294622037091356
0.245927319551776,27.2462594448816,97,0.104825361802219
-0.655507427238934,6.95033209810212,38,0.00226041529468427
0.577367004341989,26.4631918739074,100,0.0820419966749968
-7.48485517037738,31.8192699189367,100,0.0122563902505257
-0.706573955149223,7.28955412508991,37,0.00233484294638489
2.58448267773174,32.3279570174934,100,0.0273731497658086
0.0505632726237387,27.3096677912695,99,0.104082274730891
0.0217037714404521,8.26616557343788,40,0.00257156507047262
1.79655152996909,23.9239463373112,100,0.0349273654521978
0.610156816441891,28.5828607671064,98,0.0990684200808712
0.495142277681252,28.5660840246925,96,0.102638034018822
0.668609246463038,27.1210015491954,89,0.107573323216984
-4.01363873753221,30.746776164643,100,0.0291234092474315
-0.155553451214215,18.491018452116,45,0.0107266018554739
3.43685900716035,28.2922552523774,100,0.0456646492546399
1.866128445205,26.9387888461952,100,0.0702526243907583
4.70117797454051,28.4240376132514,100,0.0309417234744066
0.225639236286378,27.0743526418449,99,0.100289856698728
0.302863950080608,18.1578061756769,51,0.00997513475806437
-0.599732073976572,18.2584203221782,56,0.010093389809439
2.03771256676207,5.81624581082103,43,0.00201883633127001
-0.48082487681857,6.75703631970386,45,0.00221719939588618
0.348550338871109,28.7689215865462,100,0.0966521539802681
1.82281100428084,30.3196286067432,100,0.0519013128511703
-1.12324112397291,6.30389240289446,31,0.00212774231569607
0.688894643120038,28.2928908539551,98,0.101400318619334
-3.05881423876945,30.3457075703492,100,0.0393237189686717
5.13597099880002,21.2119263283327,87,0.012469991899983
3.78842583667456,18.4133103163974,86,0.00884044595773974
-0.00965553348870318,26.7682494711897,100,0.0901249038501643
1.40745557339438,31.1549307616594,100,0.043994027790487
4.63443911565576,23.2854738040512,100,0.019114383448053
-0.130362565974664,28.7115737065292,99,0.0995909895212562
0.0397886666231207,27.6430460546336,99,0.106949699665383
3.70961974378262,30.9508569060402,100,0.030113191742701
0.252729729195565,18.6016008204321,54,0.0108570900076871
-1.18128114291185,8.24647936033008,31,0.00256321468166875
5.01002452302153,19.080605101397,92,0.00890465444442932
-1.3018223595419,26.8971705575371,100,0.0798392792675073
2.82491502430194,18.4443940344361,57,0.00968447468674241
15.2250490978984,8.68230049112851,71,0.00164572569039952
0.184026239848073,18.1726044069591,52,0.00999955570746419
4.18854451455714,27.2944780975727,100,0.0360151156060111
0.793509737280182,30.6278127712485,100,0.0549915679290584
-0.211596774116687,6.09669804035786,34,0.00209187132672918
5.36359608411396,20.5649561261602,89,0.0108926695846552
5.44610553316705,18.6128447442433,91,0.00798761588334868
1.12683338214992,28.8976591328167,100,0.0816664737681097
0.222737503570396,26.8920928870023,100,0.0962477812040902
6.88521717409693,6.47077862982767,43,0.00196017369383976
5.14662371650455,21.1833627555976,83,0.01245598001824
5.17705649770467,18.6894663105056,87,0.00829708414795989
-2.46519147707189,30.5911772224054,100,0.0426789592721153
0.750228034595036,6.26244032861939,41,0.00211832180406653
5.89498765282775,18.7119598545425,79,0.00785785893861698
-0.949360862603549,6.83959003554296,34,0.00223657669596758
-0.33026838215138,18.1558458619631,51,0.00996962551723212
-1.21308728976768,7.21773868468001,39,0.00231253144584186
3.38805598271592,18.7938686184185,89,0.00966210925698396
0.828060218081725,28.391524724537,96,0.100322133243388
4.06450732875133,18.6420391292809,80,0.00905675636618212
0.446469850387474,27.6452483502077,96,0.108143346613625
-0.675777734664609,6.18593078700894,29,0.00210936411186821
2.47383078808653,18.792585601701,92,0.0101562792973319
1.51453815449903,28.7610424643112,100,0.0768965894239021
3.51422231945208,18.3402162494083,85,0.00889675195667073
0.806089347609266,27.4184580044617,93,0.104746787372679
0.487025803046463,27.1472734947772,100,0.0985422036241027
0.624223263651579,27.6328871593955,91,0.111821828717596
2.13672398492895,26.4473714289175,100,0.0607326726581692
-1.09158563205836,26.413109051558,100,0.0758171372903151
5.28107127073895,19.0359739237436,83,0.00869747030684018
0.255030851297067,30.9076010899259,100,0.0519578160559753
-0.274183154451678,6.35742336275107,12,0.00215243490647414
3.48434185976774,18.3579554869171,50,0.00922901082457604
5.06841171070411,19.2478313554445,87,0.00913404397589981
4.42808111577981,23.8548259408678,100,0.0219489711906497
0.273265169278991,28.8113449303646,96,0.100216655468879
-0.776312056745023,6.98618138278292,15,0.00227909030847952
4.83893872266839,30.4859807964329,100,0.0248721481572655
-0.38392831276323,28.7147532440683,99,0.0982618167773994
3.56393316589,21.6269910629709,100,0.0162685146892237
4.24266679976104,25.9071176148666,100,0.0315260506777548
5.37501811186665,20.1514152200392,91,0.0101695102333961
0.337768858568328,28.2928060174634,97,0.106367807842229
-0.83054069417737,6.28133249010027,34,0.00212457206083474
-0.514767171358059,24.4238852494192,100,0.0454930827216433
5.11164162614939,26.6100188841292,100,0.026598981988576
5.74649788080897,18.9800990322772,86,0.00823737970486452
-1.03624914936046,6.71345282162691,34,0.0022094392148722
-1.24605850496342,6.69924247758403,39,0.00220175266751409
1.78104963658279,24.1849218283952,100,0.0376103554768238
1.33677730932583,27.7205125887504,100,0.085413314195082
-6.64133198174969,33.6228213521441,100,0.0114673429679622
0.065884734731527,28.476365161835,100,0.102210559058878
-1.1641758597111,6.84996134668792,32,0.00223748706583106
-0.460869564980333,25.7980495217155,100,0.0695887531377008
-1.10256871925028,8.09189907152805,47,0.00251481647618804
4.53458302976403,18.9615966837364,60,0.00937496904080659
0.582898310753371,29.8948114763302,100,0.0695594075917653
0.23233422974374,26.1513335422731,100,0.0776473186497852
0.460357382599611,28.7220353266319,99,0.0975238231602233
2.69447967027002,28.4971345260948,100,0.05692949212035
1.61570291151643,26.3840690172677,100,0.068057223288104
5.76593546840902,19.8607359821989,89,0.00934099220621792
1.06814029332912,25.9438939601902,100,0.0679434451314881
7.05818530194624,30.5512258034879,100,0.0149353985320032
3.63290205866824,30.6534636224402,100,0.0323671587428967
3.87121409212586,18.3036100424011,60,0.00883115216029485
5.65952405859174,20.2376665885688,90,0.0099950005548648
2.14451460688353,28.9471656929893,100,0.0637788182349138
5.52115312219241,18.2992090679991,62,0.00775094741171661
1.2234199973157,6.48246737126887,43,0.00215633658346057
-0.144027022781049,27.2916177524646,100,0.102604002829076
0.383487778336342,6.55103659336445,29,0.00218305982050942
7.5474851558028,8.77366579371757,72,0.00232882626630961
0.792858776793805,26.7042604651586,100,0.0842586557872722
1.12791337190478,26.3286343454497,100,0.0739532527241205
-0.126762766348886,26.6818737724188,100,0.0884332533093906
1.90166270792602,25.7971855781912,100,0.0562504859291523
6.90331718882443,25.9561619535274,100,0.0163435827962592
0.066753720471232,27.0590335333004,97,0.102574786445702
5.83956099721584,18.9413356233022,91,0.00808629100680207
-0.879635346675927,6.82785793839956,38,0.0022327521748841
2.11845379010724,18.828319384687,50,0.0108716420937239
5.45940208272391,20.2156379930783,87,0.0102185506529226
0.606471771354659,28.6277957579477,98,0.0984598686575582
-1.02729105238588,8.20305359104628,38,0.00254971658564552
0.0298858481169475,27.9562496422158,100,0.106259527737761
-1.05670451266973,28.9154793687066,100,0.0824466606065152
1.76698149913592,28.7497867680761,100,0.0723968979608137
-0.578296324273465,27.1574427547734,97,0.10069731652366
0.0497879397597625,6.19163256186414,33,0.00211070575025408
-0.813087889518983,26.7138953862879,100,0.0841857006030527
0.862531282654354,28.7946802625496,100,0.0868336041987331
2.45723485650551,28.4589108520596,100,0.061363928713586
2.83106494389831,27.6477970368636,100,0.0556746845200566
5.08533200911434,18.7243163564604,82,0.00844274442003582
2.74398894056831,5.87686156904918,38,0.0020179875996218
1.78810557475854,6.34034406046941,36,0.00212383170210582
5.53315147870964,18.8017416159998,83,0.0082040377393014
-0.963403450783736,6.95992900294911,41,0.00225838768988739
5.22029841499698,18.5566615058085,84,0.00812165474955484
-0.0840097887541498,29.0103603878685,100,0.0890587333259866
-0.345685327989339,29.8495114735796,100,0.0715628096358628
0.441422599845045,27.3836732819894,99,0.102839185988744
-0.169374234273197,26.9627903088785,98,0.0996324374349862
-0.364656188910932,6.1552427026427,15,0.00211111156503458
5.34202400376663,19.1855536556192,89,0.00880237675104657
0.718225639635933,27.7530493798086,93,0.108359357001839
5.2099938139325,18.594120383859,91,0.00812846466762291
-3.01595578663065,35.4580925289036,100,0.0130362422230501
-1.05206275746409,18.68474338983,50,0.0109630071892166
0.296251189161446,27.5221922472616,94,0.111065262512043
4.28229589662932,30.1994111447352,100,0.0296682006787846
3.93183639885496,18.2150472108938,79,0.00852447399340879
-3.52766420614253,28.4587386105076,100,0.044048158996745
4.22849368781812,18.7787532939071,79,0.00915980358871456
0.813760380971189,28.4284330493691,98,0.0981843868426857
-0.771480312890184,27.5614120055716,98,0.101152366643884
-0.935426731284177,6.72772763887875,16,0.00222221635255304
1.38513886315127,31.3592673611913,100,0.0415699563046445
5.35287316749651,20.343949834957,83,0.0105972797703086
-0.982672800898974,6.55570566167183,16,0.00218630722608243
0.607325546524872,27.6698676605462,97,0.105191560439802
3.69980800029242,18.3063606731178,59,0.00894572668569448
4.4137413754452,23.8045485060582,100,0.0218155682052219
-2.43893761419984,24.8256869965506,100,0.0398979044988214
2.00943305321035,30.5449030670947,100,0.047301695098773
5.09351017739205,18.6378254411701,82,0.00832527558986507
-1.788944110054,25.4510540085444,100,0.0528812421554693
4.44417174732981,18.2729189127432,50,0.00850430657353361
0.5817010013102,24.3081452353127,100,0.0437372073464364
0.885024667052571,25.7041837283161,100,0.0652011953749453
-0.194595310564492,27.5172045258664,98,0.106869292853211
1.33383154118751,24.8827499122387,100,0.0486582854486171
1.45367610903087,18.4928400862939,49,0.0104513945058163
0.277715782668742,27.4061725657692,99,0.104327411676688
-2.50314540823781,24.6037161390174,100,0.0373438499506
1.13906660976264,5.98422122612717,33,0.00206567935933767
2.69818472535749,34.8718048363897,100,0.0150762982186287
5.52757920828796,18.4048355838193,84,0.00773523011725999
-0.562351642722462,18.6862615314521,57,0.0109772627319791
5.64694923521968,18.5802819825322,90,0.00781707184765854
3.00821847890329,8.12746579905022,58,0.00246808729055941
-0.537305981529137,18.7234774644413,49,0.0111621688112152
3.10894664118561,24.0654582302012,100,0.0294338606514182
5.73076574523165,20.485846089837,90,0.0102945212295625
0.411953744386551,18.6811935244664,49,0.0110810836760235
5.12573540403133,18.7722962444185,90,0.00841871418412442
2.41482395254228,28.1097670083645,100,0.0633146117144816
-0.778179102222506,30.8134086605217,100,0.0520240271382883
0.657976633339534,27.9016543932336,98,0.103782165461766
2.26520468209208,27.1076091029011,100,0.0641021310524755
0.697603446015059,28.5576691225338,98,0.0983026088679185
0.753140808777941,27.9611158636174,96,0.104403781648731
1.2866861879851,28.0132428619259,100,0.0863582654247213
-1.3312089164707,26.772501857401,100,0.0777698186359652
0.641336650427702,18.4835424667021,48,0.0106322528513715
3.98076944825771,18.9554958978292,57,0.00982707030543453
9.47753322079705,8.59441880698552,72,0.00213158317783673
-0.976436234854399,6.68631223559095,36,0.00220345945199328
3.19280172570731,31.4298784410849,100,0.0304597656833239
0.0441891636504541,27.710518227598,100,0.1060932712238
1.52472115007512,18.5186613493989,59,0.010372424906123
-0.108033904290319,31.0669237217032,100,0.049531661689299
2.8850331111062,27.6042985670414,100,0.0546733919550573
1.73014357088936,27.2826816977609,100,0.0755908088208299
3.72156575132552,23.1252655202985,100,0.0216541774538117
-0.585556925256245,27.3370130858788,98,0.101846618486831
0.837404917993964,27.6329599662641,100,0.0984798955116612
1.43594496606037,31.0026206510084,100,0.0458059248097605
-2.02559295479069,18.4850866692952,88,0.00983127578640123
1.19985320434155,27.2994200130925,100,0.0857906297386867
1.24879204605507,26.8493611166308,100,0.080100145269922
5.22850861285444,26.6466144408743,100,0.0258307109768097
10.5496808816103,29.2557461504024,100,0.00812074403387056
0.873238059233139,24.4745057748229,100,0.0451804139289603
1.2364949357677,19.1264769067697,51,0.0119294826439703
4.26535027461995,18.3287767970686,90,0.00840604655959529
7.5584619695186,8.72107734806616,71,0.00231762057714084
5.56771292689156,32.7974307122065,100,0.0153218082618021
4.28786805748816,28.1796011022107,100,0.0352259422239863
4.2585542240911,5.94751938364228,38,0.00198788483809394
2.67559434285537,28.2087821474734,100,0.0582052066677781
6.75668660221295,25.9861408421524,100,0.0169291260216228
7.39388391091973,27.4582393783857,100,0.0154480891181108
0.714779375465345,25.9491361703209,100,0.0710831358689465
1.51381886132889,25.3131475963602,100,0.0535177173486755
-0.922418047308182,7.36997736346824,16,0.00236270595853248
3.28627115327087,18.4338174336969,89,0.00913435587710474
-2.19066012971128,18.2874072561106,51,0.00976007929274855
4.32075471824411,21.2503558725037,96,0.0137223803437429
0.333290752561653,27.4282007819474,98,0.105267567867298
-1.2128594619644,18.5249159705763,49,0.0105888574541537
-0.620544332247068,7.37179621025403,27,0.00235958572396017
-0.359882830353044,29.0244723766148,100,0.0878454020051576
4.18284879985982,22.8855661225824,100,0.0191737963567595
0.706095549429495,21.2185979460822,100,0.0180101623318754
5.91408866032089,20.1529098172765,89,0.00959732194810522
2.40703519516861,28.8512943002168,100,0.0599698914677173
-0.675626138211188,5.95475818141297,18,0.00207017379696353
3.88348621947151,18.2705452017422,49,0.00886023602190483
6.61166432329411,28.8538138104197,100,0.0183149122116001
-0.844523780584184,7.48424852123856,41,0.00237565902076676
2.50492193524589,25.6764289142391,100,0.0477349415826509
0.921507303277487,29.6884074442703,100,0.0709787079752704
2.86945667046866,18.3122900686234,90,0.0091476958769839
-2.93806588396573,18.2677034649051,80,0.00912666129252777
1.39643790171851,24.9312815796266,100,0.0489340444988946
1.52122148364125,23.085643410424,100,0.0285539722414981
-1.20736163506873,6.52519251359145,35,0.00216879533022619
1.37998204672153,31.5687971031592,100,0.0391368576235137
-0.600647302326648,6.45402934486725,12,0.00217046736228953
-1.55115239433378,30.7623353407645,100,0.0482545076997782
0.903650445484643,30.4692910513221,100,0.0570791355025132
2.46529559392716,32.1480153535596,100,0.0291077075937972
1.25218852956108,18.1795145288067,45,0.00993002292164794
7.57469587209274,28.9924495757454,100,0.0145864744155666
3.11786857337074,28.4111204457842,100,0.050189521630983
-2.3174179583272,26.3793961632639,100,0.0572499158609927
5.13243389705847,6.77475712840602,36,0.00210312700637256
-1.09443629921616,7.33220649432561,40,0.00233896334800798
3.04204403165315,30.103752161058,100,0.0413498036274593
1.02618584264823,5.9706275043559,31,0.00206503715951408
-2.82431116840042,18.5189813404524,50,0.00988577469887414
5.81426555769944,20.0787214255594,91,0.00958091053540583
9.65061170085203,8.33600721314644,70,0.00207352789660356
1.74749372056152,29.5830797768978,100,0.0628161176871046
-0.820165280073374,7.26869043248694,48,0.00232327652085292
2.79174623304423,24.9296026111697,100,0.0380382604904185
4.71848606377073,18.3134220204199,58,0.00832460235782356
3.60415208104789,18.3690172536346,91,0.00884227052347805
1.79574376129215,26.9773694155604,100,0.0719066718615271
0.426893575356308,27.9921551975834,99,0.105258969427456
0.447896201685278,26.9769373210444,98,0.098197152000408
1.40377861444664,26.8103124875911,100,0.0770651487793731
0.36668548637475,27.8922092265523,97,0.108267083963618
0.800577601725454,27.643610457809,96,0.103206786914927
0.991403969109128,29.9893806476387,100,0.0648807904720416
5.76558734868444,18.4630160136804,85,0.00763536362921672
6.87914473727942,5.8300344121446,39,0.00186047389051789
-0.213494454719031,18.4544187861306,48,0.0106117926135093
4.49007679700933,18.3563299078758,89,0.00831220475673198
-0.446936860600303,7.89303873092822,38,0.00247751871590122
5.4378736089664,19.5190072022946,91,0.00916050841275184
5.03784436365864,5.86039572991973,39,0.00194470111011309
1.67849808427748,18.2649231116747,51,0.00991005905560927
0.724948374967176,27.2283434411443,94,0.102805533908731
-0.327873210431938,33.9318829160729,100,0.0213395894162511
5.8445780899774,18.8916111666064,61,0.00822272004459276
3.49049514637084,29.5536128287754,100,0.0400822543736394
-1.17396358793163,6.24987157696172,39,0.00211313624848802
4.20797641176412,26.5693442607814,100,0.0341564477953765
-0.616348483788835,7.04910767227717,15,0.00229396963524226
-0.970930209615535,6.45509518940782,22,0.00216325403465405
0.735968669806073,18.5629425567046,49,0.0107757568254405
0.849134067958249,25.2919322545877,100,0.0580607169186605
-2.77801070985728,25.2367145566359,100,0.0408055754389372
3.11609392520002,26.9262279801682,100,0.0488155376080891
-1.08653841105014,7.1349536724553,41,0.00229483943368477
4.20661920823427,21.3992722814213,100,0.0144188586148618
0.534690957085501,26.0085023725643,100,0.073424051388214
0.877520608373868,27.4592921104765,99,0.0977268622933827
5.02731117061359,19.6291956935158,81,0.00979994958781286
0.418353272224889,25.8796280835813,100,0.0714143475390186
0.261455102056062,26.2288427852352,100,0.0791510850497753
3.5065359695012,26.7541105014058,100,0.0426939528336587
5.13961747412645,19.1286509113522,87,0.0089067256248723
1.11809973558182,8.62801956951299,40,0.00265909532180575
2.51639074121011,25.528990693474,100,0.0461412331161411
3.16759004433502,19.1029455048509,49,0.010805872251974
-0.655240628150508,6.13156877621001,12,0.00210655473120867
0.716457682724606,27.2569030223964,100,0.0972807154013865
-0.528391724755999,5.94508880358925,15,0.00207040325453636
5.21116690519725,28.9834643694981,100,0.0260983098067499
-1.15513382937337,6.85389804715424,30,0.00223942312233042
-3.47573411479464,31.3989174232046,100,0.0289880958433185
5.24223824261093,28.3589473585295,100,0.0265746979235862
1.78572024529966,32.1650342164061,100,0.0316330785975757
-1.06557676362653,8.51314592537209,38,0.0026302981719225