5.88326737833672,18.5661774247003,74,0.00773323766858166
-0.393568144047602,6.14659913674448,13,0.00211023291412706
0.371801263984437,29.5985185272347,100,0.076584997761405
-2.62039745720622,32.1202122424239,100,0.0286480715557572
5.86160125930886,18.5866044776805,79,0.00774124697927975
0.611854019442259,30.1084022247616,100,0.0652523333546817
2.22586753116548,18.3130788352647,82,0.00950364488046697
5.7913649501894,20.4219566687976,91,0.0101128818724435
2.63861959379802,18.2341575994317,60,0.00938579831038991
1.47731667788539,28.1967637398736,100,0.0819938033486302
5.77862347094686,18.6241605273079,83,0.00781756626876473
-1.42260472035699,25.7950874152373,100,0.0617521308780962
0.174624264714749,26.8827494781703,94,0.102156221223576
8.78938400887772,8.38830006646806,71,0.00215308663097497
2.22192576081221,19.0006261328336,93,0.0106782439304873
0.0123098375531888,25.482918387355,100,0.0642774934471145
-0.978959620553197,22.5815986955282,100,0.025817158601363
2.48897111115469,28.2174523418498,100,0.0616413838861979
5.52624795126367,27.9884339576995,100,0.0247178483559407
0.119590202063482,29.0039573538751,100,0.0891177078244729
5.49678668916187,19.9994152510326,83,0.00987909122532164
5.48973211393807,20.9479433721332,89,0.011398379361974
-1.09684051577459,6.35816172855122,51,0.00212953423583412
-2.90334826004222,30.22999134369,100,0.0417685922275536
0.667278129895444,27.5771631647133,92,0.10956553894354
1.53252141879521,5.96921918686747,41,0.00205503375686163
4.03521491831307,35.3487549115604,100,0.0121585125949742
4.65626628420255,18.2238974465109,58,0.00824673536525608
1.62033208843171,18.6882080580457,84,0.0104089777640707
-1.22403014654276,6.39713645772144,29,0.00214589139377547
5.54612823000029,21.0170334915548,81,0.0115468583675519
5.43762217251822,20.9484236938815,87,0.0115001079444567
2.71331928494834,29.8180368294053,100,0.0474109542284073
-0.978041706129288,6.36845521452851,15,0.00214916410552516
-1.18547020623932,6.70002446705861,13,0.00221531436531317
4.048347697679,25.6098622416546,100,0.0318889735195232
-0.530477415464921,7.81743695723267,56,0.00244776304357234
0.281100341909306,27.2298083645926,90,0.11262887333033
-0.498362494115757,5.97760735824349,42,0.0020650807849592
1.02229025827735,29.2225932379751,100,0.0781288358870185
-0.802505981347964,25.1719558380849,100,0.0562516942084264
4.52818386427182,18.5084121510676,50,0.00878111467485007
13.8459613983086,8.68105898955478,72,0.00176152220680523
2.96786253152906,29.3596456685116,100,0.0477225822964832
8.77632071708595,8.75912570975743,71,0.00222264001115917
-0.106276991794169,26.6741999507371,100,0.0883286980174367
3.40362515661839,8.38010635994839,55,0.00251572284735977
2.74973354454674,28.6116334660058,100,0.055478098004586
2.56475606171281,18.3474992233065,57,0.00964411698845118
0.980672406997933,27.7861814274434,97,0.0993211249894972
0.713681787263596,25.277894396892,100,0.0585343206849811
5.83651441473804,18.9391848209516,79,0.00816533873922566
-1.01967141980598,25.6405868065228,100,0.0630039863220424
5.70588878057076,5.95205054401438,57,0.00192614926621549
0.920382528761716,6.04363847951556,34,0.00207832951676448
5.27530244680773,18.3571025708168,82,0.00785802969699154
-3.62116325372673,18.288565708207,49,0.00904569417200643
0.996745775844819,18.4023707486188,84,0.0100235925883555
3.68299714527981,6.20525563262897,43,0.00205024350019017
-0.0758888914689774,27.5011284855694,97,0.108266863944086
2.5018917803917,28.7479869057598,100,0.0590082248849764
-2.05025767854313,30.3206452917185,100,0.0496197839383648
5.6486646237172,20.3354277366864,90,0.0101578325636568
5.73738484718274,20.3372095582136,90,0.010057371759541
0.0819947893431224,27.3728584830494,98,0.10586227699754
0.244385598388491,8.6746165966589,16,0.00269769316537129
-1.62607916701577,30.357139361999,100,0.0532632580451033
-0.268685131678444,7.56012873076662,37,0.00239918540025708
8.48790762293071,28.7807596915529,100,0.012078592977351
0.204890249851794,26.9608449146284,100,0.0975259263504439
2.23517221177779,30.2256978318667,100,0.0488098315309358
0.624338078145137,6.65253413997497,31,0.00220167413268117
4.08380559675348,21.7661537412142,100,0.0156915683035946
1.28034510161303,30.6297725275108,100,0.05206955816721
0.356644333236048,27.7507024453667,97,0.108220273522585
5.94539867844046,18.9425650925149,77,0.00809772647957044
0.278798114739699,31.3233872027447,100,0.0455265166448682
3.20623101512803,18.7241428538059,66,0.00987484775253476
5.88142878996144,18.8883485078748,82,0.00805121148753185
0.840043737161858,31.7226473885208,100,0.0391892938113514
1.82011453810446,23.176689615527,100,0.0284423899200407
-2.38507485087926,24.29996974916,100,0.0353704375218299
1.52317809428994,31.7543515160514,100,0.0365264489471202
5.85057580072716,20.0960844436634,83,0.00964061594810725
5.82177822778771,18.6704214929427,81,0.00785144016227831
4.2922027078333,18.468387253638,60,0.00880672355776306
5.91819525506799,19.8207591561247,93,0.0091012266493189
5.39136055757645,28.8621500631414,100,0.0250190156358752
-0.0662722399469934,34.2314942781648,100,0.0198076339567512
8.83502583154545,8.49679256324421,62,0.00217325000518915
2.68324362086856,27.5820406941438,100,0.0582114659363161
1.80409933717769,18.5025914388059,60,0.0102312259184954
4.99545758937631,8.80216712176254,51,0.0025367595881529
4.3894692737535,18.8188567382753,87,0.00903888955427241
0.756133984930101,28.4891264942634,99,0.0973995737855051
5.35627238573155,18.3004256343562,67,0.00783086925544829
-0.793123013516479,6.53827370798084,27,0.00217912990547561
0.261455102056062,26.2288427852352,100,0.0791510850497753
5.4754026100964,21.1648092671524,87,0.0118450906395097
3.9098398097941,5.82270345400351,39,0.00197712563127188
4.9934219493168,18.8358365228386,91,0.00859157502000005
-3.45577745115301,29.4251618226265,100,0.0411704554195455
2.32025873198114,18.2353425118238,49,0.00962997575283325
-0.24032333705112,26.9847336173688,97,0.100735253421262
0.905327969144045,27.8425212049072,94,0.103939634719748
0.632962137895233,27.7900740048052,96,0.106307149345261
-0.35784831391131,6.02287133917264,40,0.00207493324307404
-0.997081388153248,7.85243241003811,16,0.0024761829412792
5.59848869933944,20.1437395289143,80,0.0100196561837501
-0.986159237550508,7.64090748646239,38,0.00241234045999161
-0.71180717120877,28.7798571385554,100,0.0888767646058337
-3.50380083853208,27.0723795193454,100,0.0438598136314828
0.463912814129163,27.4277395381442,99,0.103048864799631
1.71264278604539,30.2086935741575,100,0.0545116468910142
0.21993027548052,26.3983393315964,100,0.0827168496032766
0.281087035844185,6.28676424714777,20,0.0021347549962949
0.358139786114269,27.1369032427248,98,0.101482438207468
-0.551969855821281,7.76008575724563,56,0.00243390782864766
2.76110122618465,18.8343136164083,89,0.0101102008515618
5.71362929258275,20.6600090459867,87,0.0106265153438503
-0.510826834151638,30.7101282298387,100,0.0547101848195889
-0.506825132435367,7.36196918301894,41,0.00235029887730703
5.10213030680902,19.6903057621118,81,0.00982348854463944
2.23992257454386,27.1273465617115,100,0.0646962496811184
-0.968926828125193,6.07408005743096,15,0.00209196279868256
0.592599720978793,27.4009119317513,97,0.103476045391915
3.62939036638772,18.370214695762,60,0.00907828571442655
3.63616600941857,28.9933723209778,100,0.0409761562118968
2.84834549618421,29.0159860477214,100,0.0516862101548259
-2.9724837554819,31.2234217769955,100,0.0332878903701743
3.71771776805195,25.567224269765,100,0.0345007059911176
5.94632961394393,18.9597613700295,60,0.00823071807890435
5.71599670342497,19.8339896150224,90,0.00934489492792966
0.550477419771329,26.0055998924165,100,0.0732739772945196
-3.50893190028607,30.7516108491115,100,0.0327140870220789
0.626556048580651,28.1493064808818,100,0.101249856342624
5.8875096339525,18.8582836785235,60,0.00815548159172616
2.04151918947002,28.3695271871569,100,0.0697974996954792
-0.0383709932776409,27.2995720860215,99,0.103972385447463
-4.86322736373936,18.6655406492647,49,0.00877094586806326
0.310025757555905,29.6532379621196,100,0.0757094665890053
-4.08090557669783,25.599950777939,100,0.031577418267665
1.30555453733884,6.20384344410568,46,0.0020997458457783
-0.122813498639656,29.9878543454459,100,0.0692588414755265
-5.73023078210729,18.4857883132597,49,0.00790291680099353
-0.384170914801547,28.6647907387685,100,0.0980941493897715
-1.02919488115711,8.4915982353201,55,0.00261340136620172
1.62381300567708,26.937353659044,100,0.0746751994113689
2.25295520191105,30.2070141429225,100,0.0488293567713019
3.95623811092061,18.5222040584659,59,0.00911823618910082
0.963445330027856,27.5816784564211,100,0.0916810521266337
1.10457406909815,18.250551135547,51,0.010041537543467
0.280262534900824,30.3096955918528,100,0.0625997580194414
0.0134798955843124,28.1512229166988,99,0.106549896396093
0.782220473339329,26.8684287841823,100,0.0869676040047306
-0.96420028654286,7.1776186536814,14,0.00231995577919436
-0.601197336152487,27.2573481850041,93,0.106076953051341
5.67283336916496,18.6143833668288,83,0.00788107038657637
1.64848206975672,25.0267932842062,100,0.0484201538200599
-0.20357365580542,5.84670162330446,38,0.00204339285550115
-3.1164360290971,18.2566559735684,50,0.00927118076428408
0.327720190315247,6.53572701384843,35,0.00217729388985833
4.08392716237715,6.1734007616836,43,0.00203152253417268
3.96824072077226,18.5124937146984,85,0.00888518378941846
-0.575155971997425,32.0702129009163,100,0.0357816408480393
6.82455406556632,25.1100955930091,100,0.0156141895149271
0.452103099953856,27.069759618023,93,0.104911630011127
6.32187502261958,23.7801667864694,100,0.0150325693190575
4.58118409293926,18.1669039531794,57,0.00822582746848967
-0.0824579952776799,6.44589797425786,35,0.0021597129695146
5.56512526021488,18.2335102179182,92,0.00747581285341582
7.19175863873721,24.3726790163662,100,0.0135515272944675
-0.0161275149545353,28.8487272293701,98,0.0982665823823623
2.24438582792059,6.09703517697098,34,0.00207031324248689
5.84321819016301,19.8682511668503,89,0.00927368486246683
5.9083240489022,18.7981809539037,87,0.00789588452194565
0.781915188989194,28.0333483478036,92,0.108201522797075
-0.234337274520745,5.88216442399897,36,0.00205071209766907
3.22924747368003,26.1455626613118,100,0.0429690340573681
-0.750573296408364,7.65605116423304,40,0.00241712964809604
5.57710947862236,18.4289915136588,87,0.007711742372778
-0.989866081285469,6.81799647450386,15,0.00224115372373847
5.76236046865621,18.6020519271001,60,0.00794670725813871
1.03568479705335,29.2241630829732,100,0.0779349489861183
4.9618725721076,18.6480075646543,75,0.00848142227590044
-1.11169628000358,6.11254891427674,40,0.0020870628796257
1.85470114062012,26.636028383034,100,0.0673761399633366
-1.14638119745832,26.7224444404787,100,0.0799230467922389
1.70858890526878,6.06505392231415,36,0.00207256541178113
5.50417001101762,20.186235294917,95,0.010039906658537
1.72784360445767,18.3971494546132,50,0.0101568859944263
0.150404885153835,28.0375992482958,96,0.110439568466869
0.572571249313604,5.92851220602272,13,0.00206793924777741
0.252599886119388,6.63354368492146,35,0.00219741720319636
-1.18540023359251,8.33196719521494,48,0.00257401248358485
1.80048975304313,28.99279099883,100,0.0693328348890847
8.33743143551979,5.97579408614378,47,0.00180477294540568
-1.22788376605013,7.32375496439986,28,0.00234193783826662
-0.106276991794169,26.6741999507371,100,0.0883286980174367
5.27652197524078,32.0567254882171,100,0.0180685388809112
-1.35820835139151,18.2515615089611,47,0.0100208866233964
0.0980897918346745,30.3641297179546,100,0.0618234207903378
4.3387476476479,18.2674347583201,49,0.00857142253855967
4.70949367792205,18.821535025648,56,0.00905825654307278
3.45796001892953,29.3947484568279,100,0.0413049920868727
2.79445710042029,18.7555669314844,94,0.00989871679762556
0.958884297435198,6.08450880252722,23,0.00209053568166122
-1.24322480610292,8.26939352302476,39,0.00256287442089475
3.89520751478156,27.8969434818284,100,0.0398804915273088
1.73965810959466,26.059096553247,100,0.0618233585899628
4.10743206953548,18.376175586861,87,0.00858823466711516
1.29934014016951,24.741942591251,100,0.0469059110033668
-0.516208446744859,6.13380703706204,35,0.0020975414234317
-1.00784473944498,6.50302607986846,11,0.00217774838175209
-0.424396342505926,6.26163705723,36,0.00212213400569219
0.579200219317688,27.5382519991211,96,0.105923323302727
5.53785735893465,19.7729795216889,87,0.00946174470658168
0.291001935364548,27.4446365302284,99,0.104610859157782
-0.391457762438354,29.8656495524403,100,0.0710635391583368
8.81835574157635,27.2898671979358,100,0.0113648167526381
-2.19266201393539,18.560099679982,48,0.0103071638880998
5.05049671753794,18.3553279789075,82,0.00800186924896459
-0.415422784904773,27.0432345488131,100,0.0976304878575476
-0.0383709932776409,27.2995720860215,99,0.103972385447463
5.94922048521386,20.4923071158222,91,0.0100305597329634
5.72894862114294,20.4868881120471,82,0.0103839080851765
-0.939732976335453,6.2926690711581,16,0.00213407466187221
7.63723130494749,22.7500072942488,100,0.0105985018038352
0.927774516748909,5.82276108312228,39,0.00203518372062133
5.56717954191279,21.0755962073518,83,0.0115956290372594
5.13969219451309,18.1575896615313,99,0.00761161384559808
-5.15465734332361,17.8753355360304,100,0.00734269942921659
-2.52914683467664,26.9815075751366,100,0.0585771422774868
3.76033396041162,25.1811991898492,100,0.0320269461883082
1.22821218975509,27.5321460602038,100,0.0868220968790006
0.785181218080754,28.1230638622906,99,0.100139559485379
-1.14255905547174,29.3568221617981,100,0.0743869406700021
-0.932384076245453,8.71254242588212,40,0.00268497608125134
-1.20107371178148,7.60832144329589,41,0.00240024511503042
4.37376054647939,19.0125598013302,66,0.00953017681531392
2.13767222126544,24.4642570224471,100,0.0384465930010998
1.34099061627544,27.557445251568,100,0.0848065323056854
-1.72741301718506,29.35867543143,100,0.0661057317417949
5.16471977687883,18.8736233430345,50,0.00882203688108461
4.81346649049553,18.4005995624213,80,0.0082254363847709
0.120793936034508,18.7640770609612,66,0.0110774004224
4.65311650725074,18.95246453403,64,0.00923201643700954
5.59329863496086,18.4704415145027,81,0.00778373628785012
-0.23866656409563,8.89481748443941,41,0.00274135594094165
-0.974826279092233,7.52151200258749,41,0.00238290608740943
1.86544605761764,18.4288957630522,49,0.0101781246331611
-1.35900032475263,18.2912885047396,51,0.010057147495669
2.28571426039729,18.3459893067049,57,0.00976892537817391
0.800452303734041,27.4602467539767,98,0.0999748456061139
-2.42097540970349,18.3840322013552,49,0.00985420611418028
-2.13369864585198,18.717028465945,50,0.0106303593777671
0.663001474529161,26.0334972975538,100,0.073093009752186
-2.50535376071189,25.5675499940104,100,0.0466444194654796
1.47607647740226,18.2891974705389,86,0.00968019362778399
2.32443601507008,5.84359987317759,34,0.00202232528703177
3.90084952300137,26.3525096672869,100,0.0365045020342748
-1.1962407433701,8.30902546944823,39,0.0025738639821738
0.93798924962179,18.2495545332306,51,0.0100740198878344
0.414544282119323,27.5947370992534,100,0.103692828276244
0.53063607645536,29.567105028955,100,0.0763792297014204
2.68207358287829,27.44258256162,100,0.0579045863404932
1.98972603950478,27.8159337884934,100,0.0721393398317895
-0.937641181530705,8.54052026227277,38,0.00263942625145804
4.11527974603685,18.6391391070563,65,0.00914213880800602
-4.81032743110037,18.3314695590817,43,0.00839231072991031
-0.843796765494827,8.75766056719626,53,0.00268918715281744
5.22779209305986,19.9512633943285,81,0.0101113795791694
-0.239531488525534,8.4709344480649,35,0.00262852045462415
-0.234916459466235,8.68353849756078,36,0.00268571549431552
-0.651078844634629,6.77088329223353,38,0.00222257847284195
2.31933983597365,28.608851460374,100,0.063134236627338
-0.409081807815017,6.98955441033545,48,0.00226502910685177
5.80145354480972,20.7993745147507,95,0.0106464812268943
5.66270962402831,18.8038918316046,59,0.00827110982266834
2.03772299942981,18.1708758972107,60,0.00952776678978545
-1.24702558231382,8.15698504555471,39,0.00253412472012267
1.98171868302984,24.8363174909436,100,0.0435192456603419
-0.146287470827393,6.19299093880518,34,0.00211043824754012
5.56656362472334,18.9717937771292,95,0.00830497121107306
5.60254861101383,20.1141381252241,80,0.00996938673715794
5.45610036113963,19.8958579703533,89,0.00970710985372287
-0.207659160214749,8.55256359050163,39,0.00264782163839178
-1.19781737138404,6.72487468565559,19,0.00221738573016105
-1.29819616086018,23.8081440479001,100,0.0356966086434074
-2.9135551744533,25.6604003308383,100,0.043041334557568
-0.494567742286489,30.6743088733339,100,0.0553741204006138
5.73599663689505,18.9699199593833,85,0.00824007259968049
-1.20676926622043,7.29777111185008,42,0.00232875841574047
0.214103858471462,28.2624018494956,100,0.104082374094652
1.12566926980694,18.181948456525,45,0.00996445340887778
0.295224954052605,27.435216993648,97,0.106727575251536
-0.681437134754808,18.3080227445666,49,0.0102533357849507
1.43041363606529,25.1131441265544,100,0.0512844424843009
2.31032143620798,26.5014822590837,100,0.058522261225134
2.68525455915817,18.1866626032463,66,0.00923284666812259
0.238361768026889,27.8080540548298,95,0.111599113873084
0.159010120991511,6.32620906149041,34,0.00213637024204277
0.745801394762559,28.0244933026731,95,0.105442157098168
-1.24389467664201,7.19933533786694,15,0.00232092657222872
2.0256861601159,27.3980770541132,100,0.0703288274732788
11.9278457178332,8.46560637368974,72,0.00189910098243689
-1.03406888866618,18.2014944593975,84,0.00964497796445512
1.80835485885534,25.4013788448584,100,0.0520236055437197
2.14241840025719,27.6697761884015,100,0.0688344309982745
0.356644333236048,27.7507024453667,97,0.108220273522585
-0.925495701436926,6.40521626495225,35,0.00214768184200152
-2.63215449254989,18.5475285239353,45,0.0100934268050923
1.13873354375519,25.9010966622261,100,0.0664899834525976
1.02705916072636,32.629549178912,100,0.0296800519530106
1.15609763738943,5.87214752463462,50,0.00203766599882122
-1.18564947929437,6.41637598462405,39,0.00214551401527269
1.01757009010485,29.4701228379362,100,0.0739373364305212
1.41334382008293,29.0961315173872,100,0.0744961733149
2.20479412719073,6.33791678346615,28,0.00211947310129972
0.397683777525782,27.6435951669042,100,0.104095970170325
5.33493338557596,27.8250477256829,100,0.0260662233554863
3.34028494777815,6.17143466612796,34,0.0020580113263384
3.29649809953375,28.3533429330727,100,0.0475962259279077
1.33380565015837,18.4858831834241,57,0.0103866672215217
-0.972891218754655,25.0276427243206,100,0.0529751736743088
5.33554441460295,18.9285623783393,86,0.00849172610966824
-0.633628749695241,29.1343675381074,100,0.0838690474278759
-1.00968626711777,7.71039516481034,41,0.00242673185113878
4.90597133144472,18.502414953385,84,0.00826739523676705
1.34992280339172,25.9137436583643,100,0.0644495295696788
-0.438192779459579,29.6412426107824,100,0.0754066076633574
3.43685900716035,28.2922552523774,100,0.0456646492546399
3.77765464322896,18.2587558474352,54,0.00886687578243068
1.78862031896055,28.1339902015352,100,0.0759038768483092
-0.513734621778873,7.34598752296403,17,0.0023599358406907
-0.534030936111069,7.63260256842599,37,0.00241497016952603
-0.810200918803567,30.8484755237462,100,0.0513319961455747
4.35041455593941,24.0721428546884,100,0.0231565467692159
3.53278032986509,20.988909584605,88,0.0144070621091718
5.43583915922874,18.2812469669805,65,0.00776846659494218
2.77013546054181,28.9119984355239,100,0.0535367654091018
2.82081303842669,25.4646768385106,100,0.0423702227058289
-0.55375018706658,8.51537084876326,36,0.00263803429799894
7.85034412860117,8.84284140366013,70,0.00231895766073309
11.8146012841995,6.02467957835512,60,0.00160430984540196
0.18605531432225,30.1998000827138,100,0.0649160973006797
3.33013392918951,18.1549670689852,49,0.00900070210217718
-1.29320347152047,18.4869455509354,50,0.010476613399556
-1.11857290010148,7.5096610895387,38,0.00238016581073828
3.03255670497618,18.2330323057861,50,0.00927646350051517
2.35580149426052,26.0602012629329,100,0.0534915944646991
5.77504774113351,18.4162980801562,80,0.00760693308344856
-0.775359847904204,7.7580455196249,39,0.00244176130287688
0.213124199153963,28.2659913394291,98,0.106267113602891
-0.348721619200459,27.1308310572976,91,0.109216832581489
1.69123717392373,27.0906238392909,100,0.0748776167932557
0.522986800008547,27.1269005880657,100,0.0979071050652027
1.6742443885193,18.6950010612669,89,0.0103494006512115
-0.976163794239297,29.965047274773,100,0.0654453746093516
0.441689143690245,28.1864888047439,95,0.108673458646857
1.03375577671026,26.400677504975,100,0.0763190910544871
4.55120377810299,18.4133400923834,66,0.00851229088870288
2.68324362086856,27.5820406941438,100,0.0582114659363161
2.809303266004,18.1963261077776,49,0.00933674879350837
4.49894993106767,18.7252628919859,89,0.00880998659415754
1.47253527224,8.70267459450753,58,0.00266014168668735
4.78243898776701,18.1767291983621,57,0.00811277470867775
0.987754362607947,27.0231486249162,100,0.086362880389361
-0.690166412711761,7.23370994692118,38,0.00232195185637026
0.681774482283271,18.4089528620735,58,0.0103614629079178
-0.133312693359373,26.5540028415571,100,0.086002047286891
-0.2259215059163,28.5635194053636,100,0.100550586379175
-0.936148958571237,7.34655916907268,37,0.00234560450946649
-0.163000010294648,6.40478248507444,33,0.002152356926471
0.983535216631672,18.1781572340971,51,0.00992749442219515
5.17604370511311,21.1682526268732,83,0.0123780067538539
0.473624682605902,23.7349652349096,100,0.036830474312571
5.85250578275177,19.4846519181327,81,0.00881678865748975
-0.208358230605056,27.2570005628377,100,0.101941856540561
0.72288140247159,27.6266030473402,97,0.103320621120029
0.782332790077258,27.2616069276472,100,0.0964078499768585
0.225791741844508,27.5955241592947,95,0.110832987248477
0.920231610364063,26.7878303636881,100,0.0840334343743895
-0.434910942640444,29.41121473009,100,0.0800475012090091
4.73961010668445,26.510451788693,100,0.029248727741157
-0.863003449176564,8.38262618994699,50,0.00259025748531412
5.55255665298173,20.1434505232985,81,0.0100607574858006
1.14005288205329,24.8213636413493,100,0.048919985978845
-1.15727646368156,8.18946879063277,41,0.00254246744099275
-1.62159972531064,24.872329850954,100,0.0465893254815252
-1.45024158504797,24.1006502369852,100,0.0382464695612543
2.39306869800997,6.496972121545,31,0.00214518832571215
0.569645496367983,27.6168127100479,99,0.10324990838398
0.0725530091197626,28.1708276509056,100,0.105239771634722
-1.03545498470052,6.95772559961811,47,0.00225413118234852
2.00197718452013,24.4389020086712,100,0.0390300548300254
-1.21014377114362,8.01502102381835,17,0.00251295625436283
0.965636837598217,27.6679473540908,100,0.0964244380731877
0.590945211537621,27.6806714148394,99,0.103275701539059
-4.58592858391555,30.4758491622351,100,0.0264774803194889
5.56384529317445,19.5257119657737,81,0.00913756622298159
5.53954598240542,20.5455266822259,89,0.0106374865965406
5.8348123884036,20.4113374435773,93,0.0100253621098999
-0.691252078403945,6.79143651066743,40,0.00222560875905943
-3.84922667816155,28.865537722827,100,0.0388709263772329
0.635808632602489,28.1334344272787,96,0.10549252381999
-0.245004687787812,24.2769941755349,100,0.0438446207598304
4.90935272270347,24.8246404939512,100,0.0231354798895648
-1.0679270287236,8.2003387331928,39,0.00254782042384904
0.927817043712363,19.0247607719618,43,0.0118842284121463
5.68745641109964,20.7442717175388,87,0.0107992133210061
0.937930456195947,28.1082433771502,98,0.0986025426038467
0.856493471684167,28.5297515086843,100,0.0902405367121781
0.506923449693754,25.5539807948561,100,0.0645936545404321
-1.04467183593538,6.70892926026045,34,0.00220842004139715
2.09062018990222,25.5393385634693,100,0.0508571997219856
0.775353382703407,25.480376295384,100,0.0618403771010689
0.963445330027856,27.5816784564211,100,0.0916810521266337
3.04495902177424,23.5563124571286,100,0.0265215829463705
3.08255490868613,26.4970601414527,100,0.0470275753561429
0.240554813445895,28.0163015217772,98,0.107724817277932
5.28246641749618,28.8522702958751,100,0.0257814347016839
2.71872456881439,18.4605308964928,43,0.00990435216730333
1.09054088373552,22.8779725184357,100,0.0278371699737913
5.51375590848856,20.7127402356686,87,0.0109765276063308
-0.876246785327895,18.2929304365449,48,0.0102018668736978
3.10664559967584,27.9835442838778,100,0.0511059160335382
-0.314006731844211,29.8761077401999,100,0.0711272493195924
3.64264776220291,18.6551963932289,82,0.00933523392971589
-0.688675866928593,6.23307809535732,42,0.00211259060792055
4.40872115428033,6.39366086543569,36,0.00206272927207962
1.78104963658279,24.1849218283952,100,0.0376103554768238
0.582898310753371,29.8948114763302,100,0.0695594075917653
4.46196881887404,5.881168991189,47,0.00196605217382928
-0.473120625861499,29.4208574746561,100,0.0796351878650522
3.4869873040705,5.95379644047063,33,0.00201492666567285
-1.09591913435626,6.34608158037134,39,0.00213263315605482
0.748606365115626,27.5661082443179,94,0.105836773829497
4.22518409085104,18.1881530664629,59,0.00845868331073204
-0.92022265426192,5.96116708894626,44,0.00205862631164992
1.93974425697039,6.68097744354936,35,0.00218930025442272
0.297741564972733,27.4798256577996,100,0.103786939397715
0.0720549015634081,28.1580362123776,100,0.10532654875273
2.25451007496841,6.37104471984584,13,0.00213168652736127
5.15668756592388,19.2832634462918,81,0.00915968704578432
0.315385371771715,28.6928808308196,99,0.099087390674418
-0.404979948258519,6.41371943486116,11,0.00216374829393937
2.06186339788938,28.8508043439442,100,0.0660871849004965
-0.174169155224278,27.2378407210583,99,0.102881121323757
-0.140788152428393,18.7916635845476,50,0.0113407022776461
-4.32375122293181,26.9284854496717,100,0.0339375947228285
0.173201555821639,27.6116311043842,100,0.105337434509995
5.52110611083973,19.64782064955,91,0.00926407997434129
-0.971437253430554,6.20545216442162,26,0.00211229976912844
0.61300600352799,25.8200773330182,100,0.0692371940674255
5.67542761837133,18.6296254378697,80,0.00791551875978884
1.2689650390471,25.9499647200547,100,0.0659446638096472
-3.07251115566554,26.5786374080941,100,0.0476499444554029
1.27571944236951,27.164450523696,100,0.0832364339227409
1.70972062698032,18.3893805302639,60,0.0100461937968309
2.8233101233008,25.4487061602142,100,0.042207664969034
1.46301366551225,27.9795761382458,100,0.0829502866680709
0.510058120278356,24.2629153000753,100,0.0432730536382421
6.60555004473617,26.2455546572716,100,0.0178111148606704
-1.43294064505058,26.1341657698349,100,0.0669474458705771
2.66026433413387,30.069441642101,100,0.0457578376541444
-0.828314066820625,27.5331582634289,98,0.100052637331745
-0.971470669740309,25.8270820003079,100,0.06674437146919
0.920231610364063,26.7878303636881,100,0.0840334343743895
0.813323832844538,24.4792404508274,100,0.0454537439849908
-0.961620237216879,29.3468464803967,100,0.0767297610257091
-0.173535333994195,5.98989659982657,22,0.00207690103623531
5.28312918303909,20.4486968990311,83,0.0108626949987737
0.0500666491269514,29.7395961082383,100,0.074450494268243
-0.543163808473437,27.1262081014045,93,0.104862554463615
0.915512361214318,27.7907090821772,100,0.0976168134212243
0.691405001224765,27.0826968646798,100,0.0910318706835074
-1.10663568072183,6.35224651181522,13,0.00214563607440783
0.35912523902004,27.12892231262,97,0.102393405717369
1.90965439041989,27.2052853643983,100,0.0715407329367547
-0.24032333705112,26.9847336173688,97,0.100735253421262
0.0932512937079322,27.5634273541048,99,0.106401252012182
0.963445330027856,27.5816784564211,100,0.0916810521266337
0.930742662258034,28.5842977616559,100,0.0885731703053805
1.29934014016951,24.741942591251,100,0.0469059110033668
-1.18720700744509,29.2047540017447,100,0.0762456533631979
6.47027824954995,26.2812373792085,100,0.0184291387296931
5.90907879384964,24.1648638289089,100,0.0170994603831597
0.33163120500613,23.145574883679,100,0.0310092550528943
-1.77868018121819,32.2336632511939,100,0.0310724738622639
1.73454576647389,18.5798219621113,47,0.0105536117536115
5.40910488464185,18.2128709700931,83,0.00760165163786294
2.59564393417971,28.4033856836566,100,0.0590587431042477
1.62004406557993,27.1511408167554,100,0.0767472807783584
5.40870177174995,18.2864989900884,87,0.00766103657620691
0.0464011529742132,26.8782908024553,96,0.100307604769434
1.34567755091813,26.5795559032666,100,0.0748808384395851
3.22587116455799,21.1767053684436,86,0.0154822269416489
2.19129354043535,29.540426557488,100,0.0570696478079557
2.4789682613353,6.75085514475137,36,0.00219156729338549
-0.885018160941111,18.6289977255218,49,0.0108910541856374
2.41114717296661,27.5278295287684,100,0.0631879972178158
0.810529317952597,22.9051899257508,100,0.0284735219014851
-0.257587837099552,29.6722896755476,100,0.0754872639612135
0.10812122042299,27.0354876051159,97,0.102097592890641
-1.17335467367027,6.47990367517319,17,0.00216854296340287
2.61156197794202,29.0299576236913,100,0.0552878188779986
0.556781266649126,27.9675100964158,100,0.102856324092424
-5.37162665188521,18.7866237162282,35,0.00865022296268785
1.1768010860448,27.1205003219846,100,0.0844983559438743
-0.513678246575397,6.73610421754521,52,0.00220928051245606
-0.530688222112985,8.07810358708409,46,0.0025179089515972
-2.15602537130344,18.5704378225264,56,0.010259738443106
3.18695210133449,30.1756757458849,100,0.0393479321260797
0.546193531098501,23.8775649844122,100,0.0383597961697963
4.88919957765758,28.421485980807,100,0.0293090512892731
-1.00404609633652,7.41023881291868,38,0.00235875545521433
0.701470017616283,27.9119313263565,100,0.101054705677131
4.76241802494937,18.2561099938023,85,0.00804245991621751
5.3431588762429,21.1341868592902,89,0.0119612169021427
1.39503952313192,18.7586058664376,49,0.0110369177343437
-0.815020646732277,7.80932868860733,38,0.00245432359118304
5.87934835836837,20.7774318229423,85,0.0106215728142599
5.69588976548898,19.0508508896061,88,0.00834954245607217
0.678718276678462,27.7115637653195,99,0.102207057099481
5.65807905287914,20.9020277207864,93,0.0110319951480241
0.47063026770133,28.299367414936,93,0.109715864251358
-0.735988405013453,8.2221408000994,43,0.00255469127979708
-0.747455660004042,29.9377493737932,100,0.0676974792212824
0.348550338871109,28.7689215865462,100,0.0966521539802681
-1.0182034880355,7.90697210819582,40,0.00247457145120008
0.718225639635933,27.7530493798086,93,0.108359357001839
0.361779799668361,29.5949230605753,100,0.076701490536265
-0.50531849571328,5.82914874175483,22,0.00204595541121642
-0.918734858546211,6.16874354990161,32,0.00210300832582772
-2.31388134508838,18.2236513545185,49,0.00961186519187179
3.43505868221368,27.0202025992643,100,0.0446269888113318
0.320069835216492,25.540746148041,100,0.0649852101749557
-1.31675989722845,28.5683842478758,100,0.0824068359345834
-0.749272587318152,7.07530555135573,15,0.00229875913173457
4.87033925572894,18.7342930664075,49,0.00886349695000395
5.60759046819311,19.175170387993,69,0.00871886691679819
5.49084734010547,18.8276701993289,79,0.00829492016468919
5.41019635927327,19.2635587899192,87,0.00886593408698632
0.661338777007075,27.7808355498534,99,0.102618483292502
3.36083679651385,31.5432799492452,100,0.0287739367467714
6.34792578865233,6.29021248585855,49,0.00195539277117167
4.34314929998967,29.4106934664191,100,0.0320875193192006
-0.462588064344323,18.7160728909006,93,0.0106327562164477
3.30237574671957,19.0346938999425,49,0.0105692015202791
0.444819130110329,28.3983309263642,97,0.104304269227795
0.463082003344506,26.9074023253925,100,0.0907009474073239
3.4541623237425,8.62582747714652,55,0.002575108385141
-0.135046311210074,30.4562202607327,100,0.0600485838449639
-2.96970606585541,31.1711555235969,100,0.0336975783553167
-0.492719903654149,6.42882104171107,34,0.00215567335931798
-0.2542358943798,27.0423202286677,98,0.10064150368879
-0.712684784543884,6.74886852712558,27,0.00222300783460389
0.449970121351905,28.5975596088107,98,0.100546511285016
2.68786509966418,30.1955193419973,100,0.0442977722716259
0.88553834587888,27.5937943030332,94,0.103555011503791
1.37202367576884,28.7297143283923,100,0.0797594201089748
4.69328948970959,18.2637393616367,83,0.00810767621076507
-3.66375898904229,19.040154010587,49,0.0103054947324357
0.934273381873992,28.7754541789621,100,0.0861351513732772
1.46649783036012,6.13697739289268,12,0.00209997997336196
-2.62273537199495,18.8298997362005,92,0.0101476718453579
5.3705924928581,21.073599126304,88,0.0118180574914258
-0.931853738077803,6.23286142070115,10,0.00212514589816265
5.46356266890504,8.84557370147329,73,0.00250220869646606
1.23205912872277,28.6188494341833,100,0.0833823331123705
-0.0675389501669117,5.93502791006197,24,0.00206584188400654
-0.842960647481777,6.958194968536,45,0.0022570882319547
0.778100570080286,32.7543689705875,100,0.0290282560833656
2.55366849215728,26.9172691087519,100,0.057759077840583
5.07400399746283,18.3247230041476,68,0.00803912855586972
5.42040052680299,18.4835385109343,84,0.00789746265938151
0.770591839690491,32.2248462844506,100,0.0338570928475548
-0.094666997431245,8.83214088054861,55,0.00271358333790832
-1.10466767672785,7.49302559926137,16,0.00238899946532781
-0.971470669740309,25.8270820003079,100,0.06674437146919
1.92748443733234,18.186656100514,60,0.00959566848626271
7.27080552990757,8.85323977099005,73,0.00236759506062759
5.63314510294305,20.1808674397835,87,0.00996796482886158
-0.178920257447558,25.5156668242986,100,0.0647890536163464
-2.55474142612437,30.2461049687226,100,0.0452175542832427
1.85839027238432,18.4542734184627,83,0.0098867419460412
0.208273330548615,28.2399626300833,100,0.104299084964343
0.899806372285808,30.4501106018286,100,0.0574286072495719
-4.75377370641947,18.8435615973401,85,0.0088247380067333
-0.992630447727517,7.34182327458226,39,0.00234283883397252
0.783747021288379,28.2874239842968,96,0.102073148546306
-0.667920455207868,6.75206545508396,12,0.00223142467394555
3.32423054259755,22.55793706819,100,0.0203763571445691
2.76755171329788,28.868522780974,100,0.0538358888246543
0.258594595365139,27.7005948960828,100,0.105333269366173
4.03139761920986,18.4384771077055,57,0.0089572388030393
5.3269042283822,20.900803197232,73,0.0117613116925881
-1.92683557197666,18.6902071555198,50,0.0106699147642336
-0.0697002634666525,28.460565515231,99,0.103465533727077
1.39156134033616,18.5718178782427,82,0.0102742476657018
-0.995079532491616,7.07115891873187,35,0.00228509546473645
2.70378732059452,18.2611192863842,60,0.00940081974924755
-0.671336354480842,7.91016542653163,16,0.00249378486534591
-1.9506094490237,18.1941160415992,52,0.00967500863824867
14.2082694588153,8.37825226851709,72,0.00169617281779481
2.05889037251631,31.539945014491,100,0.0361363957842565
0.525763431937133,32.1017668255164,100,0.0355119551868415
-1.77804951803681,18.3475986830083,48,0.010063222143554
4.12056905085443,8.7055487717902,58,0.00256002992909992
-4.50562187005928,26.7374794304679,100,0.031781893101669
3.08279422507959,5.82870756010499,34,0.00200305698927384
5.83060766599258,20.4319737956396,87,0.0101223878615638
-2.84388459022334,18.1865384988249,51,0.00928604721589703
0.621900561962613,27.1111624577474,98,0.098518573593678
4.66819537189724,19.0905176177047,59,0.00947700712238809
2.23430408624382,18.3072858524786,84,0.00947229166393269
7.64800382121906,8.67918027102432,72,0.00230126179358015
3.97123096882484,25.2324578821787,100,0.0306916531013017
1.652838332525,26.1467117561189,100,0.0642159006054972
8.14353455802913,8.70533573115686,73,0.00226517671308865
5.95678992430603,18.9744846469045,85,0.0080737168115989
1.11324827944804,27.4347603334024,100,0.088322033993104
1.60395633067441,27.7200285198915,100,0.0800408823537839
-0.268622106573989,5.92689782723056,15,0.0020678745138411
-0.971425112589791,7.43852701148781,47,0.00236054101149425
5.86249530058321,20.8093650800453,82,0.0107297598042935
-1.93943276601867,26.8889925407464,100,0.0684572512880986
0.702175065771565,27.8480809602355,95,0.106448400645422
2.58801394018244,31.433057780168,100,0.0340637408856979
5.21364372906912,21.1550060191779,87,0.0122314286724781
2.89104571742503,26.2272545205993,100,0.047780500145119
-1.89105366313373,31.5064419387257,100,0.0373627683453245
2.03130687877486,26.8379830200852,100,0.0663382753871678
-0.00222067936352233,27.7763229690891,98,0.108598679299347
0.948179088244622,29.640709236999,100,0.0715995437535018
-1.2169694431962,7.35169250916361,49,0.00233686694688244
-0.393609635700536,6.1981033487223,31,0.00211216779284067
5.5373288300105,18.5986157472018,91,0.00790769255305034
-1.09385277050872,8.34332984059613,39,0.00258433882970892
0.405937496498538,28.3517935226903,99,0.103024466907532
4.24062915412,18.9039148967529,78,0.00935300296669406
-0.79534574490823,31.1068741075292,100,0.0474659289813799
-0.796102818373175,7.76216757625864,20,0.00245394364042458
2.30411210471197,27.9654150947025,100,0.0656996297639297
5.42545914335695,27.8538896550523,100,0.0254215781815642
-1.04688107922651,7.65542212136255,40,0.00241387379914472
-0.0814056416750069,29.9266337642866,100,0.07055422416956
3.15916413646458,31.4388778137946,100,0.030598968021007
5.73162321659575,20.9264766409305,83,0.0110934369591484
-0.876644136605858,18.6852583316153,65,0.0108262523611843
1.68651753148463,32.9568147907157,100,0.0258329398376304
-6.04565217163837,26.8120085893124,100,0.0210297035205615
2.24747987080766,28.6409968110921,100,0.0642665547641696
5.35648369141223,18.2537425370263,87,0.00765715290598407
-0.87770865723066,26.7024910360593,100,0.0832357961102588
-0.0383709932776409,27.2995720860215,99,0.103972385447463
-1.09964596381935,30.7720132432133,100,0.0510650984320247
-0.447681902697123,30.9671360090757,100,0.0506379483873103
4.82027770145115,27.5106246519675,100,0.0300670447588083
4.68181788996814,8.15491453071224,53,0.00240119378660593
-1.18995697378738,7.89912743935958,16,0.00248507238054632
-1.57725230717291,18.64781578128,57,0.0106410336915118
3.67788656141903,18.2001765513615,80,0.00863827042979148
5.86460530685192,20.7656878319305,91,0.0105550482102688
0.309492634490836,27.671786333705,99,0.106014445720519
-0.0311215920242698,25.1793813673784,100,0.0584989923886081
5.69903838838711,20.0184661445689,89,0.00963492556280731
0.835828833376658,27.0767514495397,100,0.0891660926408745
0.809051947893076,27.3084605065487,100,0.0965146109621406
5.65069720135631,19.5250173475553,83,0.00903963657989006
4.99896262975259,18.4982831518248,86,0.00818628655474466
1.93147820993345,25.6358485509948,100,0.0538098553357547
5.56744065179233,18.8796606682968,87,0.00824632862132818
2.53212743213477,30.0892823567379,100,0.0469994141101124
3.11787388569135,30.3586645070949,100,0.0386708250837233
-0.733005194414935,6.65462152204532,38,0.0021980013029614
5.42879986204451,18.5664419810354,73,0.00806022215569517
5.66071288172624,6.28719158786081,42,0.00198971693513102
0.897066853527028,28.3396393369196,100,0.0914528284934096
-0.33267414092929,6.21612659628088,13,0.00212394302337211
4.28799674208942,23.8859644218973,100,0.0226805208234692
1.98800865914884,18.180565153967,82,0.00936605292146916
4.96231925223689,20.7355467833283,99,0.0116007859939802
4.33411815203818,5.88952587680669,41,0.00197417145962654
0.304915691418314,6.19379988965602,39,0.00210805133000829
0.145468444248338,24.1494647075043,100,0.0421951514389299
0.157693749128691,28.9305695354278,100,0.0903396060879542
0.676317334864613,8.82600863196845,55,0.00270857168784352
6.45965463120418,5.91759578456055,39,0.00189375477702363
5.62729770582238,18.4109911308118,60,0.00782016113125962
5.7341429364927,19.5634286040888,83,0.00901428774442611
11.3990702938312,6.38869263969221,66,0.0016708161062973
1.23518209388611,6.35843212876559,12,0.00214593546240004
6.57185234353277,29.9031105933818,100,0.0174643520934473
-0.822583226324076,27.533753742684,98,0.100151352380201
0.416599605600188,19.1089219921335,49,0.0121098286626647
5.00729881243681,26.7202684358867,100,0.0275665507456621
-0.961681966660127,7.43879009216882,16,0.00237810929920052
3.05431301023681,33.8225623742261,100,0.0182590896586078
0.34125414570015,24.0830940833737,100,0.0411661397361754
-1.35278381117585,24.4913281718911,100,0.0433138543183502
4.9441270093704,21.204027922977,91,0.0126961865450394
-2.17409183306272,26.7814384959758,100,0.0633166365025184
2.90295065947717,30.2635316347651,100,0.0414952428876562
-0.832002546810929,7.02175014706963,29,0.00227906000982851
0.8621089435823,27.6716066109356,100,0.0982299836670724
-0.997383030439841,6.80988805064797,35,0.00222938094662809
1.21284666965768,19.1156334569124,69,0.0116607799817368
-3.52766420614253,28.4587386105076,100,0.044048158996745
0.357121161442915,27.3358237894605,100,0.101993012189784
2.62833144564478,23.1381615302407,100,0.0255646225848221
-1.19376531513742,6.86487298931293,35,0.00223877259658713
3.43904133907865,18.5405078975486,57,0.00949631784737914
5.11993166732518,18.9173973009465,63,0.00881780199266923
0.917455120340483,27.9233002534379,97,0.100537110470658
-0.476000894176649,26.9945690680128,91,0.105499832847811
0.390473333670044,27.4394585042362,99,0.103827437806075
2.41170361386786,27.6026497631564,100,0.0633545698433542
-0.2542358943798,27.0423202286677,98,0.10064150368879
-0.882547581976924,6.70575494262137,41,0.00220587784977984
5.39352556710897,18.6415092134464,85,0.00809752820985378
0.918902208122371,32.1183707003234,100,0.0346397373326504
0.35881574545363,25.0176977622167,100,0.0552014777124742
0.792552563341712,24.0277620116964,100,0.03964374460826
5.36979939799543,18.5678734641969,89,0.00799985099108616
2.99602207588397,5.90226284459495,58,0.00200854176689892
0.988180119841841,29.3053479104642,100,0.0771428756280655
0.828420925013508,28.1501686314407,99,0.0992973379373196
0.00943876108082264,28.7478221121351,100,0.0981631278428496
3.67457723511528,33.3602573727442,100,0.0186418458693187
-0.446152168794862,6.89923735271905,38,0.00225070398628303
5.22833826698646,20.2941834022338,83,0.0106613442511054
0.0777239133204358,29.1766525552797,100,0.0859301248349979
-1.16300557872252,7.55858576291849,46,0.00238634336459568
4.23738344443588,18.9212076690689,75,0.0094090619189944
1.62381300567708,26.937353659044,100,0.0746751994113689
-2.1533586128698,25.8210404989371,100,0.0534749349247635
0.299801139169827,25.425701331766,100,0.0628033848339924
8.23152436945465,8.26263254008308,70,0.00217502778513766
4.49204290564718,18.387593708594,50,0.00863339092457762
-0.468416652216972,27.1890590602828,97,0.102330728954179
1.82729318993362,8.73264953946987,62,0.00265715185835466
1.72101319916888,30.7382187931069,100,0.0473038735928956
-1.31810064951148,28.558503734293,100,0.0824771384863661
5.75359012753001,18.8336402782928,61,0.00822353005250012
2.35243715901205,18.1536824268854,55,0.00941871884314897
5.91501839760375,21.4304585882048,100,0.0115950985566872
3.1589252444653,6.25780447142762,39,0.00207689473433624
0.915512361214318,27.7907090821772,100,0.0976168134212243
0.917455120340483,27.9233002534379,97,0.100537110470658
-0.543579102691816,8.33428281701744,16,0.00260349972719744
6.22297041458284,29.2788118623901,100,0.0197488410367986
-0.817080320703839,26.2128138189774,100,0.0752676792962207
4.85609422159454,18.7515532497384,68,0.00875128244033744
-3.40844304782148,25.5654834424526,100,0.037328806305196
0.608368664229473,24.1287809301357,100,0.0413183333571792
6.13588233547299,33.1038780050559,100,0.0133270518921386
0.873914793083074,29.1876985619722,100,0.0804878812548111
1.19615319432689,30.2757172224924,100,0.0582699538667471
-0.469384207313954,8.02034920484174,40,0.00250763511720407
5.56041535461693,20.9519143881863,87,0.0113304252502448
0.0705620468621988,6.26482727829167,38,0.00212264273885802
0.63702212717184,18.5768169285451,93,0.0103298069568883
3.23653643560152,18.4316795460613,57,0.00943461214317465
-0.624907283984906,27.442492375516,89,0.112779557672591
0.511194325257237,27.7616085729762,96,0.107848743954831
1.88972154724831,26.3344918187648,100,0.0632791459054823
5.76479617767872,18.3873459286665,81,0.0075764197389004
0.356644333236048,27.7507024453667,97,0.108220273522585
3.69219142557188,33.1335402163754,100,0.01948160545868
5.26418951405518,19.4903359729129,83,0.00934713492367038
2.48897111115469,28.2174523418498,100,0.0616413838861979
-1.56267257525435,25.4947357872722,100,0.0557312088973508
0.79268357966621,28.1623700589955,98,0.100806155653192
1.22218921025197,28.0088014492425,100,0.0875923500476536
4.25158737048638,20.7193675475264,87,0.0127091809313586
3.2644228500998,27.0573587661211,100,0.0471616364225622
5.73812629775572,26.6210124127267,100,0.0225401650974124
1.43555603910782,24.4526310015746,100,0.0424080881009587
0.424461943641523,25.3820336828224,100,0.0616233657431434
5.60055857652733,18.6339275851127,92,0.00789824080338435
3.21084227279463,29.5497497485192,100,0.0433621491091029
-0.456332592616399,6.97433064839013,38,0.00226668940708438
8.0527060494451,6.08909001579824,50,0.00183562558468519
2.91403835933795,5.96024264119548,36,0.00202985461828194
5.49653956539484,18.5325101310732,83,0.00790901037723203
0.491473041165509,27.3347336988262,100,0.100808990444448
5.78769419520753,20.4788451521373,83,0.0102882674638193
3.90426917396326,26.8922179135875,100,0.0383386874953009
2.87219824504478,28.2355405061618,100,0.0546728119693312
-0.828314066820625,27.5331582634289,98,0.100052637331745
5.43535717527734,20.2426871340359,91,0.0102473305155658
0.869407664388579,28.4709245009049,100,0.090673422033919
4.06158302184143,18.4716108367142,49,0.00905284493822619
1.7938977537323,28.0694052676442,100,0.075973965177071
0.565420888366459,26.7633054992178,100,0.0875185304663368
5.4540512618677,18.4031934250478,87,0.00776384013509467
1.8666011948475,18.3712603834779,60,0.0099557137358689
5.09468614677732,18.8419986478326,81,0.00859819610761896
0.398243302070122,18.8385830962314,50,0.0114327710066096
2.78892299885615,18.6422647443989,84,0.00979734024833304
-0.546420699142077,30.0483406884118,100,0.0667422921133523
1.93276582501265,25.8457359459508,100,0.0565009315636355
4.49317879478652,18.6100225904432,90,0.00864494014596273
9.12298584300064,23.2785754895307,100,0.00876188855944713
1.10679630581226,18.2388416200294,50,0.0100284339176963
0.383563402688018,28.5649377356634,95,0.104785365783968
4.55105710282705,18.4587178524407,64,0.00858955520351989
5.31778268849502,20.8710305644807,90,0.011488603468173
-0.315869560942622,7.9664507587702,15,0.00251064990219183
5.67780679676916,19.1746428397547,84,0.00854734557854563
-1.28051237889485,18.708411673058,50,0.0109511152334324
-3.54250516737503,25.7064179384393,100,0.0369091091100451
5.81488007352321,20.1708366787185,89,0.00973178535128743
-1.06091394172978,18.3071660344458,50,0.0101722376830252
0.165789832041001,27.1401780641186,99,0.101539228421598
5.30629634494426,19.7402349108702,80,0.00970794278663968
5.65042014327422,18.4093869938982,83,0.00766485026098819
3.69167768650527,28.9673923354365,100,0.0403990349819376
4.20021035753017,18.164352509806,58,0.00844792151907447
16.8396628104296,8.88420853746343,71,0.00153444175969239
-1.12169219259563,7.35037789330132,39,0.00234326770567083
-0.953531720743842,8.1569797157773,39,0.00253827767831963
5.87344044999117,20.6716574953191,87,0.0104396841778423
-0.486006794516529,8.78759144767726,44,0.00270752421866017
7.68859318358043,28.1815587355275,100,0.0144679961659128
-1.66985549671242,28.5418571442841,100,0.0760302313950367
1.30390015202729,27.5338479032563,100,0.0854092156053837
1.67824113104095,6.33596879390044,36,0.00212470031361267
2.27135960649104,27.9556832381593,100,0.066361427158284
1.37817447834614,25.4803269491542,100,0.0572439609323186
3.00701083729239,18.259508153852,51,0.00932520163088211
0.467421165642148,27.9818273198477,99,0.104887496472422
0.587549326231097,30.3638530222322,100,0.060571892994051
5.01073169636488,21.2527609639307,89,0.0127258243271026
-4.64831292610894,30.4104513897104,100,0.0263114180437951
1.56808383063578,18.1586658047381,49,0.00976564878399992
-0.280472492034827,27.2397874628705,91,0.111534162632414
4.99709479605631,6.59619214999719,39,0.00207480056010971
0.444819130110329,28.3983309263642,97,0.104304269227795
-1.02148950709612,6.85721473068192,16,0.00224863953859273
5.39753292390317,18.6505195401041,89,0.0080793942736302
4.14017571723425,18.3891927169793,64,0.00875950866073085
3.4767939633464,25.0727451222713,100,0.0335967584703352
1.88772999119556,23.4419764424888,100,0.0303081942483458
5.3113781349896,18.5040574333732,63,0.00813216234754923
-2.90900957377112,30.0378436028736,100,0.0432882472802701
0.208273330548615,28.2399626300833,100,0.104299084964343
-0.514194521530906,7.40072272324418,38,0.00236072886175861
1.35393618812579,28.9413143134326,100,0.0775150961662383
0.752227083423543,28.3402245925443,96,0.102079607742145
0.376757806139452,27.1398751265899,100,0.0993709065824251
-1.66058320474728,26.2269059192705,100,0.065233399283115
3.88133769367657,18.3578348000055,87,0.00869713355515725
0.678718276678462,27.7115637653195,99,0.102207057099481
0.485622395313946,18.2747380754872,52,0.010179384478898
5.53360740763979,18.622573291321,82,0.00799522236698417
5.54433190683923,19.3679349891917,81,0.00893840572983709
0.532868733070876,29.8249096982423,100,0.0712201790056747
1.01757009010485,29.4701228379362,100,0.0739373364305212
-0.28382116958906,26.9227483201136,100,0.0965035497016359
4.2426161760625,24.9697384014975,100,0.0275774209334673
4.965945844134,29.1634456480554,100,0.0275806004464874
1.82286578506576,28.2035906919297,100,0.0749566381236939
-0.204051873856841,8.7761848442683,40,0.00270869253285143
-1.86683464852941,25.593243694921,100,0.053966949631467
0.0228234806717924,28.807822592501,96,0.101035129701873
1.51378490366072,24.9736835621081,100,0.0487080140308414
5.5260497621199,18.9207034962995,66,0.00847663486473142
0.295224954052605,27.435216993648,97,0.106727575251536
4.11005528194509,18.1652402728916,82,0.00833292482021227
-7.1524322213524,28.7550790344008,100,0.0161662557181701
-0.587417528607852,8.8843848990048,38,0.00273847362290417
5.4777477011306,18.5275054671135,83,0.00791607434786292
0.065884734731527,28.476365161835,100,0.102210559058878
-0.633091016244471,5.90190851518479,41,0.00205080307954127
-0.197082826490909,6.01857815702844,38,0.00207537111698061
3.78029806871629,25.9618182933236,100,0.0359719473836306
-0.109418093409049,29.7004188251733,100,0.0752130409085668
-6.14278808866145,29.28991869373,100,0.0201304532152276
3.55457783151825,29.9659749944967,100,0.0370838027175357
1.18680441012572,29.4172616869495,100,0.0728293853628068
5.13572703349357,20.7571212828209,83,0.0116218076026609
0.400984996621016,29.3359204286877,100,0.0817228227279574
5.25022142961899,19.1491777992037,81,0.00889159359737919
1.17014993138796,30.2565213022411,100,0.0587970925164069
2.92607288922433,27.7711073238182,100,0.0541388451785362
4.77229055661927,20.9637192492925,87,0.0125075841062957
-3.47320763991206,30.3557735562971,100,0.0354774859951942
3.42178702229464,24.6700625973828,100,0.0314532543005921
-0.896291660424198,18.6725146245007,48,0.0109966319185219
5.56802860884157,21.0560110478369,83,0.0115586857774586
4.47913379092183,18.320653789067,63,0.00845406128554104
1.96271168913577,30.1197830723917,100,0.0530383745038711
-1.79627484196485,18.8030732350461,49,0.0109796105590743
0.0599795398462508,24.0305578437414,100,0.0406856494858319
2.29812049587275,25.6487990336023,100,0.0498076575815172
3.89245348021389,18.4826642370878,57,0.00911495617843906
5.45740825475159,18.2920181060359,81,0.00767140421701617
2.87237546852563,6.01430217960599,42,0.00203815404964573
2.22347538848773,28.7175888866311,100,0.064192336742758
-1.0473316605155,8.65639890245301,42,0.00266649841222386
0.768114454209504,28.1047822998422,99,0.100499333626762
6.69784240240098,26.444405017744,100,0.0176150919301619
-1.09144817508075,8.52139441355786,40,0.00263073626462569
0.609010723557828,27.3298188716547,97,0.102518910451182
-7.96208354922103,25.6594311173983,100,0.0127969339574422
0.599615810596301,28.9632053367458,100,0.0871469106724457
5.06172673998289,18.4393930918277,83,0.00809106023377294
1.83804818979817,26.209129685003,100,0.0624653488076297
5.77379799695633,21.0201472842144,89,0.0111187416783725
5.94532755053126,20.4967524019285,78,0.0101746442282013
0.175074621247875,28.6521892240944,97,0.10248780425409
1.41334382008293,29.0961315173872,100,0.0744961733149
4.94357413432231,18.5985774588649,84,0.00836562716407701
5.90680880468728,19.1506803345298,91,0.00828053347431794
3.12978662526104,26.2964034419911,100,0.0451563809532134
0.280397640518267,28.454022521561,100,0.101718855563227
5.86277920115549,19.3021282974256,83,0.00855933541718713
5.32782030605098,20.6142913972611,81,0.0111228677613267
-1.19790214323169,6.96002544110765,42,0.00225531744059247
5.6343739954108,19.0898979138402,82,0.00849015081212586
3.38314006572593,6.40497131336408,43,0.00209635729964038
-0.0758888914689774,27.5011284855694,97,0.108266863944086
-1.00026580852683,7.22212559552466,17,0.00232788546055032
-2.60565574881728,32.0633737098157,100,0.0291134331540434
-0.918630551030781,7.47472893028585,52,0.0023665583938642
1.99920242104,18.4600291413018,59,0.0100826275177348
1.04818118516228,6.22436882525867,42,0.00210813157276991
-0.990407389527901,6.59414670389921,32,0.00218640892348056
-0.307809167163115,27.1326087448772,97,0.102810385545461
0.0684809764601981,27.8207506542644,96,0.111020707099804
-0.294562274234445,18.1559132574136,60,0.00988327342299471
5.42615363051634,29.2504046112263,100,0.0242283669008445
3.23099822823164,18.2659832247848,79,0.00898398168080412
-1.4499610345866,26.7850696644957,100,0.0759790635709498
2.05810809768062,18.4330980110784,91,0.00969682015899377
1.76015591519683,30.4135842436821,100,0.0512462271846692
-0.189338577147353,29.6949744590722,100,0.0751910978811546
1.42955654007884,5.8888651392797,34,0.00204444750508794
-0.395099369461569,7.26780412194496,48,0.00232587061421881
1.53146980220809,18.1825176677381,51,0.00980161687838985
5.43209910662272,20.2171656466154,90,0.0102207154737823
0.100248631756979,27.3172399017253,99,0.104090969974731
5.36845983884644,26.4248189135259,100,0.024519025963651
4.79110534640937,6.17075407291466,37,0.00200790034012626
0.71032025067125,29.2120387662899,100,0.0817646537553651
1.53774256815504,27.4337425606205,100,0.0803315918442125
4.03916862699879,27.4770730774127,100,0.0379312822405453
1.08203400090128,18.8298129086649,50,0.0112817925646823
5.14354454607641,24.029939097801,100,0.0195940563751242
2.6790244020353,25.2701508075342,100,0.0420311238484153
-0.840105817657269,30.4938235890681,100,0.0570213317473012
-0.770248674477371,28.8300622062034,100,0.0874668129653871
5.00746686797162,28.0959436059469,100,0.0285462978727656
0.0298858481169475,27.9562496422158,100,0.106259527737761
1.28824987780502,25.2092609317505,100,0.0537820672981092
1.69236625056316,25.2188286875605,100,0.0506395300314716
-0.381093787735429,6.38323172896997,12,0.00215726044865126
-0.65197318922434,18.6446686417165,49,0.0109683785700677
3.43124142166389,27.959895433288,100,0.0461166305470024
1.62562967003698,22.1548166948492,100,0.0221695619483628
5.50859592873065,18.391542993461,94,0.00767337746007847
5.12806656658904,18.1940294162049,60,0.00789559215234448
5.09597600875133,18.9696622110886,60,0.00893415115451389
2.53756595169608,30.0020548950204,100,0.0477934995032947
5.63673360125113,19.3323607639338,87,0.00876305343838459
4.84285246590095,27.556976897774,100,0.0298982322826208
5.6507660563018,20.0067867636109,87,0.00968762016547946
1.15538406274803,6.4893737501507,27,0.00216594426127504
6.1561651065691,24.4152996877534,100,0.0167577606742466
3.13909786085241,25.47363534727,100,0.0392841313961541
-2.04372068769993,28.0301872405962,100,0.0708901161702125
4.9019601067359,21.2232783953473,91,0.012805295722385
-0.0901845587251093,29.2607041677636,100,0.0842627153904342
-0.763570033553363,26.6435962989233,100,0.0835653312385908
5.24924892883446,20.8193060363082,91,0.0114752081789811
0.366774238186878,27.2753070077558,100,0.101226502385482
4.42785596215063,18.3522847106243,56,0.00858169779004742
-4.65687372289707,34.0228151869613,100,0.0143776213974728
5.68300891620229,18.5961090976913,89,0.0078161539064839
6.05821833094215,33.8782426146778,100,0.0120762182030307
11.4473087680757,8.51355798960212,73,0.00194713712330135
-0.711929448207344,7.80999596596891,40,0.00245422826999019
-0.00222067936352233,27.7763229690891,98,0.108598679299347
0.795442137536559,27.2686751563678,97,0.0991585773842135
4.65098058127066,18.9910527312757,92,0.00905692361871934
2.44267211177393,18.2304434642834,60,0.00946792108359848
1.49824067323092,28.7476691787582,100,0.0773306132792423
0.719526672389656,27.7109280412755,97,0.103720333845667
1.37817447834614,25.4803269491542,100,0.0572439609323186
-5.79296583914241,33.448072378819,100,0.0133918653133769
-1.6315204058626,28.5318103032124,100,0.0768490118861779
-3.02204117336529,18.6723302632873,56,0.00999303315175857
0.298636952723313,31.2621537049116,100,0.0463898773333388
0.939679502924193,27.814305394108,96,0.101151099232961
0.688919893064568,27.3835946606492,96,0.10305292606062
2.24159677259557,20.8127334564993,99,0.0152655113306601
2.38574222252207,25.5556683518708,100,0.047827651293664