0.86815906050147,27.9935402094855,91,0.107849216098852
-0.95217410603551,8.46973761499904,37,0.00262097204059261
3.49245267938106,24.6105529168668,100,0.0306136525125892
3.51791845570362,19.1105132929168,49,0.0105538787513249
5.10425360297512,18.773266223798,56,0.00868465701246692
5.72503675302248,20.8296805376901,87,0.0108908954330731
5.53753611360023,20.1980630381178,92,0.0100513096893317
0.458679421201095,27.1670513994399,98,0.101078724931048
-1.13774209380296,29.0435711296583,100,0.0794068372658857
0.836352451616396,6.49190561134512,43,0.00216193425287218
4.9988329772564,6.1240168971995,38,0.00199125435131856
-1.42876839452034,26.5668514571883,100,0.073433247446499
1.13005231627656,27.0830727680432,100,0.0848640266503366
-0.027135218345737,25.2142672287627,100,0.059142975521627
-1.28705056147541,26.0560750681706,100,0.0674941254509055
3.27872401899874,24.229973805801,100,0.029553364819017
0.859452952159926,27.6577703306031,99,0.0991959419251451
-0.563041138589023,8.45378376971776,37,0.00262077028366455
0.2595500350343,26.91317551755,100,0.0964582047978716
5.19019548113201,19.1447376047756,92,0.00884826793045162
5.18793742795601,18.3806222583634,49,0.00815675807125024
3.55864417376616,18.4717552207746,83,0.00908865402038929
2.25958114503304,27.687031341535,100,0.0665023874598736
-1.01978009573057,7.31024441265551,20,0.00234585285508416
5.22283764772173,20.4289632451514,77,0.0109748151491997
-1.16343852196718,6.27697665958977,14,0.00212976745497028
-3.68433383211473,27.8877392015399,100,0.0425966614386257
-0.139301162848518,27.37797983609,99,0.104668847073736
1.45715373676994,28.1720837408815,100,0.0825019646059873
2.20298390235295,18.5445354364563,48,0.0102716815641907
4.30589738076599,31.8250196786782,100,0.0226483457031096
2.83526442738553,28.7904264411273,100,0.053182664157135
-0.49738700702106,6.86735361353058,34,0.00224572003256354
-0.945467683455142,8.3995536484349,37,0.00260245894061101
3.5599693051076,18.9100869545428,92,0.00971841416225048
1.82158464803274,18.2126129188529,50,0.00977372905051672
0.473939277397689,6.02651375003611,33,0.00207822132613895
-0.833792188629978,6.51173180183461,38,0.00216826834050086
1.9888242602587,18.9985004222209,92,0.0107986113476923
-1.1174224769612,6.57905626570998,56,0.00217070042122489
2.44783397502644,27.9376999345259,100,0.0628980742876974
-0.085135128824149,18.4993367366517,50,0.0106890822381909
4.1426153252871,18.2153427240324,86,0.00835383404826207
0.769256052374012,28.3580245262244,100,0.0976605040127394
0.169549818280604,33.4979284020393,100,0.0239796358608808
-1.12836466159684,8.42027652520328,15,0.00262037269789976
5.67722860417239,18.4444025608072,61,0.00781807819286854
2.90593360382688,25.1770257172827,100,0.0391382789621793
-0.19384273124866,30.1434378701608,100,0.0660195802272566
-1.31037472164163,29.1917941876848,100,0.0746911466303128
5.65755189469779,18.746260159091,85,0.0080326657272051
1.24959892451685,18.2081215065405,91,0.00954698485379263
3.29619604949257,28.8845974730458,100,0.0458438480877543
-0.951523056249554,6.26483158274387,42,0.00211680052537113
-0.813768832398929,8.28936137644041,40,0.00257319791786433
3.92823325486179,6.39316482206854,36,0.00207982325792931
-0.822632170112986,6.74820676261946,31,0.00222006275697782
5.89103028581933,20.1061014321847,96,0.00949240807311144
8.62122692248188,8.15571746223187,70,0.00212524491201744
-0.516083337024305,6.38412224471095,37,0.00214530702113399
5.40572616457184,18.5133895662451,62,0.00808374084237905
-1.66659133133487,18.796321192412,85,0.0105986990180393
1.24118313118935,6.55193858054522,36,0.00217330979984733
3.93821245416395,18.5280947508257,82,0.00895110596547097
5.45338071165171,20.2279437830478,81,0.010308480498725
0.372118957908259,25.9377458116964,100,0.0727839855099379
-1.20291813480383,7.3928360026676,36,0.0023534761044056
-0.844530035336339,7.84487570538547,41,0.00246081823225069
0.0168863863478345,27.8061015070596,99,0.107476899926448
1.80781323185936,6.24863988428916,42,0.00210316668104296
-0.259738490575995,5.92073960911889,37,0.00205738526731564
0.804252051937762,18.4678443067985,50,0.0105503456645912
1.94444780714685,28.7843832294875,100,0.0688038115438908
3.10808101590769,23.7057587800217,100,0.0271524002852722
0.588322613071305,27.4715982020946,99,0.102051844981919
-0.572979282250672,6.51668327915025,35,0.00217240546114448
-2.14720589383206,26.6850592843479,100,0.0629133238308354
4.74971441100593,27.105330418082,100,0.03027350916417
-0.0462353889500966,19.0631533591825,51,0.0119890575944023
0.100548762249765,6.19841048327485,27,0.00211466067003226
-5.52273165599705,27.3723407295673,100,0.0246059460510022
0.250628007800038,26.9270416157638,100,0.0967442362781351
-0.76617554223032,30.9900527013375,100,0.0493156943808073
1.74317400671123,30.5466682589477,100,0.0496248280320752
-1.95201391428888,18.1539370018447,46,0.00965782262281354
5.57926309963348,18.5776219865986,86,0.00788552355820775
-0.285764698669945,8.56045029837238,46,0.00264478211141679
5.00757135150752,18.3572905057365,81,0.00803847237264868
-2.88869963332422,31.6019286692475,100,0.0310189389311204
0.715936591569832,18.5207835169958,49,0.0106886010123067
0.0754024692114591,18.2468694839351,51,0.0101581910309764
0.0412736420333459,27.6701703567754,95,0.111866714820732
2.23278939849234,26.9067452012259,100,0.0633015530594478
2.93843146688721,6.17523757133271,35,0.00206903159700713
1.40486826711315,30.8868496384872,100,0.0475533917859699
1.67973959223585,30.9715291361425,100,0.0446499333743049
5.1080936133764,18.3076269946156,95,0.0078268659203485
-0.631486226103552,7.97755708606265,40,0.00249587897683673
-1.1859235371772,6.26716213611163,17,0.00212625068346716
-1.15105819115684,29.214238039432,100,0.0765899100386612
-0.867073467299886,29.2402246416898,100,0.0796531789856798
0.683889220333312,32.2230479712206,100,0.0340204208145936
0.398524372682062,29.5771785033455,100,0.07689775284122
3.07963508923431,30.7353200570464,100,0.0361722354675573
1.14789664424091,25.0046916374871,100,0.0516035519402013
0.707473521208179,25.9840955414776,100,0.0718123872097756
7.22048735056118,36.044296541755,100,0.00775200280312161
1.57555360885459,25.6412961390809,100,0.0577650658314405
5.61801954296452,20.2400972342943,87,0.010076084921285
0.492368960204935,30.7944595285598,100,0.0533412168001993
1.77619319096538,24.3153478106952,100,0.0390180200821149
-1.1185177211202,8.44980016120639,39,0.00261194868317574
-6.68848304438217,18.2016369545605,90,0.00675928443283105
0.893255561893105,29.2818896732938,100,0.0786338900036197
5.31067009480904,21.2236568319488,87,0.0122157291620238
-0.217322200389862,29.2851606858211,100,0.0835017902801885
-0.52234216248058,8.82202704706036,41,0.00271912541407881
0.306033386584562,27.9289101150316,96,0.109899333557147
5.46017741349638,19.1913724465979,81,0.00877338688143424
5.73088932343455,19.1211193301071,86,0.00842220673141901
0.382790037549849,18.2774087375396,51,0.0102043660449648
-0.552074971304074,8.19606403522629,38,0.00255281281045874
0.249862607101393,27.0273888997392,99,0.099416110233194
-0.602439145126722,23.1699079807103,100,0.0309861440342463
-1.42876839452034,26.5668514571883,100,0.073433247446499
4.42383696929347,18.7658678157998,57,0.00918298508383616
-2.22701741656041,18.8985774794553,42,0.0110631890637723
3.22238901938087,18.2310575334196,56,0.00912199655340834
0.444266806507407,26.9944463726593,100,0.0966211876508908
2.76590556262919,18.2047845601221,49,0.00937222201530571
-0.75563516569455,27.7016578664396,98,0.102067378765442
-3.3209851022621,32.4300035252605,100,0.0239213956586357
5.26868302349604,18.5688897015916,90,0.00806401433642916
5.20432197139003,19.1363754990494,87,0.00886452886975624
5.26260895999071,19.5209795789057,81,0.00941123978396813
1.83402701379108,18.7790083669346,49,0.0109108950379825
3.64053085739325,26.5295301758266,100,0.0401156861250824
5.38906190555739,18.8397638730578,90,0.0083104834374041
5.91197772073659,25.4933667168732,100,0.0198179584294685
1.15021469650706,28.7558021786977,100,0.0831653190948346
1.94625336211589,27.2243270070634,100,0.0709493848216559
5.8732467724896,8.85808413577618,62,0.00248314072075531
-0.155066266087131,6.51199996617555,12,0.00218381181397771
-1.8689347468049,29.7881731055478,100,0.0584555871577573
5.09543657119132,19.1041435466858,82,0.00894845474664799
3.64267518993687,24.7010228405226,100,0.0301595183131728
-6.42182961881755,18.7062525306298,48,0.00764791369733028
3.04042301538768,26.7328494805482,100,0.0489753674700363
5.19565370586424,18.7314556311573,60,0.0085288790219874
0.875480700111562,28.5445233914162,100,0.0898121704100984
1.50767673484531,18.2267793850612,51,0.00989150612800359
0.927344884631945,25.648942542678,100,0.063876499406851
5.0915408404753,20.2788404267015,91,0.0107046316163634
3.11794488901001,30.1574943453905,100,0.0401680892680951
-0.3854054920108,30.0483722906573,100,0.0674167744473629
3.32729614570769,18.9530890388633,54,0.0103383774062794
0.268896743881558,27.9606570071555,99,0.106573563506439
2.87079543998686,25.6193912145859,100,0.0431623622635997
3.20715188203618,18.8401629374691,92,0.00982640882000348
-0.563365595424925,6.47392743262729,29,0.00216668132901325
0.0592587247268443,25.2000000077819,100,0.0588696301592784
2.28171758785167,18.4957710004615,87,0.00975427372262162
0.655565642205733,26.1366555662172,100,0.0751600355345459
3.52417277270194,6.21254805904228,39,0.00205809392913355
0.593778970041958,27.8023882986197,98,0.104634946321721
1.2618466098414,8.56448840862629,40,0.00263951335820389
-0.595602459558835,8.01888871314872,36,0.0025089413743178
4.98022937021166,20.4814100225427,100,0.0110907149815333
-1.08513492625853,8.16201635199861,38,0.00253847204771743
0.225639236286378,27.0743526418449,99,0.100289856698728
5.73236879808156,18.9739928747055,87,0.0082342385193864
0.234834311026424,18.4598504238479,49,0.0106109584709853
-2.76405337184193,32.8455757882125,100,0.0235934546294074
1.74906319457813,25.3755215827801,100,0.0522493419510831
4.55562635548183,18.4798649939341,79,0.00850594381949985
0.855542105213185,29.4227823597675,100,0.0765030160354054
1.52028140468772,18.3574316242931,49,0.0101590347547859
5.26412350189924,19.3588837129982,83,0.0091573425686194
-0.954983842753219,7.83707766663386,35,0.00246135729699289
-0.24032333705112,26.9847336173688,97,0.100735253421262
0.280623963697317,25.32189066383,100,0.0608715960889867
-1.42905607095849,18.4340171901509,57,0.0102547641102306
5.08355024097706,18.8226452737434,89,0.00852227203304298
0.915472121625574,26.4551847726935,100,0.0786406579752964
2.02993718431644,29.2507059260188,100,0.0626869940544954
-0.137804302741929,26.6604163966731,100,0.0880130056317265
4.56657145833912,32.0114275085237,100,0.020842596805427
3.5026870504456,6.03363433821271,35,0.00202792863175489
2.66374203970045,26.5991205045398,100,0.0537939340144305
0.587444870231902,27.7034054668714,99,0.103401903212177
4.47392441738205,5.82582221332841,34,0.00196125943921314
0.97798826300885,26.6234376623422,100,0.0807128222672977
-0.626339726425825,29.7149194225593,100,0.0728361583908671
2.90548414568362,18.3851256787535,85,0.00929026980446682
0.281068354589339,25.7289573675212,100,0.0688391828299116
-0.377355366435631,25.7832535435743,100,0.0696310597557276
1.64879527878133,8.61201840240743,58,0.00263191212879248
-0.109292492828893,27.074676845052,99,0.100688510316223
-0.973583623270647,26.6819199376691,100,0.0817016767938216
3.54585919589868,26.028878510931,100,0.0387121991772497
-1.15669210141299,7.30264039191474,17,0.00234414495144588
5.30455883622458,18.989562359996,87,0.0085876764550512
0.149355707687308,29.795664719655,100,0.0731779288464441
5.54384743439465,18.4293353621781,60,0.00789914439036983
-0.88430625693998,30.5888404202344,100,0.0551790360481116
1.1729699718312,31.0322955397687,100,0.0468768779508395
0.675824772775296,26.0732489163092,100,0.0737754960546324
1.12768341746401,27.9164494632833,100,0.0894797059428975
1.27100356737048,29.5263100878081,100,0.0699842828366624
5.21576846135685,28.2833704706386,100,0.0268215605654781
-3.29126179629051,28.2002528819864,100,0.0479654568395539
5.39170315119238,20.215687831215,81,0.0103599174155011
1.56835192396199,5.94914392004891,35,0.00205338599693453
-3.2574824365095,18.4867281537998,47,0.00960673996691603
4.38680024304529,18.5313069456426,89,0.00861381434431938
1.3131122186703,23.8496020317076,100,0.0360770288276549
-0.790606486402486,7.5671270574295,19,0.00240803180754591
0.617880940063781,6.1911139055176,38,0.00210669589747604
5.19664476684599,24.8602140048783,100,0.0217806802080815
0.310355225459956,27.0747368603736,99,0.0998412436096342
5.76247392304646,19.2708255620213,81,0.00862052221956204
1.00685898425503,27.5143373455345,100,0.0906199020161548
-0.748052107638172,6.3067766040555,26,0.00213376444981917
1.82158464803274,18.2126129188529,50,0.00977372905051672
4.12887230745391,31.5814647314784,100,0.024516599981524
2.30525281266973,26.6314516577828,100,0.0597815839251561
1.28379356347054,5.89359046898084,40,0.00204446061730536
5.76751725838106,29.0451146537583,100,0.0224382151920014
0.121888203966584,25.5793124697496,100,0.0661243122803491
4.66769736463408,6.23926370564759,41,0.00202307079940912
0.35764172132323,28.4910755880732,99,0.101774895019979
0.676254110804307,28.9182430884026,100,0.0871415336882364
-0.594845544383547,7.82452253359002,36,0.00246108581513115
-1.81509108242612,18.8438731082252,50,0.0110487000974254
4.13307280350329,25.5269270688126,100,0.0308334707802952
13.4613043442527,8.87640373187894,73,0.00181873880949798
5.05656471471865,19.7557337747769,83,0.00995331803048873
3.18497022902284,18.5063873200879,85,0.00934071159060837
0.926122204599786,18.4168901305188,50,0.0104216205537768
0.0547750874358047,5.83881121660405,35,0.00204335516190361
-1.1388388490272,7.30933789533501,37,0.0023349294771841
0.697852809793074,27.416008358795,96,0.103239383626031
0.116298675710164,28.0749133578898,100,0.105706194828351
5.39204408278248,19.2184921680835,81,0.00886743708775111
-0.481643553462878,29.0916356518996,100,0.0858600190378687
3.23821609706614,18.208474146054,57,0.00906923771554706
4.01360045365001,26.3505281815572,100,0.0353453984337145
-1.07797240266512,8.2147837094354,35,0.00255397766269995
1.660528687042,27.911216737347,100,0.0789836159640979
3.21648961160924,23.5848965209068,100,0.0259511871118014
-2.49939435478581,18.5163371584076,47,0.0100831759178439
0.191571914992386,27.5489922142421,97,0.10828140717945
-0.510638465003238,18.4668842978942,50,0.0105914710624962
0.638374956837543,28.1973883963486,99,0.10181722174441
1.61647590811207,28.696961991897,100,0.0756862890281483
-1.20032153211782,7.73673593955621,41,0.00243050420001597
1.39566990947522,26.3265943941326,100,0.0704026112058499
5.71092974243601,18.3314890875352,89,0.0075057161581522
1.61647590811207,28.696961991897,100,0.0756862890281483
0.430257370867391,26.9300136098681,100,0.0912967193895516
5.67897440890833,20.4096449758953,88,0.0102587297259254
-0.598714881667013,18.3117145748635,49,0.0102719167054161
0.243656430365743,27.6784550735517,98,0.107598877693219
3.52323695177233,18.5885318446957,85,0.0092766756602509
-0.636950280338408,8.36001765032749,34,0.00259737417226835
5.51911628190922,19.4332593510471,87,0.00900151335496308
-3.71138337054201,27.6636182441163,100,0.0421684373271102
6.81689141674081,27.6893668159246,100,0.0177303243311023
-0.619638480569674,18.2653934738545,46,0.0102077125578674
4.75769862861331,18.9228797880342,90,0.00889435170520953
-1.2173584247928,6.88282486369479,40,0.00223975861033037
5.22102668078272,20.3073093513736,96,0.0105460842839757
5.25868615160806,33.0442212805863,100,0.0155235827449121
5.58233011874481,20.2735183489157,87,0.0101691262943078
1.68450237736521,24.6027347587662,100,0.042814859468561
5.19006006767008,20.6065911680181,80,0.0113035743537452
4.96821482758939,18.2506523184087,89,0.00788348383497406
0.405155376955528,27.82974280108,97,0.107919771355119
5.41716419507684,34.5832749124937,100,0.0118437835780977
5.8870036378842,19.805192347598,90,0.00913595372215428
-1.34547681905341,26.7533761810947,100,0.0772877519642435
-0.0180628830156805,28.1490182548084,99,0.106562717913107
8.81194292730323,8.86978557924432,73,0.00223950865076078
-0.411356905053739,24.1769740919973,100,0.0422940307118518
1.1759609324885,5.86621150879847,35,0.00204262978217574
0.738603885953026,18.5945716542555,82,0.0104692748468204
0.423972605919786,28.6580333013239,100,0.0978891277105696
2.07969902583623,18.5764428855038,60,0.0102634076127397
2.02996510893925,27.4922547845649,100,0.0706319175488785
-0.501139600603249,6.423816841979,42,0.00215093048821127
1.59411029762818,24.9770736641339,100,0.0481682142844996
1.43401707350546,6.53035596234807,13,0.00217739764727291
0.885428896787959,28.1310675172768,100,0.0974868522252421
-3.16557193035145,26.6101994462236,100,0.0465399036024252
15.1756323227873,8.79411464747013,73,0.0016609752688603
2.79651701256923,27.9079819197021,100,0.0564216510789563
2.26367375029661,18.772298844621,59,0.0105782054423342
0.862660191145256,30.299643396586,100,0.0602735899680936
2.67949442065939,28.2946122279766,100,0.0579088907926347
2.19241473958747,18.4899636907831,50,0.0101493556280023
2.85249363812007,27.6558118448159,100,0.0553099824909815
-0.760936800109703,5.85301523679835,27,0.0020469077764242
5.35663758761401,18.9192753080436,83,0.00848513069930474
1.43348151460801,6.04769163196228,29,0.00207603875331641
0.821436555793659,27.0044041779245,100,0.0884179679332452
0.148979068896277,27.2998732654673,98,0.104840236667011
0.569269708272294,23.5292389147279,100,0.0344931486051691
-1.65068170046222,26.9423062021184,100,0.074238048844774
-0.947983405453864,8.1018421605663,40,0.00252376562009292
1.64013013736624,28.8439660587558,100,0.0737637978020708
3.26855764794406,6.61914501691597,36,0.00214403228003806
5.93573401073361,19.0675894294777,87,0.00818584125450077
-1.94094444370392,27.1251292172804,100,0.0703723915442999
1.62620480255252,30.0165437995845,100,0.058170328592195
3.68136188928763,6.25957740889425,44,0.00205979558227434
0.400962029642858,6.18303473863196,11,0.00211816761468361
10.7667100261815,27.0390921393723,100,0.00790520302395858
0.321603569389871,27.0229418525114,98,0.0999283960216335
-1.00620758309366,6.86634637620874,48,0.00223464269469074
1.13083465880392,18.239962103755,85,0.00968535255543336
5.35804382921928,18.2781149094313,91,0.00766014457873958
5.88632782006829,18.6817793542398,89,0.00776926675685609
-0.763373586882512,8.35990025664488,15,0.00260901899637024
1.64742380435299,28.7327250657974,100,0.0747691569352878
-1.67210625293956,23.3778873899627,100,0.0304902664886411
0.490834234150001,29.3562792903477,100,0.0807945438368512
0.855542105213185,29.4227823597675,100,0.0765030160354054
0.656319196687,27.8573250138704,97,0.104912307044788
5.24305155865275,19.8637554036443,81,0.00995517367743647
5.12202224830438,19.0356112223536,83,0.00882396331472454
0.186098134760456,27.6136494890696,97,0.108731918091169
-1.22261299599756,18.922286015726,47,0.0114941729373256
-0.0100897187795558,8.77733243876492,40,0.00270931880269719
5.65954148756416,19.9682612786058,84,0.00964967287320591
0.811063400988637,29.4565925102396,100,0.0763126519858782
2.86754516617729,32.9634958849661,100,0.0226465308048036
0.496487429258374,28.3106799132319,99,0.102569364470904
2.52508278643154,18.4169625325276,57,0.00978748053532406
1.67220321372677,30.1041268623303,100,0.0564085019587002
2.7518038366532,27.3482819311238,100,0.0563807632488355
-1.04613455021364,6.85800640672946,35,0.00223898455072318
5.21391664594621,18.4185677001799,84,0.00795862110102329
1.33841873302512,24.7863934031856,100,0.0472879861956584
-0.846266673901063,27.3440285811291,98,0.0981867793680529
9.90046818504225,8.47296437962254,72,0.00207457974203402
0.0619716813982384,30.0537586800942,100,0.0679717364634089
-2.58109052568517,29.2262988800952,100,0.054269885011972
5.90747839264042,19.7694731086911,94,0.00903538878381425
8.84215397748503,8.58465123701826,72,0.00218401936626681
1.3619685346967,30.0495300524375,100,0.0604427179834731
-1.10756799073388,6.60555496962804,27,0.00218994883598925
-1.62467410745816,29.4970544960137,100,0.0657182692474112
3.8671631714051,18.4221800157446,60,0.00901292887721298
4.34062483475666,27.1748690556824,100,0.0342311909931755
-2.77515092766079,32.1089916913221,100,0.0280537226596676
1.62361820193581,24.0329276103059,100,0.0367740625246328
4.87685922824019,26.8832455056191,100,0.0288673428643239
0.998877045436739,27.8691903382585,100,0.096164769849961
5.42300786409685,20.8689796894505,87,0.0113763495339084
-1.01162136432312,6.81463409182984,17,0.00223922129807636
-1.02090204406566,19.0472159870122,49,0.0118300935210453
-1.03330890454758,26.7422113482881,100,0.0818267466196252
-4.23660826916264,18.286212568304,50,0.00865569157667032
-0.329329834040041,5.89037396450683,13,0.00206173568087085
2.70400274924405,25.9386096013696,100,0.0478260153656626
-1.88141710297406,31.096804680786,100,0.0418241405395947
0.985981569384313,27.9864559069981,97,0.0991194255926202
8.62177545305477,21.722035935856,100,0.00820171047749926
0.852650387479264,27.9492132175145,100,0.098660654809153
-1.16009893975142,18.7258849968431,50,0.0110251804761593
-1.24338737938681,8.04014424409671,40,0.00250424042406792
4.16816669622523,26.6905550194396,100,0.0349099760733867
4.48462776118985,18.3487293895245,60,0.00851059023469523
0.776395384750004,27.3748727225723,99,0.0986160344443483
-0.59552739144707,8.84581551374959,38,0.0027274572524663
4.64475166474174,20.8487218301028,95,0.0123228483308381
5.26069358026954,20.6387410945246,91,0.0111308589719916
0.893807171123879,27.5414093366487,97,0.0999782027596489
5.81417918525968,20.6032362492173,93,0.0103429476868233
5.30799325896005,33.4056705057448,100,0.0145313883509641
-0.46247784261881,35.2504629781345,100,0.0154522332498688
0.888486441739793,5.86808643082765,12,0.00205512238785155
3.73831838884728,18.1785828952808,84,0.00854483283934123
1.38867764662455,28.3092302660195,100,0.0831246579884336
-0.960732631838466,7.6130335433506,39,0.00240550167020094
1.50339404906971,18.1687040826646,49,0.0098033099234365
-0.633534092299147,26.7802040063309,100,0.0871763950463119
0.0750359254561024,27.1539420921456,98,0.103019557622518
3.67416369458535,20.7214849127268,87,0.0134995540635482
0.766769474682335,23.8202912489577,100,0.0372881548667222
-1.0172751135368,8.48465761569646,38,0.00262337999307693
1.00025945042435,22.7931896116028,100,0.027332403315155
3.24640828543203,29.6217035902064,100,0.0424819416044143
-0.769634512605164,6.66990020528243,27,0.00220620984624363
-1.17510465974084,8.51931682983491,37,0.00263094406730503
5.29134736671367,23.6086944311133,100,0.0178624171516666
3.89287721298356,23.9402781450615,100,0.0247344744266329
5.19333699079414,27.5751290694908,100,0.0270609584428855
-2.42156237727841,30.8076467594601,100,0.0409059822025698
9.02936244951605,5.83909904559206,39,0.00175037885133205
5.57865346965117,18.4497255479411,59,0.00790520714474034
-0.0343067928004427,27.220349056549,100,0.1019065417636
3.20991464709458,25.1164505753839,100,0.036051108981297
5.47807121639121,18.273867918193,83,0.00762614290356053
0.821645637350763,28.5933547333505,100,0.0899919927639262
-0.230635855168981,6.31403097270266,34,0.00213385125270411
5.29540152431776,18.4103451474771,57,0.00806701360845983
0.736551928016257,27.0991611443576,100,0.0907089830977325
2.44719123220852,31.3065110429981,100,0.0360234872535227
-0.962049718816509,18.674061414673,50,0.0109612210312148
0.915670945533933,18.2064880720676,49,0.010014660845682
1.13005231627656,27.0830727680432,100,0.0848640266503366
-0.912692758176364,6.59764197484312,12,0.00219744274124557
-2.91709019458362,27.0212364382578,100,0.0523121607251461
2.29619362920512,6.36666571365531,35,0.00212003625520353
5.49592126812789,19.5800195772914,79,0.009295002673486
-0.321843571204849,6.69127143586125,13,0.00221989393478558
-0.285764698669945,8.56045029837238,46,0.00264478211141679
-0.687597824965041,6.39501225351983,16,0.00215622942006687
-0.610753517188745,18.640337271291,50,0.010953023833812
2.34884667837387,18.4019932871516,90,0.0095333111616776
5.60277256128145,20.9670112742593,95,0.011195401085314
1.16647986631642,18.613236114749,51,0.0107657491454398
1.0483070258169,18.2304793401902,51,0.0100148804289219
7.52524402231681,6.29026598257376,51,0.00189416527792446
0.89167084357283,28.1121155772534,98,0.0994132868712886
-0.622010859833901,24.1220263063967,100,0.0412038362725561
-0.45339435885142,29.592559406488,100,0.0763122966710711
0.340846747904637,18.2553902371212,90,0.00977617977173199
-0.519432296641138,7.56231021274097,34,0.00240028502968497
2.87916202382956,29.6954683385072,100,0.0463929846091168
-1.02093273762309,7.73398278835022,41,0.00243220463214154
-0.674858875133864,25.8939245646757,100,0.0702901331789257
0.421677849244225,27.4884737266051,100,0.102904333410108
0.182888147688462,25.5620529240408,100,0.065700044768203
1.32689663633476,18.2220165034092,49,0.00995260544099162
3.12435421742503,6.71696020425911,39,0.00216617613107871
-0.805648445117922,6.55895439185521,12,0.00219040171695837
5.76930336051774,18.628667961584,85,0.00781700886353168
-0.0180628830156805,28.1490182548084,99,0.106562717913107
3.95226573067784,18.1527858738357,48,0.00865236001019695
-2.49111674545334,18.5790936916186,45,0.010228627835636
-0.208041610494089,18.3199431723422,48,0.0103326551277821
5.74867442647645,19.3512341301493,82,0.00872841139131607
0.805707841563918,27.86637253785,95,0.104709942067165
0.849579812614964,28.1397533801724,98,0.0999964208921832
1.10838052571469,25.5719532749109,100,0.0610861545414139
4.66383920521143,8.55885219100515,62,0.00249106698696352
3.67666312379162,27.5488388513484,100,0.0425234367487411
4.01507942762697,8.20675699961178,53,0.00244725913015199
3.3484889713401,18.3395146142351,48,0.00929570600624005
-0.474265944041375,8.2493147385347,38,0.00256704232597665
-1.11380808461394,31.4954336649719,100,0.0410695110597514
1.51315802156211,26.7915774345227,100,0.0749916602060936
-0.962907360889106,18.3752143855524,50,0.0103292135118009
4.76261971057263,18.6078329985948,83,0.00850998580689135
5.42425258216988,20.9747149178329,95,0.0114616221144281
-0.715332015665686,7.620188562133,39,0.00240956486509189
-1.60152263779472,26.5304734548445,100,0.0702404883464406
5.857582917376,19.4342523070521,87,0.00870122642738148
-1.08537957816794,7.12057799983383,37,0.00229382034223534
-6.85709887336344,27.2823405240069,100,0.0174654414558005
0.50455856238757,18.3690259998538,60,0.0102819701326954
-3.1241512718654,28.9655186455475,100,0.0478909728728221
2.76947522953262,18.3515722207015,65,0.00947825130252475
10.3762707162364,8.68051838065339,70,0.00206838959296749
-0.976221097660968,8.69533550610156,41,0.002678912941302
0.689479307462408,23.6203621644546,100,0.0352592020488625
2.04912143562932,27.6961701066695,100,0.0707857091314061
8.96786978377004,6.26776324916246,41,0.00181257357229121
4.20870687238406,24.6212521042569,100,0.026238656374065
0.834445395439386,5.94848114696755,12,0.00207053863917678
-0.864082089814268,8.7799242193065,40,0.00270457333244704
-0.234894725706807,6.40040627508829,24,0.00215552836563333
4.91685566429043,18.5476207166138,87,0.0082973852731495
-0.783107603628873,7.3080861247897,42,0.00233565067118899
-1.03897455320414,8.30826942522901,35,0.00257865569979168
-0.499917589753307,6.58264766625389,13,0.00219669550359493
-0.514098790264085,6.12725087007788,33,0.00209717733968359
1.0298831702054,18.7096435119689,94,0.0105137767283514
0.669208392759847,28.0494014263089,98,0.103260489275773
2.09439713816845,27.3046213155909,100,0.0685057303527409
1.69648804646984,25.7898470026303,100,0.0585832585517919
3.4385799149066,18.8265050872367,50,0.0100653046899488
6.13084024805561,28.2445531207134,100,0.0209929081485915
2.52029969252634,28.0844986357377,100,0.0613393188064536
3.95708455457836,27.5344865620371,100,0.0389616210434121
1.22205246883302,26.4095917275205,100,0.074064842691214
0.789045024590471,27.7282482662797,100,0.0995889196071507
0.335537627531194,28.5364424583758,99,0.101322362334797
1.33865219584797,18.2484834880219,67,0.00982337609904556
5.72502378501894,18.8475004841933,81,0.00812847404811795
5.73169558862769,20.8279198721439,87,0.0108789226662255
1.38984811910106,28.3722946451712,100,0.0826865933915706
5.07561659991182,29.3216696555142,100,0.0264580005044498
3.63669853856034,29.1585421494617,100,0.0403070102219433
-0.832760378325527,6.63826932083704,27,0.00219920971976031
1.55437280661906,29.7232264889387,100,0.063354958124354
0.731685969669936,18.162132063267,51,0.0099394709231804
-0.983964219403938,8.60701573983172,34,0.00265961567719002
5.0202560890495,18.3306367172157,47,0.00822123073531086
9.89274389525248,8.56376646424102,71,0.00209091419129381
1.86878532713182,28.9369644969245,100,0.0687259201155184
-3.79292610810752,18.3874550490801,43,0.00914579973721621
0.920307550241433,28.2314971777155,95,0.101162769878466
3.78630716914625,5.98936679816664,34,0.00201200857743669
5.69141426537376,18.8329670883768,85,0.00811011383659486
-0.923965388729281,8.68953379462781,41,0.00267802959457945
0.935976912552127,29.064676473421,100,0.0817974342583532
-1.0538396657071,8.06721994192304,38,0.00251499793752233
4.47402135941376,31.1430271906391,100,0.0245772575732103
-1.22265776765668,8.13530437687976,35,0.00253159262479777
0.00971086531371457,27.247356117775,96,0.106633197898934
-0.0751919739287739,27.0290863875057,97,0.10204991325815
4.50716602871684,18.387655556779,86,0.0083637028130481
0.849621013475754,28.2798485323958,98,0.0990286034633278
10.6220936781502,8.7908286256796,73,0.00206308798310428
5.37428439786025,18.6974730444417,84,0.00818608745849815
5.39219714292552,19.8332454911095,81,0.00975367886164939
3.41278580386405,18.8762382332486,92,0.00975816462855273
0.13648924692691,18.216262550798,49,0.0101168355406995
5.798168044211,20.3009122682457,89,0.00994250804912501
-1.17416139917955,7.24041023868986,34,0.00232073429830969
0.0303005466393435,27.7793751666736,98,0.108593912902153
5.26026203633449,18.2017446706303,85,0.00767005716520387
-0.0543770675511399,18.5959795976383,52,0.0108756025254125
4.92917704139847,21.9455243477566,100,0.01445223963876
-0.434573478711119,6.41687846129962,39,0.00215123012696225
2.40616107471349,31.3844084802594,100,0.035582937470558
-0.647377386671248,18.5782651111631,48,0.0108349826004526
2.38509156482013,5.98472507985668,11,0.0020564648436437
6.45540666283039,27.7009830464824,100,0.0193802370301134
0.137736155824048,18.5276037915673,50,0.0107484515551516
5.62417680217667,19.4224863438657,89,0.00887745816447168
7.99783088395195,8.44259858555551,71,0.00222692465321911
-0.819903802195937,27.5077242045241,98,0.100017876558736
0.374311655197634,27.12819983957,100,0.0992215978961162
2.25787311194312,26.7711429574854,100,0.0617768505946728
5.15353141563327,20.4093501770863,91,0.0108588851768485
-0.0304492939397086,27.1984915133278,97,0.104809090778894
2.36605354776024,23.1812997656196,100,0.0267372456597884
-0.69427732466283,6.76230634243105,33,0.00222297386645997
-0.297882401495095,8.49771803684645,46,0.0026278753548234
5.84102113393124,19.5164260916234,95,0.0087600671365787
5.75159353367198,18.5995204952644,48,0.00802818227275806
5.27592851695113,20.7150522661631,81,0.0113759999785585
0.0905774945234639,27.1417828553512,99,0.10176235338303
1.36135607930998,28.7377288171895,100,0.0798560645121634
0.122001234557691,23.2494327554462,100,0.032067098489733
0.888938956568135,6.44833227541566,42,0.00215329919179621
0.0977058275701729,27.1378873122744,99,0.101690302271408
0.0341869182483041,27.3065570451497,97,0.106271763961136
3.35059800326555,18.9174461955901,94,0.00985038460393284
1.27373291070747,8.28799094348,29,0.00257376866171811
5.35305375161723,18.3835721719887,81,0.00784422673945908
-0.707392747791397,8.07723002105145,35,0.00252328813576297
1.32235479217443,27.9082719655214,100,0.0858233947039157
2.31262159974614,19.1100429596843,86,0.0109370187975242
2.77589926577534,18.535109293865,47,0.00997175484805024
4.15192238534524,6.07452198081017,45,0.00201085719420527
0.0232454565335506,6.00995834747478,35,0.00207520602738441
1.01258859837315,25.7665988526823,100,0.0653004103988795
-1.14289808123394,6.88175039848218,17,0.00225201882342689
1.23283420348692,18.3417188807831,50,0.0101997018225962
1.77511740212745,18.2995690851255,49,0.00996239084246265
-1.20402072309613,7.51889168083222,16,0.00239370955070619
4.92741583082941,18.2733991890261,83,0.00797403419375401
0.372630613600012,5.98084969211016,38,0.0020678624994704
1.7484873570262,25.7307809559279,100,0.0571525054543409
1.75877494055404,26.7501468463194,100,0.0702799566682019
-1.21167302150717,7.12758744714479,42,0.00229119574865819
2.43413867535479,6.25000918228544,33,0.00209568413769342
-0.779700564102295,8.54961774991042,15,0.00265994570681155
1.23453853815698,28.087459161185,100,0.087136383128987
-0.749687540009461,7.41295941476483,40,0.00236074531814002
1.7834540965442,29.2356673668361,100,0.066796828032251
0.0195815224302623,27.4763445381916,99,0.105825428587409
0.408318209543749,27.6927850789011,98,0.10642714155233
2.9280032100986,18.4210943698729,84,0.00934662665849394
0.844846509602724,18.2489319066126,44,0.0101614501018292
2.60860197028015,23.1447425511796,100,0.0256732077218533
5.50445516510415,21.0443941656241,83,0.0116320517788438
2.54597571585898,18.1794742847752,89,0.00908929800626055
5.95053707481977,18.8244679791099,82,0.00792562194523646
2.31481044837963,30.3321972591411,100,0.0468055271054044
4.30756733626898,23.4380324447113,100,0.0208242817505989
0.406118656426423,27.6768774128579,96,0.108696593076426
4.61906831337614,18.3041695176963,58,0.00837701196626138
-1.65357116969443,18.2934681052083,51,0.00997232923156055
5.77979376504575,20.2109958758375,80,0.00991736984025725
2.47531039453684,27.601478745163,100,0.0621286444517551
1.39152563385112,18.1902473492826,57,0.00979764335397194
0.681447840122038,18.3710277015046,58,0.0102849528335001
0.910675653038147,18.1628718098701,50,0.00992175767137218
5.58256056053492,18.8527728512987,81,0.00824277366345966
0.557766992921108,29.4136046247,100,0.0792270412411349
1.61647590811207,28.696961991897,100,0.0756862890281483
2.55147065531558,18.2009492207084,47,0.00948477394328088
1.37065709682317,29.3847651864343,100,0.070917746871284
4.69318668576471,18.4781512032859,60,0.0085492534905509
0.198845896088677,27.0736295168466,98,0.101410999359337
0.698895756469933,28.0779176615413,97,0.10377312518998
5.31683853197015,21.204293270787,99,0.0119926141912664
-1.32015180877872,29.4058680185799,100,0.0712774143469439
-1.09489087911864,6.87098713090721,29,0.00224421390522886
2.86829562971547,27.2866472013688,100,0.05417625275224
2.04494607198093,26.1243563750553,100,0.0584810559888854
0.785526309831084,18.961378573903,89,0.0111575376887308
3.79476159207139,31.2293209526221,100,0.0280542576177145
0.385070656099144,28.5279158801022,95,0.105332546599642
5.43441431433365,20.3188207562143,82,0.0104688053514773
2.8432950993506,28.8226900118746,100,0.0528828523677362
-1.19465489076176,8.05440959086502,35,0.00251168837328197
5.36794901391753,20.3359729277978,81,0.0105881217448238
2.15369937028642,27.2005015786387,100,0.0667735460337585
0.107371954960839,18.2203014164178,51,0.0101050782907196
5.36529323479899,6.05449041569977,38,0.00196455350631169
0.576750007481026,28.1931152303475,100,0.101586944981942
5.5046031454707,19.0996301485443,90,0.0085493915142795
0.496487429258374,28.3106799132319,99,0.102569364470904
-1.23234478594639,7.15889836620093,14,0.00231263896857241
0.793711221572619,28.4520862853596,100,0.0963383540331514
5.08294724396563,19.1993417648793,81,0.00910201684130199
2.59010005558108,24.3185543423858,100,0.0342933059450637
-1.08109424590883,30.3229253636395,100,0.0583782050768231
0.437847160179605,18.2245165420738,98,0.00963771191413325
5.43035851542329,19.5496656065272,81,0.00929610004831075
2.96105514535847,29.3277030956874,100,0.0480321838112228
1.01886523938378,23.6632137134805,100,0.0350109709915336
19.5702479499559,8.7785402136196,73,0.00132389857178399
0.375196601505013,29.5449933766445,100,0.0776589721092957
1.17981804686952,27.6126464660764,100,0.0880687359855421
-1.37002969625419,18.2002083241405,50,0.00988988283467668
-0.972744633764992,6.56999287748822,33,0.00218119512680812
2.25429567842573,18.4584815405797,89,0.00968104482291695
5.32727563365546,19.594742765247,89,0.00938828100695988
-1.04419460753279,7.0624427533918,15,0.00229315126171807
2.04912143562932,27.6961701066695,100,0.0707857091314061
4.20779614757032,18.7226946058928,84,0.0090481784252856
0.206369694268006,8.25820606537762,41,0.00256856553497522
-0.862539103696938,29.4952443277558,100,0.0751035055304928
0.0478058736358863,27.1458909198644,100,0.100857249915286
0.0475694864149718,27.2008228054666,100,0.101632129427016
-0.0988361692831025,18.1943013471129,51,0.0100542538090322
5.154755262294,18.5265170735251,84,0.00812945508548232
2.20298390235295,18.5445354364563,48,0.0102716815641907
5.52811367229747,20.9459374519701,93,0.0112889253013137
-1.04955799697162,26.5592892156876,100,0.0787548121428023
4.56146035879465,18.5956619030905,90,0.00857936231407926
5.54294447490703,19.4048526905141,84,0.00896574339715769
-1.24939850868512,18.6363612697953,49,0.0108154519883573
-1.01189588580348,8.05203416709516,39,0.00251111544642089
4.70816482261263,18.4031493382618,81,0.00829027813795119
4.42817660470839,18.7666978145145,80,0.00899115884864237
3.18992571943163,18.8213294568943,85,0.00987200627593125
10.0108427165163,29.6716114831215,100,0.0088186973757135
0.0720817806349929,29.9906936753613,100,0.0692483043793343
-0.936482273096844,8.4931166896856,31,0.00263156485249174
5.69777990402373,20.7448677238129,87,0.0107865102794887
0.225606040835768,27.2679307657769,100,0.102000131804192
3.6676640004958,31.8452461208669,100,0.0254938816316685
1.90414009478399,30.8453250315494,100,0.0445800901866027
-1.22130453370677,7.03163094442789,42,0.00227032783818724
0.803915267080735,18.7104120896699,66,0.0108831865220309
2.99080680529428,26.8935590951695,100,0.0505501793785539
2.7218939825959,18.2306224434987,59,0.00934942759097933
0.779462756711489,27.5586594531597,99,0.0999988539166769
0.823164545946128,6.34968999508787,35,0.00213755051643507
4.93899734771142,25.4481797891868,100,0.0249267565200201
-0.119143686192135,32.6312708451524,100,0.0306105926012859
2.59869667739944,23.6186267168596,100,0.0288567343610149
5.9145688056061,19.7741639813112,100,0.00898602953877038
0.976037467975345,29.0811516320594,100,0.0810251701388186
-0.997100058625459,6.38237366344707,15,0.00215175591962578
4.39520639233598,18.8182486320757,90,0.00900945904368981
1.85236349560957,18.239063149101,50,0.00981176557069505
0.0239581369307836,18.4175283164202,49,0.0105279576805854
1.74192536421618,24.1316181880696,100,0.0372503973852481
1.93318991733279,26.9335391515476,100,0.0689710147021376
-0.0140050116014069,28.8542981636407,99,0.0972065833487624
1.82158464803274,18.2126129188529,50,0.00977372905051672
-0.657106043744079,7.21929729144447,34,0.00232114201136455
-0.822987937209799,18.2845274089907,47,0.0102049509324319
1.68700002280637,27.4498295278493,100,0.0774220071854705
1.31954204909521,29.2890178802512,100,0.0730953917171449
5.12097897806417,34.6403829473322,100,0.0121829000804481
2.88589654129459,29.8429358484765,100,0.045133412823959
3.46211093939022,26.2520324955575,100,0.0408551016939623
4.43403101345551,31.8069877864804,100,0.0221579198920656
-0.668909836803625,8.31358746530067,46,0.00257692777397058
-1.19159751280815,7.16920991419236,35,0.00230424920189734
-1.05837503641316,6.997534033359,16,0.00227834438897679
1.20590608553967,6.25559535734647,48,0.00210988755778256
5.80568461171729,18.7307687269591,81,0.00793195008535866
5.72570334129219,18.9503855771101,84,0.0082312704019916
-0.154124111609766,8.88148411992993,21,0.00275288158462519
1.80661347331367,26.4659157727041,100,0.0661735847668875
-1.05464192348584,7.9937439135635,39,0.00249606556545213
2.93253725578381,29.0131897079598,100,0.0504343083429046
-0.223660272543189,26.2827529694758,100,0.0803688490862858
5.48728727907235,19.8505544975414,81,0.0096821977429711
-1.25011027654548,29.3309860656919,100,0.0734001968220018
3.86621150505431,28.0643704281823,100,0.0401770117242215
-0.829459772335701,7.16777909745317,38,0.00230622970339953
-2.4580590291964,18.6360577743176,46,0.0103469366097225
1.50650101321068,28.532538616943,100,0.079231813777333
0.00182670375854377,29.5732408074666,100,0.0779303894030852
2.50112461877222,6.33392275637549,36,0.00210889565540908
-0.0690459562599196,18.8548306105379,49,0.0115046862972828
-0.527268396602153,29.5091287406037,100,0.077552064477765
-0.901061055672956,7.17293300017791,14,0.00231954635623932
7.91481845574375,26.6946723227643,100,0.0135306606204073
1.65552559416457,18.4003038574283,83,0.00985697553832197
-0.910667572095924,6.55329307648996,38,0.00217600041082209
2.37638286734797,18.4346777484037,50,0.00995934679792581
0.83451238450928,28.0600575834593,100,0.0986490891337777
0.950730306603825,27.6902176597296,96,0.100663013860528
3.4923523409607,18.9967196288737,92,0.00991304563003211
5.480957859142,18.9463826062347,86,0.00840219592607771
5.69499795693711,18.5163283348446,87,0.00773028739788874
5.482296866454,20.2101608064603,93,0.0101219157572108
3.52904597597451,25.4963549737787,100,0.0357809576167366
1.07528700695679,22.9639687466358,100,0.0285384329793262
-0.836692059519947,7.28073773110002,39,0.00233068748360362
-4.62161667304282,26.7640012481942,100,0.0308031006805206
0.838336064491338,29.0502523886461,100,0.0832115123461867
-0.150834915613279,25.9014643612304,100,0.0726508962862977
4.56640442588821,26.1989136367081,100,0.0298361717731612
1.29602959469775,26.8105683712626,100,0.0788357867241156
5.38050685743013,18.8491572657771,85,0.00836341284933798
0.614867712205567,5.93963418787676,38,0.00205915678330399
4.70709191994103,23.039358437294,100,0.0180804966422985
-1.03301688563227,7.82938291565383,34,0.00245915798327565
1.36069235626294,27.4311134583211,100,0.0837697115304018
-1.42876839452034,26.5668514571883,100,0.073433247446499
0.306033386584562,27.9289101150316,96,0.109899333557147
0.497601976006804,18.6756071147461,51,0.0110345580910478
0.421921337538421,27.3472306656599,97,0.104786447388793
-0.224323714989512,28.5787907130546,99,0.101356081099341
5.8829241865441,19.5592691478308,86,0.0088470172076824
0.870874323334993,28.5094730136599,100,0.0902556919977844
0.228087411587528,27.6138601204584,98,0.107362737098825
-1.43273021306392,25.3640820598442,100,0.0549767951087743
0.258768015688441,18.527008877444,38,0.0108818957829698
-1.16972139752847,6.44412718985388,17,0.00216140607853596
4.71643308190839,18.4869950749926,83,0.00838067510997054
-1.93775349313256,26.3205371429803,100,0.0623844296314201
4.17036498790775,18.320777004646,86,0.00848080769800794
5.8907031605254,20.5142957892706,96,0.0100827887055862
1.45315466741774,26.8673435267408,100,0.0769202352779758
0.875317331537578,28.7714657775648,100,0.0869890547490874
13.4671516497098,8.29008625908278,69,0.00174765575399618
-1.21145441990799,7.00368634437614,48,0.00226138954249931
5.69890818860964,19.0037038812938,66,0.00844349095119692
0.113819888509547,29.5749243900941,100,0.0778168713727985
1.79205278010678,18.2720979311858,84,0.00957267415640684
2.27743839331758,18.4362148812717,87,0.00965076355631962
-0.445935205734726,8.87061450371559,38,0.00273565212535699
3.71067068713125,29.640142207713,100,0.0372653423239277
4.8779763463445,18.6411534466681,91,0.00841711370077236
5.838260936108,20.4143158146571,91,0.0100459191522536
2.10318040430897,28.6619551108115,100,0.0668202673317056
5.08524450849208,18.7264615596443,92,0.00837487190411021
-0.893091158098733,8.78436189315606,37,0.00270763698112481
5.06723080579518,19.9706814527428,84,0.0102839739127086
2.84206187911103,18.163771074919,54,0.00922346393398445
11.2381021225182,8.90501422136828,72,0.00202538096318575
-0.0832370555841145,6.3060162879525,32,0.0021333997141265
3.95433238699055,18.2094364029373,81,0.00848932644519443
-1.01549148582792,8.30607451543864,37,0.00257707679644558
1.04309880601315,25.6092303565921,100,0.0622642386037005
6.55255478772235,28.3999397268767,100,0.0188227583565883
0.137663297259579,28.9668790522369,100,0.0897472855655912
-4.31812263175097,18.2243414997757,86,0.00826330772130155
-1.17999858234585,29.8031165693243,100,0.0663821186624814
-0.54992223525995,25.7508423799116,100,0.0682259727420539
-0.399874407681125,18.5158513242414,50,0.0107069694395042
2.12049888523018,19.0740640536211,92,0.010891834034616
3.62817931085518,26.3255950721368,100,0.0393346505635047
0.0431842993589112,27.8187031198499,99,0.107472868987513
0.683889220333312,32.2230479712206,100,0.0340204208145936
3.77817106539618,18.5970369013521,91,0.00908257318253184
3.59333212537546,28.6174065542251,100,0.0427627653687623
4.86489045881482,20.5878006131688,89,0.0115779577835069
-0.697039977905285,8.62092239710571,38,0.00266399185563009
9.03252264100611,8.31299946759396,70,0.00212034660124616
0.700073330777997,19.1168080625241,49,0.0120836986962821
3.32508182753077,25.9853006087064,100,0.0408558452291332
3.90153084734868,26.8648134484906,100,0.0382909957087289
3.37393230175507,18.5439351440871,47,0.00963423530145678
4.49934774794749,29.3911668516854,100,0.0307826621379916
5.79033516537009,19.5232557950275,83,0.00890861523970231
0.306270952983568,27.3744811116885,100,0.102756631786121
4.44108940639431,6.08122023402609,42,0.00200323180842234
-0.109292492828893,27.074676845052,99,0.100688510316223
4.6634300242847,18.9600948550486,85,0.00905970343869972
3.65303891998579,18.5584750104438,89,0.00911684644559275
0.47969107200561,27.3246837311739,100,0.100816699929489
5.1879071195674,6.41255326453085,35,0.00203516206066542
5.2959270059866,20.3536662316642,87,0.0106370029809901
1.87877728319405,29.8179592398719,100,0.0579388681195819
-0.476183379025532,6.15194306682327,36,0.00210074703920988
-0.757476832704421,8.60654644395514,55,0.00264747892722896
4.90309039159033,28.2118364883959,100,0.0293563190290293
0.537012053858207,5.86928559104317,36,0.00204735426359701
1.58373815778856,19.0022787856201,54,0.0114560206826315
5.26364927016949,18.2307840389499,89,0.00767738969958794
4.45361368996259,18.2960728243797,81,0.00831061648095935
5.23002373322261,18.6547044098714,84,0.0082362575266257
3.80986046087291,28.9350434111502,100,0.0391097072403726
0.687716761411513,28.1357754852915,97,0.103634176933627
5.17394073379321,8.84227922859008,45,0.00253877103091862
0.711336806857841,25.4259864474673,100,0.0612091028532284
0.629380501150602,28.2491072747904,98,0.102589732863381
1.15468011477201,27.2916403384288,100,0.0865147315541531
-0.45848706818037,5.93203159565728,35,0.00205972712003927
2.75776874502082,18.5398836113577,49,0.00997069669057604
0.294136583076823,27.5824188649948,100,0.104545041421079
0.999603405320581,27.1438910341655,100,0.0876056382184377
0.862443056741042,28.3805653076742,100,0.0916211437282532
0.0365087825958643,27.2668199899756,99,0.10356616633206
-0.140612323439136,31.0743729836604,100,0.0493948570532776
3.41221919735568,28.0322822866817,100,0.0463531717117867
0.67189521293163,25.9639709290492,100,0.0716740190546955
-0.601617651812663,29.0464405798369,100,0.0857070304854222
-3.6700869308638,27.4405208366866,100,0.0424672826603827
-0.257173588422163,18.2465716824333,51,0.0101513666680195
0.116298675710164,28.0749133578898,100,0.105706194828351
0.739038635774448,30.5183113131752,100,0.0571192632690662
1.33618140062532,18.6052113439084,50,0.0107111830634237
0.842431985826735,18.3361384701923,54,0.010231417264895
-4.11146723078445,18.2351953437276,50,0.00866057182311962
-1.17628818819174,6.91754010802277,37,0.00224909621608704
1.93455904408493,27.6331164941597,100,0.07301637992164
7.17064963990327,22.8050627039582,100,0.0115095854649988
0.405131700874674,27.7995065054531,99,0.105608417427086
5.6109071226554,18.8415504871985,87,0.00816739893458867
-1.81410369345322,18.2018634871945,49,0.00976605942884651
-0.905327794701121,18.6221927179064,32,0.0110765848151449
-0.771911310764675,30.6327970688453,100,0.0550103444597288
2.82967822046794,18.5019583379782,95,0.0094335926928838
4.80619080695745,18.8893369252987,83,0.00886560672238898
-2.75677224779073,30.3632008475302,100,0.0420864393856681
0.05569143134826,28.0148680610364,100,0.106070359809743
-1.14202923996273,7.57004298145448,17,0.00240594131752812
-1.03083641883756,8.14641510044359,38,0.00253525412003408
4.43634857320925,18.2489498468401,92,0.0081847642356768
-1.20059049363105,7.02694330006783,38,0.00227164225493586
-0.820007438285595,7.98002561899471,36,0.0024972784109883
2.73822894384753,26.8024083519516,100,0.0539956417854687
5.16774011430847,18.8793732615892,81,0.00859251274647267
-0.643631999024089,18.1916122997615,50,0.0100183455960883
5.75527652839631,29.5572554420275,100,0.0217861645450357
5.60492340626881,19.4146814300111,85,0.00891579903586107
2.01619912414567,6.21768998722865,49,0.0020906981116068
-1.12285869422599,8.59875620291543,34,0.00265530246581505
-0.900970311139041,8.22133349462398,46,0.00255076983123496
4.36866172327498,18.5776048048533,86,0.00871292581939967
-1.49091493644204,18.2514344577565,51,0.00994311460737946
0.92332467110137,30.6525925725027,100,0.0539223049244766
4.34760319007616,18.2466107044638,84,0.00828887261993664
14.2154551715054,8.58378399495328,70,0.00171939384999368
1.01866505677494,27.0956095144731,100,0.0867689345202344
-0.997881944104677,8.0284674517071,41,0.0025041602422649
1.44985922807206,26.8938759830454,100,0.0772864617169559
3.19298555596732,25.8628454367284,100,0.0415114818057667
12.7144767333688,8.2991166721419,72,0.00181016633008269
9.26080194540092,6.46197167452333,80,0.00180965355924769
4.79169281425176,18.4824728965164,83,0.00832483417385529
-0.0549847086587943,18.8019291860089,52,0.0113410754986971
-1.09594569365805,6.4869555883951,16,0.00217126056665391
5.58539535788123,20.5304119805381,82,0.0106339290733581
-0.0120954136854876,6.31365948608534,35,0.00213356460256932
-1.95043238081195,26.502447296801,100,0.0643025096412049
4.94232324866995,18.7892187505033,83,0.00862596549737765
0.986133566072343,28.0262697297804,99,0.0970808221807992
3.69587972643598,18.195555851393,57,0.00879616596091958
-0.418601589642702,6.49302367889677,35,0.00216836619884519
-1.26920067994991,18.9939120027027,49,0.011622325428491
-4.27779041302547,18.7335326774808,50,0.00930098845807575
-2.20788067495191,30.4716455423022,100,0.0463177905081499
0.255835906288573,18.3827280216838,49,0.0104483861245874
5.81555351578243,20.7156109397272,89,0.0105617123405165
5.47100254269513,18.4867004259928,80,0.00789173913245112
0.249351027867097,27.9224812251971,99,0.106758599288853
1.11973823531819,28.1901618352281,100,0.0887862434711631
-0.458031281387379,26.9625022852661,100,0.0915875505800355
5.57953302755858,18.271819765583,83,0.00755920247047988
3.15954541575196,18.9067574423301,60,0.0103022251340092
5.53694831038444,19.6838212073754,83,0.00936953299468102
0.134322939214064,6.77422661492364,34,0.00222726575528667
1.67446849322297,18.3027417360851,47,0.0100230879112688
-0.952065172602147,6.04194705705307,15,0.00208598954755207
5.89581354458983,18.7357217659142,84,0.0078532002544747
-1.25947718496127,29.6813706316658,100,0.0675667744066829
-1.1220468616025,6.39618577924677,15,0.00215327734516512
5.75395545122634,20.4355074964028,83,0.0102616259454473
3.69527394799058,18.6468497894808,48,0.00959131793870875
3.526423267066,30.6317551674265,100,0.0333195181128339
5.26972201664989,20.9427374341865,83,0.0117873668599327
5.61865201128842,20.5300909876387,90,0.0105024438368829
-0.600456167473127,6.09158865361815,13,0.00209872801629882
1.47665231278163,29.4761433136531,100,0.0680761680014671
0.572865292371447,28.5919123667848,98,0.099373322521818
2.32754190384668,28.5274773323722,100,0.0634424005837713
-0.0586185339715115,26.1942743496548,100,0.0788444775953507
3.46790257524158,26.8318231972975,100,0.0435027765897805
-3.90504635549687,27.1513456573002,100,0.0389797730535451
5.83215458242476,18.6058905092057,88,0.00772938240295118
2.03251748357619,6.75826597598913,26,0.0022076640955094
3.24545221485394,18.856218234918,49,0.010264379554523
0.107638425784574,27.9179088236337,100,0.106204488894434
0.165515306602382,29.5694433259799,100,0.0778430111963457
-0.914553681359591,7.18879958515799,38,0.00231007154397003
0.385230469803134,28.2390917065678,97,0.106471580834893
3.78258335426135,29.7717057811884,100,0.0358952586609444
2.10552399961724,25.0777817406887,100,0.045286065682648
3.71902318315239,18.5331761072347,80,0.00911204652938757
3.37157677354289,26.0809497265959,100,0.0409199654536775
5.08301170035875,20.0210833946561,87,0.0103192787918838
-0.132031794626915,25.1028339246687,100,0.0570541360976587
-0.940598946455012,18.5836275602042,43,0.0108507250258145
5.93054384337022,18.712778471789,59,0.00795756257314181
5.76522498591123,19.654568460826,82,0.00911675033136515
-1.62575482330299,18.5674374741001,50,0.0105353245680944
5.76741793437194,18.5815682832511,83,0.00777748079411479
4.80317999012742,18.6022122124501,90,0.00842452495163131
-1.53295588757571,29.5662319401038,100,0.065971913226495
1.16553368508696,26.3551800083311,100,0.0739225454848116
0.249742150888559,28.6263674605926,99,0.100514658536986
1.18858176403384,8.68805022305724,72,0.00265164231855495
2.28935468168066,18.2698603693179,49,0.0097052866721941
2.31973081578092,18.1792779341778,52,0.00950367455291219
-2.07835036815564,18.3660530642274,48,0.00998212853110374
-3.65897341587972,28.1869129513358,100,0.0427438982258013
-1.80259476651393,29.1134025999168,100,0.0679427691564044
0.338775607206004,27.2478065873246,100,0.101091134641784
2.52778419315082,6.27775819557933,36,0.0020975917278051
2.28882458236516,18.5236611300597,52,0.0101491912942764
5.18728337204165,18.8619219060531,59,0.00871865740556564
0.166427365694944,5.83817307178862,36,0.00204271735362855
5.80005141101511,24.7505879714685,100,0.0187907314853056
4.12751810968272,18.2672515577376,90,0.00840463697138097
1.51846340529399,6.60348622836303,12,0.00219154715520355
0.51782039358959,29.7027527920953,100,0.073744556383322
0.470196097564331,18.376596799365,84,0.0100522252754
4.82077345681933,18.4949482418394,83,0.00832166922637816
0.243656430365743,27.6784550735517,98,0.107598877693219
-2.54824074925438,31.0105061979777,100,0.0380048441637936
-1.24572178035799,24.9488467618208,100,0.0501634515321211
2.81171279860822,18.6167646156006,90,0.00968363791469896
0.0388140476860195,25.3277310573362,100,0.0612701825933301
4.24070606740064,27.8711084569012,100,0.0358619788937387
0.449131941260287,6.72419268499879,42,0.00221201104153351
0.172477164045035,6.24886971812286,12,0.00213117322509637
1.86406997351557,18.7599381323517,90,0.0103939974291198
1.69761415153965,18.3883418757717,82,0.0098310424924718
4.84485282353062,22.4127441493678,100,0.0158579986764253
3.58479510338451,18.6838950161978,85,0.00939184612210486
5.52062806012402,26.8074171620299,100,0.024102851023076
0.793447251818121,27.309829084205,100,0.096762258749117
4.62090691104176,18.6090306896315,85,0.0085942342818563
-0.726516365692018,7.53269770605914,15,0.00240281637733749
5.42040996740045,18.7860821919674,90,0.00822096260740478
2.40585022677178,19.016081458631,49,0.0111326503277051
2.12753034554482,34.567552203283,100,0.0168344314193773
-0.0365269774737739,27.5408205229155,99,0.106326420496187
-1.01513325753552,25.4092932307798,100,0.0590196214453093
2.60908752015483,27.7406553250903,100,0.059798321804409
2.20240519001306,18.2821136239366,48,0.00977410389294151
1.20228272793444,31.1885959287367,100,0.0446073913583787
2.87245044628902,18.9685263480744,60,0.0106120778862247
0.615690777198517,31.1119174070797,100,0.0479685181150662
4.58272877900208,18.9663584711798,85,0.00913064857721715
5.51910259034227,19.8008600115146,81,0.0095756868941616
0.372533994935014,31.0777333052344,100,0.049054142811839
1.78840308802388,28.1005939904409,100,0.0760070287041651
4.0854603915424,18.5534494086586,86,0.00886313668325261
0.958275567431052,24.5877031936068,100,0.0464353712727507
2.49136076959231,31.731919074933,100,0.0321646130132075
-0.68153079118787,28.9449484994363,100,0.0866557319755601
-1.21151737395265,6.61268593835846,38,0.0021849821449468
-0.851473089280296,26.2460913928136,100,0.0755589601941131
1.5878738965042,18.1743721566183,50,0.00977921754393003
-0.631541372796387,25.3388212925628,100,0.0600152946213176
5.15294675529677,20.240722865399,87,0.010612773360217
0.862142082400099,27.560263525588,99,0.0986692161626007
5.1002123431865,23.7063036154487,100,0.0188052544004606
-0.637525673657777,26.5951250570972,100,0.083959705672619
-0.884519322352386,30.1351663531076,100,0.0630750283019644
2.50295820123436,18.1822136611774,46,0.00948323316093567
1.8455997607367,18.1854924430566,49,0.00972504883089023
-0.332668865573209,18.2483431686471,82,0.00984064332638595
1.96905206567898,30.8525841789288,100,0.0440018224660437
1.20359133749527,27.5478187886752,100,0.0873525531131666
5.14577904366124,18.2084117035471,79,0.00778470288154801
-0.574814334989906,5.90470672866622,39,0.00205245846339567
2.11597542765291,26.8902519087934,100,0.0652692023655449
1.79163752495772,18.1971512249507,49,0.00976510099436501
1.9959498674008,24.7413996348491,100,0.0423402411357042