0.332207118197062,27.8819035254006,91,0.116119894695555
5.63641309679929,20.8060351509417,82,0.011031925395744
-2.01262170965475,24.6946240802769,100,0.0417030253333167
-1.74589319791697,18.9385080905456,49,0.01130400617742
1.91435697551958,32.2890365070127,100,0.0301466494933655
6.79847745157491,34.0133233106627,100,0.0106418666439194
-4.16631244177261,24.4139131034082,100,0.0255472261502652
2.00012628964842,26.7106311482657,100,0.0656797360520572
2.65331572767233,29.5469382595548,100,0.0505492753184607
-0.595353333843062,26.51170191337,100,0.0828041650963538
0.24506996169869,18.153173889946,93,0.00956868899633414
5.49700880616559,20.261514030215,83,0.0102908316462595
0.532062958585977,28.2272873861978,96,0.106178700098486
5.30961810960355,18.2816500098017,56,0.00790754450968419
1.51867043258695,31.9028584167934,100,0.0350359968302006
5.12536448342741,21.0126078040463,87,0.0120810786393945
1.62425404327283,20.834433759938,97,0.0159705764426778
2.01770407808894,24.5284516412656,100,0.0398730764715637
3.3738364545355,18.9689606654297,65,0.0102190631178143
4.51426202639515,27.3462122787588,100,0.0327387851783847
-0.423468529542725,27.131154173766,94,0.105115501421143
3.03842610804613,30.7457840483167,100,0.0364250263740363
4.04161822345289,21.0448335619472,87,0.0138123422751545
0.349343086760373,25.9498445933885,100,0.0731183534018716
4.89975896528362,18.24797568135,88,0.00792874234826099
4.46765361375934,29.4798879519251,100,0.0307872638303526
3.86723377810095,18.175481678447,68,0.00858587768167688
-1.08581903073727,6.29440359237991,47,0.00211905596985767
4.6327710313556,30.1128003127282,100,0.0274475604695885
-0.926991622455888,8.17019001617866,41,0.00254066592487486
5.31236895763612,18.5715380691064,53,0.00828358027931947
3.90958119147216,27.1116898223702,100,0.0388385046846761
-0.830748811320547,8.47714890063653,43,0.00262031183472068
-1.15363608422047,22.4043020503698,100,0.0243842954965268
5.7122479205958,19.3236589758307,81,0.00873202343375461
5.73287941025816,20.8932056002907,92,0.010926531566437
-2.10274958086412,25.7429068464749,100,0.0531635694971606
0.0148038494908151,29.4267475171045,100,0.0809582462826422
4.58934065786493,18.4268873747279,94,0.0083077194504128
-1.03515443845886,23.6430010293164,100,0.034763203039171
-0.910270343635795,29.1359362357814,100,0.0809424720942819
8.79058652638411,8.87577116065539,70,0.00224404794486925
4.17604998921821,26.5982131641134,100,0.0345594811618208
0.740162094102575,28.3910106732592,96,0.101734560151514
2.94330667320448,24.921080608106,100,0.0367531306988966
1.5060196335104,29.7894918361917,100,0.0629434894499427
-0.769868153618488,24.9093961422046,100,0.0520642049059168
3.74021054059455,18.5421378104601,64,0.00924763451576202
5.56011670649442,20.3109909889739,90,0.0102226394922101
5.80413038505054,20.5415152989337,81,0.0103877500776496
3.19791393051595,30.3981454490635,100,0.0376455504715469
0.63572461001853,28.7663819620139,100,0.0898922022904982
2.5385171060524,22.506596142542,100,0.0222137146092529
2.638220225272,18.2236774505747,51,0.00944789022846139
0.499030681792548,25.9255279800396,100,0.0719579960889217
3.56266813028241,18.1724645171188,58,0.00882878313179398
-0.273956855728666,25.9436957579418,100,0.073243911239883
3.13744668598342,18.1902905700725,50,0.00915149594210876
1.23835464877613,24.0378740307332,100,0.0383838596608598
-0.228668308251312,18.1982734835441,45,0.0101187814283792
1.78025490679839,30.7234282684197,100,0.0470312610036581
4.90256252057216,24.1556565086169,100,0.0209786820140503
0.213663934534545,28.9805389497873,100,0.0892897649240665
-0.0995612170074585,27.0614035610134,97,0.102557328730931
3.15006024989429,23.5790761676793,100,0.0262049217328065
1.58259429709139,29.1102203752505,100,0.0716046817003901
11.2033408085081,20.321082422508,100,0.0052010259568319
0.156234484923654,27.2870576507666,98,0.104656264877335
3.70563509275784,23.8229836387988,100,0.0250374236732393
4.35401401831257,18.5664731343188,61,0.00890067335578308
-2.66378020959863,25.1870630160386,100,0.0414114258568946
5.00905666613119,6.28247951635569,33,0.00202046990740138
5.66192401196474,34.9217209989827,100,0.0108921978609559
5.69089083551584,21.0594206033708,82,0.0113957610261252
0.0717160368405321,6.18538949811794,34,0.00210904409989249
1.32050349953295,27.797999544014,100,0.0858462806662884
5.09613998331692,20.9017674864321,87,0.0119039341052834
2.39692585935189,24.7813143115657,100,0.0397896406143323
-9.95791506958605,18.2484986684806,36,0.00510032890407951
1.34272085325474,24.7647611754614,100,0.0469658772117225
-3.77854775369163,31.2758035070944,100,0.0279035794872064
0.869302061171239,27.6675623754214,96,0.102101290995527
0.104593733554786,27.5256812484421,100,0.104991983733679
0.488661179755931,5.88869083285734,35,0.00205156602902058
-2.62651686627871,25.3208898290589,100,0.0430052992647686
5.65799197185918,20.626060614213,81,0.0107110380676448
0.511071627552367,25.6639584348467,100,0.0667101534792821
3.52652590711146,31.7264561162181,100,0.0268259675693103
-3.22518741771488,27.2103769660706,100,0.0482475266860615
-0.78001754025198,6.94148987752361,40,0.00225659673417706
-4.80097742196499,23.2940839215474,100,0.0185841618709338
-0.425582955449354,5.84186890377012,12,0.00205282056119244
6.59165965565792,6.74363222696609,43,0.00202181883837719
-0.839302183058373,6.44238435975107,15,0.00216509909734019
4.72693749241371,18.4126668388544,56,0.0084659386686626
5.90887408073034,19.918400066393,85,0.0093106027736453
-1.09471920045998,7.46102845192455,43,0.00236648376525577
2.98674925147867,28.78780095582,100,0.0508125068313503
-0.626465166692716,7.36137948521632,38,0.00235107378312328
0.546367539833911,28.6605538446738,99,0.0976712546369053
8.65384184609032,29.7070694211228,100,0.0113382437730898
-0.0296341012783282,6.14989334091247,13,0.00211155662907552
-0.428991551590941,5.98731883793549,33,0.00207102250593381
2.65960865883793,18.6250058183327,50,0.0101747553168974
-0.199712180668605,28.5178596871309,98,0.103390805489855
1.08135075876832,21.9527009181232,100,0.0217480644340878
4.90477732276783,20.8241837975737,87,0.0120224183159831
-0.471473203942149,24.4697631285581,100,0.0462419757155636
1.84773139537129,26.4434477427771,100,0.0652518577600451
-0.622983894951931,27.3200117580501,91,0.108908350750929
-0.105312617210965,6.16566533362034,41,0.00210212162869485
-0.0758028925886935,28.6327638422261,99,0.100989682094762
5.65110572882348,19.571103438809,78,0.00914391973228227
-4.16379966362871,24.2286954490633,100,0.0247319203658213
1.90880562517017,8.6345081629796,46,0.00263983473214654
2.47171376547553,19.110037838259,49,0.0113002223437949
0.738452908360625,27.3198671736037,97,0.100609769224485
0.233408157623274,27.3712244054247,100,0.10313966958493
-2.10146153148814,31.127185213058,100,0.0400263110423782
-0.386828318322854,24.3452899373019,100,0.0446179365008103
-1.14587881668862,7.26647556898707,12,0.00233886295211683
0.722858524603955,27.4584021354489,99,0.100142208200114
5.45665492187418,18.9812503000571,86,0.00846523404761926
-0.549003000478727,28.4237430855415,100,0.0998121656063082
5.87889528725156,20.6501570353812,93,0.0103346284323555
4.78526581967093,18.9149944745352,85,0.00890194491051919
-3.85875074149857,24.1806157217989,100,0.0260838347588457
0.632900644750062,27.5470536924515,95,0.10637988242666
3.84585786158371,18.1971702231732,49,0.00877302373117073
5.61833613478892,19.8530541121265,89,0.00947888195204002
0.7086369921067,22.8897016538003,100,0.0284743572578763
-0.628454884218326,26.0379670956669,100,0.0734200150875322
-5.62333158361438,30.6381214557471,100,0.0203111867683504
6.95059276359459,28.0254112684425,100,0.0171707149018629
0.910809741913634,18.1788592196439,51,0.00994243431685807
0.0199082334458879,25.7956382708799,100,0.0705811473597552
2.90485715471655,29.3674738141243,100,0.0485249667639017
0.831708276075291,27.1726422078536,100,0.0903595427801388
3.48593823877175,18.4908891879237,65,0.00931478918029581
5.81552619782911,18.4842569721,61,0.00776704602589596
-1.27844787180886,29.2957324342043,100,0.0735661425089225
0.359227289399952,28.1889346903106,99,0.104850039519203
4.9628603593903,18.4328978624222,61,0.00829706558542517
0.219356834338637,29.6590309064942,100,0.0758657142007721
5.3519373530021,20.1425474391373,81,0.0102856972970863
5.17401782421116,19.5614347340689,90,0.00947345069084751
0.491570650470067,27.5530093584164,99,0.103759785442353
-2.34045871372732,26.1659823325785,100,0.0547866217619029
0.993523484262203,25.4287534382707,100,0.0595058899203127
0.436296400071222,27.7298971201422,98,0.106285689025277
3.97313224093513,18.8356106603332,75,0.00946533285819769
-1.14960659161414,7.13571503994544,56,0.00228639469393645
1.33756977575849,29.8475662956754,100,0.0639566040300002
-0.926717256507356,8.60861895770304,47,0.00265165435346581
-0.74903509558446,5.99786837566639,12,0.0020804342183845
2.28347514631161,27.8874049022928,100,0.0661553144537334
0.102063502064164,27.0351875099873,100,0.0990709849488994
-0.137545519111704,27.1107032860578,97,0.103271456304997
5.45429850062091,18.7750733553824,81,0.00824343052471922
1.32960135338005,27.3003471654936,100,0.0834485216903711
-0.798334599317276,6.84191473854571,16,0.00224744255171426
-0.16330636940652,27.1686118265977,100,0.100934686676982
0.766827543368506,30.630648500298,100,0.0550701082201069
-0.725639341041224,8.86885500765526,54,0.00272080651511776
0.664945515348604,28.2546209569838,98,0.102062640518648
0.101464096876339,29.2789723176828,100,0.0838836667089107
5.00987385749018,18.6687204985886,64,0.00855416093163488
-2.32982766043723,32.6557867422117,100,0.0260982018537008
3.96415480479103,18.254599932336,89,0.00848874995045746
-0.23386283081239,27.2817911427512,98,0.104259545779746
-4.38933067510438,25.4314217238278,100,0.0285134078447866
2.76627417373525,29.6829374866295,100,0.0479113754757363
-1.94240303175505,18.2192718817539,49,0.00975215893152553
2.62392743007377,30.7227591295909,100,0.0400411444194256
0.598496805577457,27.1675089141676,97,0.100599013194294
5.41170479837348,18.4881599941938,61,0.00805528515500584
0.255415381261818,25.6715122809055,100,0.0677455097303216
-1.44256645034698,27.0723929345028,100,0.0793381864613296
1.2316657241754,29.3175779482402,100,0.0738610640736335
-2.07816502167514,27.0599080125611,100,0.0672861658484127
4.42335015439223,18.3845350791017,59,0.00860771261161299
-0.917999518150488,6.98033748994726,16,0.00227606048252224
-3.03149532823985,30.4807609820094,100,0.0385313746191449
1.0844692274802,5.98925536521734,32,0.00206756556220149
0.492939372921257,29.0911109424244,100,0.0857884398192373
0.89947828167806,25.5205478569535,100,0.0617707918199105
1.06892251479409,25.9951750704687,100,0.0688431291892163
3.14630469093386,18.6794759935651,58,0.00991031702324893
-0.551890606936296,8.63025859185931,53,0.00265719948279567
2.16586619099139,6.13138303942789,35,0.00207779913460436
-0.725500014293558,8.85310860220124,40,0.00272675527642501
4.46230939539657,18.6559382567419,59,0.00897257653003088
-1.11334191073224,7.46927800428418,41,0.00236926136645724
-4.98048672441177,18.0584566304994,100,0.00764521746672353
-0.637140741312536,8.2027726709488,41,0.00255191801089651
-0.484271389627215,30.7141003267664,100,0.0547214935192001
0.693602840049262,5.83136121477683,10,0.00205045153508279
1.04348532414954,27.6037206190943,100,0.090447188065952
2.10162785075606,27.4427491574665,100,0.0689989667112728
5.51484195616666,18.6900052195436,68,0.00818156855026491
-0.508140918161082,29.242682560089,100,0.0828665017305691
5.26641867208765,18.4679836848801,60,0.00813872620629305
0.641489923404154,28.2144594551509,95,0.105962776550092
-2.0007521700746,31.9532460586543,100,0.0326279629508081
0.289480721447871,26.9514081902751,100,0.0969688949655349
0.338779744973385,27.6699045149002,93,0.112963979433146
4.68833137274487,18.5437269404731,51,0.00871099703950207
5.66050244896441,18.3086235000625,63,0.0076631471224217
5.13319193288762,19.5228405255989,83,0.00951660459494365
0.634388956892999,28.2994304035969,97,0.103141016331425
-0.124627749444849,27.402985250044,95,0.109570722018869
-1.16369672419697,7.14608344210001,43,0.00229530090211975
0.363838711292793,6.05052417163001,36,0.00208185643604313
0.0839210070908331,27.3690309986282,98,0.105816654057796
0.375120003291396,26.2652055166883,100,0.0794342530477129
-0.553994652408065,18.5675150165759,50,0.010801334210202
-0.296518738080643,8.52989892110107,40,0.00264068578814354
0.295680139484707,28.2189677222797,99,0.105081765719728
-1.72723896573516,25.2627194870464,100,0.0509252059390804
0.154885883474583,31.5545734271467,100,0.0424344962955464
5.04158284552104,20.6714772689203,96,0.0114140677713832
4.62377498063933,18.5575569523499,77,0.00858083799480116
-0.835122578655057,8.65970595102351,57,0.00265959443860988
0.241716883714842,28.5760665358265,99,0.101312913107826
5.42209266941293,19.3867579755501,82,0.00906479731518998
4.37865419326608,8.80625553630075,62,0.00256827842801589
0.447986026757065,28.4374303245556,96,0.104891162401561
0.91790393721482,23.3063470453679,100,0.0317555495124211
-0.912631277905993,6.38547807377039,35,0.00214388897832855
-0.0238663359369606,30.4050532870246,100,0.0610777391080949
5.70119980424184,20.6021926475797,83,0.0105934014486784
6.21667433882419,28.96226877521,100,0.0200963363950282
-0.194235489581225,6.44465423223364,27,0.00216305688809636
15.4540268395668,8.71761400859015,72,0.00163024110484123
0.955832160700489,27.5912186562186,100,0.0962693290364007
2.02006031435491,31.3723338831583,100,0.0380091510391638
5.08640737431342,19.2280158084894,86,0.0090987649080764
12.005397755046,34.0984889282243,100,0.00518312223910093
1.29456672801141,5.98986437651945,31,0.00206597147231024
-3.43847157515881,18.7021639951367,50,0.00984129123429793
5.32869408947413,18.2517332916571,65,0.00780405464964662
7.86480249390135,29.553536086939,100,0.0134012331523307
5.13290393474993,29.8004099287056,100,0.0249949389836291
-3.26628282457963,26.6400424780964,100,0.0453290324168684
-2.3307893355884,23.542344058115,100,0.0294235302700545
0.750624207926463,28.0350798435891,94,0.106443465024802
-2.60998384085076,18.4476069377046,50,0.00986880185609901
5.2274476247809,20.5419250233364,84,0.0110865337062077
1.72052432639738,18.7660621283926,82,0.0105503720460144
-0.684328400846114,28.9668058847416,100,0.0862694369533174
1.60964325435862,26.6773943289976,100,0.07197645654235
1.24801899171762,25.4604249172809,100,0.0580637680839685
-0.787247103593424,6.61913388180592,19,0.00219950548449763
-0.418423231858879,28.9708915826617,100,0.0884375504124224
-0.628859945150273,29.9205175854145,100,0.0687894803436111
1.31290766479199,29.2948402348032,100,0.073099691301447
0.524484266311528,27.6546731477916,98,0.105055790396119
1.61757326616556,24.6084599899529,100,0.0432936164719359
0.0125099929930528,29.9344153521749,100,0.0704263534721962
1.05169833416133,32.939739586589,100,0.0271751901901874
-0.180131622022514,6.59045736488791,11,0.00220031945576559
1.86581998982569,29.6676254798929,100,0.0600769174625664
5.61286786153901,19.0644545683936,65,0.00859929187873533
0.52465765691556,27.7583340312444,96,0.107679086428317
3.10961929137355,29.6693110559873,100,0.0437830893623133
5.92160042859253,20.556105131161,79,0.0102847555576819
9.28592687235033,23.798045836902,100,0.00887792364958105
0.55096119802001,28.5860773166848,100,0.0977521547324237
5.91168173738542,19.3957085583919,79,0.00866445022742514
-0.0948671067039059,6.09628929344639,45,0.00208714718436649
5.29060614283252,20.9403550547801,90,0.0116563562016357
0.653415601986086,6.03357969366127,10,0.00208866586597834
0.551212328700297,27.6121743409082,100,0.102386982314884
-4.81802317328861,27.0032250163759,100,0.0295416351802881
1.0329702420073,6.62042457750089,43,0.0021860786321472
1.80897839782776,28.1843485734741,100,0.0753136546256618
2.33775491730064,18.326919070617,51,0.00976855434924591
-0.852049584135379,8.20418515180783,43,0.00254889658529155
-0.643990492810717,8.32993144987346,38,0.00258673602845514
5.74792678094108,20.2626412611178,80,0.0100322737630465
-1.16900545528278,6.25012699158824,37,0.0021141309541131
1.12552081747595,28.2708583066953,100,0.0882177459792719
0.671899758150191,27.7087312812602,95,0.106658624315411
0.623753782233102,30.5914472249928,100,0.0563566864147093
0.213917469666662,28.7788409428889,97,0.100112526898006
-0.517707139959346,25.5004110314204,100,0.0635222554196402
-0.659008202473323,6.66808879414586,43,0.00219884232240511
-4.2452271596696,29.0049025895786,100,0.0342103411342621
7.49841067879791,24.6262055255972,100,0.013056094424694
0.430224222422132,28.7263421911261,98,0.0986728304847254
5.29256740763957,18.2165561060504,64,0.00779228174627243
4.79721210817328,21.2466348116192,91,0.0130263984385201
1.93359589983939,18.5391241677435,86,0.00998586424881699
0.3593738741406,18.2521485552787,56,0.010104612399385
-3.29925610472667,26.2147295202528,100,0.0425584911314321
-1.23074352817951,7.71610445908747,37,0.00242752594172054
-1.18632160278245,31.3069598541952,100,0.0431380824124045
0.724534682034583,27.61627460592,93,0.10768949898091
-3.55579047336402,24.4341611992821,100,0.0291634585071537
-0.928916397042778,7.59564141405729,35,0.00240408771955251
-0.0227320776222363,25.7261472591482,100,0.0691557210027955
4.39943747923179,6.38293139340447,43,0.00205814842057326
8.75783196439967,31.0469821479807,100,0.0103359599625359
1.38343189971836,27.7527797725955,100,0.0845548227163901
0.679081678547179,27.3868356997721,97,0.102174191786486
0.469506419208792,28.2107721331017,97,0.105891686865181
5.13702592126331,19.3160891209982,83,0.00920729207752884
-0.669831995980975,6.47802425046557,20,0.00217112169226215
3.32799957033176,27.375485595736,100,0.0471419389590119
4.71632862964765,23.1293387411496,100,0.0183366444307047
-2.25443573495539,23.6088909779071,100,0.0302426214767946
-1.7285502654003,21.077112145021,100,0.0166908073539038
6.6215501182899,28.8786015043567,100,0.0182545179512885
-1.04286241120295,7.07961325896363,42,0.00228276940506251
0.219458406201534,28.7424644882955,99,0.0987583501126815
1.06085309253479,28.7555396744875,100,0.0845580954914743
6.38950939579514,32.4123890983684,100,0.013997794247334
5.07488797166528,18.8042268943991,57,0.00874241287050257
0.0244072895256387,6.24586881899951,11,0.00213117063889813
1.43680722115041,26.771940237104,100,0.0760341804816959
-4.67935421060095,23.2890450642324,100,0.0189745098733112
-0.193268274069664,6.54543026465115,11,0.00219105127278934
0.732601095137354,27.9741641728571,97,0.103622033668457
-1.13359072823539,8.16646201257081,37,0.00253955263815019
-3.11468853907679,22.0862794478862,100,0.0188848834797676
-0.548895197306982,18.3486239022253,86,0.00997087803006316
4.04880872040568,18.7309468217124,60,0.00937593512148041
4.1164021203756,32.0785899364464,100,0.0224055279812783
2.94138379927088,18.4279429771104,83,0.00935981212356664
2.56711829617518,27.0794572166667,100,0.058471756326265
-0.644519338840816,8.46653302052815,38,0.00262280704188289
-1.63256726182305,24.0488583848322,100,0.0368996921414288
-0.565143517749196,6.59955767588527,27,0.0021930818081143
-1.68549114882605,26.2126412997911,100,0.0646841237087309
-0.894929530852117,7.78004471284272,48,0.00244047598132869
2.5947186781512,29.3438660624104,100,0.0531017879097349
2.4409968677789,27.3902820126031,100,0.0621841699460859
-1.16099103975492,6.36125931156576,36,0.0021363053047036
2.30675904927948,18.3982996163309,82,0.00961822404996824
2.32690308378086,24.8079281855693,100,0.0405874380700714
-2.38882724374427,25.8382179753605,100,0.0507611725351651
9.47504207584775,6.52700231372951,60,0.00181216234529234
5.8096257366603,6.74305414140283,49,0.00205960349999387
1.98491374214349,24.2942840077073,100,0.0376448942245514
-0.826836101065105,8.76126682861415,40,0.00269983160647464
4.92976682081505,18.4364082278378,87,0.00814790236039043
2.49328701106651,28.4669671959905,100,0.0606634493544276
-0.735894520677444,7.84325158856359,40,0.00246207038405499
2.91951487464401,29.3286467121885,100,0.0485959133897845
2.23594062773451,18.4359845780662,49,0.0100365541031097
3.7060984153561,18.6187888911691,82,0.00923710819830244
-3.93459355763947,18.6439373289045,49,0.00941259595514898
-0.446473811119568,5.88013290600485,37,0.00204930957935506
5.83488581519192,20.1356849596831,81,0.00973415747077927
0.517024884412648,27.3789536483915,97,0.104156785173363
3.131283420618,18.5251400236496,56,0.00966476604700196
1.03990434696155,29.7177380383223,100,0.0693048636507798
5.28175532775976,21.0576229265107,87,0.0119350133401478
0.0562300598332636,27.1282075366624,93,0.108207633469662
5.8985257857099,18.5775032617757,61,0.00781364179800316
6.48754230530376,24.6655697796528,100,0.0160767862780901
-0.324640627353551,8.58920333749247,45,0.00265309959846415
0.464876923110389,28.6140120040139,91,0.107714714994042
5.14956134254561,18.1831119494007,88,0.00769911474707289
3.16199884615305,5.83280318569518,51,0.00199500817705446
6.35218547352682,8.76675707708466,56,0.00243042674729896
-1.79990149941348,26.7137138293875,100,0.0691684814871225
-0.791926288818611,25.4928135628859,100,0.0619671946601365
-1.21516567292963,6.51912062803679,44,0.00216326832496206
2.62446824138018,21.8955441894413,100,0.0190918723906493
1.92493280475855,30.5849447313979,100,0.0475625232475077
3.06637906950549,18.3643553384106,60,0.00939016350207597
0.441932944382375,28.3477966251278,99,0.102742756893582
-2.09439586537156,29.6935471903661,100,0.0566737307047449
-2.91623953343448,23.411282666178,100,0.02617284747272
4.80202721956554,26.4103966643858,100,0.0285181408002813
-1.03599796737658,32.221580093546,100,0.0333479013543809
0.359414256572804,27.666811127105,100,0.104515273604496
-1.33991631479316,29.039666637185,100,0.0764229471299571
1.50952441824958,28.3046115696995,100,0.0807999447971372
5.8102576652803,18.6736678101542,87,0.00782647153926334
1.1307849340655,25.2473990748237,100,0.0555191079521713
-1.05199359929542,18.2021565670731,50,0.00996954291092472
-0.756630374744142,25.5660422266131,100,0.063526739521524
1.93344721155924,24.9249740262513,100,0.0449219123025774
5.79814017679641,20.8082952826253,79,0.0108502942849991
1.7161978935625,22.6758947648337,100,0.0251673018852561
-1.24698982371634,7.81779926162172,39,0.00245040784821114
5.40481690186494,19.1683649702776,89,0.00872759911156212
1.6415090314455,18.2843446795239,44,0.0100288434915641
-1.27624981082086,25.2565476323913,100,0.0546023984520734
0.895488317370202,27.5812244228557,97,0.100187293386065
6.52971754980679,26.1394287101502,100,0.0180170990511876
-0.330598722547321,8.20023691002878,42,0.0025525495205433
-0.991028655521693,6.73486043256798,37,0.00221284530397773
-6.34798032226045,25.1789084057624,100,0.0174238083262073
-1.52306731764863,26.4921028961542,100,0.0709458414865848
-0.779915338934924,6.38712080087324,16,0.00215402631790575
5.57416798648676,20.919305260084,96,0.0111404789254166
2.31548833480477,27.1604577755421,100,0.0634776510022481
5.20475905461194,18.4581235017843,59,0.00817601074385697
0.336567275000436,6.66913789568791,43,0.00220061080905009
-2.31692072637935,25.0955909831581,100,0.0436339911995272
2.53328789454774,26.9231506528229,100,0.0581444324631954
1.29531296003548,26.2724861486291,100,0.0709070953896402
0.256622633231166,6.25032525787111,36,0.00212044866016791
4.77344472818041,18.8290716637529,82,0.00881315351967168
0.611379766057845,27.958391254096,97,0.105438247442315
0.324575592151439,28.7538260997687,97,0.0999693410788792
0.431476437821048,28.1916524797448,100,0.103131621320587
10.8521187996005,8.40014280080825,70,0.00198253929448586
5.57043605143111,25.0935131997396,100,0.0205799233199152
5.29489982832864,18.7768026750436,78,0.00838476768958878
-0.970790761778576,8.33960449113018,41,0.00258372881968793
0.319453866233097,25.5712217329479,100,0.0655857479123984
0.366616938923216,28.0623992000204,91,0.115262153202158
-0.823504445572934,27.7663798071443,98,0.101131078057214
0.523231842952039,18.7613209385509,57,0.0111503577324555
5.64665816322948,18.5391518807091,64,0.00793103198463689
-1.43383470516702,25.2930208878078,100,0.0539007731223716
-0.848468716226158,8.11000901693293,15,0.0025430289593883
4.8941891670642,18.668257569019,58,0.00868319853463315
-0.721450812936908,7.17661936000261,48,0.00230375016499491
-0.596676120820232,27.281012709708,97,0.102106652409112
4.73053759612486,18.1691714906202,64,0.00808962687096506
0.339978159465325,26.9657881078762,83,0.116030661021863
0.943707237742435,25.4649674126612,100,0.060482583265104
8.93304638357085,6.71923506623423,65,0.00187201234681751
7.40180255148267,29.4289182687877,100,0.0148930730676371
5.33712156947861,18.5873765066607,86,0.00806514494561404
-0.320919787139294,27.4977662126316,98,0.105975990103269
1.41254887093037,28.684913208111,100,0.0795245143161719
2.17299297483571,25.5302759723667,100,0.0498597147236168
-0.659391478140624,6.29868096489995,37,0.00212775208031018
2.40387036927503,27.2309310979321,100,0.062201136301429
0.895854182487109,28.0615594824278,98,0.0995650569123643
4.29744946592333,18.1873878881182,59,0.00841379696056086
-0.23134702422778,27.0344041382395,97,0.101644899342783
5.4389939416821,18.346991195661,87,0.00770983245586787
-1.47852112142137,26.8351993622501,100,0.0761048016498784
4.78794601778758,18.1636070121643,83,0.00792585016086283
1.00033803111148,15.7285673865466,100,0.00632497794891431
13.9536542145051,8.82230998985183,72,0.00176901553606118
-1.00169232703224,7.98469273812418,17,0.00250826882196626
1.20035476392686,27.5159929710091,100,0.0872520852067404
4.93752401632524,25.9870413422704,100,0.0264601027896503
2.82684132861048,26.1643496996159,100,0.0481429942585418
6.17706225446036,27.3429151625529,100,0.0206928999608462
0.684484569811844,27.6707627790574,97,0.104103780585283
-0.973119862685236,6.80994476630837,35,0.00222963046820083
3.63633044747038,18.7869960090907,60,0.00975936088628803
-0.993463012567205,8.60276035637806,58,0.002641471650953
5.2149510641929,19.52137864629,84,0.00942952049263368
3.800725222757,29.0487547080806,100,0.0388248291455462
2.30222380632858,18.9023814847929,50,0.0109334660556392
-0.099521870985598,27.6774683012071,94,0.113062378303771
1.32333446344549,18.2920145267422,85,0.00973499313259644
3.79840439208051,29.9167765338695,100,0.0350212111857417
0.9466641375,27.0921543854123,100,0.0878066493198452
-1.09676994515708,25.327365390759,100,0.0570632836881121
-0.0972430637245544,27.8039185231889,98,0.108533542241178
5.82604682849911,19.9192312837197,83,0.0094144887738026
-0.741596722653794,8.25780816137749,34,0.00256973397629943
-0.0508641276336869,27.2846232311128,98,0.104865011208594
3.43601946864344,18.4033356141136,60,0.00924563864178348
3.90386354953847,19.1255070828717,83,0.00992515380895954
2.70451777712515,27.6695504021505,100,0.0579637574887172
5.29258458832463,20.2119718809172,87,0.0104032627677078
5.60202664543,18.5396870655247,87,0.0078201385297802
0.697184971709197,27.7463002189774,100,0.101007274204001
-0.448536023109752,6.97403054098874,48,0.00226153510837074
-0.532913556367767,25.0585502562377,100,0.0554322407369641
-3.6296127800264,30.9072946002789,100,0.0309084964650843
4.97203587347302,18.6803979909462,66,0.00858295993693716
0.119321803173248,27.6230710762743,99,0.106701265094587
0.200492068298235,27.2793265203935,99,0.10330775489945
-0.334733285539656,6.19420469644827,39,0.00210804452775129
-0.555066995578048,7.076596490547,38,0.0022882754341079
5.82618778785522,20.9318486336586,83,0.0109694985336081
-0.99894522446072,7.19058498918762,14,0.00232247740544252
-0.717944363591998,25.1197146246712,100,0.0557650392914155
4.96894191898084,19.9032953126701,84,0.0102753590794574
0.0829154596097872,27.6246029407095,96,0.110328148235903
8.85934304375865,26.6302751819041,100,0.0111229480154414
0.84506793712889,18.3307639677402,57,0.0101890027016725
0.826280078600611,27.4570630863856,97,0.10053187072674
4.3991500084439,18.2503102812557,57,0.0084514130018642
-0.741790507283187,6.23268516808757,16,0.0021238391322106
3.08794360908224,18.3036857975515,49,0.00937355087932375
-6.40810142588987,25.8681842789325,100,0.0182026625190907
12.1162271194791,5.93759380958341,66,0.00157492707053664
-2.80565476982859,25.2900823390095,100,0.0410112915424391
1.65838269358668,29.8831117234282,100,0.0597399558814494
0.97486487216192,28.6334142705995,100,0.0873543930953172
1.04268701134961,27.5565180243269,100,0.0902441628831264
2.66611887862703,30.7471853948722,100,0.0394665773516867
2.18496553024978,6.09278178050703,37,0.00206936227981121
-2.91511710625897,24.742909446033,100,0.0355582526295514
5.44835604053562,19.0273771686844,80,0.00857466432176982
0.0615456512314034,27.7618804436525,93,0.114749178404229
3.91053408809078,18.1605058598547,54,0.00864323378543737
-0.942729127236451,29.5960007218751,100,0.072468243893642
-1.14166614357222,29.5324903562999,100,0.0714413619119308
4.19713269208475,23.4853353098215,100,0.0214291404159045
0.644888725667948,28.5358069055592,96,0.101297338300317
0.716896682533685,27.8789124778713,91,0.110923117135237
5.79213390556663,19.1890529472052,65,0.00860906964562689
2.30040704120291,27.8631673762471,100,0.065820321389544
0.329096828515093,8.82824592831064,41,0.00272209574710434
0.189645763041337,28.0896108315478,96,0.110021643915717
5.92771126571206,19.6824391113118,80,0.00901457405108932
0.0925080281386395,29.155980891158,100,0.086311640982313
0.52465765691556,27.7583340312444,96,0.107679086428317
-1.93875447433997,24.3174912662565,100,0.0381418889848773
2.24562801489199,31.3777716915491,100,0.0366167980483016
5.43879471323186,20.3426703028415,83,0.0104920438657534
1.5736206843163,18.8907330075115,66,0.0110561740065974
5.350122657715,6.32002789780044,36,0.00201147162968492
0.482466356861661,28.5035228922789,96,0.103666620488491
5.49608424801399,20.8729876785188,84,0.0113194450842942
10.0544583647869,8.61101210572541,71,0.00208479162904851
0.740162094102575,28.3910106732592,96,0.101734560151514
1.82621378872951,26.8031368759136,100,0.0696590812590422
-0.382960083506231,6.31212671885143,48,0.00212670138767522
3.66881901451684,18.2779533800975,89,0.00868805699099312
0.210060519762435,29.6978905264602,100,0.0750839467130398
-3.38382725782096,30.1690796290027,100,0.0374848698300145
0.207425417710754,30.8865920191319,100,0.052364778176408
-0.795076315422044,27.5477967486321,90,0.109512348125405
0.710273440988522,28.4235261930519,97,0.100789596851312
0.675730873915916,29.1522311010641,100,0.0831650544695205
-0.54997664610991,8.67731952465542,46,0.00267504049660621
-0.449185065569104,26.1222782726849,100,0.0761803747566097
0.461867136969486,27.9997634003,91,0.114501485337042
-1.13447265859752,26.7141584911948,100,0.07997559483786
-2.08193097454189,29.6306660248556,100,0.0575827231735744
-0.789668692842616,18.4496502919247,89,0.0101007532318295
0.836770179533001,18.3752768675724,84,0.0100015401958359
-1.01148053651152,8.35139247030962,35,0.00259028383803717
-1.05370057357458,7.91382064070516,35,0.00247886362978114
5.35653751297838,19.7206049545993,83,0.00960030438219867
3.2360080022755,18.4249908282062,58,0.00941482475209407
5.34023976756212,25.2945133169503,100,0.0222186549594295
5.71814612373836,20.9117882280085,82,0.0110996395015637
-1.84009273489924,25.8431384144902,100,0.057604820937
11.4838948426809,8.19863630187566,72,0.00189897939260845
-1.01862367887471,6.70723683241455,27,0.00221175196162374
1.09292268356862,25.9792548017317,100,0.0683184598503575
4.8949684527159,26.4685295516895,100,0.027931910145691
1.51044720031233,30.5222566406053,100,0.0519116925132053
3.99151605489672,25.3514474263399,100,0.0311213928972029
10.0754598305811,27.0979328559558,100,0.00892868924592123
-1.14708137423189,6.66804025557278,28,0.00220182679212603
1.39832191347044,27.1152561785038,100,0.0805620673167715
0.49782386214725,27.3912049274034,100,0.10131961113587
2.58222865602572,18.3521297193715,49,0.00971892834962748
-3.55096291233536,27.3451248724381,100,0.0439045009375288
0.286700774862276,27.5149637266549,94,0.111072832274243
-2.22407044042309,22.3327753407555,100,0.0220209197390606
0.800827354209887,30.0387255806909,100,0.0654288129479128
4.99767808133995,25.9285624053748,100,0.025898005242184
-0.509891716779975,6.70216539352477,39,0.00220864031975799
0.0459884429472768,30.924569381258,100,0.0518480516780979
-4.17774223303048,27.2464588786676,100,0.036058800798213
0.607654659549521,27.6772141238325,98,0.104122109483101
0.356085521137895,27.2560622581116,96,0.105329328396317
0.993139819385832,30.0344846395344,100,0.0640601144220821
-1.86365212167536,26.828595355698,100,0.0692494618504691
0.658489623027215,28.5624982376384,97,0.0997369174668522
0.0620718392586215,6.28280993732067,12,0.00213797044261306
5.63747413739469,18.5965360949413,86,0.00786678236519245
0.404996038199507,28.5377922934384,100,0.099773011052593
2.25280927633587,27.9377132326333,100,0.0667467697338058
1.10229247629549,18.5994278576047,50,0.0107645947054958
-0.0574397480156335,5.97234283388899,34,0.00206856065231984
-1.03151578774079,31.5121217873968,100,0.041162437752638
-0.549482185745465,28.6208021947384,96,0.101215887800684
-0.835442625978189,32.4964786903374,100,0.0311677547055942
-0.815166287054497,6.20566922358839,14,0.00211896254956041
1.67123939535808,27.1712744798582,100,0.0759296387465117
-0.507258833805445,7.0450233244883,41,0.0022801220629195
0.154931525488597,27.8152833366871,97,0.109563641510287
-1.18185532626072,6.97256819685389,14,0.00227255055861409
-2.58868005494039,25.7583710640488,100,0.0475639994244027
5.13739816683108,20.19844577903,88,0.0105471647370701
-0.0073559741764847,27.2522313895006,94,0.109028183014887
7.20137704640541,6.05843300979314,50,0.00187573960742283
0.67079508799115,6.14655677198748,32,0.00210049503621086
1.69326344887986,28.6369396681005,100,0.0747951119023273
-1.47858578197359,26.8448961518058,100,0.0762185704382129
5.24294048335405,18.9766304125038,84,0.00864112763043888
0.676322288737304,27.7096729715289,100,0.101200407695629
0.560625763824336,27.8096380632502,99,0.103972113514812
8.43677307225352,27.7758248685154,100,0.0123323669237001
-0.251123924685679,24.1153023228866,100,0.041673472414409
5.31654852827511,26.5031610852775,100,0.0249930924893773
2.74541157745131,18.8936506897527,49,0.0106659992089614
-1.06235183867567,6.96320582641697,31,0.00226317438038443
0.377995380892259,28.0636686768251,100,0.104331210087205
0.905548749010613,28.8495103879876,100,0.0854868519979717
0.2432407124679,25.7676756658587,100,0.0697196438287095
-3.39147912015029,30.8617413237734,100,0.0328880680617621
-3.21354026890122,30.8806781763456,100,0.0340775024113621
2.70578521336207,27.9750295002551,100,0.0580207184490561
4.49117390204764,18.6652979359077,60,0.008957610445637
4.29773268815115,18.1690203048303,69,0.00831873764651842
0.709486280590686,6.23485154265798,38,0.00211459021452487
-9.12118821347804,18.6024045233655,51,0.00571680011762008
-3.70653415283678,29.3207107269373,100,0.0388056210230952
5.25123955495464,19.9300347911493,81,0.0100522247607908
0.441886911339527,27.3221143752285,100,0.101143775194905
0.339978159465325,26.9657881078762,83,0.116030661021863
3.85754026529583,29.735458405775,100,0.0353427732987996
-0.68402289415244,30.6622957301223,100,0.0549003374605827
-1.3481616813355,24.2979956339361,100,0.0409580579544601
0.763145182259326,27.3743087057797,99,0.0988094594091995
0.0962287846168758,28.6666390143311,97,0.102470204297041
-0.501492765279162,5.84245847649461,54,0.00203508880587275
5.1918677149059,18.8380041412143,77,0.00854882066404981
-6.29454981736598,29.5980026152315,100,0.0190335825896626
5.43076857312961,19.1485491730658,83,0.00872561100307833
3.52575805021875,18.7648190838231,84,0.00957150605700654
2.13757393602416,28.7643950722598,100,0.0654196842790855
-1.17731931412432,6.82887622770868,15,0.00224141255799355
2.95377093296801,27.9110281152292,100,0.0536819308996657
5.76795444884522,26.3052503927644,100,0.0219339665301339
-0.203491801445985,6.45150762240441,27,0.00216441377127627
4.08202982780744,8.73572348755024,72,0.00256049694360091
0.840464580221912,27.3155999279953,100,0.0917002206398671
2.74828156928578,18.7349220782379,60,0.0102308433291534
5.60723203614325,18.7157643255298,60,0.00819795108220718
4.34882042915328,18.7338542670105,93,0.00889502985810645
0.838776733810934,27.9825610072594,96,0.10288842561078
3.45381397114058,30.1963050621741,100,0.0366536942397137
0.00630204270182444,28.4365500157944,100,0.102753525152966
-0.574938612128534,8.51749462073994,40,0.00263565814429841
5.82597533452054,19.909517699586,90,0.00933943932419018
1.23171352427955,29.3439095082924,100,0.0734406368618913
4.54184373784634,18.3447397091185,64,0.00843931412786173
0.480387469739037,6.09435336775091,37,0.0020893011559902
3.27867252226209,18.2843214922938,50,0.00922781800106812
-0.189213077951924,8.69773410754381,41,0.0026861747629337
9.16592684955992,8.01983848378641,70,0.00205932392951947
0.679081678547179,27.3868356997721,97,0.102174191786486
5.70335659836317,21.0870359997695,88,0.0113482827999668
5.04207094460921,19.8221184934068,86,0.0100451140323014
1.62122822325191,28.6168864245811,100,0.0763336118554096
2.95938896548944,21.0343916568485,88,0.0153692972937681
-0.251123924685679,24.1153023228866,100,0.041673472414409
3.76590182841166,18.5095367790338,91,0.00895758036194183
3.03724284155005,28.5983589375258,100,0.0508409224325178
0.338779744973385,27.6699045149002,93,0.112963979433146
-3.45276599794151,25.0356068735397,100,0.0335494233440152
2.65789353444687,28.7840880934549,100,0.0561260000376206
-7.24706725728429,28.4265828041371,100,0.0159386423185353
5.61051783579662,19.8830696926948,89,0.00953015895507748
5.69111939385113,20.943284933818,87,0.0111299227126206
-0.122807436155775,27.4122277677739,97,0.107322739535907
-0.532517667784483,28.5790727450482,100,0.0980405132257662
-1.2349463043674,7.26949561040042,14,0.00233729037926257
-4.64821820752789,18.5847345733042,51,0.00879813849563984
-0.896044469554968,6.86213258167524,34,0.00224181956158236
-0.486272239521762,8.26062020277266,47,0.00256396062025895
5.69380311635141,18.5123020947284,50,0.00795399697186156
5.24853086688129,20.3043952196039,69,0.0108161995945462
1.08931327645299,30.4172558839949,100,0.0567509760990465
5.43235540451621,18.6533347086654,61,0.00824423194273975
-3.40323910816205,28.1422607191144,100,0.0463778623830624
0.559859795634211,27.7214761684177,99,0.103799306499522
3.36935200739036,18.1839471780547,59,0.00894426804250621
0.332655740917845,28.2831359186471,96,0.107646570966681
0.609278655100713,27.8370401784951,96,0.106691636428418
0.162463279413003,28.3005972586311,97,0.10729115445964
5.51661914134978,18.6009845883906,65,0.00809150924177299
6.64443062403928,23.314780851889,100,0.0133833494915137
-6.71743508621843,24.1942273220519,100,0.0146045343990086
0.524484266311528,27.6546731477916,98,0.105055790396119
4.72284448794977,28.7766825116555,100,0.0302624027382618
-0.0624492734545996,6.74306158675003,33,0.00222132293069308
0.0480125223169381,27.4726704391994,100,0.104665044434157
1.59749713683547,27.3154213005142,100,0.0784257718741382
0.491570650470067,27.5530093584164,99,0.103759785442353
0.954054032872783,27.018575641018,100,0.0867957972727343
3.78621119628621,30.5440386429806,100,0.031812862450256
3.79997931842585,18.9762239179592,82,0.00975759421154474
0.609278655100713,27.8370401784951,96,0.106691636428418
-0.624907283984906,27.442492375516,89,0.112779557672591
-0.0897133304187528,28.068537789481,97,0.109265464281314
0.377180307732594,32.4898168121731,100,0.0317792965430087
3.88296436159105,18.239948627461,81,0.0085728312121922
0.904226502119749,27.946247276301,98,0.0997421413766907
1.04714670851164,27.1210337794259,100,0.0866144684073989
2.5394777417286,28.8218419986342,100,0.0578947895437956
-0.879841947823363,7.88652126080642,37,0.0024730172725855
2.50570496816948,18.5331285947927,63,0.00995092792983584
0.941610827186241,28.1867083109121,100,0.0962133936199239
5.26123815612924,20.2937537292407,86,0.0105877905971183
0.400267921667112,28.2943873355398,97,0.105833156360628
1.60872262153184,28.3459051563781,100,0.0785922993846601
-1.20272048624065,7.50559265845882,40,0.00237699218416072
7.56112814176839,5.83360165514582,58,0.00182120063052268
-1.02564546337032,29.2916252333631,100,0.076929215481728
1.13718719584404,29.653023323483,100,0.0694217984922985
-6.05513486619787,25.3075260709086,100,0.0188369709720692
2.56597205792983,18.7789058381818,93,0.010073138095889
3.0212083683892,18.7886194153928,58,0.010189414353916
1.21332417075044,5.87592605950413,32,0.00204529511333771
0.311267644415378,27.2833196365757,95,0.107159605533711
0.64462981710501,18.1885460609637,50,0.0100122676725718
0.130260064592321,27.3122868067621,97,0.106164859224987
-0.099521870985598,27.6774683012071,94,0.113062378303771
-0.998314889192968,7.44391081814593,43,0.00236370414848834
0.922801836844357,34.0067966172919,100,0.0206098531815524
0.373019339390401,28.0901929921397,98,0.106467191526394
-0.900661347337753,8.63107198328403,41,0.00266232608346101
0.108951564470701,26.9046278337712,99,0.0977711199422738
-4.83508383427033,31.1227206561233,100,0.0227705785266832
2.07604635640382,26.8951441240964,100,0.066031437546385
-0.246923541551935,6.59409715891828,13,0.00219996272826004
-1.6225327769313,26.118628193094,100,0.0642248641387908
-0.484271389627215,30.7141003267664,100,0.0547214935192001
2.48512546644373,20.8334985265423,88,0.015321927677497
0.401421213956868,24.3012940055039,100,0.0439844177226517
0.442547737641249,28.1329851993613,94,0.110245120272891
-0.490289576563183,25.0817271618589,100,0.055968942451761
-2.64776864193425,22.383410806821,100,0.0213136702017978
0.870123326203453,28.1352669140431,96,0.101696214790328
5.61399668908999,18.4749240327845,57,0.00792262406367387
0.412872428160875,31.303138932477,100,0.0456242654385705
-0.526975228270298,27.1084263900491,93,0.104762230821276
-0.24446375492127,18.8124355741196,89,0.0109001867680025
4.71341285351541,18.3687578120301,65,0.00835251639823603
1.08875030027783,31.5281088669116,100,0.0407625272991514
-4.39723202322273,25.236273111971,100,0.0276800683960445
0.359414256572804,27.666811127105,100,0.104515273604496
-0.336604017517074,8.0762738046014,55,0.00251282153505124
-0.181522384743385,27.3246103606877,99,0.103929391603165
0.930872386588472,24.7516564999204,100,0.0489308449747226
-0.74929907937288,27.4406512503991,94,0.104829050437639
2.53124573488949,27.5884880450977,100,0.0610403859418613
-5.17609991703887,27.34456144573,100,0.027056304363941
0.61381227697049,28.2232971910849,96,0.105165144065325
3.83527762260361,30.8042448395433,100,0.0300556116936769
-0.59174237942028,27.5160598472602,92,0.110249870321283
2.21329227843775,18.4685850906042,86,0.00974454202873571
-0.959261929710246,6.11404321772545,26,0.00209484816004109
2.02078270146554,25.0351567170338,100,0.0455139505211955
5.20412726267716,18.358679957763,65,0.00801394379341599
3.09092962656555,28.9526808282087,100,0.0484353017036957
1.43539449581505,6.0812738244455,13,0.00208930483115596
2.80343066710184,18.3763877119217,45,0.00968780412099376
2.58660858022126,28.8215440276714,100,0.0570980403391406
0.552323591547695,27.3038311525916,95,0.105077764831266
4.6933575125997,28.7996849601347,100,0.0304791706817556
-1.07383946144437,7.15849931378043,17,0.00231290117024276
-0.67051620347376,25.7169387359973,100,0.0668958889990872
-0.151412809645613,28.8011202082994,100,0.0970185367556623
-1.19847598266694,29.9479740421574,100,0.0637274652813087
0.959978770577516,27.9405517526326,96,0.100716595891777
0.121505982931263,28.1095059907835,96,0.110163681270936
13.6097215644032,8.09580750793168,72,0.00171233558424665
0.640177160215752,28.0713833743159,97,0.104657370004583
4.33999036569196,8.20534969995907,61,0.00242606345323002
4.23221733436454,18.7494895212919,86,0.00905497048464354
5.18520828366476,20.1001789677511,81,0.0104035119184939
-0.219453661910791,8.89384902904668,34,0.00274641585055776
0.573342823301012,28.1224125328964,95,0.107550759139386
0.0960887702573432,33.0444771824637,100,0.0271914805790537
0.149350651555868,26.9194847899292,92,0.105150254149735
-0.444252397463651,18.1721179010048,48,0.0100223131720363
1.25461502252367,28.2326923537504,100,0.0861101054015042
-0.923644021912498,7.60583466673195,41,0.00240306405084625
-8.18968789861314,29.5579727183577,100,0.012523339718854
-0.484271389627215,30.7141003267664,100,0.0547214935192001
-1.12146611765261,24.8111485600169,100,0.0488717512198922
1.745633057106,28.7723349379583,100,0.0725777020394532
4.92485267410537,25.0715045001815,100,0.0238448514584984
2.75852742458481,18.4750327662897,60,0.00974551724149875
0.850349042429251,28.8855296728549,100,0.0856657877396354
-0.704235312371207,7.7829474355795,45,0.00244478089905836
4.60357466994612,18.2200146624076,85,0.00809408277126578
5.6910208354512,20.9831597955536,88,0.0111861018553132
-0.618192623952958,8.29769431493717,57,0.00256597562147098
1.04238916738878,23.5836619982801,100,0.0341469265998011
0.0483668948143551,28.7880429993835,97,0.100378315650241
1.39948836009675,26.6297508749601,100,0.0747600798299423
0.111511823025526,5.87586779103012,42,0.00204720930348306
2.66616327958037,8.77911288163989,55,0.00264804673103656
1.62994189678542,27.0072176605819,100,0.0752612081431093
0.655720140806697,8.35198839531236,47,0.0025863738854655
-0.862646626827134,6.30588153788924,36,0.00212820994414821
1.95620366745694,27.2186566193205,100,0.0707181533341521
0.258186905478692,28.0723206178677,99,0.106244890927328
2.09041192321221,27.8521316413832,100,0.0700726413252562
-1.51908139822725,29.0562279818451,100,0.0733319831489718
0.620329634009211,27.7334352714042,95,0.107502123642335
-1.15655560450016,24.4078737479013,100,0.0431698217978728
5.54129871296849,20.35578161468,83,0.01039081590442
-0.815981810996379,7.44716108893074,16,0.00238151220115377
-0.104997928318076,27.6692785401782,94,0.113008752339918
5.32369332159308,18.375527500411,78,0.00787269092046344
5.89347738009101,18.7026755455921,83,0.00782391185986466
5.53102309880701,21.0934653069676,93,0.0115478863809308
5.87442028243476,20.2756703547075,81,0.00989603070325252
0.79150342991195,28.030168001379,100,0.0994429624668075
5.4051007588307,6.19188340084174,41,0.00198500548369952
0.548234023594611,28.3678555985372,98,0.102477661794944
-0.931496715023142,8.49684106609696,34,0.00263055117764375
0.376814880691328,6.62542731750442,13,0.00220603215422087
5.51156917037237,18.7899049008537,58,0.00837749401908593
-1.16549703904375,6.35147462594136,17,0.00214302916383633
3.53773464905967,25.6005106682461,100,0.0363273824539047
0.273824872764639,18.1752744728162,49,0.0100307114215147
0.606927979535423,27.0930215929756,96,0.100406499967984
2.2424121722099,27.9269103113249,100,0.0669625272142034
5.63368495570023,18.3523975456108,85,0.00760124418248404
9.20455440729399,8.63644531607918,76,0.00216067940168613
3.66567333459348,26.2064653390739,100,0.0383488133975681
-0.258810819121584,6.32433703666781,44,0.00213126009082985
0.416267865794437,27.9569427797989,93,0.112569020385963
0.532889104131289,28.8997317952341,100,0.0887827850509229
4.41333128081752,5.81790360827217,35,0.00196160362833279
5.18040584687721,20.8439633019163,89,0.0116441929419642
0.403014883134529,27.748632201621,98,0.106654146242963
0.477381995688326,6.01986110724375,13,0.00208561647408663
0.390144840242997,8.33270078462989,55,0.00257787176230211
-0.855379914418921,18.1825725390792,60,0.00987077219465019
6.22345706873072,27.1761926057711,100,0.0203658928126145
2.84111114399646,25.9812441060159,100,0.0464958817070445
5.71219513554269,19.854909876121,83,0.00944006915165042
0.959207885857013,27.7572588232277,95,0.101709834142115
2.42060822154261,5.82097963308937,47,0.00201112864375981
3.18643538778827,27.2021586072588,100,0.0488072647278198
0.0169374798980725,28.1443572107219,99,0.106593391413891
-2.9111976233114,27.6380427600002,100,0.054271472270691
4.07623154302697,18.7519584920231,81,0.00920847656503191
-1.11924855618618,7.76068138581793,16,0.0024522666094847
4.44592615016669,18.7341763057086,60,0.00909334994548566
5.77721629693313,19.9199911067004,80,0.00949301646025514
0.358417770094974,27.1226928481038,95,0.104439635664231
-0.320919787139294,27.4977662126316,98,0.105975990103269
-0.765295706530956,6.81514485482437,40,0.00223002920836199
5.9005655979664,20.6648558186038,93,0.0103299853263225
0.448788344320179,27.2791691304328,95,0.10591859848816
0.515723134236148,27.6434478211907,98,0.105103821200813
3.88635265742036,18.7852065268955,89,0.00932148504060823
-1.33622055555446,29.9897264409409,100,0.061663846115067
5.93681788366827,31.5073588130715,100,0.0171112687884025
-0.602837291414138,28.9904505091235,100,0.0866585763440695
-0.994781826450042,7.17526774480148,38,0.0023062737885183
-1.86365212167536,26.828595355698,100,0.0692494618504691
0.301422477988245,28.0999985921785,96,0.109303197351547
0.335799239589478,24.8697904303803,100,0.052735645025768
0.192367148530862,27.4375266170111,94,0.110895056042764
-0.700430353815565,8.52314615628773,41,0.00263537032883382
4.24562436475297,23.6839396192535,100,0.0220380190165106
0.529220600902555,34.0138187038683,100,0.0208180011598978
1.83922556354361,27.9736260158976,100,0.0752084275017635
-6.28150439986751,26.5950651552403,100,0.0196226618936905
-0.489526636809212,28.5626461083076,100,0.0986912279240568
-1.27213883140549,18.1732921959102,50,0.00986430779741445
0.154931525488597,27.8152833366871,97,0.109563641510287
-2.8376945719619,29.1488369315724,100,0.0509906793883049
0.592653850042343,28.1531430316693,96,0.105960843774079
1.00099515206078,18.1918809777937,58,0.0098814802248547
0.945422954422876,28.1198193695668,98,0.0984088272135231
-0.864535674740765,6.26489437931446,15,0.00212969691096136
-0.188337763842745,27.0287173347405,97,0.101733973797746
-1.07065523108029,7.03727064968356,37,0.00227590927591894
-2.38956338494505,31.8371416191579,100,0.0318280363446131
5.56549170851171,20.1086377596468,81,0.00999215878437772
5.09771809677037,19.8775057992058,91,0.0100273069783545
1.34130955990424,18.6192022270947,57,0.0106592427024295
0.450270341971907,24.7689605316969,100,0.050849415435415
-0.860048328227668,5.9540766713444,41,0.00205903541822203
-3.38563813758895,28.7481974770036,100,0.0451462240601209
0.485880574840615,29.9942004791122,100,0.068089193206739
3.09479249627365,31.0668769201341,100,0.0336079372324048
2.05136698731129,19.0155591012213,85,0.0108867115464955
0.574112479130161,30.8923439526776,100,0.0514980207140265
-0.492186192223182,8.02212704061191,41,0.00250731206183318
-5.09141291769654,20.7345229803473,99,0.0114268057558575
5.20549190844758,20.2403024283513,81,0.010618329670609
5.39110221552037,18.2466259361145,85,0.00763908646281983
3.11302919988957,27.5701284731376,100,0.0508215448817979
5.5329940092838,30.346835515071,100,0.0214163814429915
4.13558690597127,27.590334326302,100,0.0369310767950246
-0.624907283984906,27.442492375516,89,0.112779557672591
2.07604635640382,26.8951441240964,100,0.066031437546385
4.14967022570839,18.6871820824819,87,0.00901030585726951
5.33023396216338,21.1092993601637,90,0.0119188035013118
5.32699389854357,20.0527960843155,83,0.010147175224044
-0.545665646770362,27.2695795187174,97,0.102576642120693
2.15024372108659,19.0123134000358,66,0.0110585247582546
-1.03854600923398,6.31635874456034,42,0.0021260252339206
5.82429324815587,18.9295531141722,90,0.00809072311001965
1.29381712928156,34.6375679254221,100,0.0173932280688994
5.1545098140949,18.3180343360559,64,0.00800367113586981
0.120458347114953,6.58662631810111,36,0.00218758776371015
-1.29128056433965,28.84584195669,100,0.0797584603631187
3.0676818801028,29.5882902281166,100,0.0448543348015341
-0.709800309030164,6.92382987568044,17,0.00226510939282641
5.43995705126586,19.0692970677449,85,0.00859902022344018
6.60212963029134,25.704617890602,100,0.0171998280004827
3.2207310986131,31.5383961617111,100,0.0295896354536872
4.69276931089993,19.1387719343299,83,0.00931927721930357
-0.879878997187434,8.50018589389313,45,0.00262449668154276
0.699245427254491,27.5074821689825,99,0.100856414481421
1.6851732023666,27.9025217704913,100,0.0784774541607291
-2.1349875087476,32.763813358595,100,0.0259777783881449
2.59221771553036,30.65443565043,100,0.0409457513358746
4.18336696924702,31.5450218783791,100,0.0244070077208602
3.30200540125835,26.2227165553068,100,0.0425731467929767
-0.539915358556827,18.3800886064144,50,0.0104074885720423
-1.80369068377607,29.1736106559422,100,0.0672195340958927
3.74691787183899,18.1958544169901,60,0.00874431695796781
-7.34785033298135,29.7469123276903,100,0.0148263067094085
1.07176057900134,25.6503549417217,100,0.0627444495336791
0.641265727993068,28.3648206365036,99,0.100342977683477
-4.95447534624144,18.1757085579691,49,0.00805430125441963
1.27050957584319,25.6207178318462,100,0.060477353209109
0.573342823301012,28.1224125328964,95,0.107550759139386
-1.22607756327045,6.36262219895308,16,0.00214502675541895
-3.42375122561669,27.2239651505386,100,0.0453943231115547
-1.50299116073629,30.725983117018,100,0.0490996116711043
0.101464096876339,29.2789723176828,100,0.0838836667089107
5.44954263466,25.6607605454464,100,0.022501943334677
-1.33062141076346,32.4975199346702,100,0.0301507377379468
3.86940093694319,18.4149760508777,87,0.00878695350527719
4.19958936086889,29.8258857402606,100,0.031849770644286
1.51922531889633,26.639493254614,100,0.0729836426855746
5.75769407428255,20.9121339052702,87,0.0109839345259569
4.05140452196007,6.40859096796345,58,0.0020689761598738
-0.316111162125666,28.5014126017916,96,0.105144149575682
5.29804746574666,18.7554381291302,63,0.00846124927180779
-0.907361743487193,32.803046859483,100,0.0284529000563655
0.170489106198953,27.3187289647633,94,0.109596485771154
-0.23867843847037,8.73657431833557,46,0.00269316277337154
5.63592715388766,19.4053282197741,50,0.00916027341369132
-2.04955934247264,29.8003593024768,100,0.0559851055790978
0.782235527841915,28.1382986796199,96,0.103202835143395
5.88105243624331,25.3929837695906,100,0.0197706425009263
-1.8344486944783,24.666083329349,100,0.0425981442086511
2.32671424399132,25.7125314281283,100,0.0501717643585757
-5.6889955754652,26.1605642693135,100,0.0221444929988784
-0.715651173905521,7.64564226250956,38,0.00241613955905863
0.090270319564605,6.51047384105727,12,0.00218357687503969
5.51401092397215,21.6113485729302,100,0.012599789339037
-1.04309122816445,6.32471986491207,27,0.00213442362586088
-0.186318447053334,8.9068665995094,15,0.00276469291031783
0.376940346347617,27.1768024226755,99,0.100892566104391
1.73578502726106,25.7623252697892,100,0.0577388044169657
-1.07272874157182,28.4859785025342,100,0.087396922818756
2.19041525392496,30.8640624586723,100,0.0421658271765236
2.22762392944835,18.9016509437783,49,0.0109844882258089
-1.77603151830413,29.8902891962576,100,0.0582331622726041
-0.114149277732015,24.1212318346891,100,0.0418380993112452
0.387348651746638,26.9942208670632,97,0.0999724695817212
7.81191954308074,8.83411135550673,71,0.00231987046774456
2.02998638212633,18.6502639021226,59,0.0104423540690225
2.78950935563203,5.82244844115755,38,0.00200726425375098
0.796495765475058,27.9883368493202,92,0.108089876656263
-0.708792151976005,22.150846582795,100,0.0232493631459564
3.534700169821,18.8006938902147,85,0.00961644573124735
0.251316766966458,27.3051649649697,96,0.106685160527734
-4.79504479746019,31.3967318892649,100,0.02202973739157
0.0138927907501492,5.82731794388697,25,0.00204543011863443
4.22723716990887,18.4322155439096,82,0.00862984351635911
2.27157324009642,30.7050996563986,100,0.0431991439599495
5.16256356358071,33.1758998893115,100,0.0154324042290393
2.9716504245693,19.0082829185345,65,0.0105701004576529
1.29678981793937,26.805875342162,100,0.0787621771508236
4.14399456520841,18.796822104549,58,0.00943064500397217
4.22072932891752,28.0795415553621,100,0.0360188852201346
1.79469991515007,25.6178122815643,100,0.0550815582981431
4.75114775299734,18.3198840631435,58,0.00831173686811781
4.03786661155033,18.807456877526,60,0.00950784731527254
-1.28886846586156,29.2060993622139,100,0.0747896166125863
-0.062887520399559,29.8044799743396,100,0.0730932550533256
0.661765823608889,29.7842705301907,100,0.0712403100628211
0.850349042429251,28.8855296728549,100,0.0856657877396354
0.107625258030638,28.5245032188364,100,0.10149701067019
5.73190178236556,20.9524157087458,83,0.0111374086958783
-4.04581902000747,27.4821657832166,100,0.0378596492685051
-1.11811867322326,6.7983818022116,34,0.00222620462451066
0.384063276068473,28.1293926896785,95,0.109644160690163
-0.626097005043502,6.69420729522737,26,0.00221270223594831
0.390989953692228,28.0716864575519,90,0.11630391768529
-1.39259974327839,29.6720877477211,100,0.0661396703069097
5.62421184240473,20.6608208850427,91,0.0106976203655034
-3.78759495120831,28.5288923418472,100,0.0404978959916382
4.08707827809538,6.35568966618483,41,0.00206528906805742
1.43642717961772,27.37632343008,100,0.0819708211169809
1.1740867701518,24.6332169890138,100,0.0460838308055444
-1.03775331394901,6.93035557688718,44,0.00224982164873321
1.6149092353144,25.2366601787244,100,0.0515534901574463
-4.80927925981651,18.3359735501503,42,0.00840613133177089
5.66820691797121,18.8433118150784,83,0.00815311405256593
2.41693691457058,31.0427246829902,100,0.0386630983747363
5.75388498069857,20.701455249394,84,0.0106757026600285