-0.491285724374349,5.81594527736293,40,0.00203609095807474
0.554453984139589,18.4807704625718,41,0.0107179357392567
-2.09463103589144,18.797456763428,52,0.0107944069475974
-1.0053001723586,6.41144612798767,17,0.00215654301014465
3.17047296447763,-10.8471831453527,21,0.000661640583291972
-0.46782128577837,6.69830324708682,40,0.00220755634988074
1.85936032842378,12.8193664869234,100,0.00417334311118152
2.54332085247789,5.89040152418122,15,0.0020342277620898
5.91491387976256,18.8063983005161,83,0.0079253566078195
2.04693153509882,5.93564278193903,32,0.00204489545024386
1.17639293872484,18.2311189933903,42,0.0100782018825217
0.89403051633693,28.6033126377882,100,0.0888812359463685
0.179101518006982,18.2340629615718,50,0.0101403903154639
-10.7758278150439,18.3192937971603,84,0.00461961785922022
3.24986583392717,6.18830127531321,80,0.0020442426564049
-12.7418749023542,18.8124101921514,77,0.00395510762748919
1.66512873840704,5.93983932702843,31,0.00205203435771863
-0.453111003582437,7.10254472910021,26,0.00230080989769068
8.14219358148661,-6.22183498613145,100,0.000807851001268054
-10.1780629899362,7.59693822761306,100,0.00190790278282462
-0.769531110507332,6.23563574984032,9,0.00212738910697997
-5.65285775579827,18.6308565017868,52,0.008113214914456
-2.93468698856853,18.6660963073261,37,0.0102287164266218
4.5785090434751,18.1705969666312,78,0.00809243337597228
-15.4840951753659,18.213902749213,68,0.00293660540596298
-1.81406565660871,18.2792847928135,79,0.0096241186404666
-11.7078514502093,18.3686524203225,84,0.00422861724820057
-0.849021064784326,7.02496428970759,53,0.00226720330664136
5.69632526348275,18.3452418472024,86,0.00754698403436322
3.04013683913698,27.1400577209714,100,0.0508555692736546
5.29925167958056,18.1959593438486,44,0.00788639574159182
-1.13021738733673,7.36975523863437,16,0.00236027655369347
-2.82707069609804,18.5744199794849,35,0.0101380522877016
9.28248102436815,29.3817155541912,100,0.0101649452681007
-6.64738275587692,18.9540065847002,84,0.00752856550108479
0.905093323161161,18.3161964025329,79,0.00992772908769243
3.64921493191897,30.3078100718867,100,0.0342424762245059
0.574882610800949,30.7175098432963,100,0.0543779950466199
4.43979458851017,6.70989219331339,38,0.00211957762228766
3.95668426957606,18.963603053822,42,0.0100075839316196
-0.795503275855224,18.6490982062328,50,0.010941241798619
-0.0122096071960375,18.1640829263299,79,0.00972422845381964
-5.05038896857354,12.7838425204836,100,0.00380611330599419
0.793571319027656,6.06367082161462,46,0.00207785907241846
3.4345506467782,15.8960986051239,100,0.00606569222646978
-3.10492770732481,18.5390673594588,91,0.00938575844959585
0.791251841060098,-4.28676997223596,100,0.000957834816446198
-0.483447380270187,18.9998351330078,92,0.0112537660484353
1.14182232021312,19.0921092489587,41,0.0120188930338512
-14.0985855947099,11.2350980952836,100,0.00206143246283351
-1.24326650950557,6.59192755224935,25,0.00218660398278194
-2.16423429050775,18.9413391610876,37,0.011254991752707
0.392314808197364,18.4664321294608,38,0.0107391492069258
0.259398563355334,18.4778591630553,68,0.0104366654978968
-1.73836478714946,19.0426765183057,69,0.0112879685942193
3.64921493191897,30.3078100718867,100,0.0342424762245059
-1.21508806550152,18.3621291020659,68,0.010059302983387
6.96674878835714,5.90141144729633,25,0.00187206154506754
-3.67231655031092,15.6461340254631,100,0.00579388981406921
4.80376342807286,6.17921546325428,22,0.00201496251863665
-11.2863763163573,18.2357169704841,54,0.00441825104357143
0.875219965557784,5.81660260396099,9,0.00204694521090352
-0.449097872436198,6.53796047115587,64,0.00216363690700341
-1.07257040894416,6.76726610204379,27,0.00222367026073481
-0.654282803520136,18.7577090845624,68,0.0109886144461612
0.41089419847694,6.58115486777239,79,0.00216538483180163
7.0860911282401,6.32517585673578,29,0.00193118953997161
4.91445784209184,29.9381136214348,100,0.026064529100966
-3.87446449811593,19.0740235583371,89,0.00980127201597528
-0.681855235639571,18.7416646249569,71,0.0109131580380968
-0.302390126458326,6.69563046896078,93,0.00218209453626454
-0.317412314355791,6.20686467225552,40,0.00211008954252759
-1.13021738733673,7.36975523863437,16,0.00236027655369347
0.560478669066484,6.19933616256612,37,0.0021090237450709
-1.38357617495713,18.798365404774,70,0.0108753691087084
-2.82707069609804,18.5744199794849,35,0.0101380522877016
1.69000303941868,5.81856054584635,11,0.00203775287364575
-5.78194884078948,18.7220283862718,59,0.00808034815131823
-2.76753437862149,19.0093251807541,72,0.0106251218832863
0.263949871747181,5.91471043089286,17,0.0020647478348125
3.30028160260225,18.7840394839021,82,0.00976673607459605
-0.915436184828867,18.4204090775739,83,0.0100838744582954
4.86464773800379,6.39150855186983,62,0.00203369844861007
-3.93035060877855,9.23763703492551,100,0.0026868207937119
5.74377491209057,28.0660248606159,100,0.0232916241121265
4.355497475283,28.4865389577947,100,0.0341735909117204
4.74164528171258,6.36845429970341,37,0.00204489001949234
-2.11111845219498,19.0112404582005,36,0.0114573473178755
0.303645579296421,8.0153044080663,33,0.00251158978251743
-2.16423429050775,18.9413391610876,37,0.011254991752707
-4.07984731280039,18.7317576760536,97,0.00904212075395085
0.615280916955161,18.9273233386496,83,0.0111863878283163
1.69000303941868,5.81856054584635,11,0.00203775287364575
-1.19027025528671,18.8461908491025,37,0.0114562263663869
-7.38409156135793,18.642282675606,65,0.00680666135213313
0.392314808197364,18.4664321294608,38,0.0107391492069258
2.3820300364674,18.3800326330658,77,0.00959985133592229
4.00561764839467,18.264518122251,65,0.00865478936599842
-5.78004120780556,18.2629353694052,49,0.00761398632110231
12.5871316688611,6.69021310681644,44,0.00163412288134266
6.00358228548482,5.99374900167544,35,0.00192815324138845
8.95361190874775,6.35940915366509,28,0.00183084221340143
-0.225914748451243,8.6805572880011,31,0.00268853005069524
0.874092608891629,6.5317199549961,32,0.00217479581058934
1.73586419119211,6.57905195354736,42,0.00216898298289138
-0.524825599654517,7.52409395982219,18,0.00240052363035384
-17.2450815632873,18.5466261721558,80,0.0025441680946367
8.76932944008279,6.48675182690172,29,0.00186022042489064
-6.89234899273333,12.1374110346558,100,0.00328251843166925
-0.859797723023608,7.95379546819872,51,0.0024811037215484
-4.86167724229474,18.4503241829283,35,0.00857617029007015
-0.999165535274461,8.45053357576573,75,0.00258950165125569
1.08087462928163,18.170322624352,50,0.00990264831829812
-0.28449445473392,17.7357977206945,100,0.00888838066692992
-9.70465217746602,18.5343399368359,84,0.00525010834829187
1.48702906454598,18.1513451566095,43,0.00983339950323773
-0.557617087057389,6.12939677167106,11,0.00210710515566485
-12.0134616379751,18.3479405368756,36,0.00417838273869038
-0.915436184828867,18.4204090775739,83,0.0100838744582954
5.23847546632794,18.5719423597474,92,0.00807535292318163
2.70864984836873,6.65624506459541,10,0.00217917426023438
-15.0006350275377,15.8565082751528,100,0.00263828899679185
-8.48692626941182,13.8277853009953,100,0.00358594332705716
-10.0437354434182,18.3856836591957,37,0.00512127933999063
-8.65027136333963,-11.1057242021714,99,0.00062342112240493
-2.11203283535656,16.8319337034226,100,0.00735255265247934
-10.7810104289033,18.4719392877073,34,0.00479179474341442
-0.948234939668491,6.01638682862081,81,0.00205297676035388
0.837482007631548,6.03618930502757,9,0.0020884019335172
1.55771845536135,8.26368171133713,55,0.00254523123156808
-13.5792609915063,18.1991267736484,82,0.00348609787087768
-5.24164704820169,18.672864243999,79,0.00828486446901006
0.728408426729891,18.9931429287656,81,0.0113411281842178
-3.18439840272887,18.4412519913195,36,0.00967328598834991
-3.1730930552804,18.44694212349,35,0.00969946741602594
-15.2114722508298,18.2598134232752,68,0.00301862006600493
1.92024383008383,5.83844979845703,36,0.00202761022057474
1.68474304827431,18.254977557851,60,0.00980204229071288
0.452947607535713,3.85604645072023,100,0.00170545067509794
-6.54743617047661,18.5000965975021,45,0.00735830587934392
-1.08741129165064,19.015687337496,70,0.0114511871718078
7.85357919203257,8.82409941870116,75,0.00231218007413906
1.18322213666331,5.92372369231025,14,0.00206204507945224
-1.00830948855377,18.2234346451861,59,0.00993000357122829
3.74878431173716,14.3270383484552,100,0.00482791189634319
2.6647610304407,8.78124651971793,88,0.00262571985596045
-3.92137068969738,18.2861248713277,91,0.00854256228298446
4.81360542622929,18.6691024969246,58,0.00874377249194769
-3.1730930552804,18.44694212349,35,0.00969946741602594
-9.05683770515914,3.68937000862889,100,0.00147883840717026
1.40078130311397,6.75407759960023,18,0.00222135681219669
1.46642290288444,6.57734686356946,17,0.00218457317825073
-0.973447744252194,6.42844594177764,88,0.00212760036453582
4.93237815743958,18.6501719113799,81,0.00846216618295481
4.2082474908171,27.3210494992079,100,0.0358395344698798
-5.43645845363724,19.0320695876188,46,0.00884875441614812
3.1626880412719,8.48791146496567,48,0.0025573531855861
-3.40188488100553,18.5138613123297,84,0.00923811170068472
3.46499733427794,6.11243931740798,11,0.00205331492503773
0.457628466501205,18.3724580745684,67,0.0102200033813245
-1.52062263954983,18.6722921500834,71,0.0105540921769881
-12.5598210821731,18.2051013025378,77,0.00385221310701146
6.19386208616396,6.28256520430207,54,0.00195961641911721
-3.05163759915304,0.977201085115678,100,0.00134777280990616
-3.7468645141701,18.2807554978692,56,0.00890269037670833
1.73776702213185,5.8922308063016,55,0.00203228069447442
-3.1730930552804,18.44694212349,35,0.00969946741602594
1.69000303941868,5.81856054584635,11,0.00203775287364575
-0.0241836343887719,6.12560467052222,40,0.0020949461275671
-0.453111003582437,7.10254472910021,26,0.00230080989769068
-6.54743617047661,18.5000965975021,45,0.00735830587934392
3.24767898032325,6.26365260413474,77,0.00205929103809496
-5.51837499341848,18.5597691307746,37,0.00822566324053902
-4.7174151712066,18.1646800333926,34,0.00829337317794498
-1.39452429095043,18.4477852876398,38,0.0104977235525439
-7.31613451103847,18.3869061451481,79,0.00657506523337136
-8.09129536011884,18.2731568748981,40,0.00616137944375872
-2.42437965658793,18.2014052679352,40,0.00960698387835413
0.874092608891629,6.5317199549961,32,0.00217479581058934
4.10270876047704,30.5841996955277,100,0.029284504777004
-11.6758230892828,18.5714811871279,84,0.00431173155463981
-0.494611402152676,8.67310065345267,65,0.00266077628094731
1.95695319867762,18.1680169777654,68,0.00947964735400845
4.3881262941196,6.36636472257367,17,0.0020666018952391
6.30923853214785,-11.2811845440204,27,0.000634704409063929
-5.43012645733391,18.2794909518071,45,0.00789284005453776
-0.192758895784131,8.25293074977396,49,0.00256197559024576
0.556622225362853,6.78519908290682,14,0.00223808702518424
-2.81701648192059,18.5275110311851,68,0.00973188660723106
4.06324994306296,29.7146220961894,100,0.03350528130161
-1.15605155247026,7.36122105911191,11,0.00236078421340909
-1.12424978629935,7.27445118904657,11,0.00234147820003574
-15.2078080263836,15.2987981447955,100,0.00250630797764147
8.00258625917343,6.46015869685829,69,0.00188733199392348
-1.2312378146332,18.7071658334996,50,0.0109632362101217
-0.166795477282354,17.0923124033394,100,0.00794290443560021
4.25323763007026,28.4051027048254,100,0.035352151414623
-0.445849200906043,8.11889098502726,48,0.00252742279854746
-5.65285775579827,18.6308565017868,52,0.008113214914456
-5.21470266235786,18.2080587947928,76,0.00775927926421662
-15.4570423387881,18.4148620612745,65,0.00298013619522328
-7.88069293014876,18.2097355118095,52,0.00619740809495111
1.07886649667823,12.5322369411802,100,0.00406432761437472
-0.395390025129913,8.16687692293626,89,0.00251366741796214
-8.19097808041599,18.3290903291983,48,0.00611041824946656
3.30014338089026,6.22297792855257,31,0.00206993846719638
-1.04857744193291,6.41134799245688,45,0.00214317157753871
-17.7957364260028,18.3975656307191,67,0.00241633274363755
-6.63385695724134,18.5451553043518,80,0.00715827744496801
10.6874716572947,6.6142693606801,76,0.00174168501254873
-7.39970150549965,13.5948507029752,100,0.003728750898423
-0.664290263360947,6.0023806207685,23,0.00207705099193019
-0.105306766133632,18.1604938663953,68,0.0098215924649406
-12.3908838609018,19.0605238910149,44,0.00423213188850117
-4.02620538291775,13.9339935395526,100,0.00454381452561124
-3.26096078186502,18.9690492033669,54,0.0104160322704177
-3.70330801407544,18.9486987893509,37,0.0102303040447159
3.90047395492348,6.58555759254714,14,0.00212689398995435
-4.19805373343337,18.8823413992685,83,0.00930707010385371
-1.78877689708969,18.4336797300975,71,0.00999205277526295
-7.05055046429069,18.8285306216313,53,0.00727267311437944
2.76758322383004,16.4375338647704,100,0.00675395104422625
-6.54669225930991,18.4447985526539,79,0.00712608695647212
2.24871074488254,18.2601423942629,54,0.00965822499079982
-2.82707069609804,18.5744199794849,35,0.0101380522877016
5.30995006047027,18.5752938841853,80,0.00810863717667974
-5.70975287304322,18.3237399542941,85,0.00752071369521015
2.45679963765545,13.0866998613793,100,0.00426942140329222
-8.05889051950652,11.3762142828069,100,0.00288514817056589
0.550593232987625,19.0258202930103,68,0.0116186229734189
-12.9949410403221,18.7239104264615,98,0.00380141113670699
-4.96401088287574,17.8176016828707,100,0.00738459778026918
-0.707748481357958,11.2279971915298,100,0.00348351299981965
-0.691407306412523,5.86735122939392,34,0.00204704099912016
9.45073099407933,5.93098468404782,59,0.00173294238831555
3.06276486149821,5.8689670553567,28,0.00201311985921975
-1.42503014371718,18.6148023880917,71,0.0104681085896998
-0.917484969030169,8.18303567205895,45,0.00254146180621791
-1.54973138120762,18.5139252784432,75,0.0101859049305967
-10.4593348529973,18.3969781041436,45,0.00489306551465596
-0.199066837329292,19.0387294154238,69,0.0116717103929567
2.80375098547444,26.5160510469442,100,0.0510945956999722
-3.1730930552804,18.44694212349,35,0.00969946741602594
-1.08645707767035,6.30601207988538,53,0.00211860341567443
2.6596423570654,29.4364054351064,100,0.0513984041489095
-0.481235052726967,6.75391936080006,50,0.00221409701417818
-9.54471953967863,18.3782966181688,81,0.00526236007026251
-17.2743772202334,18.2841363107591,82,0.00250484724149679
2.51803951892244,18.8567694261101,57,0.0106358157728052
-7.24365080855647,18.9091184450485,65,0.0071422509988976
7.18693977934151,6.07063917522732,52,0.001877640891894
-11.2656558127414,18.3304339404275,95,0.00438303934527983
4.00450395666318,29.2169132343863,100,0.0360037126714088
4.66277118270701,32.0484392826542,100,0.0203354915000025
-5.65285775579827,18.6308565017868,52,0.008113214914456
-14.0652776538085,18.19068155855,88,0.0033216780741551
-5.83586101625548,18.6241299436556,52,0.0079692452395215
-1.56914279901293,18.6242604631562,38,0.0108125733502456
3.4345506467782,15.8960986051239,100,0.00606569222646978
-0.95082949455921,18.3982319813969,39,0.0104983000025546
4.29579643650346,18.3942435025909,82,0.00853396621066014
3.14699398513011,6.32188601551353,41,0.00208834467098718
-0.434023682027095,18.7048199673068,66,0.0109254600255562
-0.788553940624981,18.5947275865365,43,0.0109061968781927
-2.82707069609804,18.5744199794849,35,0.0101380522877016
-3.86229353580729,18.8344524654595,37,0.0099008795252013
-1.20233199711745,7.89991254969329,27,0.00247830844132055
-2.2589429693263,18.6441165184884,97,0.00993452053964605
-0.320795547968589,6.60815984209996,19,0.00219974984330202
-0.948234939668491,6.01638682862081,81,0.00205297676035388
-0.298251662768983,18.7919168709117,36,0.0115150992879746
1.54244506199481,8.75603447050756,36,0.00268897546100112
-0.835556247566086,6.72181549667835,17,0.00222136209478477
0.875219965557784,5.81660260396099,9,0.00204694521090352
9.17239416332193,5.91264060969557,19,0.0017584747466603
3.69861434254121,6.06278472541808,15,0.00203561008550433
-2.65419697161542,18.2204370201059,87,0.00912485672024335
3.29764698921032,6.12773516822584,42,0.00204783528794664
4.39506799613499,18.2651315862387,79,0.00831927113239673
-6.05595570771062,18.2253433180227,51,0.00737865673608576
8.04481951243761,6.01640351090966,25,0.00183379637118448
-5.23853491687782,18.6275398884345,76,0.00825052640964193
-5.67849876350604,18.8275121084309,89,0.00808704826337822
1.26566663686429,6.59914720859575,24,0.00218828282345914
0.723875150999674,6.53829366626645,26,0.00218010808267057
-1.74167016543984,18.2450817979341,59,0.009774709374511
1.98380073148188,6.17858692356477,23,0.00209523371151086
-2.21451184284254,18.695706527478,98,0.0100389522604814
4.37465011245822,28.7463362634389,100,0.0335323292531606
-1.63232671257992,18.7630965996692,35,0.0111306978434148
-2.12951850555589,18.2617235268914,53,0.00971944962704247
-5.54152794970259,18.8690018386422,91,0.00822572691783719
-0.240556804298875,6.01858233683715,24,0.00208133708792072
-0.480988675856039,17.3047042548375,100,0.0082255303892991
-4.79071068820739,18.2529349773381,37,0.00834227675461126
4.14112736807615,5.86015644922814,24,0.00198217066564329
-10.8642759224716,18.7880765619238,35,0.00488386870514916
9.27937409084583,6.31061597335337,15,0.00180852430941386
-12.3863476783405,18.6156074802102,76,0.00404196773369874
4.61975432744816,6.30993490110811,44,0.00203623812066819
-0.661918862434073,18.1643042911099,35,0.0101143307293969
2.18296259041738,6.06394864940384,18,0.00207216071337624
-4.58691130139617,18.2473166789225,91,0.00809925177186247
-0.819004176918344,5.99069267363148,20,0.0020751519487748
3.76170794776988,18.5203224974857,38,0.00942470584852935
0.587830378092209,5.96102098901931,30,0.00206668809180596
-0.61334426058368,19.0293087142778,37,0.0120510782789116
0.834266864978147,6.76471711991604,17,0.0022303501143186
6.42859435340553,33.9923835023098,100,0.011258877876349
4.36762047852202,5.97885415783206,34,0.00199117616986174
5.72195233445065,19.570973968612,83,0.00903585779360013
0.169607265581046,6.23952413536468,15,0.00212798474802327
2.03019558456038,8.53063524332994,61,0.00259878764734705
6.08974814068452,8.52541901496743,74,0.00238515569792908
-2.82550823967399,18.4017835583201,39,0.00977844653541225
-0.71455357930287,8.71157825501738,40,0.00268729817035854
1.00111783680453,5.85783571607907,16,0.00205063909558509
1.06348057175703,6.57055043368916,34,0.00217995401581711
-1.06224651123547,7.29553681244921,22,0.00234094813678874
-9.35607657790136,18.687615899504,77,0.00554654333939001
1.66706714787895,18.8143863828959,38,0.0111949994086867
-1.02274387010647,8.45820056280404,30,0.00262174890799954
-8.45705999222687,18.2244863655962,53,0.00586201510825424
2.6930684073199,30.6006058470263,100,0.0405551744995943
-24.8177695697374,10.799765739044,68,0.001093234963431
0.434483836700424,5.82952246852419,16,0.00204881856572655
-12.371727196793,6.14509175787199,100,0.00157591610849882
-1.5983002926174,15.2209091493343,100,0.00580607408509891
-0.0732321052460627,8.3201881595805,61,0.00257162685279663
-0.613508173608264,6.71955098180242,30,0.00221607518680762
-12.3042569422569,19.0332029022178,74,0.00420822458504988
9.60656305015401,6.02281983675801,76,0.0017309918721212
2.12000634782848,6.56328590667369,65,0.00214823650442329
-1.11160238547133,7.32895548287441,14,0.00235232573511019
1.57086828331137,18.1986542198241,91,0.00944874963266446
-0.769531110507332,6.23563574984032,9,0.00212738910697997
4.67868834502004,18.5243336026447,44,0.00874363828744418
-7.04161882997347,18.7582865759031,56,0.00719688106688998
-3.1730930552804,18.44694212349,35,0.00969946741602594
0.204450387901156,6.68837108714837,24,0.00221418719103593
0.0878887982579353,8.46190589597332,32,0.00262851656263622
-13.5749774572191,18.2593687304656,77,0.00350782588287294
0.0221314762072784,18.4666672368452,91,0.0101771425794277
-11.0850478561112,18.4804640115699,84,0.00454177643859037
-1.23130913044097,7.63314308561578,40,0.00240620113437958
-3.35862155252964,18.5650076109558,83,0.0093544322486787
9.17239416332193,5.91264060969557,19,0.0017584747466603
1.95695319867762,18.1680169777654,68,0.00947964735400845
-1.17071988677827,6.59882509255081,25,0.00218884624532662
-4.60478934757948,18.4472664238954,48,0.00865591748065913
-1.07563962323247,18.1904448194441,75,0.00970099609380001
-9.27341556187333,18.6918724051794,81,0.0055842692323288
-1.77238366189628,18.7788492466816,70,0.0106915179060354
-6.97489017917008,18.1999703040856,91,0.00657937402386327
-0.595325665241121,6.03776663327213,24,0.00208368401167922
1.18830204295749,18.3263499557798,96,0.00972506189826593
-1.15101186400304,18.8763179446884,35,0.0115667676746868
-4.11622246762401,18.498431750311,37,0.00915697363400291
0.0536780181548358,5.98759991448666,22,0.00207658518267024
-0.337208815981985,5.99297469288659,41,0.00206895602079532
-3.1730930552804,18.44694212349,35,0.00969946741602594
0.483038347510973,6.6852077861457,31,0.00220917099604777
-11.4532949754342,-10.9319790856309,97,0.000607277928257187
-1.28472896769848,18.4065958001446,77,0.0100359542816846
4.8954359251388,5.94871153082821,53,0.00195953554811605
-15.1151390832817,18.3194075610051,65,0.00305889989888278
3.99398113770698,6.62141912619437,12,0.00213136590231229
-0.794277538503105,18.588049155449,81,0.0104576402914298
0.931705472818353,18.6480446189042,58,0.0108164276281939
-15.9885087270069,18.1531124110991,84,0.00278411108727737
0.15469408089465,16.1934485848911,100,0.0068463988877007
-6.84694559429266,18.2417080124878,54,0.00686261829979051
7.26185594060888,6.05450222865459,44,0.001874171221772
2.68664841824043,18.4845243916549,47,0.00992636663121118
4.45900744074889,27.276818004925,100,0.0331946995794013
-5.32746490393177,18.4601831361691,49,0.00815909100125756
-5.1765480712925,18.340441826834,72,0.00796538771252752
-0.651738084256874,5.84906701579758,8,0.00205481703084148
-5.51837499341848,18.5597691307746,37,0.00822566324053902
0.515100879611418,19.1162158269735,36,0.0123089493326319
3.14370844538503,6.2279894179413,56,0.00206448949037158
0.00531960795530328,25.4101955958205,100,0.0628589790758361
-0.53109149403571,6.49873870808018,19,0.00217656590633815
-0.289911131592769,6.39730294018513,39,0.00214783339441389
-2.39094672685936,18.4720587592183,82,0.00971116367747639
-0.306022806971949,5.92930273647678,34,0.00206013816884593
-10.6432591771879,15.3624713681974,100,0.00357910988838289
-1.00830948855377,18.2234346451861,59,0.00993000357122829
5.4264085993693,18.9493141017062,41,0.00878200155518606
3.05060809438021,-11.504066365623,55,0.00063884120499055
-9.71376128295694,17.044647042278,100,0.00451963612985827
-0.930610861760168,6.08819936600187,15,0.00209497725916882
3.74643018815457,18.299702337718,92,0.00865353874852459
-0.577023211885939,7.05910667979801,17,0.00229535461774721
8.95361190874775,6.35940915366509,28,0.00183084221340143
-9.02946497163044,18.5909821420749,89,0.00564111752571311
-3.0532788963476,18.4773799056129,73,0.00947146724734189
-1.09442305207593,6.72026598919609,31,0.00221170744749923
-3.1730930552804,18.44694212349,35,0.00969946741602594
-7.16678194239322,18.4792447660703,79,0.00674829774767429
-5.40163176449878,18.5906931123203,35,0.00836668946447777
1.00860696775554,18.3729481509122,80,0.0100054139555591
-10.5938466933038,-10.897751137734,87,0.000615729555424166
-2.16057531266436,9.53387761121365,100,0.00285338338316977
-1.26971761049279,18.7929962489622,66,0.0109473688085891
-0.83744808118882,7.97198880295743,63,0.00247841017399794
-2.32973385983344,18.5914529913058,35,0.0104430427022202
4.47185447798333,16.2892157786397,100,0.00610462861362146
-6.16771384183912,18.4022610591494,33,0.00759221333018588
-6.63123813984828,8.25630342271333,100,0.00228191878372257
-1.18806906468479,6.75677089929965,27,0.00222019471527003
5.76147565012903,19.975953462515,86,0.00953531742104539
2.58613014062048,5.94281929830856,22,0.00203995850638488
-5.91734953686315,5.96700811750699,100,0.00190740236895968
-12.9151218427083,14.8170786283116,100,0.00288307897423735
1.72574773697955,6.4878854662762,46,0.00214915428173108
-2.4763252916477,18.3220079312527,38,0.00982028346158679
-0.499673871972917,8.79568402658492,70,0.00269073303627662
-3.65599264335581,15.5983893295141,100,0.00575888632264423
-3.1730930552804,18.44694212349,35,0.00969946741602594
-0.0766629665727117,18.6430984450819,38,0.0111506422765215
-0.858279454711391,8.09925737883964,35,0.00252733672858746
-0.580681829048337,19.0371209015543,35,0.0121060693514948
-5.8824621506745,11.9015690528482,100,0.00334207483855604
-8.23879512988691,2.23352466049516,100,0.0013613622921195
-24.7311739312232,2.35118485587052,85,0.00078629045286153
4.50428806055015,25.9779397746563,100,0.0296415611746801
2.87378555155266,6.55736339278196,16,0.00215232141743746
-0.377316726322985,6.06374331908714,30,0.00208692438865952
-0.010004714990352,6.07411191597674,34,0.00208777043084358
-0.909473701812712,5.97471448009581,9,0.00207620521870562
3.28900125176272,6.07147387487216,14,0.00204954885952255
-1.08094865788456,8.12804044141378,43,0.00252672997686407
-8.00784332612885,18.6869412364969,36,0.00654474955736775
0.681922529115533,6.0401804807977,11,0.00208932066575437
8.71199108514132,26.5626978756107,100,0.0114304016905061
-12.0634945322252,18.4127387869388,65,0.00412876809617218
1.33540650049276,18.8335703052526,42,0.0113143861192459
-1.21446990252366,7.23207633261395,45,0.00231246939400475
-8.12617344988325,18.4817745057237,48,0.0062613491520379
1.23201472000412,8.78113669736351,44,0.00269636958312735
2.71355870112089,30.5861491453559,100,0.040502959611615
-4.42468388571339,18.4903099125696,88,0.00854021442699996
-0.928379663965326,18.2174267530686,45,0.0100739487340415
-3.49344321984174,16.5629932448828,100,0.00667755422177189
3.44923779205399,1.24739707183772,100,0.00136968542181577
-3.60902840190012,18.1619344385861,56,0.00880262069440629
-4.49840548020594,18.927743418835,33,0.0095928840219346
-10.2853004509907,15.6169464756727,100,0.00376490395480553
-0.690743279462562,8.11291978946263,58,0.00251778747682114
2.15812777221349,26.3641601723231,100,0.0595246925021597
-5.07995653556058,2.06281386069904,100,0.00142599337348218
-0.756840780135542,7.57687377037479,35,0.00240136888074731
-3.71428125446021,18.3959767658309,35,0.00927746946845178
-3.5569512822528,18.3559065455899,72,0.00900056097950433
2.9346387193139,6.18953626968105,14,0.00208083778827597
1.54940700829225,18.4968766126859,77,0.0101324427511187
-5.98012271900122,18.6703435873118,67,0.00782256136397388
-14.5856813155717,18.3196728881056,84,0.00319402567515095
-2.82707069609804,18.5744199794849,35,0.0101380522877016
0.699177038732388,6.24497997595128,41,0.00211527234793018
4.25734955905405,18.5282422419797,60,0.00891815683311829
5.55209432370847,5.81374425130453,21,0.00192337788311838
-0.866536370711669,8.78782789384572,14,0.00272593375218666
-10.4514048504895,18.9085390591226,62,0.00508948221930333
-9.59977912769982,18.676238441951,73,0.00541357155847436
-5.65285775579827,18.6308565017868,52,0.008113214914456
-3.23981720385582,18.634034852404,38,0.00996624909059323
4.3881262941196,6.36636472257367,17,0.0020666018952391
-1.28227416476828,19.0126569334545,83,0.0112179843171591
-3.73168679110039,18.2008239012774,35,0.00895655718649498
0.0362641194742959,6.19368885713241,84,0.00208862057271426
-9.56447798741934,18.2773904760865,68,0.00523477084637363
-0.107480085954283,6.2143413472727,12,0.00212449277110347
0.841731119121925,5.93791012992652,12,0.00206850166832675
3.51649828930287,18.5718138531122,58,0.00949125726343324
-1.38215185824786,18.955070068077,37,0.0116507843669324
-3.20168319354739,18.3682823129856,82,0.00913509468100484
-1.32886282791574,18.5602822437537,71,0.0103869542755798
1.6008752973376,14.717534931688,100,0.00539896536945
-3.60902840190012,18.1619344385861,56,0.00880262069440629
2.24871074488254,18.2601423942629,54,0.00965822499079982
-0.18660331935486,5.88431237744883,68,0.00203781789751712
8.53118367225037,6.66993665605677,90,0.00188057147803367
-0.945433019854886,6.04350169896529,9,0.00208895452243888
-5.55787300598974,18.7060768727972,44,0.00833278569064918
3.82595283598233,26.8966860083903,100,0.0392630000008855
-0.251650664067231,6.00612988778844,43,0.00207077931708888
2.38943765224149,31.6261778038801,100,0.0335737201634794
-3.1730930552804,18.44694212349,35,0.00969946741602594
-1.19041205152401,7.27298608418734,35,0.00232723695110441
-3.67484804201265,18.4525208943841,37,0.00937827446621545
-4.90520552494249,18.9646040321147,41,0.00924111097370264
0.0221314762072784,18.4666672368452,91,0.0101771425794277
-12.1935224321234,18.2030404679883,64,0.00401181518772859
-4.04882236799393,10.1014580137764,100,0.00292651233606528
0.0894502770635204,5.97507596966763,15,0.00207721855732371
-0.831319531170802,12.5819909401812,100,0.00409756441197255
-4.57419777508313,-5.28426104330095,100,0.000885388069559394
2.54332085247789,5.89040152418122,15,0.0020342277620898
3.95905869040045,18.6555892485095,82,0.00913082962749258
-19.4648269964911,18.3361386185672,80,0.00208982936970772
0.303645579296421,8.0153044080663,33,0.00251158978251743
3.96737844150687,28.7531928196232,100,0.0378262336327942
-0.505950159002289,6.78574709722743,64,0.00221369601031925
-5.75417968981808,18.4324133915871,68,0.0077092517304163
5.88870602188481,18.7891748108863,65,0.00803986819816921
-1.01374430119276,6.66469511466967,42,0.00219576562386763
9.17239416332193,5.91264060969557,19,0.0017584747466603
-0.342972600979978,6.23012566563141,16,0.00212529211637442
-0.981169304764215,8.27948823518145,47,0.00256404648859589
-5.65285775579827,18.6308565017868,52,0.008113214914456
-1.19272865494155,30.9534524211446,100,0.0478803247757605
2.08418897380855,5.87588576353117,17,0.00203956570613353
2.80331455882694,18.5069277633375,94,0.00946408209972404
8.37137076085056,6.28179785098044,56,0.00184415765448693
-3.32500211754142,18.1859216485707,35,0.00916856330410041
-1.24067289758016,8.19432225982136,39,0.00254370235944788
2.32153023827142,6.43804520646966,42,0.00213018136440761
-0.769514296759987,18.8158803817451,46,0.0113750623365544
-12.252545175402,18.3137518935638,70,0.00401315815955236
-3.64226798906898,18.8280510659153,97,0.00948176990310555
-18.6089169503177,18.2760478884928,88,0.00223279766210324
0.280706126733718,6.42105831535374,30,0.00215674811945469
-3.39715906197681,18.9020247308137,35,0.0103940215658459
-5.65285775579827,18.6308565017868,52,0.008113214914456
-4.56415631789383,18.5022170868963,35,0.00886338177873771
-5.77551974956728,18.3722836674582,70,0.00761627151486176
-6.54743617047661,18.5000965975021,45,0.00735830587934392
-0.602384830613584,18.1556151664705,44,0.0100137249555888
1.89160835997862,18.6585095347001,80,0.0102913107682839
-16.4551685087981,18.4982697229259,67,0.00273195153973225
-4.48377312287987,18.2511030679631,77,0.00826037551146926
5.87959609041333,6.23723367470489,99,0.00194943889924696
0.839760215548508,6.4877625407867,65,0.0021508542280906
-3.23981720385582,18.634034852404,38,0.00996624909059323
4.94304185295268,18.3535069675067,42,0.00833808816125963
-0.72437333482019,6.21771804008847,30,0.00211475696547974
-12.6356552126783,18.4434371905483,82,0.00388416318368737
-0.961782345556516,8.25115208415939,37,0.00256356745558619
-5.82272451340372,18.7480604397222,70,0.00800928531506996
-24.327137184049,6.88740925905947,70,0.000961897321752077
4.1388075826968,26.1710989241242,100,0.0334590381304846
-8.58456695654029,18.4800491572438,33,0.00602763846269942
-6.14916324080238,8.75266679220929,100,0.00242218361807269
-4.09786649919268,3.33252194623788,100,0.00159146640150101
-0.256162260877722,6.96011020767593,81,0.00224253626994059
-3.1730930552804,18.44694212349,35,0.00969946741602594
-3.1730930552804,18.44694212349,35,0.00969946741602594
2.67656059382431,18.4798424401745,41,0.00998247903178459
1.39022723242101,18.2327070735116,80,0.00965788894794839
-3.1730930552804,18.44694212349,35,0.00969946741602594
3.86394480626992,28.8403054952413,100,0.038775249595531
-1.30755232132387,14.9748402329135,100,0.00562841594040332
-2.18822187006806,18.2227716856941,35,0.0097953453946395
-1.23957159420113,6.72520950130697,53,0.00220036940659966
-0.001278769666783,6.35521121521893,11,0.00215280575049581
0.611121484088293,18.3899461746822,92,0.00998205268366938
-1.11070572954402,7.73959527028172,50,0.00242709561102568
-11.4686199396867,16.5904766066622,100,0.00372494617250388
-12.3591300641319,18.578594035897,60,0.0040680746189343
2.51442051502026,-0.333775735565321,100,0.00123276899650584
5.46505615019384,20.8638576339877,83,0.0113596166933053
-3.1193597224249,18.2713898939528,58,0.00922538596683657
-0.84498728089889,6.78772974596962,16,0.00223559775807968
-0.609864373474614,8.84383745748618,35,0.00272900162899826
-6.30570358665545,18.6148605985579,75,0.00748176219530789
0.293391740409403,6.69726962926105,17,0.00221926053996498
4.63576359935543,14.3827811701029,100,0.00469351263374114
-1.06473507957958,6.49144608244876,35,0.00216355351845991
-3.81324597813386,18.9356943996719,44,0.0100495307768699
-1.72235899196036,18.6513481798095,94,0.0101947659354743
1.26024497072952,7.97518606585382,47,0.00248358234247913
4.08386549139798,28.7152666407016,100,0.0366188684122376
-0.690694323486333,6.12588840501715,12,0.00210524816310077
-3.47885100468679,19.0455081224503,38,0.0105797202051863
0.204450387901156,6.68837108714837,24,0.00221418719103593
0.466847771928456,18.1973608599023,73,0.00982227334065888
-6.17991074141896,18.6495412471582,47,0.00777317184703995
-0.794277538503105,18.588049155449,81,0.0104576402914298
9.27937409084583,6.31061597335337,15,0.00180852430941386
4.19461480316879,18.382199676599,77,0.00861713000874804
-6.36383192909663,18.6164097111396,89,0.00736560538891675
5.81454760782004,19.4865775507062,83,0.00883822707295023
0.388279574199517,27.9909159048129,98,0.106739785206025
-2.04463029646049,18.8677037349217,81,0.0106309318457721
13.0148755235965,6.67802900608462,40,0.00160509461342294
-6.30861314558798,18.3048675129765,45,0.00732473159577752
-2.75160038557752,18.2338387622526,48,0.0094376057493415
4.81360542622929,18.6691024969246,58,0.00874377249194769
3.76741807669131,6.09512903129419,16,0.00203891123019237
-3.86229353580729,18.8344524654595,37,0.0099008795252013
-3.1730930552804,18.44694212349,35,0.00969946741602594
4.67182256572948,6.00022281338195,77,0.00196722286803206
-4.1867998474937,18.5403278710687,70,0.00890395701111898
0.170364951714561,6.25159412261083,27,0.00212491691324872
3.47667509871978,28.8622442162564,100,0.0434966284091132
-0.152844096555906,6.04421368851944,70,0.00206651357756385
-3.1730930552804,18.44694212349,35,0.00969946741602594
-13.3397583533685,18.220061580969,67,0.00359063342764097
5.06267732613715,20.9500360717679,87,0.0120487178602636
5.59833740464904,6.59357964330537,20,0.00205526366264767
-1.62476042582533,18.3874316698583,71,0.00996077344313657
-3.57854307146655,18.9105457748242,68,0.00993820210293454
0.101141674534953,6.42541916876811,27,0.00215933535870609
-2.18154245841133,-10.9597648563213,18,0.000660270748831523
2.54332085247789,5.89040152418122,15,0.0020342277620898
2.69469963291514,5.99493834412118,63,0.00203005550473817
-9.64304139232074,15.0321744379963,100,0.00373868028098808
-6.5700415649938,18.6946144368929,59,0.00746305456151524
-9.32631990358686,18.4319985283736,81,0.00540856992500114
-9.52955724898669,18.4564244170104,70,0.00534290960174182
-3.1730930552804,18.44694212349,35,0.00969946741602594
-0.774811994237322,7.12803434584558,55,0.00228902631349893
-6.05837819097848,18.6919375071999,58,0.00784430764246099
-0.728751500982737,16.9820521258366,100,0.00776465545103867
2.24871074488254,18.2601423942629,54,0.00965822499079982
1.86792333830432,6.41699842811882,21,0.00214433312282385
-0.421822831849438,5.86755540486908,24,0.00205254132222966
5.59833740464904,6.59357964330537,20,0.00205526366264767
-5.75948567933985,18.5993170127914,36,0.0081000640346241
-2.75160038557752,18.2338387622526,48,0.0094376057493415
-3.1730930552804,18.44694212349,35,0.00969946741602594
6.92947815623179,-11.1230777186819,77,0.0006343586274909
1.62329518747021,18.6069094618636,38,0.0107551581033485
-5.08895526008924,18.3105968461633,90,0.00787319933614393
-0.769531110507332,6.23563574984032,9,0.00212738910697997
0.392314808197364,18.4664321294608,38,0.0107391492069258
3.08745862915655,5.94062900194799,26,0.00202615194283908
8.47104388157065,27.9275566445944,100,0.012245300369228
1.69000303941868,5.81856054584635,11,0.00203775287364575
7.04768326635092,5.98940409769541,39,0.00187670829852189
3.48094658865576,27.6862249877224,100,0.0453543166965927
-2.99664843525699,18.6290108564085,69,0.00980249170346836
-1.56914279901293,18.6242604631562,38,0.0108125733502456
5.81206805602653,18.6894445562541,58,0.00802549610578822
-0.917484969030169,8.18303567205895,45,0.00254146180621791
3.58686749099633,19.0090433585311,49,0.0103063109103238
-2.61988466527632,18.358579497974,36,0.00983620053952081
-3.75198804097571,16.8013023453076,100,0.00683524470025571
-3.1189402476854,18.9556954610011,81,0.010200185134997
-18.2423745376933,18.5607224233456,86,0.00233217234723632
-5.43645845363724,19.0320695876188,46,0.00884875441614812
-4.43070274645328,18.7149908722958,35,0.00928626489162247
-3.1730930552804,18.44694212349,35,0.00969946741602594
3.7901966157285,18.1602288352091,50,0.0087430833469876
-1.07763314364038,18.4963882926674,80,0.0102288541168013
-4.03379992093145,18.3020388502106,59,0.00873737982324024
-11.8927905146095,19.0650631965646,54,0.00444223087165004
-3.94354037908871,18.3158849456888,71,0.0087209632256182
-3.74656255680951,18.1828451282982,43,0.00885669176897549
4.8657884023915,15.7698490502551,100,0.00556239949156708
4.17821437205649,8.40117114999538,61,0.00248045039282603
5.10077710615927,21.0226231699057,83,0.0121972714639609
2.54954553577787,18.471402156315,96,0.0095084007062818
-1.25977790548072,18.5142313350038,67,0.0103568416585534
-4.74873342606038,18.2251512955213,74,0.00808370887945531
-4.12081025038479,19.0429193350802,36,0.0100760965286378
-4.6538153271605,19.0185985211889,78,0.00921224012132461
-20.912363187682,18.8659865094209,73,0.0018995428902415
6.46479432595461,6.18587556170192,40,0.00193604917732774
1.63097451820113,6.13706482280802,35,0.00208767970536803
-3.36511475328254,19.003369276734,35,0.0106171994739209
-0.894717880121158,7.00449188646,16,0.00228151481206833
-2.41207266014513,18.923045348015,46,0.0109636689703855
2.92666589073656,8.1990995831147,64,0.00248468210740081
4.31224138176396,18.5556057794693,56,0.00895325883744168
-3.15699786266739,18.2167234372617,89,0.00886648596487644
4.46166607001294,29.944221920131,100,0.0292857537322418
9.27937409084583,6.31061597335337,15,0.00180852430941386
4.39433434173612,12.9302979896469,100,0.00396598647900429
3.92783475236797,29.0517568772454,100,0.0373884519609415
-0.296184770043364,6.53327186436125,36,0.00217641701462638
-3.98805711921197,7.28272607700788,100,0.00222578020460379
-7.57120158866615,18.4883100368679,47,0.00663236275651511
-5.83586101625548,18.6241299436556,52,0.0079692452395215
-2.18960214772296,18.6706951499959,73,0.0102604729573299
-9.24889502891956,18.5282263564314,66,0.00555098759374771
2.27380068109223,18.2900846558694,54,0.00970138148861017
8.93254802319907,6.13054751994909,42,0.00179496403828036
-2.18822187006806,18.2227716856941,35,0.0097953453946395
-16.9912540487863,18.2289255433912,85,0.00255829644976194
-6.14681768794191,18.3421242618443,73,0.00732075936728869
9.7788235961212,6.37968422833641,19,0.00178608602422406
-7.34425036242197,18.5428396577041,33,0.0068979066025316
1.81166681613074,18.8030284640756,95,0.0104455817734632
-4.85158612586997,18.9033582439126,71,0.00894594753362345
-1.35165831730031,18.5711712933987,73,0.010380628802939
-4.27540995427451,18.7542543745205,59,0.00925778142546454
-19.4648269964911,18.3361386185672,80,0.00208982936970772
2.95238176364593,30.5579668408402,100,0.0386250761293918
1.86323324909789,18.8185204094723,79,0.0106333953087989
1.88283148449326,18.162750118006,37,0.00978409648388364
10.0282673156167,5.86945489962608,53,0.00169375095634411
7.22192240230952,6.05187500601985,50,0.00187369293657684
-0.136415384991547,8.14569890083691,63,0.00252575000397255
1.96336142626704,18.9515982974407,75,0.0109125716888166
-8.28069163140542,18.9276024232142,47,0.00649432214395211
-7.921615302474,18.2041288931923,47,0.00618763245447007
-7.58367675869553,18.314276767978,50,0.00647008063609703
-22.8112055930804,-1.1334573291421,100,0.000729424222181352
1.03172641219949,6.09809183475198,12,0.00209731590763256
-0.170539740732264,8.87684144374586,61,0.00272155268189818
-0.598981570672629,6.15192543186489,52,0.00209312771553515
2.94935502154846,6.38589036301637,25,0.00211286879655406
5.50851555559837,6.52070688331741,50,0.00203391381951095
-5.71576993387539,18.7497894520063,46,0.00825154132358843
6.39174014255092,6.67015139820684,67,0.00200997995886578
-3.51078974005702,-2.57025998432897,100,0.00105451574578556
11.7860133554187,8.67467525260842,72,0.00194123789473811
5.1684728072264,5.86724169873865,49,0.00193704643311547
-13.826754930122,18.1684083738092,77,0.00340447489060562
-0.861290475857753,5.96808256169585,41,0.00206163047126956
6.7232081784391,21.2499543484361,100,0.0101202723431436
1.4828874197536,6.04051273893188,81,0.00205193905819423
4.47146360281337,6.35039488573136,17,0.00206053326741724
3.36682010271747,6.67333190154474,20,0.00215906362597379
-4.9980361830662,18.3314393818314,88,0.00796823005050923
-0.20129077537788,5.93357620400266,36,0.00206031034595242
3.25366871278116,6.48479904718404,78,0.00209978423921915
3.03283860809577,28.220223758392,100,0.0520075366641005
5.11371649484614,18.2881947297728,57,0.00803895930965775
-1.15605155247026,7.36122105911191,11,0.00236078421340909
-0.728257905132444,18.9844589860457,38,0.0119007205554827
-5.66941384821337,18.7109798940612,45,0.00824603287418878
-2.5214199338277,18.3643772975862,70,0.00957406157471151
-1.03964597796532,7.21290058953207,27,0.00231999393808579
-11.9423865127094,19.0134888494934,96,0.0043214423477036
-2.46805952444083,18.2038103168765,52,0.00948243144622436
4.04551679885278,18.2764941002123,87,0.0084864804424474
-5.17750505740818,3.10109689097616,100,0.00153900128904313
-2.16423429050775,18.9413391610876,37,0.011254991752707
-7.19399547920562,19.0135059907175,68,0.00726021894520517
-10.8642759224716,18.7880765619238,35,0.00488386870514916
5.75921988569624,24.8466710964713,100,0.0191728032859182
4.03522767814737,18.945138618909,77,0.00958030131092177
4.77618605715012,18.4270940498919,58,0.00843768050882855
-0.946027061884843,18.5902297908001,41,0.0108876103837047
2.21545103983545,18.1690174370552,69,0.00937661283892409
1.20866369633352,18.2134785730511,42,0.0100360206188167
-4.62728053798219,18.1985392097019,63,0.00819803637252791
0.218596395286257,5.88916616547132,67,0.0020390659482753
0.837482007631548,6.03618930502757,9,0.0020884019335172
2.5914034127606,5.83172992786232,12,0.00202381832274124
1.5920355107285,18.7909812983968,37,0.0111850451245843
-1.09442305207593,6.72026598919609,31,0.00221170744749923
-16.3248817742436,18.5852929860668,73,0.00277203443612613
-0.751076603431429,18.5005371976605,73,0.0103747576590145
-5.32746490393177,18.4601831361691,49,0.00815909100125756
-11.7078514502093,18.3686524203225,84,0.00422861724820057
-12.3614137679352,9.82326377196501,100,0.00204886970692533
0.169607265581046,6.23952413536468,15,0.00212798474802327
-0.505357651996525,6.36460283309879,19,0.00214979046208757
-0.258758487797053,6.6533044633126,26,0.00220582896323936
4.50929696511977,6.30141601815023,53,0.00203516526919111
-0.48090860872075,7.93336768417335,47,0.00248168393742513
-1.33895638442971,18.2275468337674,81,0.00965234506906286
2.07877646290024,5.82315417688513,21,0.00202840023460621
5.4064523564121,18.5062838591853,82,0.00794622932063945
-1.45587883786828,18.2200593287282,50,0.00990365073534328
-1.06029904029282,8.35613174601919,85,0.00255771276414419
6.42859435340553,33.9923835023098,100,0.011258877876349
3.66165244052566,6.21572021791179,34,0.00205661007784132
1.24636497184761,5.99746901369556,17,0.00207391980307871
-1.69323244069507,18.2213978922382,80,0.00955159920253159
5.31753205177023,18.6862891846941,61,0.00837122766584104
-0.455208823821407,5.87497435901274,35,0.00204916392868162
-7.79620171497162,18.1778548445733,79,0.00612183827858032
-12.6360224290539,18.5297580661294,84,0.00390554000409416
-18.80947127153,3.70184449295167,100,0.00105555001269361
-11.6019519945914,18.52753238034,72,0.00435114981989756
0.664076718695576,6.08424086169419,17,0.00209520834293809
3.82149426600097,18.780979200886,80,0.00943789077933791
10.3648066004845,8.698357169049,100,0.00205953653981521
-2.18737621966644,18.4066545199857,77,0.00973001910474697
-1.30680768418905,13.1597289834047,100,0.00439091339886045
-2.75160038557752,18.2338387622526,48,0.0094376057493415
0.0309426225282462,18.9078344190737,66,0.0114070150394352
-2.47196775955017,8.92995206141149,100,0.002670903595659
1.19337749344963,18.3434173447655,57,0.0101405462266852
-0.383046305414834,6.1297972711011,13,0.00210702355077324
-8.21572335092909,18.7146220968723,41,0.00640370280933204
1.57086828331137,18.1986542198241,91,0.00944874963266446
-0.594900053626448,6.27382618319457,17,0.00213232729224061
-0.787564657098635,6.37887560667409,69,0.00212805323814068
-6.18309062103513,18.3209980528458,41,0.00744891468527077
2.10910428912582,5.60013157746592,100,0.00196114547112041
1.34982817944507,8.57523310850069,41,0.00264010416100799
2.03079676382585,29.8488341229499,100,0.0556307103137028
1.72215988106667,18.1815236808781,80,0.00947295683649309
-0.602997402553155,6.50875061332596,45,0.00216594036887027
-3.1730930552804,18.44694212349,35,0.00969946741602594
1.89160835997862,18.6585095347001,80,0.0102913107682839
3.95760989130471,4.92040852304287,100,0.00181210227994458
2.78611120941991,32.5633129991397,100,0.0251427188417253
-1.65725129292445,18.4721184673602,92,0.00990069549406801
5.41618986341281,19.9915900984483,86,0.00992384092661811
-5.74689418505738,18.791572480079,80,0.00805239955627322
-3.57854307146655,18.9105457748242,68,0.00993820210293454
-0.383046305414834,6.1297972711011,13,0.00210702355077324
-4.9647630241421,18.7026790235214,31,0.00888659548739592
1.31635859864432,6.63746961949432,29,0.00219306878858786
5.41948450915577,18.8935465640933,66,0.00852578431145539
-9.03939827166832,18.5899497993002,78,0.00566994787369511
-3.24937803014973,18.4445204437112,41,0.00959379995820756
-3.1730930552804,18.44694212349,35,0.00969946741602594
-10.6944681098816,9.60345445494693,100,0.00218522287213862
-14.4161518931195,18.334559063029,77,0.00325537783906361
-1.56914279901293,18.6242604631562,38,0.0108125733502456
8.58292941513843,5.85891658120769,52,0.00177345928139169
3.11723702198205,8.39436185522758,73,0.00251967014376828
2.69461996312762,18.7067907811764,83,0.00997348652448485
-0.311758845920911,7.66993935917983,46,0.00241962815602686
-5.37034513643392,18.5572549234136,76,0.0080706559284439
5.40888013658966,28.555974732674,100,0.0252272683139824
2.9024899066775,28.4428287775641,100,0.0535799494150749
-1.32127462913351,-10.9331954939562,19,0.000662447027996048
0.516557450780071,5.8286549493621,23,0.00204539781430301
-0.722013645261437,7.89460852233517,43,0.00247286948802576
-3.56630342647015,18.2338645611955,36,0.00909870119378923
-3.73168679110039,18.2008239012774,35,0.00895655718649498
-6.29532163480215,18.7002678293541,56,0.00768903051605751
-1.09442305207593,6.72026598919609,31,0.00221170744749923
10.5435140376652,6.74061067128184,19,0.00178556285615642
2.09138379498843,5.83157081261664,11,0.00203383891503628
-10.8642759224716,18.7880765619238,35,0.00488386870514916
1.8806406779446,5.88442949229072,98,0.00201119097847953
-6.98994918131628,18.6944784965511,50,0.00720513896847596
-0.352549981509937,18.5405356705547,39,0.0108931581855206
3.63906926950661,18.1520002293824,56,0.00877092349897076
-2.16423429050775,18.9413391610876,37,0.011254991752707
-7.83567733548787,18.2458125683621,47,0.00627135386462088
-2.45489060890054,18.8676265721569,80,0.0104370521758469
-1.15088349234395,8.07183948402457,48,0.00250849289325834
-7.0050876999737,18.3116736146589,62,0.00678580777078283
-2.16423429050775,18.9413391610876,37,0.011254991752707
4.74222527773446,5.89050464878017,52,0.00195578851626127
-4.17271794063682,7.89681183858614,100,0.00234801974109506
-2.95272215570263,18.6317082357138,80,0.0097272719604123
-3.1730930552804,18.44694212349,35,0.00969946741602594
-1.93112866087941,18.4699183722185,50,0.0102221163503844
-12.456936263748,18.6383803216438,55,0.00405453637696771
2.39853725195398,18.2590452458161,81,0.00934963529342376
7.11533260562703,6.55948483862057,48,0.00196042470902058
-6.75745522002882,19.1423762394145,58,0.00778921072460748
-7.06273496167463,-11.21645501361,23,0.000632851655527194
0.1071879146022,6.19741633157278,15,0.00211984069356638
-9.17555124143318,18.4864178514652,81,0.00552245300965268
0.264328912840486,18.4451272008733,40,0.0106798846452151
3.62601574888925,18.2023343727098,59,0.00883053933870318
2.51696375629954,6.00292657768898,84,0.00202666365118921
-0.596028125624258,29.8164342005099,100,0.0710275172200574
-3.40926511669501,18.6765595506684,70,0.00962627288539009
-2.57604930080507,18.6198458655887,46,0.0102521708888239
1.26143129265479,30.214958014198,100,0.0587122615147828
2.54673860133132,6.00912648638693,44,0.00204372944537167
-2.57604930080507,18.6198458655887,46,0.0102521708888239
-5.39169417544999,18.5150851678615,54,0.00814850507448103
-0.286822519871915,18.5485720642498,81,0.0104374358332159
3.2231175023106,30.3479192052118,100,0.0377742205404325
6.20218176415144,5.86238336411932,53,0.00189172677117435
-0.807677014647186,7.96005722836933,43,0.00248811768888618
-0.320208532254885,8.38987758996028,70,0.00258306275850673
-11.7078514502093,18.3686524203225,84,0.00422861724820057
0.554453984139589,18.4807704625718,41,0.0107179357392567
4.94304185295268,18.3535069675067,42,0.00833808816125963
0.224235359448665,18.2076106780575,97,0.00962985173703103
-3.11810509626585,10.5155046967469,100,0.00312014461175221
2.5223521020672,8.29801698481832,83,0.0025107788431648
-0.821976762872608,6.95170396084694,12,0.00227280389826919
3.07546701986657,5.85361255285545,27,0.00201047466730252
-7.50729320348716,18.6673497563543,92,0.00662304328282985
-1.17350937299097,6.20961038812673,16,0.00211563643320321
-0.340574964766523,18.7660426171897,83,0.0108648969037369
-2.85937373875844,18.2655681984406,81,0.00915299518017113
-2.10754868913533,18.223322559164,37,0.00981044914190609
-6.77378153452168,7.29658144618802,100,0.00208903411916256
4.9200168962037,18.4500410761104,46,0.00845464683376006
2.8980502650251,6.28187550671829,39,0.00208825603054854
-5.81643807409174,18.2427247404096,71,0.00744337234492545
-3.1730930552804,18.44694212349,35,0.00969946741602594
0.106683097760156,18.3367937066771,55,0.010295758249315
3.3819956315856,18.2401667025198,83,0.0088336207141548
-0.22027536739852,18.2033861370604,34,0.0102434267867555
3.98261781529688,28.7249145865472,100,0.0377241961509803
1.39350495340361,6.01362236974764,36,0.0020671361722725
-2.8068074310117,18.5709964292255,79,0.0097098960048779
-3.11514610394243,18.3750786686009,58,0.00939917542087399
-4.80470739783321,18.5790884469937,37,0.00878391355670706
5.4264085993693,18.9493141017062,41,0.00878200155518606
-2.61759810014693,18.9305078627001,83,0.0104372453743096
2.55716825925683,6.65149566861864,81,0.00214872076768642
-1.24412787563292,7.52857746751497,55,0.00237323458057401
-0.477564794670534,6.59340773826165,44,0.00218412345583347
7.04370896743443,6.13387821489716,28,0.00190333747655996
5.4264085993693,18.9493141017062,41,0.00878200155518606
-0.622566085173221,6.08174802548083,24,0.00209189846147892
-0.372417407254318,8.55318945269641,37,0.0026487235292487
-2.16423429050775,18.9413391610876,37,0.011254991752707
0.637167913444668,8.91383823414106,50,0.00273739469786252
-6.84718982262254,18.5430121471908,83,0.00699720043298153
5.5084975141301,27.7145202608863,100,0.0248348048999886
-9.30686269910988,-10.7778500752449,17,0.00063203228854777
2.32651329958334,18.3331873322708,98,0.00935476701770527
-1.88159139188674,15.0050600038271,100,0.00559526198405314
-15.0000990961679,18.4044840922982,82,0.00309086406291819
-14.2101538142092,18.698298659303,80,0.00339225812675013
-13.7103731070106,19.0739349870747,48,0.00369150825136569
4.47146360281337,6.35039488573136,17,0.00206053326741724
-4.48344922625357,18.8891424291024,37,0.0095056333337675
-1.61382206054072,19.006979737987,70,0.0112481800180842
-9.75129336202096,13.7371472162386,100,0.00328430307427665
-1.54401627134001,18.5102994014442,66,0.0102748526157553
-2.75160038557752,18.2338387622526,48,0.0094376057493415
0.174241997497246,6.15280367196178,40,0.00210001363696179
-1.85232380519455,18.930361163545,70,0.0109778371781531
8.43964598125883,5.95586203123576,47,0.00179638344834846
5.19856963316335,8.80276847871587,90,0.00249905472452251
0.486094174587841,6.28723914843139,61,0.00211562026698257
9.04899603141509,8.77389701696916,83,0.00219581472289707
-4.20446028457835,7.48853594272214,100,0.00225924683941462
-0.453111003582437,7.10254472910021,26,0.00230080989769068
-2.32304394139574,18.8740526659215,92,0.0103877764109079
2.59937057683562,28.4978639257549,100,0.0586062628294637
4.96477256921619,26.9771800318195,100,0.0283033383863866
1.65136015285059,6.3935346095706,42,0.00213360560201088
-6.9841394098097,13.182600861107,100,0.00364775090996486
-1.07388637748801,7.63396189649019,21,0.00241956846412664
6.73633238366378,6.21043898288327,46,0.00192442337178843
3.12633307760189,6.20384165424208,17,0.002077198337138
-0.752542334419247,8.87086044356196,80,0.00270196021450178
1.07474004332915,18.8137638426157,49,0.0112596364463704
-5.65793238822556,18.2968156706786,89,0.00750236340244502
4.06099666926887,6.5843279783525,38,0.00211015205309638
0.216213168356211,6.08388915595281,12,0.00209907388087861
-5.83209072410233,18.2034170135759,75,0.00736986231946169
-2.11807593132194,18.276215433856,37,0.00990492654488374
3.3711505145823,6.41059054426523,32,0.00210262564244498
1.86055023303999,18.7678419621627,65,0.0106891900266131
10.1641987307313,6.47330190427356,41,0.00176754752570414
-3.66249623950553,18.7980648640118,38,0.00997447080410857
-18.973094084716,18.1607678026919,73,0.00216319873093809
-12.3478901770113,4.48235463622256,100,0.00141054969285573
0.554453984139589,18.4807704625718,41,0.0107179357392567
2.11282417840172,5.83756659059907,41,0.00202221594454883
-4.94799700088904,18.3701673082106,32,0.00842715178544137
3.17716979935613,6.0650186145664,15,0.00205098549048072
4.3881262941196,6.36636472257367,17,0.0020666018952391
3.03526745751596,24.9162388055464,100,0.0359882389969468
4.81360542622929,18.6691024969246,58,0.00874377249194769
3.38307208529681,5.8597604634783,41,0.0019979577200207
0.24971744918392,18.1576110190561,83,0.00966896444851092
-0.352213538812522,18.1848280996264,75,0.00978876629763704
0.620880999761402,6.07960160735944,11,0.00209720072574222
-5.65285775579827,18.6308565017868,52,0.008113214914456
-2.33705375656602,18.2370221421497,82,0.00932937573803512
-0.494200359025362,8.74972875495314,31,0.00270639705214393
6.33600418835568,6.18989144906806,86,0.00192569470782535
-7.68436023249754,18.3491147365449,75,0.00633188558598431
3.38076740877803,5.152188863011,100,0.00186208851389249
3.81609203260879,18.4387551499965,75,0.00894881018402797
-3.45169851922897,18.6721244801961,41,0.00986631257433517
-5.64035167779251,18.6373165132152,52,0.0081303950618491
-12.7167198897867,18.6920541654049,83,0.00392172463762165
-1.06637959546546,7.97376056032122,22,0.00250156450846684
2.48009256508683,-10.7847673280155,49,0.000664246412374693
-13.5749774572191,18.2593687304656,77,0.00350782588287294
-16.8792031953111,18.735674460094,84,0.00264911630983118
-0.525586822306269,8.26327504194441,42,0.00256767554549166
0.920558456792436,8.73521149081698,73,0.00266771075772263
2.0996147209402,5.84327575475926,20,0.0020321075236155
1.86355893459008,18.415389798209,73,0.00991101319418493
-11.3698602510854,18.8945246269178,38,0.00466468755006359
-1.19689023855345,6.72956491983104,19,0.00221837182541815
3.10731000184523,8.90639399842757,48,0.00266921201588156
-0.861708045591389,7.89333848918395,35,0.00247610274788303
-1.77201016438058,18.5713896429493,93,0.0100359023494476
-2.18822187006806,18.2227716856941,35,0.0097953453946395
-5.51190257461403,18.7470226684892,37,0.00847091868342161
-17.5012411936192,8.54828809530779,100,0.00145099049457613
-2.0602529621749,18.5728318479208,96,0.00989902112745248
1.25493077736061,18.1637280332041,57,0.00978305992822168
-1.09442305207593,6.72026598919609,31,0.00221170744749923
-5.10383115404585,18.1699055895439,36,0.00803393709251988
-5.37566255415939,12.6944278445799,100,0.00371981172574693
-4.48344922625357,18.8891424291024,37,0.0095056333337675
1.84974866373737,18.2042637349279,66,0.00959880095315754
-4.71581222679664,18.3144849168862,94,0.00808535962604072
1.56006168199972,8.39248844163355,61,0.00257422180003765
-0.454432517643942,18.2968095784873,37,0.0103857520621359
2.32650697336253,6.12910049205696,65,0.00206143344630358
-0.596028125624258,29.8164342005099,100,0.0710275172200574
-2.16423429050775,18.9413391610876,37,0.011254991752707
-3.1730930552804,18.44694212349,35,0.00969946741602594
-6.27191423418458,18.2413902668132,71,0.00714901880839821
-0.0894685066320538,6.01316037063274,24,0.00208052721026493
-2.62597089959628,11.9733984884832,100,0.00371443296323022
4.04607755116602,28.3035894325013,100,0.0377822994382412
-5.83586101625548,18.6241299436556,52,0.0079692452395215
-0.798907386125966,6.2786736160678,22,0.00212971569424321