5.01491239479979,18.7305216597253,60,0.00866398821405433
3.17828252303771,25.0418775577707,100,0.0357765618986714
-0.99997493636251,6.00757124968114,16,0.00207864079162674
-1.09688409515839,29.1265823281557,100,0.0787075796100258
7.92591180095821,8.30842364370309,70,0.00220734209030998
-1.22665666407527,22.0398078273618,100,0.0220776334805398
0.374311655197634,27.12819983957,100,0.0992215978961162
0.699282093309101,24.4617649383204,100,0.0455655653265137
-0.637528855202449,7.83982612836649,34,0.00246570034146315
-0.865374671713391,6.13940463222792,15,0.00210531713911192
-0.858092947766307,26.2679107603512,100,0.0758955212912304
0.84454497172849,25.7989715130361,100,0.067262206117043
0.423551932364046,18.8114442366635,51,0.0113534282346813
5.41546910219797,18.333952017946,83,0.00773410511242372
2.96232976031729,27.5917154755593,100,0.0533360675769099
-0.384522099966221,5.94303021764701,20,0.00206843803112518
0.910675653038147,18.1628718098701,50,0.00992175767137218
-1.13215450586849,7.32971343007884,38,0.00233903802828323
6.48474555416145,24.2970753630759,100,0.0154664294110903
5.8661366980058,19.0007323577553,86,0.00816852782021899
5.857582917376,19.4342523070521,87,0.00870122642738148
-1.05224654181075,8.54952011340608,54,0.00262915331859869
-1.02712469798095,6.15377921134492,38,0.00209656943527774
2.83526442738553,28.7904264411273,100,0.053182664157135
2.51381849754577,28.7824827530478,100,0.0585858107178041
6.48237478940444,28.437453637568,100,0.0191372140325373
4.71223336547712,25.7496413756108,100,0.0273485767140278
2.86829562971547,27.2866472013688,100,0.05417625275224
-3.11536197639176,25.6716128389663,100,0.0409820465965365
-1.04903883968507,6.43662895786345,40,0.00215046706649193
8.45626312947794,6.40110399406948,39,0.00186272935838494
2.01571934038994,6.42284603235777,35,0.00213643861662829
-1.3732905078111,18.1676967013838,33,0.00999484003685354
5.86866718341604,19.6313500828681,87,0.00894668265011044
-0.0363863262805385,6.58307767704937,39,0.00218549457165643
10.6696575750113,8.51273764012,62,0.00201894997671713
-1.04680129385671,18.9274518829794,49,0.0115327899851727
-0.793581938280145,7.48832987369531,35,0.00238046457567915
2.29505364696456,6.29721471921005,42,0.00210360120388932
0.961377109727041,29.0120283320228,100,0.0823074431122778
5.62809168403399,19.2454289552862,82,0.00869500625788981
5.50712308412937,19.564098363257,82,0.0092360073013799
-0.927945736855502,6.09889121397677,16,0.00209660429970339
5.30388966250478,28.0546136619241,100,0.0262676501575532
8.91616651811151,8.50877952813152,73,0.00216348791234721
3.27781388103432,30.1750611434871,100,0.0384632371297938
4.8534806020306,18.366403423368,80,0.00815600047178732
-1.20141294779171,6.82480902163502,34,0.00223077032129746
1.37723555128047,26.6310858669939,100,0.0751255732262465
2.92926448412198,30.7892548262141,100,0.0369619002306376
5.33562935479037,21.1198229901075,91,0.011916595264684
0.455960584278162,27.6602346120126,100,0.10363444425635
5.8775152443043,20.2262389818817,89,0.00974285096923031
0.838336064491338,29.0502523886461,100,0.0832115123461867
4.89106983170895,29.4948062081507,100,0.0274031789757347
5.84673718948573,19.6947131304892,83,0.00908451461697907
2.51924443797715,25.4230742688523,100,0.0450608285383652
0.55744796623251,27.5516403800841,97,0.105179041970232
0.249351027867097,27.9224812251971,99,0.106758599288853
2.28497816788551,26.7362057273947,100,0.0610209371553471
2.43711896532206,18.6547619467054,91,0.00993051530080778
-0.451586658307332,18.3700092847794,49,0.0104070931724244
-1.09332367540589,18.4719193427169,49,0.0105091008408275
3.26573726960147,18.4465164641682,45,0.00955082660148671
0.498235374243428,27.2704312667965,100,0.100017118574463
0.661046496143616,27.2287451481219,100,0.0976750711252169
1.46908125535209,29.1337955215858,100,0.0731068536908484
3.24481235103321,18.1629869248242,81,0.00880391447418392
0.49291753467904,6.16526687841708,12,0.00211390107686465
0.129086046311505,18.4891881101096,48,0.0106891349054764
-0.45339435885142,29.592559406488,100,0.0763122966710711
1.06123531220423,18.6699798328821,49,0.0109401522835991
-0.24032333705112,26.9847336173688,97,0.100735253421262
-0.206960859915898,30.2168634049684,100,0.0645460517223148
2.12753034554482,34.567552203283,100,0.0168344314193773
-2.94272407770456,32.8712771594498,100,0.0229036622437348
1.06344125777671,32.7430674965024,100,0.0286827270364495
0.588957866509107,18.3086202112477,50,0.0102563749995288
-2.42156237727841,30.8076467594601,100,0.0409059822025698
-1.64179868468731,18.2041543003734,49,0.00982745686239621
0.800431424524553,28.2808702671909,100,0.0978685829032983
5.63261193896678,32.6305867382845,100,0.0155342156110473
0.642490129506899,8.85036827191772,37,0.00272905746020574
-1.99000097383884,28.9610072609124,100,0.0663543533871768
-0.308023416643939,28.9185689457504,100,0.0899779670530929
-1.22675015100296,6.35449249791645,29,0.00213745584563536
5.51792990740303,19.8194949456344,90,0.00952216393389913
-0.481643553462878,29.0916356518996,100,0.0858600190378687
-0.351113903000728,18.8595676949343,95,0.0109224788218355
5.02782541186589,18.5764499229825,89,0.00824488792079882
0.700510661959689,28.450973653278,98,0.099606494859592
0.337968770048878,6.21710626546232,42,0.00211111399076286
-0.824336485400244,8.56866782123853,53,0.0026379397959477
5.25113757900662,21.1891274708803,83,0.0123012616055192
0.48082105755977,28.3854024658475,98,0.103019081036643
5.94278371732816,19.8547266616305,89,0.00915567582322264
1.23283420348692,18.3417188807831,50,0.0101997018225962
3.35832366281493,5.9307806914013,41,0.00201116519566639
5.65047046144271,18.492249428987,65,0.00786740457109973
-0.451900700438987,8.22575764423961,34,0.00256372645216543
0.406118656426423,27.6768774128579,96,0.108696593076426
0.564425439032399,27.0890020660817,100,0.0969375400084445
5.8684441887006,26.7716082890759,100,0.0219650238888716
3.69381493488365,25.2322963130746,100,0.0328336151441395
1.68091848921818,24.1836842088923,100,0.0380939721167066
-0.785391705887608,6.67199140074492,14,0.0022128695703697
0.310355225459956,27.0747368603736,99,0.0998412436096342
0.0619716813982384,30.0537586800942,100,0.0679717364634089
0.534630613943671,6.30396557058212,33,0.00213127490666379
-0.975949482783247,18.4986808992606,42,0.0106711159944599
-0.706019742493321,8.88879543164576,38,0.00273857840674071
0.746048620054446,28.8160687855791,100,0.0879562040136217
-0.463430929149908,8.45480813968375,34,0.00262380970080899
0.466602006651724,27.708738254437,98,0.105910068619082
5.66893991866237,18.3340753504679,91,0.00752419035240544
-3.45650932492037,19.0279644912511,49,0.0104411230403484
1.38178736602536,31.0389897179144,100,0.0456444751206638
4.60544565763242,24.2963745279933,100,0.0228209603949639
1.59801811650562,26.4783877493026,100,0.0696042901302965
1.50952491119885,18.5789937531245,50,0.0105999933188385
5.02921307297051,29.8609404210361,100,0.0255148886211989
0.254390863127221,6.80072499248622,32,0.00223358457398306
1.46090271391221,18.3945893535534,49,0.0102508767915302
-0.835352123622101,8.69962002272117,38,0.00268408580538733
-0.738236271358029,18.7604943955073,89,0.0107331277797257
2.284099668839,26.8916702592578,100,0.0622736021612278
0.120535170092908,6.08496265631417,35,0.00208933320643848
3.2915008524302,24.0959400388329,100,0.0286430938229595
-1.05663735053961,8.65566138484932,37,0.00266971676815496
2.96431687729625,8.13254713758157,47,0.00247764342280952
-0.790533577110211,6.47226744668643,35,0.0021620971413342
5.46315948340567,20.6498854587928,88,0.0109229112095613
0.751208997209935,28.3304741361399,99,0.0991522520863021
-2.11373147308079,18.7315930194823,50,0.0106701679292308
5.90747839264042,19.7694731086911,94,0.00903538878381425
0.768788504055107,27.8947898925393,96,0.104240920472557
5.24046440398803,18.9896076268183,79,0.00869797771998948
-1.40870801112074,23.9573894292163,100,0.0368657146562687
3.55411606774824,18.2477489577737,91,0.00869173186344824
0.664806939429031,26.4746421176659,100,0.0815287608515991
4.12357748100549,26.5743387459498,100,0.0350127855945591
-0.994566147503779,8.61499081531921,43,0.00265528007349423
-0.11157789775038,18.3481122088004,47,0.0104044231209884
5.38340626190744,18.2920605183348,83,0.00770705913644244
-1.66942807448778,18.3060150258344,56,0.00994132299667952
-0.900207959085002,18.3714428728796,50,0.0103340434721937
2.87079543998686,25.6193912145859,100,0.0431623622635997
-0.84867616387859,8.76909999639213,35,0.00270540152945277
1.42970960760576,8.62712685431337,71,0.0026316065453054
4.17358166886708,18.4481211673043,85,0.00866352103866189
3.45061806836298,20.6338389316112,87,0.0135606036356355
4.52965698984593,23.3542940214237,100,0.0197116904031841
3.75184172123523,18.7426367741288,82,0.00940502285455492
2.57322084182251,18.366577884382,55,0.00969264678617517
5.73267003875565,28.0917595625771,100,0.0233548564697732
1.08810143066231,5.86515057897227,47,0.00203826754389918
-1.16725227655158,18.6967509410779,50,0.0109587528072668
-1.27231712714723,18.8030558565308,50,0.0111644007797937
-1.13137456716639,6.93122880872834,14,0.00226425587160306
0.00383505782608096,18.4820525840486,50,0.0106530203774029
5.55722013750333,20.7346856262774,93,0.010884778772877
2.83426755346438,18.4406252971062,91,0.0093648765073576
-0.803756462746164,8.16065902335314,35,0.00254349537232582
1.09919479866989,28.7725238894246,100,0.0837543717037278
4.61906831337614,18.3041695176963,58,0.00837701196626138
-1.03533278362814,8.15673820618239,37,0.00253845674543852
0.243656430365743,27.6784550735517,98,0.107598877693219
5.52219378168639,25.4517535742407,100,0.021644446072025
0.0724776008372284,6.008288524212,31,0.00207659497374809
1.20359133749527,27.5478187886752,100,0.0873525531131666
0.0710419259984708,28.3247405440107,99,0.105032267766208
-0.90547452244606,6.43487879487565,29,0.00215652183482303
4.66758101392659,18.8476173926287,56,0.00912969964369264
1.426357616621,18.1977435198285,50,0.00986985819192612
-0.106699404774293,18.7271656876754,82,0.0108057150900663
0.632011951258489,26.6540428180357,100,0.0850502577562145
10.3762707162364,8.68051838065339,70,0.00206838959296749
-0.333647765366318,18.5731025489552,47,0.0108717230949728
1.82158464803274,18.2126129188529,50,0.00977372905051672
2.04912143562932,27.6961701066695,100,0.0707857091314061
3.47924536785168,18.4643523717347,60,0.00931900740965269
0.855542105213185,29.4227823597675,100,0.0765030160354054
-0.0586185339715115,26.1942743496548,100,0.0788444775953507
-3.16557193035145,26.6101994462236,100,0.0465399036024252
5.37333829041986,18.4321204563101,64,0.00799475673377135
5.73764001546202,20.5270308562011,87,0.0103829141386023
0.941286354328157,28.0518695723481,98,0.0987814200366574
-1.01513325753552,25.4092932307798,100,0.0590196214453093
2.11352845548755,18.7454983907589,49,0.0107106895670356
-1.17491410655377,8.21731129784409,35,0.00255320110652131
-0.968316248194976,6.99194019684398,35,0.00226826223153939
4.88534735024817,18.3191978174182,98,0.00796063581487653
4.0647356695433,18.4241372559225,86,0.00868946344659063
2.73823665533967,25.4428401547005,100,0.0430152350106082
2.92696665361766,24.6102599454555,100,0.0344388460894451
1.14790900455865,5.94681701759418,33,0.00205862789507383
-0.109292492828893,27.074676845052,99,0.100688510316223
3.53350336472048,28.1064953017417,100,0.0445497833535234
1.57262098003785,18.6382194641811,49,0.0107137309368015
3.77227278529703,18.1595129105591,51,0.00874473919449177
0.932745298936627,18.5042406595301,50,0.0106017139431462
0.179223556376296,28.8120790169132,99,0.0976827313186038
5.37477805224114,20.9336471801345,87,0.0115632706305374
2.15656801078453,30.0712477739682,100,0.0514510781166244
2.46537583148279,8.76633188315704,58,0.00264974762532755
5.49706115045942,18.3571772835875,83,0.00770737805987894
-0.847892949897077,6.45168152506731,16,0.00216642974805168
4.82213757203766,18.4894646313987,50,0.00854816986906047
4.73332002769059,32.3298028058649,100,0.0191301849471864
5.61802908404245,18.529392805996,87,0.0077974810962718
5.37503650117598,19.0667963087432,87,0.00863303022773872
1.82158464803274,18.2126129188529,50,0.00977372905051672
15.2732865109911,8.89079363281197,72,0.00166319625441715
-1.22700961419231,8.34106084669197,56,0.00257040479342945
-0.672112249367075,6.14508487698199,39,0.00209712215624462
-1.8531142196273,25.8532497579247,100,0.0575803357883707
5.75100261984337,18.5710291623909,90,0.00773497083240054
0.807023391285383,27.5335619761914,97,0.101423407936839
5.86836933768338,18.9717536175219,86,0.00813261686442838
-1.18977262659606,7.73238064180116,34,0.00243375698500166
5.53577841612181,19.56956095479,82,0.00921678407488055
0.588322613071305,27.4715982020946,99,0.102051844981919
0.221574408332282,5.94327079417144,43,0.00205910757496371
5.80568461171729,18.7307687269591,81,0.00793195008535866
-1.15105819115684,29.214238039432,100,0.0765899100386612
-0.596028125624258,29.8164342005099,100,0.0710275172200574
3.64267518993687,24.7010228405226,100,0.0301595183131728
-3.29126179629051,28.2002528819864,100,0.0479654568395539
3.95796386169023,24.2237647066681,100,0.0257747413090074
0.306033386584562,27.9289101150316,96,0.109899333557147
3.80423929694925,18.2829270729138,58,0.00885604407246671
-0.0959528083603639,28.8559080887303,99,0.0970913378371602
0.171558855037072,6.02965193122924,29,0.00208138860156417
-2.55238692530921,18.6849973927205,50,0.010349928006261
4.07185293639407,30.0317241433574,100,0.0320594961006007
0.756096283174921,28.904939754773,100,0.0864902294373242
0.785526309831084,18.961378573903,89,0.0111575376887308
1.71537452658261,29.2778646245996,100,0.067338493339054
0.103639980883172,28.5630821429378,100,0.100965945308034
-0.331916290608095,6.26187616684873,15,0.00213199840354425
-1.10044274477599,6.54648019072395,37,0.00217329517023749
0.467010190236926,29.1158218362004,100,0.0855206322264929
-1.2361525546593,18.2533874330868,51,0.0100160434397388
-0.962907360889106,18.3752143855524,50,0.0103292135118009
2.59346419850451,29.1025854724427,100,0.0550418146407884
4.07443691274196,18.1708211539553,60,0.00851743982778173
0.550617276471376,18.2618188713302,51,0.0101571324686382
5.90042148611279,18.6135686572235,84,0.0077139470625359
-0.467892051108543,8.85811081235533,15,0.00274922644494017
1.85779275336976,30.3066961937462,100,0.0517259109127278
2.3826968438931,31.9019558566704,100,0.0313423982109385
1.10838052571469,25.5719532749109,100,0.0610861545414139
5.83354422250718,20.5451598330877,91,0.0102505012217608
5.76038391474396,19.0999622366746,83,0.00839327977633605
-0.250195657216766,18.8484579951592,37,0.0116422891462402
3.32723148828152,24.6451362219244,100,0.0319338171836189
1.32375282604625,26.7456715189303,100,0.0775325716992421
0.685990656399304,18.2712305751348,47,0.0101999410189086
5.49352234174234,29.8667642833891,100,0.0226747433945999
5.75484684338327,18.397757604841,91,0.00753711950585089
-0.905051799325812,8.12271261383576,39,0.00253017605175167
-0.114056712108286,30.7550212260522,100,0.0546806551520226
4.13580560812357,29.9748362095819,100,0.0317730692207901
-0.986597107444889,6.7855591643462,34,0.00222489943009386
0.782261181067962,27.4086450231894,97,0.100829108390432
-5.29761725599316,18.3224879325943,45,0.00803513225450479
8.9784842428396,28.3060988262695,100,0.0110238897952022
5.70515543247621,19.0175729626014,92,0.00827402442598648
-0.000432119623641536,28.3345662895958,100,0.103895650766346
-1.10220175666775,7.54916119165731,37,0.00239007894337337
0.197134236230774,6.14307619668856,32,0.00210164250721145
0.095125294956126,26.9994275139616,100,0.0984953624641377
-0.163431062241751,18.8475371990818,93,0.0109320117880554
-2.73695174681002,30.3524731097571,100,0.042376170169189
-1.22610109530242,7.14212606293034,37,0.00229681337795251
3.92980399189699,33.1285502659345,100,0.0188363074184248
-1.69754372750031,25.2140888534607,100,0.0505304651762168
4.24738348491421,32.011206065948,100,0.0221417639621758
10.1023325415873,8.43708435841939,77,0.00204936602901485
-5.0427493672794,27.7990318395107,100,0.0283012002143604
5.05818601184892,18.7160827267945,86,0.00842317564753072
-1.75983061081781,18.4503486573722,50,0.010249808348682
-0.139513272003126,25.4516580232737,100,0.0635868227348301
0.994794521342931,22.9022305903677,100,0.028183027481939
2.912289577233,18.686470816149,49,0.0101565384276428
-0.49043729932833,7.65598024061441,41,0.00241841548349906
3.31203129238407,26.7243296232418,100,0.0451200279421531
2.62408281072898,18.4654756869047,52,0.00987487370566812
4.96915131428062,29.0291565593996,100,0.0278106068229545
1.92982176481064,18.1604896689839,51,0.00963115686300305
-0.850014328633828,8.26608402125546,37,0.00256875599096175
3.92567932580048,8.31290558372731,82,0.00245912219138727
3.18185716171047,25.8167272996907,100,0.041313385858807
2.81460202908943,18.5537600105547,57,0.00988610325426206
-3.63474703251404,28.7417604934995,100,0.0418625313351594
-0.332668865573209,18.2483431686471,82,0.00984064332638595
0.838336064491338,29.0502523886461,100,0.0832115123461867
-0.770973439707252,18.7066504522836,48,0.0110985534464686
6.92158765060376,27.5828543556599,100,0.0172750741009953
5.55709182025375,19.5820953904123,90,0.00914691860611833
-1.46402832106585,18.6071647571008,50,0.0106743853547293
-0.719836073663057,6.11458608358329,39,0.00209101810342214
2.52077874047016,8.19553448286232,55,0.00250315941196083
5.31420278999886,18.5327644161725,85,0.0080216823585752
5.60232729173978,18.4087741548386,84,0.00769017210476303
-1.42876839452034,26.5668514571883,100,0.073433247446499
0.282310243533259,18.2329052843623,50,0.0101332063896108
-0.458859028613267,6.07909554652016,36,0.00208692813738849
3.67306581062274,29.4458070263656,100,0.0386051517759293
1.61969886676411,18.3784663488279,49,0.0101680431725582
-2.66839324772192,18.4910647506224,43,0.00998787200258123
5.3405602446958,18.6928513532796,78,0.00824525638268867
-0.419318257156803,5.96672691041303,33,0.00206719907923667
5.71973069648434,20.8427709949028,90,0.0108843339716392
1.4316923644631,28.7288274144266,100,0.0787187217654508
-0.323743186213454,6.08564615616592,33,0.00208994228738315
1.49775167834051,28.1435385215548,100,0.0818065842771654
-1.56761270155292,26.3513915722028,100,0.0683151613858656
5.55958085245685,19.1589780298391,87,0.00860294764563058
5.48428220346118,18.9574370151965,86,0.00841354361664921
1.71537452658261,29.2778646245996,100,0.067338493339054
-1.14071189008383,7.81812444741603,41,0.00245080898783732
0.587444870231902,27.7034054668714,99,0.103401903212177
1.70164157021447,6.03272365192307,36,0.00206662584813104
-0.505635920120972,25.5544778274135,100,0.0646086659975755
-0.361560218997204,29.0267576026631,100,0.0877950256045682
-1.04156077533816,6.93494043040135,47,0.00224923460510934
5.70191399991913,19.9189265179014,89,0.00948828724370328
1.3694428664643,28.4306432082666,100,0.08264053972569
1.52706810395334,26.1348458923067,100,0.0657317034558709
-1.23526068109857,7.31896754751081,38,0.00233529376152609
-0.621352604333436,7.62357050375493,26,0.0024186711309692
0.214323704951386,18.5381458353474,49,0.0107797022954572
2.12452014897354,23.5679452282483,100,0.0304442459930236
0.519712809713991,6.52804231906254,42,0.00217166469197842
-2.09113306712705,30.4840112087801,100,0.0472750907913724
3.51440837610704,6.11066730199058,41,0.00203898833431207
0.582430371485234,30.9158262780279,100,0.0510966663409452
2.2299293846043,18.1584314592775,50,0.00952217748343287
0.186098134760456,27.6136494890696,97,0.108731918091169
3.57067415037865,6.39774221277128,43,0.00208928662902785
1.90442342124028,29.6919685254309,100,0.0592437732657767
0.184255475626038,6.1073675631025,37,0.00209263802359752
0.917207164053531,18.9471361792036,49,0.011613937801072
4.36538954060682,18.2287224334992,57,0.00844288406007312
-0.532622508909571,6.65894950667362,28,0.00220496650207164
-1.07207735929839,6.76435991487387,15,0.00222901566645415
0.398278208590573,31.3386862987849,100,0.0451420643052802
5.40868483565691,22.8904529056351,100,0.0156583832273463
2.00717637757473,26.3237137484295,100,0.0613732977151268
2.49757351415873,31.5471604338194,100,0.0336418128662121
0.306270952983568,27.3744811116885,100,0.102756631786121
4.96587322949077,27.8528176254178,100,0.0289343749252871
5.39491248183404,19.7501943801256,91,0.00953333623863411
2.95873947441721,6.75544154885985,42,0.0021771802882564
0.118090507452293,27.1758704847506,100,0.10116674671787
-0.581859680950508,6.29425850365948,45,0.00212371006748416
2.02996510893925,27.4922547845649,100,0.0706319175488785
10.4122663249,8.53542811795701,73,0.00204038688347413
-2.08928789750769,29.7831680674767,100,0.0556794493862306
5.21576846135685,28.2833704706386,100,0.0268215605654781
-0.739014155645885,24.9372609595886,100,0.0526405263217984
4.66403021818001,18.1895049428966,83,0.00803235078466468
-0.283960975328871,18.3160677795307,42,0.0103850932158792
1.96956664371317,18.7115229614268,50,0.0106954803440237
7.96842108198016,21.4517281765106,100,0.00873526302293722
0.89167084357283,28.1121155772534,98,0.0994132868712886
2.68127894969072,29.5055995412505,100,0.0505198771803631
-0.852854352135757,29.012597546895,100,0.083654045419603
-0.364536686826566,18.3987203040847,51,0.0104522603453785
0.20494443861389,20.6528577834529,99,0.0159226248950022
2.09190071792363,25.9323664525852,100,0.0555630089847091
5.42733186176046,20.7401856969226,83,0.0111899023070157
2.24757223644934,18.2191120057932,83,0.00932634578708529
0.883945119115658,30.0930620418774,100,0.0638430684960065
0.779462756711489,27.5586594531597,99,0.0999988539166769
0.412534419516257,29.1950232076275,100,0.08438694935479
0.976037467975345,29.0811516320594,100,0.0810251701388186
0.848406993136257,30.2544502124758,100,0.0611685523452766
5.67635818380685,24.364245153292,100,0.0183989304032781
5.15515469524419,6.23529694202198,41,0.00200297301434587
0.099140266013903,18.9845182090039,49,0.0118193609370405
2.29551774980741,29.8818408785547,100,0.0519392916352877
0.321876429557564,26.5459723386441,100,0.0852186373231559
1.65094740583601,18.7608683753818,54,0.010888108868709
1.61647590811207,28.696961991897,100,0.0756862890281483
0.836650889760959,19.0451732252249,57,0.0117613928637876
-1.14282150545839,6.22362027374323,41,0.00210751067445671
-0.929067330731826,7.24247629207779,15,0.00233428116332049
-0.320365015338127,29.4964024451896,100,0.0788805036826507
-0.712909120837808,18.4664914300901,52,0.0105406888052702
2.16658985165449,18.3843768758339,82,0.00965195383906343
5.44207863310221,20.2581758790669,50,0.0107153871743155
-0.608935509588429,6.45455614744634,15,0.00216911395230412
2.30525281266973,26.6314516577828,100,0.0597815839251561
5.54870854921444,18.2290169134243,91,0.00748677798827564
0.14735832285452,28.2222253243476,100,0.104678852199954
0.392711894270105,6.68909482614881,13,0.00221919044171174
5.55702033837217,20.1230593382907,81,0.0100239723950217
1.9630382334613,24.4186459749518,100,0.0390534330075817
5.05622635027241,28.0178924835023,100,0.028176184141834
0.42940788589761,28.7289943954214,99,0.0976715475729737
0.252633928600094,6.04638241413082,27,0.00208527676636947
-0.19384273124866,30.1434378701608,100,0.0660195802272566
5.69890818860964,19.0037038812938,66,0.00844349095119692
5.46116950119434,19.23818338466,82,0.00882749623705181
-0.319188109803417,26.2218990583526,100,0.07880030714557
-0.770801480296639,7.09511119028932,38,0.00229080870652636
-1.75162212642943,26.6416039690343,100,0.0691721665814746
3.07174006690932,18.5755407225132,49,0.00985603104834356
4.40543463805828,29.2077750998587,100,0.0321315877994621
0.661180915734803,27.6684882199448,97,0.104435241286894
5.68929570739217,18.3871890967367,86,0.00759724593724067
5.6237508651469,19.7577320179268,83,0.00939016981935667
-0.925413447295606,7.21342966782835,40,0.00231433648429011
-0.618532163571635,27.1585657762839,100,0.0973015635539265
1.1116714674726,8.87393120048697,41,0.00272661922235782
-1.18769729061821,6.27800483773753,52,0.00211261290781257
-0.348320699795057,26.9259987035767,97,0.0990393611915779
7.74696734917922,27.1343361106952,100,0.0141954945751288
2.21764598298423,23.4834412803665,100,0.0294255789779533
0.693303648105491,27.1283932081397,100,0.091585758530848
5.50054075795041,20.4971024836714,86,0.0106397231969248
5.75527652839631,29.5572554420275,100,0.0217861645450357
1.93455904408493,27.6331164941597,100,0.07301637992164
1.90414009478399,30.8453250315494,100,0.0445800901866027
-1.08105737141217,8.2061029058632,34,0.00255236214004882
2.37848967542948,18.7925381546651,49,0.0106724167524243
15.2365726692426,8.78478685099631,71,0.00165545085023615
-0.193229310225002,29.0286805320176,100,0.088485670577124
-1.0960620890228,18.2404235991619,87,0.00967469994885571
5.54126679398559,20.3000711743355,89,0.0102377358334027
5.58866148349765,19.619643736125,82,0.00923719465973848
5.30676219021684,6.19969568361698,39,0.0019912978556904
5.39204408278248,19.2184921680835,81,0.00886743708775111
5.07198370020585,18.5361491166473,86,0.00818442725969466
0.961377109727041,29.0120283320228,100,0.0823074431122778
5.07448249893485,6.55087983261296,38,0.00206363148959184
5.72098878541223,20.3721637316286,91,0.0101197252032782
5.59550134068524,18.3393426231397,82,0.00762909860714661
3.35846211320871,5.88682610309517,14,0.00201428146722774
5.66906477107074,19.26249749097,81,0.00868978882037461
-3.43107512795608,27.4168267401772,100,0.045723114906856
2.67949442065939,28.2946122279766,100,0.0579088907926347
5.52318549928255,18.4145866716747,83,0.00775519895374464
3.07801433674264,18.2268770599465,49,0.00925103271080847
6.46911226466737,5.98971267040902,35,0.00190616362238624
-0.0045688069881239,27.7732070832722,98,0.108592136464196
3.11941757958695,25.8553090001368,100,0.0422734524123101
0.863848694193813,28.2902581817791,100,0.0967932886209904
3.3983048229762,18.1686155339158,51,0.00896890246182643
0.179223556376296,28.8120790169132,99,0.0976827313186038
4.71354909207852,18.8035760762265,90,0.00875965524522718
-0.610753517188745,18.640337271291,50,0.010953023833812
-0.749061724126109,7.12152709678234,21,0.002305754008368
3.88281576513829,18.5280845354942,84,0.00896981897959157
-2.77487129475089,18.4654079119287,50,0.00981522913362482
5.71417972625579,19.0163630571053,92,0.00826551320994368
0.683889220333312,32.2230479712206,100,0.0340204208145936
1.86917062262547,25.9790065280095,100,0.0590402917010687
0.140962002462942,6.40953902798215,35,0.00215240692852492
3.58817926503596,26.9503522401164,100,0.0423625793114294
5.37413943320224,18.2751188940784,82,0.0076996513125965
0.882662885885648,29.9646751402639,100,0.0662052119130209
5.65768190099017,18.3475304016191,88,0.00756309774596984
4.39792662162015,28.2981938425247,100,0.033974672159265
-1.22286448835198,18.1836202037047,42,0.00997479962801253
9.17962244614153,8.16256657255081,70,0.0020824481369056
-0.702672724938169,6.75489109672685,36,0.00221989116906861
-1.52440480274383,26.2169478896411,100,0.0669859996525299
0.259310755640934,6.05529417492774,33,0.00208434367370937
-0.288325387111888,29.4404080715161,100,0.0801415831017254
5.38760481489843,19.0744662179847,87,0.0086329987783723
1.40115743925588,18.2035111239837,55,0.00983904432487707
4.24070606740064,27.8711084569012,100,0.0358619788937387
5.61706267318065,18.5113528591685,57,0.00796351415297542
-1.05900186143484,7.42786837664726,35,0.00236381479402618
-1.34547681905341,26.7533761810947,100,0.0772877519642435
-0.903809401965525,6.7515134238952,34,0.00221858252184111
5.04832037853965,20.276477946652,91,0.0107509437784033
1.92979376474502,18.4986116062557,89,0.00988300156932121
3.71902318315239,18.5331761072347,80,0.00911204652938757
0.884533521278931,5.88718529275606,29,0.00205152489535168
2.70320306840383,23.5561722055252,100,0.0279783835462769
5.81392072021903,20.503822337587,91,0.0102109368819312
2.1473978346277,18.5595590217503,92,0.00987815224381108
0.86151613629659,27.4734554907882,100,0.097147897167451
-0.811891328298724,8.62185058329501,15,0.00267942710279112
-0.794731329364889,5.99550274151692,15,0.00207838470690074
-2.53347306156416,18.7578517421445,51,0.010494160983995
2.1706233460529,25.8675141299772,100,0.0537995049174758
5.2205203482513,18.8069605160697,90,0.00839385774318867
-0.556409414811495,25.868252236449,100,0.0705090589828562
-0.308023416643939,28.9185689457504,100,0.0899779670530929
1.72943919068683,5.93469660993039,33,0.00204932697675206
1.84383498864839,18.8428483933421,92,0.0105449594850607
-1.16372161086144,31.772336326687,100,0.0376620092876381
1.58274740593767,29.5122529385541,100,0.0660853487473341
0.629380501150602,28.2491072747904,98,0.102589732863381
3.61744100772248,27.6580417388265,100,0.0434250797716981
5.93529816893742,19.3291243282219,85,0.00851602406249822
1.23369506470087,32.0147228312358,100,0.034874241978061
-0.900099299664222,7.64415143821989,37,0.00241463261281167
5.19143714788882,18.1635152024816,82,0.00768652484514832
4.20288776546496,24.8275514218322,100,0.0271971886461691
2.49046524674758,18.2553783810794,53,0.00955329617274304
0.0977058275701729,27.1378873122744,99,0.101690302271408
-0.425561020892165,18.8962740040771,90,0.0110555090937551
0.958275567431052,24.5877031936068,100,0.0464353712727507
-0.767675325700817,7.14227255362162,37,0.0023016773430191
11.402194263672,8.89103361752777,71,0.00200851770866127
2.52717953370312,26.3389331159141,100,0.0537488716472797
5.66499743225974,20.3586135429613,81,0.0102687816615444
3.98462450365923,18.3242459079106,83,0.0086182818970237
3.6636115286297,18.3928242554506,48,0.00919338475679672
-0.723739080850877,7.52714605469371,38,0.00238834486365777
-0.139691420425786,18.4773482647281,41,0.0107436937147305
3.44050430246959,27.8217848155222,100,0.0459989509165643
-0.21043421411292,36.1363699776461,100,0.0127513402484826
5.5165582057464,20.7247414937185,82,0.0110542474690744
0.888938956568135,6.44833227541566,42,0.00215329919179621
0.885428896787959,28.1310675172768,100,0.0974868522252421
6.27106715918703,31.9298222325151,100,0.0152020321465831
5.3317006498128,18.8101145600026,82,0.00837164569764721
3.31694761986483,29.4694580320664,100,0.0425721761542846
1.21890918340651,18.3484024284155,47,0.0102479241802536
-2.4288831544403,18.6345217017499,42,0.0104022848942049
-0.567078573563869,8.33291816881889,53,0.00257813179222502
5.62504442592284,21.0983729817091,89,0.011470726317488
-0.652332418681882,6.4601234267886,22,0.00216668692300838
5.05982795598915,21.2449773530262,95,0.0125348257834875
-1.49091493644204,18.2514344577565,51,0.00994311460737946
2.52508278643154,18.4169625325276,57,0.00978748053532406
3.76783150975418,6.34628813905985,37,0.00207602173463556
-1.21054016302111,8.16073336948983,35,0.00253822437818776
5.31782032109917,18.1670657420643,81,0.00761863285923494
5.61428923660041,18.3009182494376,77,0.00760335345717234
2.25787311194312,26.7711429574854,100,0.0617768505946728
4.42370447007247,18.717506044379,85,0.00888273379998624
3.66957584290819,18.2569821934459,84,0.00869501150970352
5.84932855083621,19.100803976559,87,0.00829456938896908
11.0270132259096,8.23070319226133,72,0.00194154463609321
-1.22929625250909,7.42577494289658,38,0.00235949096782651
-1.22416289029004,6.45622539310008,37,0.00215390029649092
1.78222400372985,27.8406272630866,100,0.0764657698013967
0.755556402534234,18.6187500073705,66,0.0106957124182561
4.21633458920324,31.0100430995612,100,0.0266003678818707
-0.124319606407692,6.44966704354955,34,0.00216089258427675
-0.3854054920108,30.0483722906573,100,0.0674167744473629
0.7505073290317,29.4564668410585,100,0.0768697207172465
1.46264563542535,5.92346976498005,34,0.00205041600165756
-0.862539103696938,29.4952443277558,100,0.0751035055304928
5.58539535788123,20.5304119805381,82,0.0106339290733581
4.02973273355827,18.2203741725453,60,0.00861430630395599
1.13005231627656,27.0830727680432,100,0.0848640266503366
-4.02400992655966,26.6428733595453,100,0.0362607049804195
5.60053643536857,19.1124808978697,50,0.00878675014506124
0.716781217765166,27.3585535221456,97,0.1013431540781
-0.288325387111888,29.4404080715161,100,0.0801415831017254
4.36529487274598,26.7350422230624,100,0.0330850726473473
-0.523732597624935,8.26554066849329,16,0.00258553892328089
5.8355080970693,20.8796375597025,83,0.0108699352488639
2.41773945128618,6.08803273536831,13,0.0020741774218344
2.20298390235295,18.5445354364563,48,0.0102716815641907
3.69142531799375,28.329715364146,100,0.0421104156655817
0.178938512612653,6.28261350892274,11,0.00213826007988288
0.0808224004738041,5.81812170026245,34,0.00203995700653033
0.302720032374639,27.6031896561542,98,0.106846428415142
1.64742380435299,28.7327250657974,100,0.0747691569352878
5.28413750643167,19.5811126680488,84,0.00945326587054294
5.26069358026954,20.6387410945246,91,0.0111308589719916
0.722097743728521,28.3911083607702,97,0.100977562508835
0.0475694864149718,27.2008228054666,100,0.101632129427016
1.34657630527592,28.2941951010667,100,0.084021458306308
-0.685318191418182,8.53561763437346,41,0.00263886933151411
0.308153634521789,6.23330001965458,33,0.00211835879404792
2.46784323647925,24.959297092234,100,0.0409626245231459
1.11973823531819,28.1901618352281,100,0.0887862434711631
0.421677849244225,27.4884737266051,100,0.102904333410108
0.890727572742185,5.88159636162617,41,0.00204541247846768
5.24632724056589,32.036904610279,100,0.0182278318992848
3.50342155564183,5.81715735557,14,0.00199793670985936
-0.551142239712154,26.0611347002992,100,0.0743764192423721
-1.11535891254168,8.38631775447344,38,0.00259593635343808
1.41157568257106,18.5180687163873,47,0.0105387052817426
1.27151356101096,6.08416203791648,47,0.0020770214099374
-1.0516313121338,7.29210674772735,33,0.00233428885366497
4.14311712646314,18.5047942780636,86,0.00875584543632841
0.0475694864149718,27.2008228054666,100,0.101632129427016
1.07744391779433,6.63897343893834,36,0.00219275979794528
-0.0391942665244362,26.235617848334,100,0.079711954282775
0.89167084357283,28.1121155772534,98,0.0994132868712886
0.450738256162453,28.2335783619574,98,0.104791002838947
0.207228711422612,27.5953851307525,99,0.106217772852716
-0.108967074441409,28.6295747095625,100,0.0999678246853203
5.00742694303572,18.9161750445208,91,0.00868889480030021
5.14654540907596,5.90842821862539,38,0.00194888583632427
2.20240519001306,18.2821136239366,48,0.00977410389294151
0.560073327737057,25.5489102854741,100,0.0642610283977564
2.38194747156127,18.5970580015424,91,0.00985224943401418
4.2292409266803,18.8828894549516,49,0.00958789490725299
-0.740244954451423,6.08103999053332,25,0.00209062486542051
-0.574191351029878,8.70673879130934,44,0.00268438035739242
2.05257430328969,18.7052834636862,56,0.0105769153410573
4.38680024304529,18.5313069456426,89,0.00861381434431938
2.7923741758475,26.7877377584631,100,0.0530482829991437
-1.54228535020623,32.8521048776916,100,0.0268900920194565
3.52910785943968,30.5289722754434,100,0.0339300263152745
5.45313339127861,19.2075180508457,86,0.00876236086941779
-1.22261299599756,18.922286015726,47,0.0114941729373256
0.920609753526074,27.3603786005352,100,0.090914213421196
15.177532801937,8.70535915528147,69,0.00165260271352019
-0.596028125624258,29.8164342005099,100,0.0710275172200574
-0.90005365368697,7.09908865706767,16,0.0023021431748174
0.496487429258374,28.3106799132319,99,0.102569364470904
-0.238494520138094,26.9105081381051,99,0.0974491454015597
-1.00958797470025,6.22483998803735,30,0.00211392406136388
1.60175960299378,29.1701907842909,100,0.0705218762726291
1.85800148156553,26.0587549056652,100,0.060233319556704
3.3662157312758,27.7339023625243,100,0.0470618750364133
6.05295181668637,24.6448376537397,100,0.0175794990105476
-0.208041610494089,18.3199431723422,48,0.0103326551277821
3.20657761627796,18.8022389964836,94,0.00974197764851805
0.634386255391343,27.8247810334969,98,0.104114881789817
0.563284778589568,27.2799150261786,97,0.102498676496168
-0.769900405957344,5.94124486830051,20,0.00206620216168016
-0.471241508663386,6.49686316198765,15,0.00217836692775587
5.48750915896403,19.36123113843,82,0.00897151975089059
5.77470597869361,20.4919331138921,89,0.0102611618997031
-0.723018715394426,18.7554706357516,68,0.0109722855443098
-1.44395409633012,26.1254336424118,100,0.0666710562068699
5.84102113393124,19.5164260916234,95,0.0087600671365787
0.444502675130947,27.7615342536822,97,0.107428428552894
-1.93775349313256,26.3205371429803,100,0.0623844296314201
5.81816172563385,28.0545436077599,100,0.0228365905571208
0.817966031710487,25.4507067719707,100,0.061047383522749
0.161082921175352,28.510307454168,100,0.101540967716469
-0.715332015665686,7.620188562133,39,0.00240956486509189
0.118090507452293,27.1758704847506,100,0.10116674671787
0.123743750911014,26.1638825056136,100,0.07814135730023
4.67903338641765,18.4514730661607,80,0.00837956146358998
-0.183096093288358,8.77564745242036,38,0.00271006965961588
-0.567191344455946,6.2549669189555,33,0.00212154969557057
-1.16807446870715,29.4254458068438,100,0.0729280181567128
5.88323917986856,19.92402045613,86,0.00933594453447412
1.61647590811207,28.696961991897,100,0.0756862890281483
2.93253725578381,29.0131897079598,100,0.0504343083429046
4.93423912248158,18.6188051654892,82,0.00841253461375502
1.51311135427178,18.989624228508,49,0.0115212686449229
0.793711221572619,28.4520862853596,100,0.0963383540331514
5.49653925458097,19.9270770111734,93,0.00967456515794195
-1.08812065662465,29.9721889294304,100,0.0643453860459411
1.64275488362567,31.1740033606426,100,0.0424194838438298
0.838336064491338,29.0502523886461,100,0.0832115123461867
-1.25789915527783,28.8658523474022,100,0.080047613757856
2.59852877460724,25.782340640574,100,0.0476754483470193
2.24574488452479,6.20580478783573,37,0.00208941850088012
-1.04955799697162,26.5592892156876,100,0.0787548121428023
0.352175873551242,26.2653764092296,100,0.0795431366225973
2.86411949148623,6.23713628999729,41,0.00207984154678909
0.736551928016257,27.0991611443576,100,0.0907089830977325
5.2127292521267,20.5987748203127,91,0.0111213816904838
5.58022392796655,18.4987075928488,60,0.00795564994131112
6.22791871611752,26.378121427766,100,0.0196511528707908
5.81555351578243,20.7156109397272,89,0.0105617123405165
4.22614331595111,18.638468004308,54,0.00915577087115041
2.28096934624856,18.2446802743818,50,0.00965419069895805
3.1958194404914,18.9636722629274,82,0.0101542534619692
0.339356438918444,28.0118046987028,100,0.10483461827047
3.02333371271239,18.4092613132442,49,0.00958944078426018
1.75319063262427,23.8790990904141,100,0.0346835767242315
0.982684209732153,18.1640114563241,81,0.00961512321138592
1.47665231278163,29.4761433136531,100,0.0680761680014671
0.793711221572619,28.4520862853596,100,0.0963383540331514
0.102687444016111,27.1367409405806,98,0.102706971096548
4.81997533881542,18.8755903724627,92,0.0087661637442394
1.90850552830372,18.3934035194314,50,0.0100823485234109
0.0303005466393435,27.7793751666736,98,0.108593912902153
7.22048735056118,36.044296541755,100,0.00775200280312161
-1.2455560670243,6.79729981183932,25,0.00222894965053673
1.66699640216677,18.4852290702557,56,0.0102891901998985
0.552328483231848,27.5256227148637,98,0.103964122156344
0.719328868786991,27.2240582272922,99,0.097804970598053
2.79840262701069,29.4205291708237,100,0.0495946795250648
-0.518034390708723,6.08446814521278,40,0.00208595395504061
8.65566175550007,8.56509726213016,68,0.00219798363388184
0.498235374243428,27.2704312667965,100,0.100017118574463
-0.523944078897802,6.52625707597068,11,0.00218599860869979
0.249742150888559,28.6263674605926,99,0.100514658536986
14.3720947954761,8.30982915315422,72,0.00167527869070043
1.08165903022853,18.678912245229,48,0.0109665895725012
4.48462776118985,18.3487293895245,60,0.00851059023469523
0.263602867862635,5.946894835777,38,0.00206181815543352
2.90548414568362,18.3851256787535,85,0.00929026980446682
4.34196181067861,18.6893734747274,87,0.00888283355066652
-0.0365269774737739,27.5408205229155,99,0.106326420496187
2.4674222774281,27.4873584133544,100,0.0620002894303823
1.69639194019681,26.375286832673,100,0.0667254303078988
-3.85788902122432,27.209796163536,100,0.0396688739979421
5.81241836368821,19.8616563282853,89,0.00929553955263343
-0.454012224075197,18.8148676061298,50,0.0113708848055347
-1.64832775115314,25.7950449269258,100,0.0592166971830657
0.225606040835768,27.2679307657769,100,0.102000131804192
3.25796904030699,18.3027010916517,45,0.00931263902637476
4.48205733871445,27.4763640001448,100,0.0331807414542967
3.32508182753077,25.9853006087064,100,0.0408558452291332
5.00036173083404,18.2195233800394,83,0.00786366079108826
5.74978109825066,19.4641037370184,83,0.00886738576502045
11.1044341971082,29.0496297005454,100,0.00742822078686899
0.430257370867391,26.9300136098681,100,0.0912967193895516
2.68739020124743,27.1133506891265,100,0.0565534148900201
5.10425360297512,18.773266223798,56,0.00868465701246692
4.09709394989047,25.3320721824487,100,0.0302262307370315
0.294136583076823,27.5824188649948,100,0.104545041421079
-0.9441717503705,18.8029849009577,50,0.0112556373855744
16.6035861572825,8.82199509828328,72,0.00154733429084345
-4.11146723078445,18.2351953437276,50,0.00866057182311962
1.65785263975994,5.90155441772662,42,0.00204049534427463
-1.26378406098639,18.2005522489694,50,0.00991798264507032
0.00182670375854377,29.5732408074666,100,0.0779303894030852
0.832772284222751,28.351455841967,100,0.0967602219252787
0.444502675130947,27.7615342536822,97,0.107428428552894
-1.10615685678038,7.86452700195187,43,0.0024612782834584
2.31931053501881,29.7489652887177,100,0.0530680662018551
3.15833606046979,18.7257849184988,50,0.010067193612556
0.748768252312683,25.4183528679713,100,0.0608667521217072
5.66342082990392,19.1888992172241,82,0.00859219050133616
1.05812782185171,5.86334198296455,31,0.00204487283238458
-0.138168816816996,18.259595791966,50,0.0101924767003545
0.793447251818121,27.309829084205,100,0.096762258749117
0.852650387479264,27.9492132175145,100,0.098660654809153
-0.760877621098466,7.03297845076891,35,0.00227896211305479
-1.08838964309029,26.5387636433916,100,0.0779148459446535
5.4574139728308,18.8193198482826,89,0.00824126395170801
0.881915793014109,6.00500951923969,36,0.00207050739888198
-0.959883521028457,27.6399573207672,98,0.0983154578239816
1.84119136654828,18.2262952437098,51,0.00978252810310329
5.34998407580627,19.0258781263186,91,0.00856994420079844
4.88928026478688,18.8211445840554,85,0.00869343648534042
3.28677779643775,26.476866937725,100,0.0442079118490735
3.01462188375976,23.1804648225133,100,0.0244507376172335
5.574465235192,20.5977449032386,91,0.0106571221977435
1.03519594017182,18.2057281647206,49,0.0099898645304139
5.52156340137423,20.6535303571691,87,0.0108648792011821
1.71647638651329,28.8196008937862,100,0.0726440363028215
5.17705653829364,19.4042558966521,87,0.00926582917963829
4.17036498790775,18.320777004646,86,0.00848080769800794
0.49000122201578,28.9636697409955,100,0.0880555942748929
-0.730880808967147,18.3141666740103,50,0.0102478215455391
-1.75153487950465,18.3948853424215,38,0.0102689789986526
8.64310172202466,29.1559963446182,100,0.0115900892765177
7.28238192626664,21.1170080521219,100,0.00922350163293798
0.444502675130947,27.7615342536822,97,0.107428428552894
5.01586220086264,18.2431259753224,86,0.00786361908887521
-0.497801086728581,7.90376721342691,17,0.00249283710275262
0.47530853083896,27.4875991381506,99,0.103449818439289
-0.510638465003238,18.4668842978942,50,0.0105914710624962
12.4809995478344,8.41354689583581,72,0.00184471569962501
5.29733723591146,19.9787592206116,89,0.0100003781981898
2.09991975265944,18.5422470259311,47,0.0103247959903963
5.71801908426062,19.7357692050926,87,0.00923190981547606
5.28034542366324,19.9041939006838,83,0.00996040113838707
3.77733181759167,18.2134120199683,58,0.00876810427376898
9.33150429737774,24.2453943715967,100,0.00908659036773916
-0.437719843081208,5.83323965159195,40,0.00203946274282315
3.44915029743757,18.3184782740254,83,0.00891568681379414
1.53435882813401,18.5529777743656,60,0.0104276457053745
4.31176610224636,18.5201225173582,86,0.00866936338454309
1.37065709682317,29.3847651864343,100,0.070917746871284
-2.76458423068268,14.5469178702357,100,0.00513307531641361
3.28371880292091,31.0573819184498,100,0.0323633399004666
-5.94180519137166,18.156521694122,34,0.00747453850760683
-0.626347688724622,7.00874242773925,15,0.00228508861781631
3.50207990946771,26.5819611836779,100,0.0420130870992294
1.0139871887918,29.7508111639991,100,0.0689671095152394
0.0515961852439618,5.97864903251912,32,0.00207060230414745
-0.38486950384616,18.6859419866526,50,0.0110821570875108
0.587771182853576,27.7052056538242,98,0.104484251370719
-0.499745790849993,26.8169219078595,100,0.0889573878639295
2.26367375029661,18.772298844621,59,0.0105782054423342
-0.862539103696938,29.4952443277558,100,0.0751035055304928
-1.62467410745816,29.4970544960137,100,0.0657182692474112
3.6676640004958,31.8452461208669,100,0.0254938816316685
0.174320512697113,27.565748436639,99,0.106171760188608
0.805707841563918,27.86637253785,95,0.104709942067165
5.45678117339471,18.7807592621867,83,0.00823502672904922
0.194293942509381,27.1355194476701,100,0.100347057323235
-0.50708064048216,26.1777595216892,100,0.0769691221265796
6.89530944405539,27.1903423412876,100,0.0172722339804899
1.95712943140654,27.5461045081714,100,0.0723031120877954
3.42105350557849,18.2053862493544,57,0.00896539062036291
5.84093501653809,20.2660955074898,90,0.00983248616520343
5.51478527991855,18.4688670283716,85,0.0078106421017203
0.165515306602382,29.5694433259799,100,0.0778430111963457
1.34975137213509,28.8173917974424,100,0.0791323101836489
-0.547895182197414,5.98989486784115,54,0.00206203958921534
2.25347819579948,29.4483576255667,100,0.0571489972314265
-0.113074878070318,28.1348352448712,96,0.110027431294281
5.80997164036623,18.5971458166494,86,0.00774712558344898
8.7632491868535,8.71246986240182,73,0.00221400201819152
0.0216852567058072,28.0387528514834,99,0.107146883929423
-2.72878212964007,26.0129917704917,100,0.0481619990480624
5.60947141454261,18.8224279549549,82,0.00817880730605002
0.468373745878198,18.4641801884048,51,0.0105792087873733
0.0977058275701729,27.1378873122744,99,0.101690302271408
7.35101770200471,27.8941469287284,100,0.0156397736233338
3.56265107432933,18.6305711962418,56,0.00957866783731546
0.531311024055019,8.86411025761132,41,0.00273094160804284
-4.46906427438253,25.1836376187102,100,0.0269956046636312
-0.297401735933833,19.130243449793,49,0.0121773497794147
-9.91088453117537,18.4056322020056,86,0.00507266411756741
-1.3571723507495,26.7097721323008,100,0.0765182057231624
7.24407804177794,28.1399629939836,100,0.0160114371496073
0.782814479359011,29.525755864178,100,0.0752761183083447
3.22238901938087,18.2310575334196,56,0.00912199655340834
1.17981804686952,27.6126464660764,100,0.0880687359855421
5.88167248205055,18.9925929712708,85,0.0081534215589147
5.3872328404762,19.915174155732,87,0.00982673764722709
4.87538595777888,26.62284445135,100,0.0284058619478643
1.81572312999562,26.9469237772109,100,0.0712564520595095
0.0983389147254724,18.428598094279,59,0.0104400127268322
5.84102429949339,18.6133671397756,87,0.00773744444011957
5.8658429547303,18.613409340508,85,0.00773207392535435
-0.764887051860445,6.24146217681683,29,0.00211953920522353
-0.73442591222945,6.70708104336692,40,0.0022078045562322
-0.999041687418614,6.26886349022655,34,0.00212075752639295
2.45584032155776,6.19726727954486,38,0.0020830743293324
0.243656430365743,27.6784550735517,98,0.107598877693219
5.83805955701013,20.661884381363,90,0.0104368228196039
1.88005648243086,6.01729564282684,41,0.00205891235023912
0.80162870120253,6.2014671950141,41,0.00210619794264746
0.197717463536486,25.1140142665367,100,0.057184297390146
9.02936244951605,5.83909904559206,39,0.00175037885133205
2.95650797647983,18.7088043030997,48,0.0101823722995005
0.859357817020459,18.2703346968435,50,0.0101394294199991
-0.527575946845994,6.76536236129485,35,0.00222362947939362
2.03462184125031,24.8859518174989,100,0.0436814736058638
3.77687472933499,18.4583090598448,83,0.00893808304756903
-0.824488605485759,7.73592233380785,35,0.00243837600880334
3.42479087774001,18.4378927426891,49,0.00940472013680827
5.73786071909009,20.5424240715871,84,0.0104396065994878
-1.13272547570115,6.69368464664211,37,0.00220288923998876
-0.939482915176287,8.17093386217917,34,0.00254523119594757
2.23626637227789,18.3693710200665,51,0.00989145282872249
-0.91034464565053,6.69254190612281,20,0.00221315650959476
-1.22466733888282,7.28599478629404,35,0.00232969166952304
5.47510578546332,19.0864431464276,97,0.00850522616935486
5.70290692466184,18.6323799826651,78,0.00791164738529823
0.862142082400099,27.560263525588,99,0.0986692161626007
1.69774768336533,18.6730916387922,60,0.0106151095539139
5.12492523653941,21.1453690131832,83,0.0124117640216378
4.71010564723002,25.5848309695301,100,0.026832589402601
0.214766367268873,6.34899531021946,42,0.00213710095137114
0.913047249935698,18.6646446654311,50,0.0109514699501274
4.19528035960771,32.8383413543331,100,0.0191303505595924
5.66653375636646,19.0378583728658,83,0.00839189524411343
-8.64195503214088,18.6624177212923,50,0.0060531720294729
3.71019802537395,18.5619494961797,82,0.00914550824271751
0.249862607101393,27.0273888997392,99,0.099416110233194
1.79038365529023,18.7695718124596,50,0.0108974215212875
-0.0343067928004427,27.220349056549,100,0.1019065417636
0.227587654651162,28.1013008453211,99,0.106265099227923
4.324225817941,18.1937090351909,80,0.00826029839958078
-0.0343067928004427,27.220349056549,100,0.1019065417636
4.78134047572528,21.4549434138789,100,0.0135496217266159
0.546818132142971,30.0696496042355,100,0.0663257444530135
5.21576846135685,28.2833704706386,100,0.0268215605654781
6.31394672526086,28.8245948273899,100,0.0197258174710844
3.18976421360904,18.4461075018544,49,0.00955838028936469
0.466752475370807,26.4321065994551,100,0.0822282674655492
0.22121652786324,28.7461813171093,99,0.0986868199429085
-0.0459648497400404,6.37210323667835,11,0.00215616718147023
1.29240965969306,18.2242180241534,45,0.0100056598475424
2.97608460401591,6.12884499191463,39,0.00205780418036952
-0.931129940256984,29.382107241369,100,0.0764464449055165
1.88131814611398,6.10998751727297,37,0.00207789117177761
-0.748199589842072,8.33906421569359,43,0.00258480763964189
-1.17306641581961,6.89492517424629,38,0.00224384659907218
-0.581062406853062,6.11117408674393,13,0.00210259036164728
4.61347834410503,18.536166465425,83,0.00851483413624446
-0.947793173201614,29.8582605323774,100,0.0676250495601638
4.63213205511628,29.0712575563647,100,0.0304675549823348
-1.78870339696143,18.3722049607288,52,0.0100662190797589
5.59700333428639,20.4318273167596,82,0.0104576742446782
3.85561317699721,29.8573744772823,100,0.0347810084603977
-0.791547027987309,6.05301893254333,17,0.00208844188920409
-0.458420106191733,18.9942831692062,42,0.0119141233968236
0.0475694864149718,27.2008228054666,100,0.101632129427016
0.976037467975345,29.0811516320594,100,0.0810251701388186
-1.16645156901376,6.5631789831079,37,0.00217595261272589
5.24620634677742,27.1308115959215,100,0.0263454624441407
-0.358948604721062,28.7393563645551,100,0.0970785199936626
-1.05666110838257,8.39771942521356,34,0.00260249943535868
0.909030971876727,28.0623236035247,100,0.0973920964863292
0.00653857711809136,28.9977555213303,100,0.08934378835182
2.07356296795489,32.4960663517185,100,0.0280250851337337
2.02883477848859,30.1960489636531,100,0.0513649641820296
-0.865869984569884,8.11579295892542,40,0.00252823250578404
2.91170634583422,24.7060668756414,100,0.0352931321087887
-3.72183795278321,27.5098065352985,100,0.0418820446525452
5.56426191119237,20.4338601784197,96,0.0103489758885737
-1.12731938869975,29.3844363167727,100,0.0741180565803815
2.54331187661476,28.3416833134925,100,0.0602400016308421
4.53270422466673,18.267407284077,63,0.0083480849291788
-0.527268396602153,29.5091287406037,100,0.077552064477765
-1.32015180877872,29.4058680185799,100,0.0712774143469439
2.84115727236992,18.5462809920457,82,0.00962079104229779
2.63270754572627,23.0646391224118,100,0.0251007239903639
-0.9195161502856,8.64242380686689,34,0.0026701610688447
3.51515272351521,27.7975568441298,100,0.0449208981023589
2.61287082094155,27.8369226209826,100,0.0597775615164837
5.7785675219744,18.5240229429376,81,0.00771745556928614
0.315375671195955,29.1377750264802,100,0.0859844169377447
-0.402694210326938,8.84384110179849,38,0.00272833085715396
-0.931027475754134,6.21400193750271,35,0.00211028098730962
0.331538743791819,28.4777262213851,97,0.104264649050439
-4.45909352977454,18.9839834249485,49,0.00957028244159512
5.74889881555913,18.6973130096614,58,0.00808222416890607
5.75987299123561,19.2765413960322,83,0.00861518528169681
5.22792988145039,18.1930357397176,49,0.00789849845325402
8.65246451872804,29.1679718371334,100,0.011564209505282
-1.02995342856698,8.48830584073774,37,0.00262486331978272
5.60504630191712,18.9617187524403,90,0.00829745052537922
0.690726059320207,27.8371482287896,95,0.106624782199042
1.08915198329476,26.0881818176104,100,0.070269267448192
3.81737184904821,18.246678187896,84,0.0085974879175082
8.84215397748503,8.58465123701826,72,0.00218401936626681
-0.601617651812663,29.0464405798369,100,0.0857070304854222
1.82238716562582,30.9013619328469,100,0.0445147537421889
-0.901837287319029,7.65756719216832,36,0.00241836486527154
0.137845827248658,18.4821760679133,48,0.0106738665851595
-0.205303892676495,6.30201732263473,12,0.0021415887903235
0.316618270733957,29.3238301913079,100,0.0823694080518672
0.2595500350343,26.91317551755,100,0.0964582047978716
0.279909984165131,6.5905975462091,27,0.00219240839344163
11.4461553079625,8.55161130587235,72,0.00195321248318539
0.250749105660145,28.6859030064087,100,0.0985809160436997
-0.438538495555029,7.15200108363499,37,0.002305923574751
-1.15447106906775,26.8836707804418,100,0.0820382452191743
-0.177254035685307,27.2264407685046,100,0.101673715362902
-1.17034957231831,7.07477001026714,35,0.00228389825290171
-0.962049718816509,18.674061414673,50,0.0109612210312148
1.14789664424091,25.0046916374871,100,0.0516035519402013
0.184125449329527,27.4508138389938,99,0.105226070322808
1.25671083808919,27.117779146079,100,0.083104450759405
-0.396141646832789,7.88293402656245,37,0.00247591879109831
-1.05169121112292,7.59484732510001,34,0.00240307465980214
5.23113526085725,20.4170240486512,84,0.0108598781944452
0.460801193498672,28.1804145725626,98,0.105094863899406
5.57133635192368,18.9906456557276,89,0.00836622952089006
0.116298675710164,28.0749133578898,100,0.105706194828351
3.97277953768681,28.0818087675777,100,0.038861166206901
5.50320477576878,19.5479644139511,93,0.00912435872023439
-0.747058393315238,6.81591481905026,37,0.0022318208886489
5.17197665406139,18.3271920369389,63,0.0080097185314557
-0.285764698669945,8.56045029837238,46,0.00264478211141679
-0.0180628830156805,28.1490182548084,99,0.106562717913107
18.7334032507808,6.6667803024799,66,0.00123816570592272
-2.92747640684694,31.5753623631465,100,0.0309925155867092
-1.2033111882657,6.84910181498906,38,0.00223384451475228
5.24034610347132,19.249470999599,87,0.00899080711622833
-0.883560543828882,7.85857772765437,41,0.00246373379218056
3.16423036574937,27.4869329800326,100,0.0498667153021334
0.971406203304678,18.2154329180572,43,0.0100820535542212
-1.20918563119609,18.2171688351994,50,0.00996302157674551
-1.08109424590883,30.3229253636395,100,0.0583782050768231
-1.34945933759267,18.7671246324617,50,0.0110589010957979
5.74315711799041,19.1678564950535,83,0.00849186969756797
5.26733724833489,18.3576350806852,58,0.00801511538352152
-0.0617962091945843,6.23710879155431,39,0.00211681568684325
2.83050426810726,30.9826227630322,100,0.0361587657357171
3.09012596964474,18.7603805096415,85,0.00982555273791765
0.103639980883172,28.5630821429378,100,0.100965945308034
4.40490491776912,26.7392095921845,100,0.0327191618883191
-0.0162651163050119,6.06603074056136,34,0.00208623569431554
5.87163601471308,20.0039018348916,86,0.00945941291488974
-1.97607848201452,18.4966274750596,49,0.0102667534082457
-1.07791814394495,7.88500033999544,37,0.00247027707645565
1.65225588789167,31.9042590096505,100,0.0345101447666319
5.01859105922453,18.766344101831,43,0.00884139601646975
1.47462049495945,18.1608234567257,50,0.00978727318393561
0.578549399283066,27.5842119914695,98,0.104031625219792
0.156349352367768,27.1539611741469,99,0.101774101118291
4.39093181280695,18.1795479829563,83,0.00818221060578452
-0.934274925063841,7.82369432379321,16,0.00246988630405669
-0.408417091898161,5.93700849591553,35,0.00206083780496688
-1.14034246372091,30.9920062293626,100,0.0476120085783706
1.54285369080406,18.7138835232919,49,0.0108866702559592
0.386836791453616,27.8505351465218,98,0.106943210901067
1.18504768709435,18.6238473448009,41,0.0109010024375075
-0.745395560067078,8.49091195768537,40,0.00262697442331555
2.92839891398037,26.7565982575805,100,0.0507698119775281
-1.08769465522283,8.60306395031303,14,0.00267121656011843
0.313075692175866,26.3794635852977,100,0.0820030715639494
2.27169120609158,29.2668986178097,100,0.0586941639875128
-0.935797162201925,29.07995388605,100,0.0815528297956166
0.321603569389871,27.0229418525114,98,0.0999283960216335
-1.99672507723895,18.8456494266452,43,0.0110535457260261
5.42898559564253,18.7966487748433,81,0.00828901323797838
-0.762359690016406,6.66843127416424,27,0.00220596108203273