-3.90999149427004,19.0420409310666,69,0.00991402253421473
2.67349582871774,6.53186437966354,63,0.00213087554914498
1.40078130311397,6.75407759960023,18,0.00222135681219669
-0.655498274937375,8.75893757877341,38,0.00270249472940775
-1.11186234201442,7.88569940079993,47,0.00246390811557154
1.0877729982674,6.17443711832808,10,0.00211237191039026
-3.84419231778871,-11.4852363195893,82,0.000636122733390027
-2.77972890669319,-11.2149779160206,73,0.000648139231701935
-5.51837499341848,18.5597691307746,37,0.00822566324053902
3.56134122971832,6.39526908666574,48,0.00208693383109817
-0.837642351577074,6.49346587305314,40,0.00216363935670745
-1.17071988677827,6.59882509255081,25,0.00218884624532662
-24.4412125505801,15.0757794283905,86,0.00129812512584491
-0.66266807038671,7.66814901112685,29,0.00242717927375319
12.0322508925477,6.27344889788026,85,0.00161236073642578
-13.7103518730325,11.0955705039906,100,0.00208784708514348
6.18007371487122,5.86868248787609,58,0.00189190877928783
3.51630063250496,-10.8077280858752,23,0.000661877263249633
-1.05162279105958,6.97906043081158,13,0.00227597489798109
5.430520745534,-1.58747941037503,100,0.00110299991851822
4.78242429646586,5.96187791834386,42,0.0019702319391611
-2.96378532305784,-10.9257372894173,44,0.000658538414097784
8.3417797561071,5.82085967120314,22,0.00179062421706834
4.51060173784833,-11.0940792366223,35,0.0006483978016639
-8.68152765264602,18.3789027411396,91,0.00570500898383893
-0.626030992698919,7.83759166876071,100,0.00242577588251921
-13.5749774572191,18.2593687304656,77,0.00350782588287294
-11.4172864501084,18.4708531233191,80,0.00439686613347762
-23.2262643404694,-0.323818705923875,100,0.000744181809659506
2.17433190772478,6.35551138727399,26,0.00212438305271714
-15.4942080075715,18.5854043658161,97,0.00296989244971887
-4.39101396004169,9.41010093260769,100,0.00270543460698898
9.91137244458604,-10.8460410072905,98,0.000622204134139411
1.31635859864432,6.63746961949432,29,0.00219306878858786
4.38990325707952,6.07501440060165,13,0.00201567513285438
6.37154606520125,-11.2666670351089,27,0.000634843898905582
0.252711285263203,6.07920033838361,28,0.00209107934452946
1.15415361492916,1.17016677869413,100,0.0013818906991037
2.91815941210415,-11.1279260104957,19,0.000652966817832005
-0.141188341231975,6.21844577308602,32,0.00211626196163562
13.4487076027524,6.38194995459182,33,0.00154696160499831
24.3712044897491,-2.8198910175335,68,0.000648093117859897
6.73686729162799,6.17642926394317,66,0.00191161746159622
0.285076638158694,-10.827804185416,25,0.000666522662014709
4.25822345919063,6.15557909519209,17,0.00203306165591365
-3.82642822295311,-1.77797756748657,100,0.00110738841635694
22.6173973911157,-10.7432803947524,54,0.000497969198900828
3.57901059813061,-11.0614033904676,27,0.000653004866627579
4.21981216565275,5.91478618424004,36,0.00198430626608648
-0.792563084782191,7.14238163773432,39,0.00230043670032556
4.62347347701143,5.82369615512214,41,0.00195300805310534
5.80438468547337,6.17795043881505,17,0.00197450228905073
1.47136893961955,6.37797955544079,17,0.00214455950809355
1.55196897429792,8.25267094974589,47,0.00254773550906959
-4.55716517990492,18.489887552214,89,0.00844659358849838
2.21429867114063,6.30879870890194,42,0.00210742976703442
4.80523844658695,6.03416327540595,15,0.00199237950816424
-17.6348238972645,18.2654185680148,61,0.00243862159276322
8.20028662633524,-6.0739416754616,100,0.000813840518072666
2.43288215846148,6.52181964610405,15,0.00215661048435757
-0.911186879880025,6.65745423239709,73,0.00218039919766985
-16.9865287085891,4.06084179700862,100,0.00115620047557244
1.13810460718468,-10.8848193447547,88,0.000661264983390976
-0.725267588689264,6.43294091875182,10,0.00216638329413481
4.86679416336708,6.46147596509732,48,0.00205197065204232
9.57525836230489,-10.7863796144406,38,0.000628921029099527
10.3982898532475,5.95796585677941,53,0.00168327876451677
4.02317071767168,6.02202913213403,12,0.00201923177447162
-9.62732723142594,3.1427941079581,100,0.00140136927490251
4.40490133391622,5.9557363604591,29,0.00198785397510669
-1.08792736900209,6.37184796904137,59,0.00212866333649123
4.02629393024031,6.29252921630726,22,0.00206389341498702
-18.7410954504392,14.3990842164239,100,0.00184379656815842
2.24871074488254,18.2601423942629,54,0.00965822499079982
-0.964347814703911,6.1933127273907,80,0.0020862460144595
5.85594890079402,6.71623272475061,98,0.00203208957662744
3.74335206391861,-11.6096504578158,96,0.000631925690965181
-1.11160238547133,7.32895548287441,14,0.00235232573511019
4.63652716561697,0.0495440628888129,100,0.00124240798780217
-10.7898044607326,-5.57744872919882,100,0.000803557186588553
-12.3752754289724,18.9839537852642,67,0.00417441408046792
-8.65397290691192,5.72756086022532,100,0.00174006307356028
-3.1730930552804,18.44694212349,35,0.00969946741602594
-13.9480201358554,-2.39332265863986,100,0.000893027319797241
-4.30453691725829,-0.748596054463937,100,0.00118070373834865
14.9039720805017,6.48736751852262,77,0.00145439392824277
5.87986021374941,6.46078618608275,21,0.00201794763419206
1.20045800865337,6.12561507346808,15,0.00209960833363084
14.6888349572668,-11.6950826283052,53,0.000559701953021936
4.3809435814393,5.90112996253295,22,0.001982003749895
4.79246577070923,6.13810586530413,90,0.00198112738227254
1.69000303941868,5.81856054584635,11,0.00203775287364575
-3.4117055870669,-11.0030394141016,30,0.000655319752850018
2.40833199220391,6.25910979053748,9,0.0021085795792675
-17.6590385575886,18.3461393490933,73,0.00243558070214437
7.50855519769667,6.17840601677211,18,0.00188955724313036
-5.52078335085448,-10.8411089482342,24,0.00065289001930712
-9.95052766623339,8.52068411972909,100,0.00207051795507185
1.09056531718721,3.25707580859821,100,0.00162217837195768
-5.34693893258851,18.3470984736634,75,0.00784254895772957
-2.96997554125674,9.75580468995324,100,0.00288576645392396
19.6275791103447,-2.40472204612521,100,0.000762676989898078
-10.6333849875109,7.55226409597476,100,0.00186767797994276
-5.29460761738329,-11.137497743993,26,0.000644149317357829
-4.66446896124213,18.5915344815717,75,0.00861433046332751
10.3577782817288,4.41472489778965,100,0.00149942247687388
-0.891489262957712,7.54264816176888,37,0.00239096737458008
12.192829215802,5.88687880994734,58,0.00156681253500139
-0.853467523479875,6.16247106153562,15,0.00210985688850177
-1.87186087810556,0.962264142781462,100,0.00135692660128267
1.28699840966688,-11.7205509321876,17,0.000636547285016282
-17.4311667903225,14.4933536803536,100,0.00203067601354426
-15.5316802491051,18.3601478069725,44,0.00296907914616011
2.13060258554085,-6.2295133641658,100,0.000849892321487463
-10.7177877490015,12.8584771018916,100,0.00285832913281721
-10.280422133681,18.5925098856052,81,0.00498511050799435
-1.48920366987246,-10.8731305260475,54,0.000662747680995929
8.37215325083836,6.5593764227682,45,0.00188941924033731
1.1658860171904,6.07777161395921,15,0.00209082720502193
3.53125032193766,-10.7322628097855,40,0.000663645372187862
-2.18822187006806,18.2227716856941,35,0.0097953453946395
-8.89929412902296,-10.9200429281935,17,0.000630602106509995
7.98212594732199,1.16790402993442,100,0.00127202302206885
-10.0943071842461,-10.7609731496857,81,0.000623997291546425
-9.30899371560703,6.32567799330927,100,0.00178463517974695
0.696234691241453,-10.8498893201185,16,0.000665984278042934
14.012314518408,5.95283284533496,65,0.0014625783039737
-0.074095056260098,5.54974547056208,100,0.00196963186551754
4.31894498601622,5.96837712666233,17,0.00199779625147119
-8.82169509269358,7.57182436702243,100,0.0020024689684625
-16.827768172523,10.332397456842,100,0.00166573675836788
-3.30615418970806,-11.3805312380375,48,0.000642447289349439
1.62737954720223,6.69962754688041,56,0.00218836085736308
0.512442740414183,8.88524527124756,52,0.00272887175283708
5.16610889419037,-9.24403593162052,100,0.000707518367654678
-16.8318783514397,18.4638091643831,61,0.00264113739437437
-16.5182449144737,14.2323432581767,100,0.00213447114492873
-0.524825599654517,7.52409395982219,18,0.00240052363035384
0.832261121246566,5.95426237917725,48,0.00205630516732648
12.4986239437013,6.46225887401302,28,0.00161856084732385
-1.1711440791006,7.17588094712157,12,0.00231826816435248
-4.01628380728353,-11.2661198729316,69,0.000643135829738644
-24.7835543958527,-7.80506132911061,65,0.00052806387086892
0.0536780181548358,5.98759991448666,22,0.00207658518267024
2.63330356628412,5.93753590124968,10,0.00204296810101788
9.09448124736586,6.3198318683785,57,0.00180719841957426
9.15408732848585,-11.111457196695,42,0.000621979855913659
1.94503911117288,6.53708342505839,16,0.00216918022287508
3.66165244052566,6.21572021791179,34,0.00205661007784132
15.531659358114,-11.4334695393893,87,0.000557131834148851
-13.0229861488406,-11.5334030217127,41,0.000579194164230855
1.2636112038358,6.02169618398806,8,0.00208219158916656
1.34384931512235,6.17795700787105,52,0.00209173728723812
-4.27540995427451,18.7542543745205,59,0.00925778142546454
-1.02478561949502,6.19881453449858,23,0.00211188032875059
-17.965823826364,4.24438046647225,100,0.00112305583357416
-19.9852380159403,16.7132178199063,100,0.00187410145322877
-18.2023984171821,4.00472428571424,100,0.00109846479376889
-3.1730930552804,18.44694212349,35,0.00969946741602594
1.26581131365332,6.43082693064081,19,0.00215672627553038
0.875219965557784,5.81660260396099,9,0.00204694521090352
0.0612114535147767,-11.2644124875199,44,0.000650990342896444
-2.41278354792173,-5.48843665114205,100,0.000886585206159539
-4.48344922625357,18.8891424291024,37,0.0095056333337675
0.748968806813377,6.51259870230008,13,0.00218090018099114
-0.453111003582437,7.10254472910021,26,0.00230080989769068
-0.395176627295515,7.8513017459405,48,0.0024615104457431
-0.552245802078247,3.65717974322992,100,0.00167773326648226
-0.694764719993694,8.62069299482123,54,0.00265264525174587
1.68398276302595,5.84464157986158,29,0.00203513780539624
-0.737825942568607,18.5295627593264,80,0.0103599558276509
18.2510594289066,-10.8285354622939,40,0.000544988659205836
0.285076638158694,-10.827804185416,25,0.000666522662014709
-0.0241836343887719,6.12560467052222,40,0.0020949461275671
6.2482141849574,6.34849683390246,19,0.00198161412230482
-13.0510008453081,14.3226637372747,100,0.00275086094395357
4.30983793411877,5.82609186269412,53,0.00195954223472411
-0.363887342418305,6.09432664450283,55,0.00208189445637952
-0.45717095789181,6.96343143319291,81,0.00224251332546263
6.49346684539968,6.17628974830335,29,0.00193722239006928
2.67349582871774,6.53186437966354,63,0.00213087554914498
-7.72124228940178,-4.67427740007153,100,0.000886463368321522
8.30352851645863,6.59989803524365,28,0.00190587251074459
-4.31932001219656,1.41949421126207,100,0.00137414881175765
-0.665427785222938,6.37874910076839,66,0.00213019302147494
-4.06281063874158,-0.236201627306343,100,0.00122568032983746
-2.29030890448671,-11.3869453971253,35,0.000645133720677983
5.8668995647107,6.20286736863807,25,0.0019727506641093
-0.104835974702089,8.79433960432086,15,0.00273255012964225
6.81915062956277,6.17949949720379,34,0.00191975610455494
5.91709454755465,6.30606033039664,61,0.00197379356536261
12.0104308487897,-11.0789593874571,39,0.000600459863203015
4.33527877046205,5.84553632062467,19,0.00197516559607052
0.204450387901156,6.68837108714837,24,0.00221418719103593
2.07398257702298,5.91769562516561,15,0.00204825123895585
-0.427964660637153,6.00864603929102,14,0.00208324726403223
-9.91264419844763,-11.6263477780872,95,0.000599545268213729
1.58607310521635,6.61685599618372,21,0.00218894874501447
0.664821484241659,6.32312836176641,12,0.0021439303737045
-9.0767587121649,9.1590451627488,100,0.00226213389609556
6.05917476844945,5.87342228687037,28,0.00190883940338168
2.21279986039405,5.8785874033488,41,0.00202784510388392
10.8870922349867,3.22791277236045,100,0.0013601179018287
-13.3606429683206,18.9442023222322,82,0.00374361807882263
-7.31256191572963,-7.85133621117192,100,0.000746958557417709
5.73162500341375,6.17539572039318,24,0.00197461364296439
0.875219965557784,5.81660260396099,9,0.00204694521090352
3.34446714989635,6.0842583415061,43,0.00203822401366307
-7.57120158866615,18.4883100368679,47,0.00663236275651511
-6.04257157730736,-1.71524004600767,100,0.00108556229127865
-4.16443084646151,18.5328166866433,81,0.00882122914745657
-9.74457588985247,-11.320486817388,97,0.00060947174803904
-5.10348917603305,3.16922483227135,100,0.0015488459420442
-1.23350992310139,8.24377645986343,32,0.00256103420830059
1.55196897429792,8.25267094974589,47,0.00254773550906959
-1.96858364431063,18.4102818365739,37,0.0102252780498769
-0.981261429303691,6.37004951894273,29,0.00214300274469937
-15.1045662094387,18.5125045740541,70,0.00309168998587356
0.560065794520404,6.16532102140198,13,0.00211314902980772
0.698757726871659,8.82500025060167,87,0.00268479782466718
2.37259027654794,-10.8717138301901,22,0.000662703009720041
-24.698900831947,1.80351855061515,73,0.000770866590597855
0.293245517799211,6.46996794462298,32,0.00216556464292938
-10.8371083084208,-2.71436290559394,100,0.00094143240715719
-15.4840951753659,18.213902749213,68,0.00293660540596298
-2.93314754430119,9.51025515071747,100,0.00281481730357865
-2.71194099464561,9.34276750777066,100,0.00277631797196393
1.64887750846774,-11.4011225700676,72,0.000644183553280834
-9.23461944330328,11.254063699688,100,0.00269558228528184
4.89301336756073,6.46701796359062,15,0.00206588036767205
15.2633814428592,5.91787983883232,35,0.00139104755882709
1.46642290288444,6.57734686356946,17,0.00218457317825073
-0.453111003582437,7.10254472910021,26,0.00230080989769068
-12.3752754289724,18.9839537852642,67,0.00417441408046792
-0.289003079432525,6.6212621623361,12,0.00220594236197739
2.67139553432909,6.347363370374,90,0.00208383667004615
23.0192637797052,6.04291590429453,78,0.000985584266745859
-1.91349625257221,18.3237201671474,58,0.00986906985661515
0.0612114535147767,-11.2644124875199,44,0.000650990342896444
-12.3752754289724,18.9839537852642,67,0.00417441408046792
6.07618482998578,6.01452444062507,15,0.0019357343269122
-0.864139161790311,6.3458493453647,21,0.00214288964285404
-0.118299498868769,6.28282935963589,25,0.00213200242946176
1.22930905373621,6.08897813435342,21,0.00208967461289053
5.05928736295279,6.22668349930602,67,0.0019950075332443
1.9969796602288,6.14718446300632,14,0.00209297430803943
10.3883526743931,6.14622507799246,24,0.0017159706205188
-8.45437682313543,13.7022700576429,100,0.0035479387185362
18.5738907983917,-10.9499484686846,34,0.000538909700596263
-0.765917698852392,-0.210244962536398,100,0.00125235495990076
5.85271848498238,6.0594455782324,51,0.00193958815690301
-11.4381487458219,18.7011266587313,67,0.00449761938968557
-0.815793421962668,6.17682914221379,33,0.00210490860617097
10.9174847081247,6.37701071780838,58,0.00170223081345601
-0.885393992957582,7.28862664737664,40,0.00233145249066813
16.2615820853553,-1.56425203072455,100,0.00087703959011532
-1.13936039441932,6.72935845194541,37,0.00221016268755211
-12.7630185334547,18.301644037301,70,0.00381415257847798
1.41570338666199,6.42403926494497,16,0.00215490022025733
5.35739187309382,-11.1646817819671,23,0.000643117881772181
11.8103063395594,6.58252742722142,61,0.00166870314062867
-6.49217301085071,18.4745523011134,48,0.00735515114348673
2.26496642930222,6.29148429837,57,0.00209650088331146
4.01901431766199,8.81671315904487,37,0.00260792018964835
-7.89326363462621,-11.2106396102918,32,0.000627740063548081
6.84936228554971,6.59148080426785,70,0.0019715418208659
-17.6545432977348,18.3608218817725,66,0.00244234978123606
2.70864984836873,6.65624506459541,10,0.00217917426023438
-9.9695851904276,18.4556991735967,71,0.00510574645981072
-0.786847579386906,8.40210318426169,35,0.00260635240772512
-0.606159917841468,5.89393601519464,16,0.00206002633334389
2.77997793497681,6.49085899104308,41,0.00213027809189572
8.11598213911175,6.28857439554976,47,0.00186271810636183
-5.09655273952124,-10.8248837571268,99,0.00065214909182242
-19.9112079491272,0.903778808083388,100,0.000882564481063704
-10.5571474768368,6.45817893418615,100,0.00172578872450327
1.20866369633352,18.2134785730511,42,0.0100360206188167
25.1058680058336,1.12998140987846,72,0.00073911710993443
-5.24119968383512,8.26797089551483,100,0.00237379030452899
-0.543691995252442,7.37405307797318,96,0.00232276568924359
-4.85871283994989,-9.17452084900983,100,0.000711665079837374
-6.97941779344652,-11.4969275018942,58,0.000623255551352779
0.686339479768767,5.83494435239969,15,0.00204905614588191
2.10942778395099,1.11905081508636,100,0.00137081104948954
-1.11997453115914,6.20288728380814,44,0.00210243305460788
-0.853467523479875,6.16247106153562,15,0.00210985688850177
0.731823964826152,6.20779068501049,83,0.00208939148098868
3.66165244052566,6.21572021791179,34,0.00205661007784132
3.06276486149821,5.8689670553567,28,0.00201311985921975
0.169607265581046,6.23952413536468,15,0.00212798474802327
3.76625671984987,6.29401845878507,33,0.00206812164488311
-4.86835886923268,9.35425464636461,100,0.00265879473435559
-9.28012393151387,11.6985992949759,100,0.0027991405256358
2.6525035144823,-5.57459212764876,100,0.000881141608860188
1.41570338666199,6.42403926494497,16,0.00215490022025733
-10.9317887668664,-11.2731726008356,37,0.000604008104786308
1.73916195800035,-10.7312915372843,20,0.000668758164405156
5.6629786234252,20.2772118167897,81,0.0101432484278373
-0.34196514938399,6.11391958739138,43,0.00209089671306537
-1.07388637748801,7.63396189649019,21,0.00241956846412664
6.28541024418202,5.87118811652282,40,0.00189404852688642
7.0860911282401,6.32517585673578,29,0.00193118953997161
-3.1730930552804,18.44694212349,35,0.00969946741602594
2.38809309561511,6.15558527038066,70,0.00206296477209098
4.83638200578049,6.10468852648642,13,0.00200425327251214
0.666573945114671,6.23191139048899,30,0.00211786784482046
-1.17628207441439,6.72195388493826,46,0.00220383791579604
-2.59356347245266,9.26773039063256,100,0.00275979302422701
-0.179135594389044,6.01073792670198,8,0.00208691001424309
-10.3467096451337,5.33257776941545,100,0.00160129171393753
-5.2365512238826,18.5048023080551,84,0.00804729779108845
-12.6141799750952,-11.2998501165553,94,0.000587195894052116
-1.05484656113414,16.6981290006426,100,0.00737307325787943
4.5448257046159,6.55822778337286,13,0.0020978672286797
-10.9892967773006,-5.86603922749406,100,0.000788522442915674
-18.3233112162302,0.686525649286181,100,0.000922415959439359
6.73686729162799,6.17642926394317,66,0.00191161746159622
4.47146360281337,6.35039488573136,17,0.00206053326741724
-0.90674323836153,-11.0526470209166,95,0.000655516997172491
2.70546560942258,18.4885331619218,94,0.00948154008420422
-6.5592127244668,13.3829387952586,100,0.00380886571703906
-2.32958732762914,-10.8134642706053,35,0.000664204505086907
1.88496229068343,6.34193696013103,62,0.00211088788035661
-0.520000235849514,6.92667591020553,17,0.00226691985535706
-0.722466056292851,-10.7962032472789,74,0.00066523837871874
-7.06273496167463,-11.21645501361,23,0.000632851655527194
2.89823088197274,-10.9850182716105,15,0.000657967375394489
1.86792333830432,6.41699842811882,21,0.00214433312282385
-0.821797984774816,8.77999510707996,19,0.0027205695156127
6.7972642387578,6.09668842868984,19,0.00191314577745046
3.59747221364671,6.53376275142968,10,0.00212900079425875
-7.46705066872372,18.1785859985253,58,0.00640157521509229
11.1605488166723,-10.7342763048827,63,0.000616761454175485
2.78340824318129,-11.4557717150156,30,0.000642064700042585
1.29480128803449,-3.31593357428074,100,0.00101668026854809
2.71355870112089,30.5861491453559,100,0.040502959611615
-15.0204968479066,7.7055128675212,100,0.00155819186532144
0.285014923490495,-11.2855949310076,29,0.00065089056066926
0.545000840740767,5.9786675909384,32,0.00206934449760425
1.28961659447706,6.43112617544678,38,0.00214770309262524
1.95700496695242,6.52656029548855,56,0.00214823119383118
2.43542393268007,6.37134649334595,53,0.00210993775671088
-8.76853424353905,18.7445381732757,81,0.0059170768668063
-0.179135594389044,6.01073792670198,8,0.00208691001424309
-0.0241836343887719,6.12560467052222,40,0.0020949461275671
0.490659385197661,8.86011701648704,29,0.00273909370889131
-8.9118819494501,18.6843005836485,84,0.00578239308324
-15.4914484469964,16.2463515377207,100,0.00259880993433658
-10.8424795361305,-5.58116018180324,100,0.000802662135747464
-1.1192086837704,6.73286799588287,34,0.0022125775847805
-21.1378023211832,13.4907009010075,100,0.00150779539478599
-24.7148352391482,2.08712928085654,85,0.000778495678870998
-3.56372945935659,-10.9745685156301,90,0.000653244298725975
-10.6679543985367,-2.27137244673927,100,0.000969292495524108
-1.1403751205255,7.52000769563322,29,0.00238739257409574
-13.679840895385,18.2384933725008,79,0.0034657694174564
4.40490133391622,5.9557363604591,29,0.00198785397510669
6.83717644288021,-11.0442305343195,98,0.000636503492139597
-0.610093729378631,7.36931405554003,46,0.00234856417433773
-17.1956567592371,2.12237449832881,100,0.0010329718516898
-7.49376228108863,18.6879611863295,59,0.00679779895011822
1.10086362123926,-11.017781175901,90,0.000656732122886107
-2.61770934097446,-10.9532988892942,38,0.000658708804667543
-1.22179808783616,7.63126246160816,91,0.00237673305639488
-8.69347941336081,13.3035386900322,100,0.00336242810714467
-0.116915137345842,6.38150032777313,85,0.00212407258835902
-1.10719977088127,7.61221080145592,22,0.00241341917219168
17.9627733805122,6.70110227761971,61,0.00128631678031787
-1.27898722108341,18.680710317922,70,0.0106588381705224
-2.82707069609804,18.5744199794849,35,0.0101380522877016
-3.9359815784123,-11.3854196910801,91,0.000638654058556564
3.76741807669131,6.09512903129419,16,0.00203891123019237
7.20432625495259,-11.4762926354456,18,0.000624202403168958
4.5418698474475,6.04245479510739,9,0.00200606318781118
-17.1131686325999,18.3035631466349,65,0.00255355672575493
-1.20782148975093,7.61224950704989,18,0.00241440175020698
6.17247248677686,6.27220251638707,63,0.00195546708076431
-5.70259731373743,4.71085198644271,100,0.00172902425817743
-7.01467657242812,18.1984238311057,45,0.00675782422999091
9.7788235961212,6.37968422833641,19,0.00178608602422406
4.09393964303305,6.3051211186411,27,0.00206173910674109
3.04591341298064,5.83658248347685,8,0.00201586916232212
-3.1730930552804,18.44694212349,35,0.00969946741602594
-9.51804640124109,-11.2544458507908,91,0.000613259621714012
-1.91250391449871,18.2562487397417,82,0.00952249933190169
-8.52241192051031,11.3221284059267,100,0.00280840044389262
11.7133762338962,-11.3288298221119,35,0.000596137474003221
-2.61988466527632,18.358579497974,36,0.00983620053952081
-0.885393992957582,7.28862664737664,40,0.00233145249066813
-10.5824340594762,-6.10573210703854,100,0.000783917882865366
-0.104835974702089,8.79433960432086,15,0.00273255012964225
-1.02934861942561,6.35305918480484,16,0.00214517599488242
6.61594713092316,5.82464038956892,71,0.00186086916933746
-2.8021837794446,18.2471490196885,92,0.00905929234552147
-19.5209050368854,18.6825780831221,84,0.00210697317652356
4.22540414542897,5.83088266693751,82,0.0019520136578889
-9.30686269910988,-10.7778500752449,17,0.00063203228854777
-1.72418432019309,-11.445133795511,83,0.000642192909347284
0.290856251346227,6.38090046266954,74,0.00212860883536943
8.43963582841741,-11.3377999336544,28,0.000620542622134876
11.2349823613285,2.03555145566158,100,0.00124518766351672
17.7967597657375,-10.9950762113219,97,0.000544324733738653
1.09611806818726,6.7193891007003,90,0.00218302406087195
4.00316839447605,6.44954257187881,28,0.0020912322560304
3.3364180912925,6.2167753621775,29,0.00206861448822544
6.92554361124271,6.1362431580392,27,0.00191007570699782
-9.04849242907517,12.6526342929947,100,0.00309522994514561
11.2662452110313,-10.8556341539482,34,0.000613412147301179
0.169607265581046,6.23952413536468,15,0.00212798474802327
3.84662164682565,6.58417746810097,46,0.00211411704631976
4.58458409793547,-10.757503263638,25,0.000659706144514822
18.7955672346998,-6.32671491184351,100,0.000652745639307526
0.76393808900036,5.86435644648347,12,0.0020552986281303
-0.494200359025362,8.74972875495314,31,0.00270639705214393
5.12036505984287,5.97067253715475,13,0.00196999346732118
0.169607265581046,6.23952413536468,15,0.00212798474802327
-13.8651502084351,-11.1738385516733,88,0.000579481571629009
2.24871074488254,18.2601423942629,54,0.00965822499079982
-3.3733626579103,18.6914719070142,70,0.00967444105816458
-4.48344922625357,18.8891424291024,37,0.0095056333337675
-2.04806511214584,4.36649172069163,100,0.00176647682283896
-0.565737011364829,7.53399266433411,43,0.0023882429464558
-7.45419669466621,8.57670719823863,100,0.00228645070495351
-0.877484090437692,6.17986210238604,47,0.00209884316364786
1.46877031878315,8.22413788539311,42,0.00254534598053619
6.49692635648087,5.94255399479458,43,0.00189451470086137
0.874092608891629,6.5317199549961,32,0.00217479581058934
-5.77555953658432,18.2709789724158,66,0.00752835669320327
13.8595024205718,-11.1372364421152,25,0.000582625759144975
0.197762113900198,-10.8818281452103,17,0.000665041699123882
3.46499733427794,6.11243931740798,11,0.00205331492503773
2.69469963291514,5.99493834412118,63,0.00203005550473817
0.19742858351917,5.99167206215382,15,0.00208022255849284
8.94808960292981,5.96015200263585,33,0.00177327986609295
-7.63968543938171,-2.73042247607369,100,0.000995901519517119
-1.8335510215644,17.176292238619,100,0.00784738854709186
-3.70673966168815,-11.1219269314417,68,0.000648875414585914
-1.10218029955045,7.61025515855107,15,0.00241710527388885
-0.520000235849514,6.92667591020553,17,0.00226691985535706
9.04713565796352,5.91973137613529,35,0.00176155183982105
-18.401233489783,9.51796682933148,100,0.00145989257078154
-1.23220316719855,-2.49861457268315,100,0.00107165074363846
-13.7275438611666,-8.07493140955649,100,0.000671251506348009
9.25574066444627,6.26944445740316,24,0.00180123323900194
0.419275475262304,6.46442209148307,23,0.00216825471401085
-3.1730930552804,18.44694212349,35,0.00969946741602594
7.38409212226929,5.91194204949405,54,0.00184298738697588
9.58733977994847,6.30232022385613,89,0.00176520972589857
4.57004151198895,-11.2316821131577,24,0.000644146237558235
3.14910582864834,6.33934222360207,10,0.00210521986195657
-14.8403449070936,19.0457429117314,100,0.0032378203202756
1.9969796602288,6.14718446300632,14,0.00209297430803943
6.42798220211322,-11.3903137204793,25,0.000630754017377207
0.608063979012936,5.87749759256391,100,0.00202201781037168
4.80877045583768,18.9363717705617,60,0.00911755967640772
-3.09388542375112,-11.3158568218135,35,0.000645653774168674
6.10172064624641,6.55111098014661,48,0.00201185621911119
10.3946157016989,6.02030502185568,31,0.00169757587057221
11.8460953660726,6.14458204875411,100,0.00160553840421595
-1.31285421724431,18.7673277100777,70,0.0108314491372927
12.6128694107293,6.27018777878357,79,0.00157714072640794
0.850719371846477,5.90721783252687,28,0.0020559057240326
-4.30939632268853,7.56220653697094,100,0.00227003169262874
7.68290595333822,5.89570874793994,18,0.00183751778146157
-8.83530195588252,10.6824179597151,100,0.00261045254383657
-1.01233069661248,7.76159792348088,43,0.00243770889230719
2.45862960330981,5.84188374459633,24,0.00202348160299536
10.657459206245,6.31734508269911,100,0.00169888412922352
-7.11876555361322,2.79823235975321,100,0.0014519436509896
3.69068705368219,-6.22220307570961,100,0.000843737336301462
-6.57139453105758,-0.912547384784322,100,0.00113505468297242
-7.64156236647786,18.3553448247627,86,0.00631885826333167
-24.4375262413914,-2.60850289594898,87,0.000651381495077764
3.06837926096662,6.32059769678685,38,0.00209154684041493
-0.427964660637153,6.00864603929102,14,0.00208324726403223
-3.37734362217776,5.77065175291669,100,0.0019634740743597
-5.640262028253,18.8636239787793,70,0.00828702450907469
-0.3232496050513,6.01953456375613,96,0.00205058631831515
13.1667585523878,5.89619126527301,43,0.00151279588483015
3.04650329656383,-2.53740699777536,100,0.00106015346401547
3.0591456924053,-10.7735677730845,23,0.000664360266350831
-12.6574960496359,1.49805064847352,100,0.00115589466318937
-4.18025961590434,18.537986690475,66,0.00893666680070752
12.1599405205672,6.61709954499918,67,0.00164804790880917
-1.78683931191987,0.991260485445793,100,0.00136037881431603
3.99917779743473,5.91312948447153,52,0.00198486031096808
-1.57658835802222,-10.7718449094093,22,0.000667511490238513
5.77571270335523,6.01842981733565,36,0.00194186812468818
-25.1354458070344,-0.678924981389218,52,0.000688500196252017
4.34660537058437,5.83002897322011,95,0.00194299995640338
3.13625251016502,5.93256689811514,40,0.00201774160730147
1.63374099004628,6.54596059997173,62,0.00215465666743789
-6.36708118562837,-11.1645106600582,28,0.000638060456961653
-10.7816066819092,9.31678837699252,100,0.00212747592654363
-1.10719977088127,7.61221080145592,22,0.00241341917219168
4.21981216565275,5.91478618424004,36,0.00198430626608648
5.36004418126433,6.06641417591032,31,0.00196949131340307
3.17796021881288,6.68297128715516,40,0.00215740738941667
-12.9563756311702,7.83479250141171,100,0.00172763162209357
6.8102158421802,6.01374520106455,52,0.00188753007296587
-0.340632418333891,6.7367904525038,48,0.00221209955667993
4.74164528171258,6.36845429970341,37,0.00204489001949234
5.44354848298218,18.8314479075512,99,0.00819871798696689
-0.835556247566086,6.72181549667835,17,0.00222136209478477
-0.204611287895072,5.86934815822693,44,0.0020450483830363
5.42321550155209,6.27738490904973,16,0.00200894025072412
-0.0781494406271036,17.2824025321095,100,0.00820891223471157
9.45758236708321,-10.7396208517477,35,0.000631363753901849
-1.13282843537292,-10.8884614117072,20,0.000664132632723095
-11.0244202238603,8.53283157608003,100,0.00198009588014077
0.557196309107545,5.89372182972531,20,0.00205853173159397
-14.6537443361414,18.7725265612948,80,0.00326543558894514
8.0889522525467,-10.9225156746792,34,0.000635359729498902
-0.777657455346119,8.84043670096785,40,0.00272259569469284
-0.114367489860202,6.54306883889332,31,0.00218112821212176
-0.651738084256874,5.84906701579758,8,0.00205481703084148
-15.1045662094387,18.5125045740541,70,0.00309168998587356
-0.453111003582437,7.10254472910021,26,0.00230080989769068
4.00564498037034,6.1316297761211,56,0.00202133736718916
-7.93526806355529,-11.2621136294243,67,0.000624529281909502
-11.4824578374521,18.5339638664995,79,0.00439278839742581
-0.0672722841672872,8.47258955695376,44,0.0026231219532599
-4.96319843676634,11.6602660469793,100,0.0033669380879018
1.79922996916439,8.74030254517226,43,0.00267345141990671
6.42392951581201,6.40148193170098,57,0.00196699808098751
-1.09442305207593,6.72026598919609,31,0.00221170744749923
-5.34573223133113,2.61151916697956,100,0.00147923295744761
-0.10048335324213,6.28591290132004,80,0.00210790068173492
-1.22907710854366,7.7100513096004,65,0.00240974385577411
0.101476040421692,-11.4608693586216,90,0.000642616013405547
8.87048748178475,-11.2379173692591,97,0.000618035388764858
7.96026562271597,5.91742212984966,18,0.00182615786029186
-1.17009627757916,6.53996085288571,50,0.0021651259790104
-5.65285775579827,18.6308565017868,52,0.008113214914456
2.18796546021726,6.32880109107539,100,0.00208622825510712
-0.995135928705052,6.53992589780166,91,0.00214781453033389
-6.38140046817184,-11.0119717512128,58,0.000641622212298861
-0.690694323486333,6.12588840501715,12,0.00210524816310077
4.45045833474051,6.13107619221974,32,0.00201569251224296
2.68435278629657,-2.43236537585238,100,0.00106973721804952
-5.65285775579827,18.6308565017868,52,0.008113214914456
-10.8011735338772,18.8658948483651,86,0.00482899309377826
-0.857391286857432,7.01102050905881,61,0.00226005250908418
6.67068935981448,6.11088831951805,30,0.00191763118149354
13.0988871322982,6.05823669386539,80,0.00152473281530104
8.11598213911175,6.28857439554976,47,0.00186271810636183
4.83638200578049,6.10468852648642,13,0.00200425327251214
5.39482421335498,6.28658416368014,19,0.00201057271835834
11.2234633274489,6.17005713251911,30,0.00166562742828572
-6.21653651733757,4.23802386490892,100,0.00164852610288298
0.0549408960552694,5.81774598522787,13,0.00204867882184799
24.7669761560529,3.52374758572612,57,0.000824866465056329
-4.26927902202751,7.93733690863246,100,0.00235244584133858
-8.65164009786062,18.4824020861154,90,0.00578990527043481
-0.00614076513895169,-10.8809064738231,47,0.000663766175546139
8.30352851645863,6.59989803524365,28,0.00190587251074459
-15.9212140623562,0.388985530605939,100,0.00098221156917129
1.20372807479393,-11.0235890286651,20,0.000659465496881486
-0.853467523479875,6.16247106153562,15,0.00210985688850177
-3.56245012178097,-11.1740254072312,62,0.000647859871139705
-6.93871734237291,18.3819799578555,73,0.00683980077017728
-15.3357996782919,18.9859475595277,69,0.00310792107639648
10.4218914714334,5.83063075414943,30,0.00167262013865966
-2.89948269498719,3.41345961564343,100,0.00162337198983781
3.07546701986657,5.85361255285545,27,0.00201047466730252
-10.3275537692749,-10.7464097129338,31,0.000624527835213571
-0.838600954867947,6.14928518180831,85,0.00207678691415394
-3.23286500953687,14.8234418205283,100,0.00525385340501107
-0.0894685066320538,6.01316037063274,24,0.00208052721026493
-6.37053792851883,12.8291614292861,100,0.0036173166602597
17.7166567972313,5.81609341503928,53,0.00124058823238238
-0.477188657233256,8.07318703315714,94,0.00248697087541053
3.99398113770698,6.62141912619437,12,0.00213136590231229
-3.75235281433906,-5.97938656082022,100,0.000855308437596124
-13.816641025037,-8.01938792889485,100,0.000671943788222763
2.50700498692463,6.33511308715707,57,0.00209969330691598
-0.500534213034152,7.62042146375217,33,0.00241463016023326
1.49434795488579,4.73896158517406,100,0.00182891041030239
4.16117952432912,6.02101238260798,41,0.00200275670591566
-0.694764719993694,8.62069299482123,54,0.00265264525174587
1.31635859864432,6.63746961949432,29,0.00219306878858786
-1.09442305207593,6.72026598919609,31,0.00221170744749923
-0.914257723816858,7.03945573943135,16,0.00228894030327997
3.75337240867504,6.33431641151571,73,0.00205889654329417
4.8180815609288,6.3892130670454,36,0.00204598277379686
2.84536041321429,8.39502841526344,50,0.00254498059651919
6.78739324905404,5.98398985745066,24,0.00189399823941827
8.11346147119296,6.26272105041649,14,0.00187046962446596
-12.4443511217013,8.54875277696041,100,0.00185965249570423
3.55643944118295,-10.7591542358512,62,0.000661689095091663
7.88347940589681,-11.0507532218847,86,0.000630599274640581
0.154337408643101,8.39992666830457,46,0.00260235469900588
3.79431160723493,6.00858239064235,63,0.00200346093955344
0.303645579296421,8.0153044080663,33,0.00251158978251743
1.37075241036007,-10.7580214436018,14,0.000668615909813759
-1.12331082794201,18.1530202726204,82,0.00955910765441363
-1.33154554669343,-10.9455608692522,72,0.00065969958896141
-1.9208685231451,-9.36140027953182,100,0.000714737341750394
8.37215325083836,6.5593764227682,45,0.00188941924033731
9.17239416332193,5.91264060969557,19,0.0017584747466603
-0.368954483804291,-4.31649007312654,100,0.000956532149680194
1.46877031878315,8.22413788539311,42,0.00254534598053619
0.0585920851450973,6.23003556925356,37,0.0021163427483561
4.14112736807615,5.86015644922814,24,0.00198217066564329
-1.07563962323247,18.1904448194441,75,0.00970099609380001
-1.23757917813821,7.47093791178121,14,0.00238324001616305
2.16671257301554,-2.90685033416136,100,0.00104028962101444
-14.8349988641903,18.3047440935132,66,0.00313573278781928
15.1531237177463,-10.9822456169384,85,0.000572136646510288
-0.293653851364094,6.25000910933198,21,0.00212706060386174
9.16101052233787,5.94992957785086,35,0.00175923016773209
-13.2934317071976,-3.82907923374738,100,0.000839706431642445
1.66190003769696,-10.7606092879124,29,0.000667463250004514
-10.8642759224716,18.7880765619238,35,0.00488386870514916
4.38038430459198,6.12836918830868,81,0.00199797702423493
-0.606159917841468,5.89393601519464,16,0.00206002633334389
10.8416626093214,-4.24182462825714,100,0.000863521218880893
-1.74661744643407,6.72938945951989,100,0.0021762473028589
-21.9558296569431,-2.79351290498861,100,0.000698483487518872
-0.0894685066320538,6.01316037063274,24,0.00208052721026493
-0.10694037525112,6.46285845634363,29,0.00216589458433524
-2.33671410337568,-4.56840970538592,100,0.000937169233985162
0.139202531101513,6.50670896728612,22,0.00217800299304294
10.3416994377431,-10.7554831775932,39,0.000623829256262651
6.52391619310019,-10.9045915771699,32,0.000645389528576709
1.46642290288444,6.57734686356946,17,0.00218457317825073
4.47146360281337,6.35039488573136,17,0.00206053326741724
-6.326852635066,18.8020799231241,92,0.00756438986137644
1.2636112038358,6.02169618398806,8,0.00208219158916656
10.2296589852803,6.17801595399511,23,0.00173007703479772
16.9092623654679,22.6781963660246,100,0.00309896817259945
0.73263642220471,-4.69775977237472,100,0.000934120283247348
-8.98772229815259,18.8323384785575,73,0.00586506348611964
16.6335253796459,6.56043291775295,61,0.0013561172454222
1.9969796602288,6.14718446300632,14,0.00209297430803943
2.91386009669318,-11.3561347859595,16,0.000645580404001595
13.1196812593977,-11.60237146645,23,0.000577132843107146
5.59833740464904,6.59357964330537,20,0.00205526366264767
-0.437607029062413,8.1363855665991,26,0.00254606976383672
-1.11186234201442,7.88569940079993,47,0.00246390811557154
-0.179135594389044,6.01073792670198,8,0.00208691001424309
6.67356370800384,6.37525972404308,76,0.00194293740988772
-0.342972600979978,6.23012566563141,16,0.00212529211637442
7.23790038533028,-10.843370638457,45,0.000642741778743375
1.41570338666199,6.42403926494497,16,0.00215490022025733
4.53853039265415,5.85244217572367,96,0.00193991594149877
10.4579978689275,6.373227755481,44,0.00173489064155686
-2.7718871964907,12.945041813924,100,0.0041653268125532
-7.35054172196338,-11.0206879981463,64,0.000635673167570288
8.76214385141074,-10.0125558977733,100,0.000657418861044519
-4.84134631319153,-11.0214946877031,100,0.000646744202568493
-4.66386923351908,0.307153913162391,100,0.0012644141593084
0.0536780181548358,5.98759991448666,22,0.00207658518267024
0.0221314762072784,18.4666672368452,91,0.0101771425794277
1.26581131365332,6.43082693064081,19,0.00215672627553038
-14.1093810297698,18.4767474019493,82,0.0033755928897913
-8.86757792433861,-7.65984157914754,100,0.000740586109942989
-13.6018268268554,-11.2320817491857,51,0.000581632679729332
-6.12669777186779,6.08690738309928,100,0.00191732935303495
9.69483002662549,5.8966722778157,22,0.00172552793856928
-1.15776313410678,-0.0830117412474858,100,0.00126243118544555
6.07618482998578,6.01452444062507,15,0.0019357343269122
7.32218357908447,6.63742006612547,20,0.00197251993747548
-1.5902360945468,3.55318271463309,100,0.00165751911256473
4.74164528171258,6.36845429970341,37,0.00204489001949234
4.36064522404044,5.86653383127828,57,0.00196315881344876
-2.16423429050775,18.9413391610876,37,0.011254991752707
8.05388015825747,6.47478419148939,69,0.00188662765330216
4.86464773800379,6.39150855186983,62,0.00203369844861007
-6.528482329205,-10.861424662224,60,0.000645591749417281
7.06474559708804,2.30852012995241,100,0.00140301076445825
0.675988828044625,8.39613831662909,57,0.00259102276366503
1.07006015112447,6.5115374175853,44,0.00216330509834053
4.89301336756073,6.46701796359062,15,0.00206588036767205
-0.915436184828867,18.4204090775739,83,0.0100838744582954
4.5448257046159,6.55822778337286,13,0.0020978672286797
-0.824094350214395,8.38681578531508,51,0.00259112222331383
-3.1730930552804,18.44694212349,35,0.00969946741602594
-2.88578336970163,5.70579724707257,100,0.001964280728454
4.21981216565275,5.91478618424004,36,0.00198430626608648
6.94391774071515,6.32158168120638,31,0.00193732486194322
-9.58487039851632,11.020940285574,100,0.00259493375605177
0.136024154770298,0.921563430090097,100,0.00135931353454593
0.725503007851008,6.42572406367419,20,0.00216025405654228
-0.60069205979395,6.42588712388085,39,0.00215222237539531
-0.805792266965716,9.90206944891582,100,0.00300226410602571
5.95688917768494,6.12064012713812,52,0.00194462097845093
-8.86867032876804,-11.1252497542654,42,0.000623557879750018
6.26471565981131,6.06931631145257,69,0.00191594586290348
1.16760622244353,6.42831842274745,65,0.00213613936686541
-5.65541014568569,2.42254765278945,100,0.00145135455085747
0.135752510576069,6.1441623932371,21,0.00210681242216562
11.2674870470741,-10.9068136106141,48,0.000611389358529911
-12.0513270000317,-11.5300869767691,47,0.000587367445140695
4.18643215646035,-11.0366652303096,37,0.000651391995317734
-6.4073210361043,14.0250026712769,100,0.00412547876500312
-11.9393611303723,5.47559502101162,100,0.0015300667555793
11.2449477121451,-11.5313218375127,55,0.000593604466418553
-2.04309274782536,18.2405075223594,77,0.00949364326711727
2.32651329958334,18.3331873322708,98,0.00935476701770527
4.96133230974503,-1.7415402584946,100,0.0010978874638047
8.37215325083836,6.5593764227682,45,0.00188941924033731
-24.6812224444403,0.0487931728251436,85,0.00071834141659585
-16.0369044581778,5.262233873444,100,0.00128568054262288
-1.54632022463457,-11.3344068159921,31,0.000648218160424417
-0.435487878383348,7.94709752473027,64,0.0024748582167801
-5.23681401073227,8.61788426360622,100,0.00245319429334958
4.74164528171258,6.36845429970341,37,0.00204489001949234
14.3392371819382,6.01030817342412,39,0.00145374666719234
5.72612368157637,6.65557908640925,52,0.00204679226105464
11.7064679987135,-10.7721184077441,76,0.000610471373789792
2.73353673333459,1.18888952790582,100,0.00137214250608199
-19.0816927103704,-10.8132740852102,33,0.000536472136427915
2.54332085247789,5.89040152418122,15,0.0020342277620898
4.43230257508423,6.32891108864259,30,0.00205259861201166
0.837482007631548,6.03618930502757,9,0.0020884019335172
1.26566663686429,6.59914720859575,24,0.00218828282345914
0.305986370047747,-11.4868903930467,16,0.000644799512329201
-6.51727974206226,-11.4774111992433,91,0.000624998015748001
7.89645867661547,6.03770477369519,98,0.00182042735081518
11.2014713908186,-10.9133460940345,41,0.000612016768400049
10.3785401707979,-7.91714351489081,100,0.000715457265589477
-3.08369734035874,-2.40592071703481,100,0.00106893457481361
-1.08039788338626,-10.9523031997993,16,0.000662181900224418
5.07978715079448,4.13259722014508,100,0.00167013630697936
8.70344388464698,5.88288846887805,31,0.00177683428655538
-0.512407536858298,-6.21259939722445,100,0.000853832569954713
-3.07588468243742,18.2527346293705,77,0.00905917229619745
-5.68558445355038,14.6233020107636,100,0.00459834046700558
0.21355729424622,6.43888260059007,18,0.00216607833090568
4.82390075109888,6.37499296461142,15,0.0020519991024637
3.09547270207538,6.09651419961277,29,0.00205302530861647
-24.6393979248012,-6.41234073697906,82,0.000558385024038023
0.204450387901156,6.68837108714837,24,0.00221418719103593
1.39001837908466,6.13738577315817,12,0.00210102214835414
2.82344861186617,-11.2823899244753,62,0.000646288628810072
-0.342076109920185,8.85209184579113,42,0.00272802490555205
11.6669667165593,-11.4590824226303,54,0.000592239342713742
3.497652450983,6.57331848056538,47,0.00212309719804988
15.9523043940183,-10.9686318705479,39,0.000565919543370542
-5.8060222548576,18.7736960123251,70,0.00805190106874723
1.07006015112447,6.5115374175853,44,0.00216330509834053
6.29231817803759,6.58531207136684,32,0.00201467003424009
-1.85436183591145,14.7590903097467,100,0.00540523380593187
0.204450387901156,6.68837108714837,24,0.00221418719103593
2.19885720381074,6.22067724424847,65,0.00208095001343199
8.40153956933421,6.55328013465181,43,0.00188744828768319
-9.36073721615052,3.05907358967136,100,0.00140317073189649
-7.08482434318893,-10.8719995128562,92,0.000640795919566496
8.90561488455323,6.43032574281769,29,0.00184367521858979
1.30948176625722,6.20929150285463,52,0.0020980967988854
-0.546124020382051,6.29481887165066,72,0.00211188965057986
11.8284975243417,3.67253583332033,100,0.00136071535725849
-0.561743162484567,8.27405957346812,81,0.0025446974433837
-4.45435716983834,13.3592037935767,100,0.00416577746571005
-15.9551760681961,-4.58033192479922,100,0.000759345286868092
4.06184358815255,6.10047040009386,42,0.0020196696339904
-0.788820194478138,6.0657955049059,28,0.00208609544040199
-0.71455357930287,8.71157825501738,40,0.00268729817035854
-1.19958330067974,6.6070383125643,19,0.00219307427109183
-0.342972600979978,6.23012566563141,16,0.00212529211637442
-0.383046305414834,6.1297972711011,13,0.00210702355077324
0.834266864978147,6.76471711991604,17,0.0022303501143186
-14.5201268695969,3.57498912294792,100,0.00123371974183271
-2.51372218250191,7.59651920321609,100,0.00234258674311234
-11.5380275994373,-10.7298875273705,50,0.000614136735890577
-18.5194256601797,12.7717585546375,100,0.0017224675857087
3.26652682000216,6.06224173798946,23,0.00204470820839656
-9.76842656177967,-11.6107868692517,52,0.000602568002203232
-8.41671928295107,14.9100657440103,100,0.00402455026804465
-11.5548044136263,18.2442415439567,74,0.00426801271348199
8.53118367225037,6.66993665605677,90,0.00188057147803367
-3.85870073932393,18.2888506199446,94,0.00856009534982116
-0.853467523479875,6.16247106153562,15,0.00210985688850177
5.80438468547337,6.17795043881505,17,0.00197450228905073
1.32335042214345,6.2355641722536,96,0.00208367224307769
3.88491979455272,-10.7575435652621,40,0.000661636588499941
-0.769531110507332,6.23563574984032,9,0.00212738910697997
8.76932944008279,6.48675182690172,29,0.00186022042489064
5.87986021374941,6.46078618608275,21,0.00201794763419206
-11.5332605069844,-5.97409701304037,100,0.000776550147615872
-6.9518528244721,-1.71432104079748,100,0.00107187705510813
-1.11186234201442,7.88569940079993,47,0.00246390811557154
9.27191384634085,6.61747037498037,65,0.00183598434341629
-17.7572456333982,6.22008339616902,100,0.00126014376659159
-1.09576162137925,6.35813283189199,11,0.00214783492364155
3.07045063793668,8.52364072917125,86,0.00254536315260339
-4.88320456194956,-2.82524790060185,100,0.00102521310048011
-0.131588119665712,6.21522450323406,60,0.00210319043628631
17.9627733805122,6.70110227761971,61,0.00128631678031787
0.41089419847694,6.58115486777239,79,0.00216538483180163
6.28075512334291,6.26333411481786,23,0.00196418026459585
-5.52923345382677,1.10508873112361,100,0.00132211330455854
0.293245517799211,6.46996794462298,32,0.00216556464292938
-16.001970648327,0.483924151902067,100,0.000984754760020306
-3.77145118045682,-3.74232717785967,100,0.000977603079928371
-19.855918562551,11.7015971575182,100,0.00150309843824755
4.00967279928141,6.10868779367547,53,0.00201835973108829
-11.8547804417596,18.8091459059353,65,0.00435014963387475
1.82792715265372,-11.1584850967342,24,0.000653944852585485
-9.28012393151387,11.6985992949759,100,0.0027991405256358
-9.92023952653056,-10.8275058659149,52,0.000624480556782692
0.169607265581046,6.23952413536468,15,0.00212798474802327
-0.557617087057389,6.12939677167106,11,0.00210710515566485
1.96460790541886,6.03645283553514,94,0.00203881149305435
0.51439991923122,5.98540929281621,43,0.00206604146656567
12.4481601323558,6.15572550141598,65,0.00157856469226839
3.11890043870122,6.55891698322399,42,0.00213393732227265
-0.386358176952904,5.87943127263688,40,0.00204813107579563
-10.6781192143569,-10.8954803128483,75,0.000615571646662059
0.68174745604834,6.01448169938172,17,0.00208183076108287
-5.64035167779251,18.6373165132152,52,0.0081303950618491
5.7293037856512,6.62462363359034,26,0.00205204134273021
1.28961659447706,6.43112617544678,38,0.00214770309262524
1.01204629096477,6.20607154453459,13,0.00211787510491003
-13.4883744308883,18.1648782485405,56,0.00354036698782209
5.5583856764503,6.06618322531302,55,0.0019519013779892
2.12000634782848,6.56328590667369,65,0.00214823650442329
4.03643720603252,-11.1952437968705,61,0.000645701838335011
1.17362674291371,6.40134968901573,9,0.0021565429812307
-18.8288980520856,1.01494110211174,100,0.000921529939171427
13.10660581841,6.23124380472186,74,0.00154335118844763
2.67928905734716,6.56117723731255,60,0.00213779324727888
-10.7765086403963,-11.2455100852918,52,0.00060548385187937
-5.83586101625548,18.6241299436556,52,0.0079692452395215
4.34489858642391,6.10148692180092,26,0.00201667461933569
5.06389365727883,-0.136732133161011,100,0.00122036015935161
0.19742858351917,5.99167206215382,15,0.00208022255849284
1.80144221863621,5.86646003911359,40,0.002032865941284
-1.15605155247026,7.36122105911191,11,0.00236078421340909
0.51439991923122,5.98540929281621,43,0.00206604146656567
3.03699413595049,6.42560948499167,46,0.0021087685655738
-10.7201724319816,-10.8162606025675,72,0.000617675975935716
-5.19668273298237,-10.7442058845733,23,0.000657640923839432
-12.617070244591,-10.936003303579,42,0.000598975552802492
3.69861434254121,6.06278472541808,15,0.00203561008550433
4.34733127136023,6.17366168931855,75,0.00200943971202613
3.38393100544293,6.44940508636291,11,0.00211901003797389
1.31635859864432,6.63746961949432,29,0.00219306878858786
-11.9227161837806,18.2088797648516,49,0.00414731017770493
0.266812552767096,4.67682605632645,100,0.00182652057477823
0.875219965557784,5.81660260396099,9,0.00204694521090352
-12.771776717759,-10.8182331979853,41,0.000600881878538718
-12.0119923875522,-10.7657346962961,38,0.000609372710113522
-1.05428656311954,6.87866327282421,29,0.00224627802151229
7.20411350813059,6.21936686366152,21,0.00191105659503237
-7.59291599241301,9.58678149156655,100,0.00249060387297614
3.39991003580108,6.13515274563392,49,0.00204338903116594
-17.6348238972645,18.2654185680148,61,0.00243862159276322
2.03568990234867,8.63720936538268,53,0.00263221466779323
-0.0961786095551789,5.41538649709561,100,0.00194656144046193
1.28699840966688,-11.7205509321876,17,0.000636547285016282
0.450452815146458,6.24637635966388,15,0.00212853791532379
1.69058289891345,6.06945349111488,16,0.00208228852369425
4.61966074088891,-2.42507989633581,100,0.00105429272111107
17.9627733805122,6.70110227761971,61,0.00128631678031787
5.20945360968576,5.94105258702136,87,0.00193336152454385
9.15340042449619,6.23671694481817,72,0.00178729235873416
-0.866536370711669,8.78782789384572,14,0.00272593375218666
-0.849272987032883,8.76801574056526,48,0.00269561167573765
6.29375362011998,6.45382970168498,23,0.00199565199830769
9.31284613868275,5.94980425010415,24,0.0017539522957474
3.35464388522854,6.51128595788468,47,0.00211561858940127
-11.4171853465063,6.2588434557552,100,0.00164767318423288
-19.7442257290145,3.79183629998758,100,0.00102137592745059
11.0560056938073,6.56629481655016,60,0.00171641179447446
-0.568055058606163,6.66830071921234,12,0.00221452462258262
-0.769531110507332,6.23563574984032,9,0.00212738910697997
-11.8779004418312,-11.2832355527748,37,0.000595956381193228
-0.984629742304298,7.90660793746125,97,0.00244046684183092
2.24871074488254,18.2601423942629,54,0.00965822499079982
5.49801347668666,5.8447416979053,19,0.00193141483009195
15.1010980009759,-6.859701365043,100,0.000692766585149369
1.97905589575785,-4.08677822243286,100,0.00096665685421852
-24.9236300855743,8.96753582246582,77,0.0010134174094476
4.58540250157925,6.4556836365509,42,0.00206473106248923
2.06180165586784,6.52930350163683,10,0.00216824092578681
-3.1730930552804,18.44694212349,35,0.00969946741602594
-1.31363299252657,18.832881943095,68,0.0109965267821549
4.5310864460652,-11.0728581868525,57,0.000648090065471344
5.54963418049994,-10.7926854298891,25,0.000654311065333555
-13.5352991895794,18.2222352359507,49,0.00354716022848147
1.26581131365332,6.43082693064081,19,0.00215672627553038
2.05637937617371,6.0227945042081,23,0.00206463457221968
1.85704858276394,6.23156524094757,28,0.00210529739164338
2.69268927735987,6.51200099164935,63,0.00212656733024098
-22.582201528291,2.36489336320064,100,0.000854759079572862
1.78739203570054,6.22361117665679,66,0.00208819461632118
-10.157482099241,9.85477346088483,100,0.00228671716370091
3.49839917629486,6.12882824905711,33,0.00204608883458659
0.692216884401471,6.17668403474335,12,0.00211505945573389
10.1206097459435,6.26177135615116,59,0.0017368209036878
-5.77551974956728,18.3722836674582,70,0.00761627151486176
19.5045142048857,6.28071751371622,49,0.00117378353247996
-1.08417244868955,6.64735517430317,96,0.00216588439564485
22.2134809693231,2.38010622672188,100,0.000867582829110443
-1.57035025909653,-11.1782484992103,56,0.000652295155834715
3.3364180912925,6.2167753621775,29,0.00206861448822544
4.19879785913468,6.16047219162989,48,0.00202325102742873
-0.829314579012194,-10.8897497516644,35,0.000663689954973814
-9.0842569420034,-9.90057978742957,100,0.000658596906211059
-4.827750152549,9.7170203682849,100,0.00275922411361344
-14.5302979655023,-8.76719204555309,100,0.000639929440924394
9.23447366316015,-10.7544925524184,31,0.000632730793089082
12.4496921349482,6.31718269760731,80,0.00159225005647112
-0.141188341231975,6.21844577308602,32,0.00211626196163562
-0.166795477282354,17.0923124033394,100,0.00794290443560021
-3.54937566635642,-10.9264323903413,55,0.000656390967571637
3.7437020483101,6.1365657519098,21,0.00204508348955418
-13.0094013852939,-2.85769191353228,100,0.00089063211979417
-2.96997554125674,9.75580468995324,100,0.00288576645392396
-3.87937264644473,14.0001224804559,100,0.004606575565046
2.47290758715407,6.63574635229677,57,0.0021587190754039
1.74256226677666,-3.75857616218845,100,0.000987410487498919
-10.7816066819092,9.31678837699252,100,0.00212747592654363
2.54332085247789,5.89040152418122,15,0.0020342277620898
-0.769531110507332,6.23563574984032,9,0.00212738910697997
-0.543843939134341,6.42095463937464,43,0.00214969430380088
-0.913648164651903,6.98192166452134,27,0.00227075837037897
-16.9737265470651,16.7796740632018,100,0.00237637275701729
-5.69005614916567,-11.341564703325,66,0.000634221057673179
-2.61759810014693,18.9305078627001,83,0.0104372453743096
7.07401223006361,-11.0407546244216,66,0.000636574716815127
1.44736738478113,6.56956206377672,39,0.00217282077087648
1.46877031878315,8.22413788539311,42,0.00254534598053619
2.23406497217953,6.62340991804571,62,0.00215918695319898
-7.3544108846213,17.2726249825099,100,0.00567836478022831
5.98194178709503,-3.54435048407761,100,0.000968996497014606
12.1315217542523,6.0738681468609,62,0.00158991559145491
0.11995120664731,-11.1793611147223,36,0.000654157606518886
14.6595278633108,6.09168752649091,60,0.00143736814750599
-13.9224042199912,-6.20437196797729,100,0.000733030364093212
-4.59241897321923,-11.3974635119021,15,0.000639085124417023
-0.873866050568312,7.27911086460043,47,0.00232564355481508
-9.18830031594421,18.3773310378359,97,0.00540627299689627
5.46089674624641,18.3327260019697,78,0.0077330614344739
-10.0114283883879,8.88451937200155,100,0.00212654895853453
-1.19958330067974,6.6070383125643,19,0.00219307427109183
0.519825640468894,5.86072782279667,83,0.0020263688619078
3.82316006077891,6.45634952291209,28,0.00209869443162344
0.170213721578345,6.01402124101905,15,0.002084502587797
2.73550221650125,-10.8014372517709,54,0.000662872272351405
14.3034584494003,6.06814149235678,77,0.0014532161447749
0.920348067035003,6.41575201809978,26,0.00215398023483037
2.5914034127606,5.83172992786232,12,0.00202381832274124
0.433595740457485,-11.4813596962976,33,0.000644234912777557
5.95898139458244,5.84185410847886,73,0.00189191981429266
4.95713317559771,6.46704547270407,95,0.00202969217479632
-0.712908556984057,8.25411598911969,36,0.00256773436587166
1.26581131365332,6.43082693064081,19,0.00215672627553038
4.30197178089781,6.35237296314825,39,0.00205787086855786
-21.1285215023177,-1.96540923660726,100,0.000742972866485886
-12.1592218864242,18.6901554196878,65,0.00417787047123985
-14.304333553691,18.9862830829065,67,0.00343666534406918
0.731823964826152,6.20779068501049,83,0.00208939148098868
9.31284613868275,5.94980425010415,24,0.0017539522957474
-0.419765967419963,7.41717558753504,45,0.00236106992500234
-9.89257351711941,-11.3676526738422,66,0.000608172735261254
6.31693464985284,5.82091554271465,99,0.00186400107053099
9.31284613868275,5.94980425010415,24,0.0017539522957474
0.535819768060857,6.08691998478183,37,0.00208764375124592
-0.76497392124019,8.74786197650576,60,0.00268235132311845
18.3316069769963,5.95386594984083,76,0.00121288324638868
-13.5146615622395,3.49991848599629,100,0.00127223087258671
-7.90825159906174,-0.516946084978515,100,0.00113926014301298
-0.383046305414834,6.1297972711011,13,0.00210702355077324
-2.96997554125674,9.75580468995324,100,0.00288576645392396
-7.19124622993902,18.9224067520032,56,0.00724020236980602
-8.95257436482327,-11.0859944458228,41,0.000624205570314963
2.82756202415275,8.4755914885074,58,0.00256082398211421
-4.87882205241865,-10.9791643775441,22,0.000651261896920714
10.4218914714334,5.83063075414943,30,0.00167262013865966
1.79087476023399,-11.1766587738747,54,0.000652117728028879
-0.747189198037182,5.52999194705138,100,0.00196408188449894
14.5617960918734,-11.5898643150793,58,0.000563337054716026
7.88512633970015,-11.1093957897138,50,0.000630204567796386
-0.69020504139331,8.63738310623417,32,0.00267283990193294
-13.5200869095769,11.735141630251,100,0.00220875050377858
5.28753516688142,6.30912689342256,32,0.0020138860477005
-21.1285215023177,-1.96540923660726,100,0.000742972866485886
-16.0161300064319,-2.11083090118533,100,0.000858559086979448
-1.02995484123301,6.7880088560487,15,0.00223442366975909
-4.82544476282521,-3.30618535901917,100,0.000995426952562229
0.664821484241659,6.32312836176641,12,0.0021439303737045
0.0990705569730933,6.63054112209107,41,0.00219416995574476
11.1010757076285,0.923381190185725,100,0.00116443866189548
-0.945433019854886,6.04350169896529,9,0.00208895452243888
0.490659385197661,8.86011701648704,29,0.00273909370889131
9.16101052233787,5.94992957785086,35,0.00175923016773209
-0.7593711731323,8.58436721921218,93,0.0026152316487135
-0.445594207514326,6.82591559302167,67,0.00222081941123364
-0.613991015886169,7.54280395942901,33,0.00239568782473677
14.2598407520518,5.82054147925638,69,0.00143485144006108
12.5562427055489,-11.1112150436658,80,0.000593326681887241
1.80922144813101,18.6032678351173,38,0.010674152541668
1.68474304827431,18.254977557851,60,0.00980204229071288
-0.639330943147928,5.89949135811713,19,0.00205961361649829
4.3881262941196,6.36636472257367,17,0.0020666018952391
0.357412993101271,-10.903677122359,13,0.000664430982781184
-0.0994309222793835,18.625173413967,83,0.010580248982852