2.73585856694391,18.4252219564923,59,0.00967826742990404
0.721429191726292,28.3575832430838,94,0.104517006538789
-1.00431359589032,8.32424468675786,43,0.00257795965291476
5.2222166073141,19.0448781726905,83,0.00875651318622831
2.81124201820832,27.331327946851,100,0.055294797658101
1.14097256244024,28.5004359181754,100,0.0861222945207094
-0.28749783493767,25.5722886334249,100,0.0656903592644764
0.781249219389853,23.083425641423,100,0.0299950629408539
5.72736598298354,18.5972702338626,84,0.00781709386517185
-0.489526636809212,28.5626461083076,100,0.0986912279240568
-1.0327610582797,8.21451264687913,51,0.00254413227110564
-4.41373442241058,18.1801224095004,48,0.00841000403021466
0.384069907359977,27.4810447235699,96,0.10760724099406
2.55663548436043,28.2498827790072,100,0.0602829748919402
-1.52917070612668,26.0415035525251,100,0.0643054215323429
1.57926006877976,28.7728424058542,100,0.075608140595874
0.192367148530862,27.4375266170111,94,0.110895056042764
-0.465692160809085,8.05127571335595,38,0.00251665784523868
-5.15028830163019,27.3386431876914,100,0.0272482737417445
-0.947308427560799,6.00515471734032,22,0.00207603834334868
2.19660006081886,28.3125095764432,100,0.0669805828408018
0.679081678547179,27.3868356997721,97,0.102174191786486
0.491570650470067,27.5530093584164,99,0.103759785442353
6.89497768934677,8.8943022986807,61,0.0024137897945277
-0.296861290344484,27.0483490957198,98,0.100503407980404
7.9001314647663,23.4676648198482,100,0.0109150593325835
-1.28886846586156,29.2060993622139,100,0.0747896166125863
-3.76511912556861,30.2449121981243,100,0.033603239708734
4.39340187666033,18.7975363588046,92,0.00896429841116776
-0.275639612254455,31.5006739352161,100,0.0430617091586993
0.883221357444214,27.9487440591826,97,0.101125141901714
0.602903416514453,27.9440160351883,90,0.114007599536865
7.40180255148267,29.4289182687877,100,0.0148930730676371
3.74291900247678,18.2316968817955,83,0.00862526538546426
-3.10929484251509,27.6660878594688,100,0.0510027208355543
16.5786260614551,8.11731561685008,69,0.0014870458425794
-3.11852393495677,22.392597500206,100,0.0201888888866552
5.40353240685222,29.1816444337293,100,0.0244842145918134
0.627707915428393,29.7834249820398,100,0.0714805038617145
7.19742835396451,29.7697921444325,100,0.0153030238078999
1.08574431352952,27.5569781176034,100,0.0895061757773158
4.34370397437225,18.2325849971274,89,0.00823861129360058
0.48103284794925,26.8409687132369,100,0.0894987737525592
-0.706341434294816,8.23388316440202,36,0.0025625723268345
-2.07816502167514,27.0599080125611,100,0.0672861658484127
5.55703385750325,18.290652769542,85,0.00758278405680555
5.92080228302166,20.6530633300028,95,0.0102653964862209
5.34023976756212,25.2945133169503,100,0.0222186549594295
2.23894582183863,18.1791512010753,51,0.00954593429300103
-0.444252397463651,18.1721179010048,48,0.0100223131720363
3.19791393051595,30.3981454490635,100,0.0376455504715469
2.20498034989706,28.0807146405268,100,0.0675168873705358
-0.981878956583369,7.48585584902264,27,0.00238253397087466
2.16784539495091,24.6469685838925,100,0.0401089887550369
1.44106604826306,24.7878712515774,100,0.0466782785934581
5.49058352388597,18.8408679533445,62,0.00843066943245973
-0.164853287609462,25.7432197734458,100,0.0693761844489664
5.48021286368798,18.2484631369869,60,0.00773161220508688
2.57056894083838,26.044060236466,100,0.0504771311514655
4.62474031159064,22.6222995981305,100,0.0170254278900499
4.94356029841224,18.255765220651,63,0.00807070892214875
2.9752531675089,30.4207675409203,100,0.039518921380384
5.94798608783164,20.5446388928412,90,0.0101202151827186
5.53817610639322,20.3424152396719,83,0.0103728998818077
-0.38067050800372,27.3029380687877,97,0.104628707628227
-2.13941864377325,27.0925709343143,100,0.0663615902908447
5.5813472114321,20.4739960866156,90,0.0104576534060241
0.24370033466814,28.1965241460271,99,0.105565317436868
-3.22518741771488,27.2103769660706,100,0.0482475266860615
0.867051609728717,27.7472956382943,98,0.100343567898228
0.573650416745204,5.90818983362233,13,0.0020641270602904
1.03446893357442,22.7533725866548,100,0.0269822567855016
0.412846011146222,18.2064568554674,50,0.0100718934275756
2.62645377488661,21.6602753214039,100,0.0180991643089632
-0.982651251396836,6.73325507968368,48,0.00220722208296515
0.805237092491367,27.5087456164922,95,0.103373532427981
0.57617087390354,28.0532601276231,95,0.107876654555749
-5.03259831712982,28.1383890230669,100,0.0283247124327339
0.904226502119749,27.946247276301,98,0.0997421413766907
-0.879611981246213,6.31174821470349,15,0.00213878521370751
-0.655735664915731,6.35177837218381,35,0.0021390935011273
-0.345765255096541,6.64638859470375,27,0.0022036610603515
0.763070716373252,27.9432765633421,93,0.107642538282174
2.65789353444687,28.7840880934549,100,0.0561260000376206
0.885555690910228,27.509419056276,99,0.0979529414852211
-1.91119524245639,30.7909514757873,100,0.045173440499624
-1.44147567544847,25.6990581072531,100,0.0600461238833834
-1.04547429697373,7.40216596959699,34,0.00235867106483013
1.53208385653178,35.2125339281893,100,0.0150852621149346
3.3409512245832,24.1749738883987,100,0.0288587948363815
-3.2130501913493,24.2180272347195,100,0.0298528316183531
0.842216195836228,26.5703982785783,100,0.0814558471931889
5.49336765845235,18.761256128517,86,0.00816408388070522
5.46774770832006,20.2677343531098,98,0.0101772336131622
-0.514853396291111,8.23964497185951,16,0.00257882900670367
3.79673805791515,26.4549966080642,100,0.0380318828771413
5.2362673171312,19.5054245506813,83,0.00939504582552421
-0.510513213622748,26.2839631112311,100,0.0790550533968555
0.699245427254491,27.5074821689825,99,0.100856414481421
5.85013540874922,18.5522077054304,84,0.00768148934310183
-0.96168326447492,27.8406771141774,98,0.0987531685740296
0.372865430997389,26.9568269564436,97,0.0994235036428718
-1.12252782211929,24.3378748887305,100,0.0424175626325122
-1.0803994836291,8.56510380910527,37,0.0026447402099144
5.34739034727986,20.0034443816994,97,0.00990682935615028
-0.780442043263479,8.54417892735607,48,0.00263533239304086
0.405416028353549,29.3884523554521,100,0.0806597796388703
0.79397674059982,29.4635839469417,100,0.0763421788216826
0.326211267674498,27.2740007246899,100,0.101499567026013
0.359414256572804,27.666811127105,100,0.104515273604496
-0.812151087976071,8.33091602025164,30,0.00259071398981536
5.55637140002923,19.3703954490401,90,0.00885985751454046
1.02511599861842,5.8962447215463,39,0.00204786812253122
5.06287845698484,18.1808525068012,84,0.00777341682885276
5.87576906234587,20.5247899827533,82,0.0102617675627458
1.59911489720817,22.4795664517821,100,0.0241426154620898
-1.36841964109084,24.9171173093216,100,0.0489203145759881
-1.19434076177934,6.82638284102371,34,0.00223118420935153
-0.407312372529129,6.14603961672011,39,0.00209856257199532
-0.021598165916632,26.3460710511848,100,0.0819860929594346
-0.825428417805663,7.29993182456924,34,0.0023378165948028
4.46805321066638,20.8147224652032,91,0.0125599976824633
14.1021561383055,8.61669272042235,72,0.00173212888517797
-0.741790507283187,6.23268516808757,16,0.0021238391322106
-0.880747136339745,6.7439914606503,45,0.00221182799581805
3.8596963689132,18.4086058692913,89,0.00876804820329052
0.630241869883102,26.4387590727028,100,0.0811579964698908
0.52465765691556,27.7583340312444,96,0.107679086428317
-3.66469874246901,18.5197739764867,93,0.00901762652119702
5.71489810668373,19.8069377287807,83,0.00936919310986642
1.31219560407611,27.7063141124531,100,0.0858600661485567
-0.380033986077158,36.5781341703142,100,0.0116238867672873
5.83340626178837,20.7638082791801,63,0.0109166604691683
-1.6826889778839,28.8913453646275,100,0.0724975582982421
-6.14856029098417,25.8051627688129,100,0.0192554941032843
-1.47858627845837,26.9652391058627,100,0.077579354192326
-0.105312617210965,6.16566533362034,41,0.00210212162869485
5.54779014997308,20.5588871537293,87,0.0106719860747495
4.59717675852155,28.7428811366627,100,0.0314343499654786
9.13682016571913,8.5217405321123,73,0.00214731177940403
-0.252425778111089,27.0760021289989,100,0.0991934518303435
1.27932888280703,18.5073112739116,80,0.0102005857822467
-0.864259853769961,18.8024314333857,50,0.0112727014162054
4.73643446081476,18.7257738953963,66,0.00881900514382838
0.339978159465325,26.9657881078762,83,0.116030661021863
-0.879718988784408,8.30576272844371,34,0.00258070223025361
12.4893901140801,8.85333007455569,73,0.00190299902478443
3.71362162486286,18.7009666996147,89,0.00930210797233061
5.89562382611584,19.0889466267769,87,0.00824317790884842
-5.58509053722083,18.3933762010493,50,0.00789050498311359
3.31575898098986,29.5573640310606,100,0.042066104065978
5.93807315598883,20.2556814206167,91,0.00969874066659058
0.304345600356448,25.6561247773592,100,0.0673122327865061
-0.753780469866629,7.16243513803025,15,0.00231798308924895
0.461762772405257,28.7064442091261,98,0.0987303067028651
-0.97623392991287,7.5050195867884,35,0.00238248642133051
-0.943528868394434,6.5887401132887,29,0.00218717723832102
-0.0102986745704949,8.38563088757734,53,0.00259403176328497
0.154931525488597,27.8152833366871,97,0.109563641510287
3.9374131870331,29.0241146085106,100,0.037374082289916
-2.11585652733812,25.8489364047205,100,0.0542676116747992
-1.16030081602771,6.68485394941362,29,0.00220465142225793
3.36356946761461,31.5971329836857,100,0.0284320888820975
1.32050349953295,27.797999544014,100,0.0858462806662884
0.0637792978071481,25.077082912338,100,0.0566361260543608
0.760902731554892,27.7304664266125,96,0.104198429983711
5.06481282456388,18.5847785719684,83,0.00827088902539416
1.43642717961772,27.37632343008,100,0.0819708211169809
2.85276343541853,29.3927516482267,100,0.0490561591569146
0.163309249521992,30.3941974609514,100,0.061186161421585
0.807564233798778,27.8610410506178,95,0.104677404848158
4.26662171440795,18.1788823477991,89,0.00821334806164441
-0.267152550057063,8.63036377236196,46,0.00266383371267454
-2.91635266023139,26.908426336593,100,0.0517760247387318
4.75783617919058,24.2054842591689,100,0.0217852943578291
-0.876654795665037,6.35913915264612,42,0.00213579521799401
6.95059276359459,28.0254112684425,100,0.0171707149018629
-0.572684053447953,7.87693806896692,38,0.00247279235307437
-0.468649783571226,26.4716571609322,100,0.0829768007013985
0.0995369254019064,28.0266161839175,96,0.110640785924441
2.09041192321221,27.8521316413832,100,0.0700726413252562
0.623753782233102,30.5914472249928,100,0.0563566864147093
2.05870114360617,27.1773879114469,100,0.0684608040026461
13.1937912086353,8.58334906331506,70,0.00180631256495584
0.0649550736090599,6.02827245647737,33,0.00207950571838952
-0.81133087486061,6.10807393290967,42,0.00208786004358
1.41772667334396,27.4265469498884,100,0.0826452887107523
-5.05608557416245,18.3144111856463,87,0.00791722630108875
0.468241340083545,27.9428704961109,96,0.108378595505726
-0.194375839482483,28.6025076296695,92,0.108834463979217
-0.781595240027073,29.2069330972138,100,0.0811504376403475
2.79076990639815,18.6379794103643,89,0.00974109586150077
-0.740685932582441,27.5402341196871,98,0.101495457384253
4.96769196175718,6.02517090615266,42,0.0019739724170097
3.61798142424286,29.0484882166989,100,0.0409830052733734
-1.16549703904375,6.35147462594136,17,0.00214302916383633
1.43056746731137,6.16757825165292,37,0.00209528387526477
0.309697258639177,6.19310429155714,12,0.00211996979602808
1.08875030027783,31.5281088669116,100,0.0407625272991514
-1.01995141101218,7.93465851737637,43,0.00247948362785136
8.81237755433843,23.6765529593014,100,0.00951741307080282
-1.17057479825099,8.2547066054416,43,0.00255762828362915
-0.100344541250378,23.5464481623558,100,0.0350527145177777
5.13489226926319,6.30849537702568,42,0.0020161748166305
0.786059697158303,28.0601049211735,97,0.102475408349638
0.185126520314833,27.6661175954367,99,0.106685523818622
-0.2869495392578,8.54259178127955,38,0.00264554922147328
2.09286809949404,26.5389001555873,100,0.0623843225887158
4.01037913590099,6.04197313611536,42,0.00201100275028846
-1.16369672419697,7.14608344210001,43,0.00229530090211975
2.41628549047898,18.3361313136369,47,0.00978789147270523
1.34130955990424,18.6192022270947,57,0.0106592427024295
0.517046650213261,27.9412106390799,95,0.108994994842753
-3.12518368201365,31.4705219385889,100,0.0305859786181125
0.639575121309547,28.3866806941311,97,0.102185244573834
0.326211267674498,27.2740007246899,100,0.101499567026013
0.442547737641249,28.1329851993613,94,0.110245120272891
-0.817678165588848,7.23321626892629,38,0.00232080600967376
0.982550447512962,27.9203354887148,95,0.101318168008117
4.7012934056775,18.202045197113,80,0.00804485023395427
-0.107185787361602,25.0674245546117,100,0.0564401933901307
-1.03820877772727,18.5681363457648,44,0.0107827669717159
5.85556515202334,20.2442138967763,93,0.00975536802206527
-0.868743528756192,7.81438971065045,42,0.00245259290115021
-0.959766069017472,27.8705299678658,94,0.102856983451051
-0.0551801675151686,25.1867194584149,100,0.0586266738346146
0.488030513512237,27.3358729296027,100,0.100855457156593
0.237038745468256,27.1254720505977,90,0.111129193056944
5.45815895071239,20.0530505711781,93,0.00990488781450969
0.398490244801343,18.8704082248178,66,0.0113001022813631
-0.353248006607883,8.40433948495067,47,0.00260215679360254
5.43547337302908,20.8120027764726,91,0.0112061069703239
-0.826623767238614,7.49577022761822,48,0.00237452706256886
1.7768079262817,6.4317149240179,43,0.00213866043603206
-4.77121670463987,27.1946685963188,100,0.0302025194079611
0.497086362307075,29.8202012407088,100,0.0715019088316072
0.823212141271774,27.330858312589,99,0.0974660915171484
5.59997159548325,20.14553638483,90,0.00992135355981789
0.0124156786396203,27.1699214762604,97,0.104394272432613
-1.92292657523874,24.5015076954651,100,0.0401825585714772
-0.236826581233581,8.81708871626364,38,0.00272155777711871
0.958227076650484,6.56068159300694,32,0.00217991821161895
-1.17213649337074,6.2476001239904,12,0.0021248378381935
0.863291302499683,22.3035582930465,100,0.0240766307056398
0.814141356936587,27.5044325555171,95,0.103187091456705
10.3811045587125,8.66520678000773,72,0.00206459770956624
1.80816457421197,6.59885610220532,43,0.00217127330485803
3.81735804009369,18.9635512592207,56,0.00997585724285915
2.88626361631841,25.1761204066712,100,0.039306071564191
-0.300542943243428,6.69886566415419,42,0.00220732408905036
-0.681312288400012,8.19283695141075,38,0.00255094818725055
-4.57518599438544,33.1349558008044,100,0.0170516212348327
-1.22863521708435,6.36484554165804,36,0.00213627130749557
-1.19388145809457,8.20566607693954,49,0.0025408584493462
-0.528905608830051,6.01860382719321,13,0.00208515214713299
-7.46863963919303,18.2577817577005,50,0.00649739198431651
-0.720522663302738,7.50253661035582,15,0.00239580188095017
-0.715651173905521,7.64564226250956,38,0.00241613955905863
-0.0487567888360325,30.3749138109549,100,0.0616448526791369
3.38508657619745,31.5947204110815,100,0.0283296401279148
-2.46071158340728,29.0039457953952,100,0.0579310916581934
4.85935757121483,18.282683811658,51,0.00823974266920338
0.832931467497596,27.1959183331377,100,0.0906008658900958
-4.05501661074099,22.786520630085,100,0.0191950025373611
0.744580571051668,18.2945664202821,54,0.0101650227967086
-1.01340785013919,8.68966302995631,38,0.00267897425763482
3.00116027836413,24.9195664825806,100,0.0362826519734337
-3.63147203295525,30.3867147007371,100,0.0339366903415401
0.185126520314833,27.6661175954367,99,0.106685523818622
1.00776674841834,27.9304670327711,100,0.0915634634465827
-1.24923040484075,18.4856965534015,92,0.0100439612139147
1.40026147966111,6.32509074660676,43,0.00212328978002191
2.67077908247001,29.3475338157758,100,0.0519665633221221
-0.803382273078079,5.93286589279834,41,0.00205549918490686
0.813534126420649,27.7947194570901,100,0.0993318720431465
8.42075214546797,29.4924040388353,100,0.0119802407511141
-1.07234568410427,8.07994940243985,38,0.00251793896065657
-1.0958914202889,6.2986241032791,35,0.00212518080247373
0.883280112055794,26.1605253091493,100,0.0736724240847447
5.42201983560753,25.7789970988112,100,0.0229173739412636
5.44071401856634,19.4093366343166,86,0.00904674716131918
-0.385924246617432,8.16490540600573,38,0.0025458548759056
-1.49124007172063,30.4993645632523,100,0.0523984869201867
3.13865411700299,18.4196712379071,50,0.00953331648635466
2.28347514631161,27.8874049022928,100,0.0661553144537334
-1.03260780563844,26.0391136970308,100,0.0699917033166292
-0.2259215059163,28.5635194053636,100,0.100550586379175
-0.386828318322854,24.3452899373019,100,0.0446179365008103
-1.02823507048603,28.7489773498588,100,0.0851328104257443
-0.978530948560613,7.8749943871085,38,0.00246847530569121
-0.0201400269080755,28.6684925470747,97,0.102531827191671
0.522595019847109,27.0121627712708,97,0.099058640858381
2.79715543618056,26.5874399052865,100,0.0516859053060373
-2.69544637301469,31.4180446846317,100,0.0335375536854257
0.397702776756632,28.2929462204159,99,0.103674843774225
-5.29430985252656,18.2304906178948,43,0.00793764385255262
5.53185720574498,21.0034698293523,91,0.0114114350156904
3.02590995642297,6.16574786760714,48,0.00205951450790867
-0.662553661251085,18.433113795946,60,0.0103918279144999
-1.40848562616872,25.7407244629226,100,0.0610448438635103
-1.22245469926714,8.36740943856177,39,0.00258863043429168
2.62446824138018,21.8955441894413,100,0.0190918723906493
5.58618783325409,20.3949559008603,88,0.0103464156446148
-0.785537555559621,21.158593436537,99,0.0177482814443328
-1.10329368584334,7.94600712639771,31,0.00248858617153392
-0.753746387791375,6.88143470049712,37,0.00224557023408235
1.05385635337846,29.43964419202,100,0.0740576914342063
5.59449841749049,20.6153498847349,87,0.0107063773753663
-0.295552821030597,6.0052972617054,35,0.00207395560154746
3.32024628381593,30.0756017537701,100,0.0387169929633132
0.430224222422132,28.7263421911261,98,0.0986728304847254
0.900855053141593,28.019357793256,99,0.0986432371953667
-4.72996817190202,21.7435392899142,100,0.0143472416138295
1.77620780130027,8.79074661415915,47,0.0026850000593132
0.783977479212508,6.0273394922598,35,0.00207583159428978
4.99871309665442,18.4096478378625,80,0.00811552305245037
5.90625519216381,19.8225057955359,83,0.00919912172054759
0.18304539740433,27.0847886049265,99,0.100630188507295
3.1564472366858,6.57354501409904,39,0.00213707207476811
-0.358930276091125,5.91033751389837,20,0.0020624009745025
5.27259810566588,19.6470328166855,89,0.00951706412306549
1.31305772254979,6.42064996328664,50,0.00213984375455018
-0.837275235180842,8.6018261138181,33,0.00266079949960425
-6.17775684765865,18.1636632798277,48,0.00725117984349365
-0.846603807552308,6.35269142274487,11,0.00214898843350153
0.574779292162176,28.2395251000544,96,0.105546755798732
-6.05762978654235,18.4221978622855,50,0.00759351518147613
0.242550796414288,8.76558305270192,45,0.00270194482069899
0.664723353767146,27.2232482928134,96,0.10152402646746
2.17369723090286,28.6905334974883,100,0.065301028898158
0.731337660615686,28.6163434979807,100,0.0908591805398689
5.69527129870311,19.9704793471344,83,0.00962453237163856
0.622423392837318,6.45444486914243,20,0.00216666363630554
1.82517092637026,29.5269676739109,100,0.0624730127340936
5.1760778375747,6.70863591134747,44,0.00208539586772806
0.70719761631894,27.9471245940999,100,0.100923394962813
3.18258295296364,26.0637166799056,100,0.0429905811555093
-0.955110506785689,8.60088330801007,37,0.00265622301686431
4.03438408364602,18.3813202828971,57,0.00886949014248818
0.613042370287663,27.8454830626755,100,0.102280140424868
12.2448833125267,8.8761100694502,73,0.00192836819940614
5.55967590772949,18.2824941950651,84,0.00757786524773
0.924066617733766,27.7329032531039,93,0.10447826933997
-1.03964667163462,6.07936422652535,44,0.00207972936755352
-0.812151087976071,8.33091602025164,30,0.00259071398981536
-0.966774180911876,18.5533783604572,47,0.01073285412779
-0.671612987690164,6.51114276204204,12,0.00218160302834145
-0.157934831973669,26.3734529652532,100,0.0823761156546974
0.168316475692286,27.2897333039052,98,0.104646892437892
0.235157596394114,28.4154528754559,97,0.105669644458419
0.197301029018195,26.3840097480536,100,0.0824937913926031
3.54913200256803,29.1326946316302,100,0.0414697791486532
2.20857524227657,29.6269775645294,100,0.0558763830752686
-0.492609663471969,6.23164338652242,35,0.00211647857633899
-0.892436390252178,6.46349640177467,36,0.00215907786789737
-1.03599796737658,32.221580093546,100,0.0333479013543809
4.23227493941513,20.8836641333031,87,0.0131234186617224
13.0867028536965,27.3448648580441,100,0.00551178492547488
5.18785665866696,6.51447329273405,43,0.00205002417965734
0.471270006409389,30.0098288571993,100,0.0678446868796949
2.34802710465331,21.1264271005375,87,0.0165366120165759
3.74563385734775,18.6690266357553,92,0.00920577358268002
0.639395696050021,27.1892738122374,100,0.0974529719195473
3.27434874450277,6.36003236586842,45,0.00209019567639473
0.678718276678462,27.7115637653195,99,0.102207057099481
-1.46174100997316,31.4408369276852,100,0.0402394548380758
-0.684328400846114,28.9668058847416,100,0.0862694369533174
1.6069569271104,19.1206255248461,86,0.0113017876106542
4.90992710343104,20.7917451020167,91,0.0118925745213983
1.91476130561368,8.46883356351289,55,0.00258978410003229
3.28283271287802,26.7143240642302,100,0.0454681919983414
0.318434517935335,29.0399304905572,100,0.0877830424900448
-0.975781951314243,18.7987512623497,50,0.0112382562900245
-0.301046729401767,6.11315165216724,34,0.00209480767980556
-1.53010521919153,28.2217527232505,100,0.0808264049628108
4.05961839148368,22.7136874812628,100,0.0189111866327444
5.41901837207233,18.8410008037753,85,0.00832421840054424
-0.745412132583962,8.34186866416877,41,0.00258690493040752
0.119321803173248,27.6230710762743,99,0.106701265094587
4.94785341808841,28.433628547138,100,0.0288102350030843
5.75891426420851,31.6851928799213,100,0.0173344048214793
-0.978582034025666,26.7395518585934,100,0.0825300574956851
-1.4181569005458,31.90987084489,100,0.0353311758222867
3.6073915847662,18.2262277658054,85,0.00867696628439823
5.68630824039818,21.0284440209973,79,0.0113866497749286
-2.25669320512844,31.9165155250062,100,0.0318076697523423
5.02893887252234,18.9618620100976,57,0.00900170389946067
-0.97645333702503,8.51963552310971,46,0.00262776204841627
-0.0586887204678499,26.1305905645903,100,0.0775219209229779
2.62377388315836,25.6924058816973,100,0.0465354098294698
5.09998224814555,20.2028910598596,83,0.0106540451796599
2.79476832130763,29.2669614030088,100,0.0507928908482823
3.11975148697241,18.300732871782,84,0.00905493098650563
0.965287950417648,21.3438750072775,100,0.0187586388261452
-1.20685922791057,25.155950916458,100,0.053544440435631
-1.14041875271447,8.57225824950459,47,0.00263875769967888
0.228924545635162,27.4797463469881,97,0.107539131714763
2.48274535016773,6.48682302137174,43,0.00213570005653989
-1.18821264724583,8.17215179842412,40,0.002538245802429
0.800412491294274,6.00653398865842,35,0.00207181040038393
1.62748835779097,26.5048530881439,100,0.0694951551404578
0.589085154397062,5.92901503789182,34,0.00205900987622952
0.186488938601339,26.7180176650364,100,0.0889464017634073
6.29634642330668,26.1825983939685,100,0.0190975266380471
0.922095670254399,27.7568464668775,93,0.104578908561564
-0.320492642373708,6.14987134679628,12,0.00211154417876421
-7.0498119838647,28.250653361231,100,0.0167357028138912
9.20368883840607,26.2224324944104,100,0.0102780664721507
0.595147259307525,27.4528470560486,97,0.10392869601572
-1.86261214500406,30.1513953189586,100,0.0537196714145458
0.632900644750062,27.5470536924515,95,0.10637988242666
-0.852937552733845,7.99153701874427,40,0.00249729399168495
4.70497494608342,19.0047599735471,83,0.00910954618121618
-3.65985255800104,27.9179648372889,100,0.0429207779358025
-1.54239617625296,18.2542092740337,84,0.00961770175671181
-0.289475834625731,28.4375370607344,96,0.106191839627638
5.64518089957013,21.0274307496822,82,0.0114064158297378
4.99205102289736,28.8927139761843,100,0.0278663923412878
5.49355041567528,20.3110029626044,91,0.0102895360784245
8.43677307225352,27.7758248685154,100,0.0123323669237001
0.11288175709244,18.2422244991597,86,0.00980016292769031
3.21742098492381,18.2205843892409,83,0.00888928739622949
-2.42036608829983,31.2833514863798,100,0.0364032854235941
5.59194685855836,20.2970480307726,82,0.0102471819439847
-0.0850205057384947,30.6819733052772,100,0.0559760326033561
0.564880355966083,27.6678942867999,98,0.104630192137136
-1.29940315354917,24.609613085915,100,0.0451212663266273
5.14545343367293,18.3243740401855,83,0.00789712120294572
0.012745247757271,30.9072859526917,100,0.0521387736129651
-2.56868794580151,30.6420881417016,100,0.0412672380772085
0.782959180939449,27.8200324838434,96,0.10399634244434
0.403871185947922,27.3443312945423,99,0.102761170457004
2.88421048882722,18.3332952915654,60,0.00943384481411234
0.654163323950642,28.6588351035142,100,0.0911984855117479
4.43660919996534,19.095765723097,65,0.00962297509465644
0.332207118197062,27.8819035254006,91,0.116119894695555
-0.79633977892146,7.15052901514693,15,0.00231498345036233
-0.742254526918422,7.53760520329847,41,0.00238890458515454
1.06042861144014,18.4132427476828,50,0.0103852857114754
1.38624677413258,18.4406600939766,50,0.0103551907072522
4.05206290797365,26.5816140821188,100,0.0357683912250106
2.08961910931053,8.44702155194091,55,0.00257945214783293
-0.124627749444849,27.402985250044,95,0.109570722018869
4.11839804778217,30.4808557467172,100,0.0296519354736196
5.90509417708717,19.6700028055328,82,0.0090035391943028
2.17457717237413,28.3047345188967,100,0.067446905831884
-0.674533030750403,6.12915354309877,11,0.00210641884026345
0.826280078600611,27.4570630863856,97,0.10053187072674
-3.55276846014153,25.0718803280402,100,0.0329993061629113
-0.100354342901964,8.42590664430791,16,0.00262989658334935
-0.0762154303678914,25.7160339121454,100,0.0689241639153417
-0.0526326092130794,24.933824783351,100,0.0541315786415161
5.73945247212856,19.501864219302,80,0.00895083605705656
0.961459616518855,31.1089788234748,100,0.0467874790265615
3.800725222757,29.0487547080806,100,0.0388248291455462
0.250624046877277,28.1518216101357,97,0.108128535048973
-2.59082664875143,18.1721125431013,39,0.00948834197438297
5.25548099905942,19.0578157117236,80,0.00877029231472606
-1.44256645034698,27.0723929345028,100,0.0793381864613296
2.7647259307701,18.3688151401703,56,0.00959225633255273
-0.585119036563468,25.5998620020436,100,0.0651161404341972
0.0409446496290948,27.4691005646128,95,0.110418584463978
-0.823504445572934,27.7663798071443,98,0.101131078057214
6.09480729346446,25.673981482667,100,0.0192931911592022
5.89441039468762,20.2050658508863,84,0.0097407014031061
3.3499158764468,26.9456666562069,100,0.0455348458233292
-0.717389526843201,7.26995542961554,17,0.00234128174040614
-2.22407044042309,22.3327753407555,100,0.0220209197390606
1.20937967251992,27.3362626439339,100,0.0859165876365044
1.12908427384747,26.2653613274108,100,0.0728722408030497
0.0502680364750933,29.9110321779641,100,0.0708958788517322
-0.099521870985598,27.6774683012071,94,0.113062378303771
4.51904339937654,27.6718519420796,100,0.0329395742389223
0.750624207926463,28.0350798435891,94,0.106443465024802
4.3175918336854,18.1879369475844,89,0.00819569287782196
-6.28421705030358,26.1483633024752,100,0.0191108428170187
-1.2311869768173,6.68353662861791,12,0.0022118424789545
2.21090857890186,18.9720720058301,65,0.0109521409116298
-4.65528618085771,31.5209317762383,100,0.0222389932064188
-3.89954594606492,24.6755779938369,100,0.028364067803202
2.80781317064379,18.2665410884771,42,0.00951991265074753
4.7938359057467,18.6030616717991,50,0.00872633471719451
-1.08249611174936,8.34181996127342,42,0.00258210852784266
5.71565109895129,20.3465056448911,85,0.0101480770705484
4.94109869602863,20.8636621954529,88,0.0120363750673729
-0.292943491882505,25.6722306067983,100,0.0676655937826219
2.69348212237576,28.3190017575098,100,0.0575857884241818
0.675175135144967,28.5758223241838,96,0.100326105763065
0.093625895421762,29.7680680337742,100,0.0738237561217636
0.280776450552995,27.3238236842092,97,0.105611708184522
-0.489526636809212,28.5626461083076,100,0.0986912279240568
0.359227289399952,28.1889346903106,99,0.104850039519203
5.90061331290114,19.4197068516919,81,0.00868978484987341
-2.56056727977012,18.2904874051383,55,0.00956418597941745
0.338779744973385,27.6699045149002,93,0.112963979433146
0.537109032085251,5.82826018863546,47,0.00203524433189993
5.32052697317259,6.07864212686672,35,0.00197164617982684
0.386470750024961,27.184672479076,100,0.0999190903999207
3.96399883884173,18.1525607549931,60,0.00855632125307126
1.41254887093037,28.684913208111,100,0.0795245143161719
5.73793593416271,18.4505247367609,62,0.00777687276552734
-0.700794894759466,8.28605097270435,41,0.00257281071773523
0.810635231763803,28.0705175115337,95,0.104145747136793
-0.418423231858879,28.9708915826617,100,0.0884375504124224
1.17644380255845,25.9250363350953,100,0.0665163918244465
-0.526975228270298,27.1084263900491,93,0.104762230821276
5.02640107294181,19.8118782635036,83,0.0100747685012816
4.58944053055932,18.4759209230813,92,0.00838587792058712
0.963445330027856,27.5816784564211,100,0.0916810521266337
4.63755108240548,18.9384800183256,82,0.00907247958245303
0.676322288737304,27.7096729715289,100,0.101200407695629
5.21949363908309,20.9799151467897,100,0.0116963596209381
-1.61701171168248,23.950348103494,100,0.035957293934603
4.91743969309552,18.7389221613538,91,0.00851797328780426
0.710273440988522,28.4235261930519,97,0.100789596851312
-0.316111162125666,28.5014126017916,96,0.105144149575682
1.88697954683495,24.1918808432826,100,0.0371390217482452
-0.853846132577387,6.13360484978085,35,0.00209546960297772
-0.218229521580189,25.6111205121008,100,0.0666149612612648
5.47993325126736,18.3250164086885,89,0.00764700519087331
3.67458762671389,18.3750705519695,57,0.00908340087134062
4.96523949031581,19.0401517691851,61,0.00913524609910082
3.0212083683892,18.7886194153928,58,0.010189414353916
2.23880140966988,18.6171400538526,90,0.00996348014400074
-1.19937184765652,26.7191651308418,100,0.0790900334326006
5.74001367894748,18.613902561219,57,0.00799603855167475
5.76150985939213,19.1528398610593,82,0.00846509572508896
-0.484271389627215,30.7141003267664,100,0.0547214935192001
-1.80369068377607,29.1736106559422,100,0.0672195340958927
2.23386290797012,31.88560730598,100,0.0321680874245688
5.72698732964689,20.7746588716937,83,0.0108437575639648
-0.129877358198406,18.2746134233368,54,0.0101811018546735
4.06178032258555,18.2606566441304,84,0.0084767185304838
2.04978520866667,18.2684291757112,60,0.00969701130255828
5.23677501038363,18.8596170103255,84,0.00849228393568675
0.162463279413003,28.3005972586311,97,0.10729115445964
0.213663934534545,28.9805389497873,100,0.0892897649240665
-1.94435277938689,18.6985117492423,50,0.0106795369040616
-4.81774018626517,18.4262161005977,50,0.00846516297787982
0.258186905478692,28.0723206178677,99,0.106244890927328
-0.320919787139294,27.4977662126316,98,0.105975990103269
4.46470215790722,8.86238479453532,72,0.00257075420399984
5.34598565979036,18.9160762064678,90,0.00843907194509872
-3.09067051352415,24.9393773173935,100,0.0357264059320033
-1.45601295752998,24.7811539659766,100,0.0464945923293287
-4.30318682806762,31.6347047727352,100,0.0234425445725526
1.745633057106,28.7723349379583,100,0.0725777020394532
0.377995380892259,28.0636686768251,100,0.104331210087205
-7.9966839635234,31.4584960376692,100,0.011522298953306
2.19041525392496,30.8640624586723,100,0.0421658271765236
-0.641740054196773,5.88462364176959,13,0.00205937461019507
-2.72188765868592,18.2727710656601,51,0.00949231964907852
5.6644694235525,18.4650647745989,90,0.00767605553368479
-3.38563813758895,28.7481974770036,100,0.0451462240601209
-1.03864287679691,6.18148222156712,37,0.002102202826575
5.12723806593732,6.24774520336806,29,0.00201113143486477
4.07094618671182,18.2032607171338,58,0.00858000234067905
7.51359348837713,23.8980831192121,100,0.0121859578210349
2.96396446400907,18.3354930568261,88,0.00915534110548266
2.95377093296801,27.9110281152292,100,0.0536819308996657
-0.698948677696508,25.6074162353448,100,0.0646444516179253
5.76932980639268,19.9614682097877,90,0.00947037014276139
-0.82746346059244,6.62515290743617,15,0.00220236709667255
-1.93875447433997,24.3174912662565,100,0.0381418889848773
5.52809501627912,20.6137022680348,89,0.010765702377692
-0.980759216830856,6.24573582262326,43,0.00211241099583183
-0.841172206845118,7.10050634321522,20,0.00230087928094333
3.97313224093513,18.8356106603332,75,0.00946533285819769
0.0951708060260756,6.3172572479807,11,0.00214521810458049
0.850349042429251,28.8855296728549,100,0.0856657877396354
0.560446120378256,8.4408309821082,52,0.0026071049450088
0.448355696408115,30.9421349476333,100,0.0510361287381982
0.469506419208792,28.2107721331017,97,0.105891686865181
-4.96606814256575,18.1546458115846,52,0.00800123403391509
-1.23602004456357,8.22771871824494,36,0.00255425403564983
-2.80365931292492,31.6814754014545,100,0.0309064205923811
2.15741846362632,26.7049101467848,100,0.0629225906852051
4.50987502907083,25.127697132608,100,0.0265166136071697
0.56827919920682,23.7716391930187,100,0.0371074844740964
8.79058652638411,8.87577116065539,70,0.00224404794486925
0.459919732914211,18.740783947492,51,0.0111862870120763
0.366616938923216,28.0623992000204,91,0.115262153202158
5.68856621741985,20.5378182002493,89,0.0104391510384078
0.773589348460481,24.5137289076779,100,0.0460718186200811
-0.636293234056147,26.2132752137576,100,0.0767952244722384
-1.08971441571261,6.56384977623189,14,0.0021878624397228
-3.32230724455079,28.2025098325286,100,0.0474942205475899
0.724534682034583,27.61627460592,93,0.10768949898091
-1.86365212167536,26.828595355698,100,0.0692494618504691
-0.594097831056942,6.75886250651999,35,0.00222190567917916
0.0134798955843124,28.1512229166988,99,0.106549896396093
5.89139057200896,20.8188094254851,83,0.0106945864928623
5.44496380607124,20.8487685102414,83,0.0113606247966334
0.0719552371902455,5.91505691234118,48,0.0020519515409718
0.954054032872783,27.018575641018,100,0.0867957972727343
-0.517530090338388,6.81439445510546,39,0.00223195171516875
1.48051749162592,25.2431545843516,100,0.0527780210741806
5.49608424801399,20.8729876785188,84,0.0113194450842942
0.75689939367898,30.219376804521,100,0.06236464577961
0.729341954481534,27.4748843742584,99,0.100178246365733
-2.58868005494039,25.7583710640488,100,0.0475639994244027
-3.43847157515881,18.7021639951367,50,0.00984129123429793
4.80591212690788,18.4385173604079,60,0.00841854207125619
4.94376078367744,18.8252691300056,80,0.00869637332276876
-1.19614742399258,6.75476433002163,35,0.00221574778346311
3.65052700135801,18.6983244627836,82,0.0093997073539724
-0.851170761404721,8.07477674013787,46,0.00251427193685208
-0.757983285183261,5.9177360302213,23,0.00206061199947835
24.549194497183,-1.24761607492977,67,0.000686064356275895
-0.425433422323136,25.695432374678,100,0.0676924423125261
0.815275391547766,24.2047341515587,100,0.041778636955259
2.76459891178465,18.2819535897243,52,0.00947807519218657
-0.668855751241771,7.96787178017592,41,0.00249255785541863
1.90666416729564,30.9995491893646,100,0.0427617607267057
0.79150342991195,28.030168001379,100,0.0994429624668075
-1.52672602740268,29.4129007866961,100,0.0683080791962768
2.41628549047898,18.3361313136369,47,0.00978789147270523
5.75997142187677,20.5954209736664,81,0.0105296037670755
3.9116566804546,18.4838971034446,83,0.00889390598180175
0.0839210070908331,27.3690309986282,98,0.105816654057796
-0.888404183429131,6.39640521898017,41,0.00214348849782711
1.75997269909324,24.5602941021388,100,0.0418502502523996
0.177184485316696,28.0001313971756,97,0.109269479177649
0.343326841001694,8.76784704973711,41,0.00270506879199019
-0.127259761942805,25.3890640958707,100,0.0623875940241275
5.33941051629622,18.5191509196361,80,0.00802022033583569
-0.912854750775307,8.14546055306086,55,0.00252559631409828
4.66136772303736,27.2332689095853,100,0.0312268809711177
3.90523863261414,31.6791979734052,100,0.0251707050458463
5.36296578218025,19.1088511022121,80,0.00875146068370614
0.0148038494908151,29.4267475171045,100,0.0809582462826422
5.21359885977755,19.9547712710799,77,0.0101734787951066
0.740162094102575,28.3910106732592,96,0.101734560151514
0.965636837598217,27.6679473540908,100,0.0964244380731877
2.25716343012452,18.2320599372426,51,0.00963235109911574
1.5749356181271,6.19900728148205,28,0.00210334329348235
4.92379510597726,20.8494347443393,88,0.0120322302479587
1.182378328211,25.7371171624396,100,0.0632475131830827
0.851541668689194,27.5047045130813,97,0.10046981955767
1.7161978935625,22.6758947648337,100,0.0251673018852561
0.625246483481104,27.8961232596814,97,0.105339109578862
5.7150218108218,18.8073661021589,80,0.0080948699294401
-1.22256680151976,18.2524181206018,56,0.00996760071434509
0.560625763824336,27.8096380632502,99,0.103972113514812
-0.747663012183755,7.56016341862274,15,0.00240909556074847
4.7672476699414,31.2488316865704,100,0.0226739597967766
2.54316776581873,21.1943214092872,96,0.0162822828838887
5.80617677894671,20.2451773472894,83,0.00990912985943397
1.18186674978881,27.6382800580738,100,0.0881249958987155
-0.884523273913368,6.94420164248106,37,0.00225781696949473
0.561558596255492,27.9801711256811,97,0.106038987361759
5.01902509780985,21.038255144575,87,0.0122933673361606
0.124900126972179,24.5572418980455,100,0.0480008245277046
1.32055476295683,27.8575731519867,100,0.0858746630514213
2.90244077076519,30.3126400509661,100,0.0410938434315081
0.672099707198929,5.8736845340375,35,0.00204789985806986
0.936849743864938,28.1546302155289,99,0.0974206162628217
2.00299692282477,18.591223368381,49,0.0104442867586418
5.36149084738661,21.0767297117958,91,0.0117957764565425
1.31290766479199,29.2948402348032,100,0.073099691301447
0.641489923404154,28.2144594551509,95,0.105962776550092
6.07295537392145,25.4392658050868,100,0.0189941729078515
2.6178709316776,28.363686962025,100,0.058800336390884
-0.587344187902088,6.02929785252434,42,0.00207434671915461
2.26005656387891,28.4102077616555,100,0.0653158225377432
4.18101037525227,18.2997901894588,85,0.00845286464939749
-0.137545519111704,27.1107032860578,97,0.103271456304997
-6.48487267394855,18.5355933704956,93,0.00718276357445906
5.49777428152161,19.0589608578697,74,0.00862020176092298
-0.299212242066013,6.63773898691461,12,0.00220932300063253
13.4579149676775,8.70296664230447,73,0.00179741109632196
-1.16018398334204,6.60098591675677,33,0.00218557617972301
-1.02376301994252,7.48522694946096,33,0.00237851256106057
0.844249205323983,29.2038599123032,100,0.0805386661869733
-0.493900838310696,27.2600128566678,98,0.10197414796197
0.790660610292454,6.01037336376757,12,0.00208252491627827
-0.68402289415244,30.6622957301223,100,0.0549003374605827
5.69899454845694,30.3125669238192,100,0.0206660402967636
0.46235409051893,30.5032853932631,100,0.0584959603688915
2.12443415977775,30.090065906625,100,0.0515945173937643
0.605702626698086,27.5597884137123,96,0.105722257648128
-0.92453718135978,6.21077373345554,56,0.00210040668644776
-1.34147193701599,27.6888765096726,100,0.0852496410576102
-0.099521870985598,27.6774683012071,94,0.113062378303771
2.51196398045009,26.1656228816696,100,0.0523942438679577
5.82384908167787,20.0807221627379,77,0.00970359308122349
3.64048666976059,26.0833248532086,100,0.0380009806368565
-0.240668983007469,29.4894782011867,100,0.0793015436506113
-0.756105493174516,8.33188925749942,41,0.00258419253892433
5.3057566112216,24.7770222972362,100,0.0210241158438213
0.0074339500410342,25.4681451519871,100,0.0639879685643087
3.88995444824372,30.1742092046463,100,0.0329135844467346
-1.19691842461364,18.9837150836702,73,0.01130659113625
-1.28012281614931,18.2422636025004,50,0.00999357016073614
5.88541080277356,19.7572305307532,86,0.00910631025829189
-0.934892731288633,24.2658992403678,100,0.0421914774938517
1.72251659514339,29.9488698433154,100,0.0580508403120264
3.79241816727268,18.2791300540137,82,0.00867301294884695
-0.346967072470473,25.8038844519577,100,0.0701553493150689
2.41297031691383,27.6844192118195,100,0.0634731632333988
-0.0866261392386803,18.6996727402285,50,0.0111305597824084
2.48627742419869,24.5593344471401,100,0.0370574492408898
-8.05049962228113,18.6729314685998,48,0.0064542579042563
0.373019339390401,28.0901929921397,98,0.106467191526394
-1.70240419106964,29.0304953824069,100,0.0705898226620723
4.69006823284648,26.3689747579099,100,0.0293043874636705
0.483462855145283,8.43684934399814,44,0.0026120468589261
-0.806646352737474,8.15333091582617,53,0.00253002384594743
0.141927909285104,30.5489594451496,100,0.0583260352731172
5.92622322978572,20.5450669145426,83,0.0102199905786561
4.62790109640379,18.1998272119809,81,0.00808007133105047
-0.813811983933193,18.805425311592,57,0.0112018469682888
5.15113541280339,18.9679803026232,85,0.00869374796760792
1.24760825765479,6.43331286419954,35,0.00215001328117941
0.598496805577457,27.1675089141676,97,0.100599013194294
0.40523524741656,26.0295572485217,100,0.0745141948172662
3.89948373784811,18.2644888184353,86,0.00856131213951555
-1.03260780563844,26.0391136970308,100,0.0699917033166292
-1.08851167452142,8.17318510382747,41,0.00253932657449065
3.30511207342951,28.7536717356731,100,0.0462508852258532
-3.52520437544044,30.2259814312679,100,0.0358165060409977
0.753862934086938,26.6200660878965,100,0.0832652537565858
3.33448786149978,18.3513796400877,83,0.00902876062743648
-0.801136057350386,6.7042346922881,16,0.00221846801677506
1.41409718504811,32.7812724796519,100,0.0276951292143515
1.182378328211,25.7371171624396,100,0.0632475131830827
3.39484576374458,18.1652127857074,47,0.00899775458124038
-4.71508234297684,25.5636273979641,100,0.0267293875813429
-0.662725360072484,26.2193263743303,100,0.0767102277049606
0.146383765867881,26.9424523709186,95,0.102389870497765
5.06844244426844,18.2833639065382,58,0.00805634686186493
1.46419010680039,6.76086412345385,42,0.00221008865962967
6.35433255119127,26.2448470794482,100,0.0189067173549238
2.58660858022126,28.8215440276714,100,0.0570980403391406
12.1857501173728,8.54681764104168,71,0.00188843056608645
0.854947872487981,27.8408987213257,94,0.104905931556772
2.65092952071196,6.01272382320183,35,0.00204588552519395
1.71852957018677,28.9745776262693,100,0.0709528125574499
-0.715524323217669,29.7028094620929,100,0.0724408350119912
0.524484266311528,27.6546731477916,98,0.105055790396119
-0.228789817398237,27.4301823673107,94,0.110629849060725
0.401421213956868,24.3012940055039,100,0.0439844177226517
5.42406355101666,24.2057071985707,100,0.0189809671256463
5.66082518152363,19.3369910105583,79,0.00880989814721544
-0.923186682180191,18.2500595716005,60,0.00998721822373625
3.79997931842585,18.9762239179592,82,0.00975759421154474
0.0297645982224592,27.955095716023,100,0.106262070315267
-0.501755123819033,6.09398560038965,46,0.00208521898970009
-0.737462861617192,7.27342719966979,38,0.00233044436760935
0.14279501398439,30.5087070283108,100,0.0590650200798475
-0.544284234254785,30.7707339474397,100,0.0535836043762132
0.0677076272293546,26.9760423135738,100,0.0981435966192241
3.01360940547072,18.5095493353352,61,0.00965839413115276
0.115580229343239,26.4284301295695,100,0.0835611016797375
5.69498383188791,18.6635283740014,84,0.00791567200461033
5.45612183458874,20.4277945394982,81,0.0106353206806299
2.53328789454774,26.9231506528229,100,0.0581444324631954
-0.631289700650915,7.42801390050176,41,0.00236453528755951
1.7593904994236,6.23773658761955,38,0.00210361493652244
5.52852318301676,19.2349578984251,83,0.0087582363754483
1.96007244266916,25.4563848854228,100,0.0512132634592495
4.18762304489265,18.8462344834237,79,0.00929303818339376
-1.14089687059741,7.14215213490393,14,0.00231009264390792
5.74535473157241,31.22605048642,100,0.0184392709216967
0.564356929278497,25.3403360778007,100,0.0603338855128485
-0.0154161466759324,27.4067825724497,94,0.111015325165799
-0.670776749979432,6.61765134586164,15,0.00220196017543959
3.07180656963105,29.2720738975309,100,0.0468879091443991
0.598847575792518,26.6502881219807,100,0.0852804814675307
-4.12300918007708,30.4231844441826,100,0.0298830504999838
-1.17791341741447,7.07012923474672,39,0.00228071708860496
-2.27792819777166,25.4975531714387,100,0.0483630270108287
5.85150558952528,18.4931154612866,66,0.0077218410276104
3.48863348016782,26.9359690078099,100,0.0436153988360459
5.17378463033943,18.4974629965747,88,0.00805481866405413
5.5444100457007,6.34889817557496,36,0.00200794281523361
-1.2413922226876,8.03188462070007,39,0.00250284560282336
1.88687470516442,27.9954505206247,100,0.074187775052946
-0.114149277732015,24.1212318346891,100,0.0418380993112452
1.60872262153184,28.3459051563781,100,0.0785922993846601
-2.25669320512844,31.9165155250062,100,0.0318076697523423
5.68138284085684,24.7567339100572,100,0.0192986698521523
3.66023662602197,18.2653923482611,84,0.00871242982032161
0.236058538274786,30.5005204944729,100,0.0590927575756735
5.43235540451621,18.6533347086654,61,0.00824423194273975
1.43316353629137,8.91057448519469,55,0.00272047756478207
2.69348212237576,28.3190017575098,100,0.0575857884241818
9.34743812480762,8.80380343587356,73,0.00217978269489698
2.07604635640382,26.8951441240964,100,0.066031437546385
-4.39771417767347,18.2131275369075,51,0.00844402876317532
0.945167419844068,6.28865837815998,33,0.00212553206935444
5.24633088163839,18.6737516443136,78,0.0082894783958271
5.91772998356703,20.3272255112292,79,0.00994215272135608
5.26815211170315,21.0948171768457,83,0.0120862211055903
-0.602837291414138,28.9904505091235,100,0.0866585763440695
4.51467606649595,30.3500767555103,100,0.0274140620943709
2.83748751769536,18.4835787720005,90,0.00944351393578542
5.29094051373295,8.41299943597881,71,0.00241412389416979
0.186604449868452,24.3927473409762,100,0.0455244189750306
0.00600760888007468,27.9778454558095,100,0.106217619214332
0.88880409544841,28.1185244944544,96,0.101448993810205
-1.15048128641549,22.806300784183,100,0.0271909260033095
5.39856555809892,19.113641183627,92,0.00863812071770403
-0.520892736544359,6.62190964183624,55,0.00218444919693611
-0.392825134121265,29.6670394947838,100,0.0750962806409081
5.59652451518095,20.2076738063606,83,0.0100909092838743
0.71593956905301,29.1679809735668,100,0.0825004056377668
0.293534198186825,27.3843040950492,94,0.10971377047822
-0.24904582157566,6.25390483314154,38,0.00212026223424111
1.18315941224125,30.8149523438294,100,0.0499368103065463
-1.21206117655439,7.006450347458,49,0.00226146023154539
1.13911945279707,28.547274721444,100,0.0856953647670664
-0.687082533904355,29.8038709500863,100,0.0706867948266925
-2.02859107456326,18.2054642850666,51,0.00967584894944257
5.81624754595786,20.5695872745061,87,0.0103521948009793
2.44266039897369,23.5508691011915,100,0.0290302301713328
0.786059697158303,28.0601049211735,97,0.102475408349638
1.26831911800866,5.87940978151775,38,0.00204285790591237
-0.398894121983052,6.03598691304582,22,0.00208506392037576
-1.19198587325417,7.92008480502824,37,0.00247726286595909
-2.14895349919764,18.3630346517645,49,0.00993691792052102
5.80911370179765,20.7153970961148,89,0.0105697282011471
5.64029120367379,19.6928039183945,90,0.00922193062698537
2.51046402113849,26.2590677650247,100,0.0532754495411946
19.4756809451545,6.67690195729004,66,0.00119677472054723
2.1183216021202,26.587231219965,100,0.062455601974719
0.228604064232106,28.0727358199387,97,0.108719380247459
-2.77542394681098,33.0644491058874,100,0.0223826775579541
-1.22261945725597,29.3435720641178,100,0.0735666318270404
2.57633012758227,26.4997703383863,100,0.0543712736502028
1.4326382959003,27.4219886915377,100,0.0823289850797467
-0.386729195534159,6.59008791621807,45,0.00218334752546404
-0.31176327230448,8.71504161944609,44,0.00268835309963317
-1.12759447937889,29.3040207494164,100,0.0754483641265889
3.98641998337067,18.2365617818251,57,0.00868606778236199
-0.624907283984906,27.442492375516,89,0.112779557672591
5.17720970062249,18.3949429419915,78,0.00799263399031416
-0.969604330249333,25.59640506432,100,0.0626150918984501
3.91333359002836,8.40675851278686,62,0.00249443824651444
-0.649314767789207,8.7102195674919,35,0.0026911813131623
0.609278655100713,27.8370401784951,96,0.106691636428418
-0.301995932186603,27.6446376482063,98,0.107076512331976
-0.514449796546104,7.97841245373874,41,0.00249630346658112
5.60202664543,18.5396870655247,87,0.0078201385297802
2.0388757033727,32.8497021601911,100,0.0256786803477812
5.10802209701609,18.4697103877688,84,0.00809103131742062
-0.775149546128573,8.58169566382434,53,0.00264199031451935
3.97349649973535,26.5964774959728,100,0.0366444153402157
0.356085521137895,27.2560622581116,96,0.105329328396317
0.532062958585977,28.2272873861978,96,0.106178700098486
2.88447689039418,28.3513037826825,100,0.0541671503806197
5.43076857312961,19.1485491730658,83,0.00872561100307833
-1.93706211348541,28.8814517571936,100,0.0680547553960647
-0.78739203322391,6.46717934029071,53,0.00215272908373246
4.49072226606116,26.7542192576975,100,0.0319559549754272
-0.0399980457123987,23.6135896406684,100,0.035784452141693
1.13505177861236,26.8587395504371,100,0.0820052501928233
-0.249416641767567,6.25074371744198,45,0.00211650704624905
1.380609422636,18.2601376126746,53,0.00997126600383782
0.0842618326766317,27.3341864398356,93,0.111285693129761
0.574112479130161,30.8923439526776,100,0.0514980207140265
-5.95938009246114,29.5630676151444,100,0.0206990299394765
0.650047405771684,27.9433823708753,100,0.101726194896965
5.50050565271649,18.4951042063714,60,0.00800762436747933
0.427639056394669,30.1441940594551,100,0.0653775359955493
3.06644259176958,33.9293418390763,100,0.0178170603338718
5.1545098140949,18.3180343360559,64,0.00800367113586981
2.19008302065825,28.6448569681234,100,0.0653102774085686
-0.875504188196767,5.9412346512077,42,0.00205611568982393
-0.546205414439361,27.2205692924333,95,0.104060504622338
1.40252279071133,18.9086823699682,85,0.0109270172945351
0.548234023594611,28.3678555985372,98,0.102477661794944
5.01842275685619,26.3134251189729,100,0.026679981939647
-0.401559213347885,8.43668097515419,58,0.00260297649408222
0.212374119467567,18.3787255447259,58,0.0103451019753356
-0.933026358134839,5.94967421586846,33,0.00206105645861325
-0.624907283984906,27.442492375516,89,0.112779557672591
-1.23338743147693,8.15204753780559,37,0.00253437663393545
0.101464096876339,29.2789723176828,100,0.0838836667089107
-0.735119983925475,7.80049192671092,41,0.00245113151838336
4.50554123438786,30.9640019599778,100,0.0251079264747521
1.06892251479409,25.9951750704687,100,0.0688431291892163
-0.0303394374343687,27.1372996063208,97,0.103885267082859
-0.558374866012275,8.82660855755636,52,0.00271201285835965
1.54384915305291,30.4803116207736,100,0.0522356094398776
2.10114726801599,25.2684691212245,100,0.0475324510143079
-1.15882968106843,7.53433178844593,16,0.00239792678375065
5.8543641195347,19.6106144980012,87,0.00893277219006554
1.42882029650054,27.7006977701321,100,0.08355405609615
0.296814767579001,28.47570987732,100,0.101351240594628
4.88663557514016,18.5282830611835,66,0.00843994294426262
-1.09087278551278,26.3434875133604,100,0.0746571565885643
0.172521359952813,27.443575295278,97,0.107466747925465
-0.787790355524992,27.5163141409522,93,0.105925644006029
-0.17754356589474,29.7196636485448,100,0.0747033756406305
1.50952441824958,28.3046115696995,100,0.0807999447971372
4.94041342289656,18.6123507474858,61,0.00855062182523269
-1.49362772604176,34.4080283109224,100,0.0181843254668245
-0.945193371119703,26.5319299007345,100,0.0796086783050443
3.81164109229443,6.56004467226281,42,0.00211251085125782
1.71212273993664,18.4110269102045,51,0.0101792762370999
0.30490914000269,6.61213686925395,39,0.00219097323188303
0.192036733314923,27.2915317667963,97,0.105680978823443
3.19650456093196,28.2161626237144,100,0.0493958529369196
0.311272147193158,18.7570205243992,60,0.0111253731746916
-0.296861290344484,27.0483490957198,98,0.100503407980404
0.573342823301012,28.1224125328964,95,0.107550759139386
0.348506494479782,28.7108338667643,98,0.0995592142995397
-3.00239929263128,24.3697136177214,100,0.0321480059506533
0.250820515521909,27.0020509815242,95,0.103070369291662
3.46927415692655,30.7578082225291,100,0.0329739228333886
0.075729699826809,28.593001699675,100,0.100581194551317
0.943717933843884,31.0097501545577,100,0.0482981041498534
-4.78571650545728,18.8741328636855,50,0.0091264107530426
7.65259606487708,8.61119385370915,71,0.00228766290459493
5.5506841549546,19.7703326619616,80,0.00950807072329666
0.0657176739395677,28.0284210350675,99,0.107143587295333
-0.63838712084432,6.41977933152963,46,0.00214756064508412
0.467952382446562,27.9667923687132,97,0.107168252610011
3.0591923794848,18.4711979987888,61,0.00956640580031032
-1.81636630923645,29.9578144991192,100,0.0568316503219292
-0.8439220659983,18.7154113372647,50,0.0110791896517365
3.04539959858741,18.7626868950033,50,0.0102083472492724
12.9190523160192,8.47444002356077,72,0.00181537372676764
-1.03435738953616,6.06769800089056,14,0.00209061047312189
2.20117585663423,28.699795682407,100,0.064727609173983
-0.51989217511295,27.1115126970432,95,0.102739312157513
1.62093739097681,19.0196987668395,85,0.0110863252412981
-3.02461473134274,26.56936233156,100,0.0482666685768649
0.0579753807318453,6.53791803511651,32,0.00217965482347372
-4.8179749302747,27.993513313167,100,0.0301828661116247
-0.821593413938168,26.6130480070448,100,0.0824131330094398
4.19365148078369,18.9230406202141,86,0.00934762503559272
0.491570650470067,27.5530093584164,99,0.103759785442353
1.10214706303237,29.4808846812644,100,0.0727855499647687
1.99823934082776,28.8517915441279,100,0.0672261621028989
5.42349995050026,18.923046764714,86,0.00841704263186753
5.05532327926665,20.9814462256348,86,0.0121375724692751
-1.13447265859752,26.7141584911948,100,0.07997559483786
0.315490086550118,27.5072463510917,99,0.104977591273176
-2.8546559027383,22.6682424585635,100,0.0222137120325999
0.374132308211009,26.1562306065954,100,0.0772319002489807
-2.04955934247264,29.8003593024768,100,0.0559851055790978
2.70883222594564,29.0891131872631,100,0.0533434187717563
-0.636293234056147,26.2132752137576,100,0.0767952244722384
5.54196131547385,20.4980841105882,88,0.0105674356379444
-0.301236434603875,6.33879144565421,13,0.00214819378134277
0.441932944382375,28.3477966251278,99,0.102742756893582
0.955832160700489,27.5912186562186,100,0.0962693290364007
1.77675871106825,5.81381596063795,41,0.00202328153129145
-0.00624129982332577,28.6310592701214,99,0.101074756256081
1.11055403885851,28.3414220326681,100,0.0879901447922944
0.539855991047225,27.3146129006979,99,0.10109954817435
-1.22516230496572,7.78446787544402,35,0.00244511552306237
0.652730985702402,27.0011333251232,100,0.0903600800212155
5.90289783509576,19.6070962033547,82,0.00892251506058577
12.9924578637576,8.5545055725371,72,0.00181932371898129
0.273609704632714,24.2860226026298,100,0.0439405703464202
-0.23134702422778,27.0344041382395,97,0.101644899342783
-2.89477773777432,26.9398584096591,100,0.0522748051355117
1.04784905140008,27.2149809482453,100,0.0875914998325943
1.326117037706,28.193970092413,100,0.084959612286356
5.75276862272917,18.485078226096,87,0.00765651777708521
-0.251123924685679,24.1153023228866,100,0.041673472414409
4.67419235730506,28.5975445988311,100,0.0309681655945747
-0.132521490491518,27.5919610171653,97,0.108801250507711
3.00578661578468,26.8078419702808,100,0.0498867778354041
-0.827400297227872,26.5060510464213,100,0.0805015772769524
0.0273120126845288,8.87688569183752,56,0.00272548411544431
-0.983348792660205,6.06687203919053,43,0.00207830096664674
0.729341954481534,27.4748843742584,99,0.100178246365733
4.28170819437704,25.866968957345,100,0.0310451744786917
-0.795076315422044,27.5477967486321,90,0.109512348125405
0.484640305233526,27.5201223939764,99,0.10360295271721
-0.361598876255467,7.30469667046913,56,0.00232989954976597
1.61224533378158,27.6580853424268,100,0.0797346106340414
-1.0313587710686,8.13915153213217,41,0.00253148338070949
1.31871148077814,25.016480438852,100,0.0506774747308364
5.44555419409226,18.9679492372058,87,0.00844982789748086
3.42906035387813,18.4850797047453,83,0.00918511857635362
3.91738964779038,18.1598355601738,49,0.00867572761402029
3.46460353742045,18.2864117661373,81,0.00887455296316999
0.794501757236794,28.4395639818978,100,0.0964627441967761
0.572970609381258,18.3129077137237,50,0.010266954811818
16.4992429881587,8.48429681838456,72,0.00152487424765727
4.66240096043859,18.2984046419238,59,0.00833425554094695
0.447986026757065,28.4374303245556,96,0.104891162401561
1.02934069331774,27.8709023541315,100,0.0912355840321733
0.924066617733766,27.7329032531039,93,0.10447826933997
4.53836499423709,18.2998613085753,61,0.00840211598203559
5.11368264596902,18.4035163602409,60,0.00816331818978724
-0.325764019431689,5.82915689217803,25,0.00204532597240172
-0.300220379831332,27.436958500242,91,0.114010220401787
1.15019581528353,29.3870023200308,100,0.0737903147098007
3.65086060797623,29.4777666746312,100,0.0386952647338179
-0.0217226028765857,27.1881520669499,94,0.108055382603449
2.23245387708149,24.8673137002814,100,0.0419314997223629
-1.69183757121916,23.8396002917796,100,0.0345579923299083
0.236058538274786,30.5005204944729,100,0.0590927575756735
-0.711187578198704,7.64156004973093,35,0.00241696473227201