5.32327087116562,18.6814962037499,57,0.00838885137667118
-4.46626582674557,21.2497995060345,92,0.0135575536223775
-0.13701759653502,28.1711708984684,72,0.148901842669342
-0.25377288314852,26.9801909603374,71,0.136209336955027
-0.0123479477661159,28.387292270529,87,0.119361825900689
-1.1578015669899,7.64963121729908,39,0.00241166980433288
4.17777799658705,18.2600421098804,51,0.00864769517963249
3.16397148945802,18.8337569137482,58,0.0101825642246309
-0.638059634042569,23.8112935397688,100,0.0374389482067049
5.84452401860914,19.8663358469862,65,0.00948066027604691
0.0156298260885364,27.978499287199,84,0.127959134534636
0.151286609531391,27.1978250930871,74,0.137665172668439
5.88900356911991,20.6536724403978,57,0.0107261229078403
5.45416327466725,24.1087460435879,100,0.0186115500446705
-0.855120132280163,6.32961274147147,13,0.00214342505777516
0.703715825485949,27.5202103406249,76,0.131362643243252
-0.262101660756367,28.3180126031573,90,0.115229378812239
9.34894845343508,24.7860318456397,100,0.00936674120168165
0.652855021636302,27.6873347143898,72,0.141694012086566
0.144526892506685,28.0252286541979,72,0.150403494391737
0.49274892046602,28.5042946473857,89,0.111640457650431
1.68844583715554,6.0164492364287,40,0.00206208293485983
-0.167003515018994,27.0640961628037,96,0.103473376622504
-0.222302715477126,27.514444875636,69,0.154543205192242
-0.303423897222611,27.6160306046803,83,0.127336762842405
-0.655194308283585,27.8352100157297,76,0.134572170266301
-0.792097725688982,8.71456579265239,33,0.00269234525351305
-0.473265030317102,8.7294431621668,37,0.0026965046211233
-0.830231996339286,28.3130178795656,72,0.133433101215579
-0.502775915288973,6.15059171798914,40,0.00209861012959606
4.16118884646545,25.8176581102981,100,0.0318545371783544
-3.87280161878348,29.9888670384102,100,0.0339830816512622
-0.952176361750469,29.6125227367777,100,0.0720739114283853
-1.30363891640064,18.2875460608167,74,0.00983709680614643
-0.49263679611986,5.94315378181577,13,0.00207105367403814
-0.0652181098032949,18.6260262751326,44,0.0110382162514047
-1.09532214210555,18.5135006619936,66,0.0104078977927792
-0.190977581746602,26.8896468598581,74,0.12851063051888
2.21450663643766,26.9115678575183,100,0.0636662512633339
0.0492844031958493,28.5175848659546,83,0.12293737057664
4.97710830887494,18.564635759202,59,0.00847462089473523
0.674924582598559,28.4002473666128,66,0.148212775376113
0.580780404744144,27.2950227526035,75,0.132294328137234
-0.765023805853459,28.0116355984335,77,0.129720504253528
0.252555757064225,28.4149520261315,71,0.145531044711216
5.37520491241573,21.1751463858555,59,0.0124381793026847
5.14723698400378,18.741140085957,60,0.00857844866065477
-3.92713228747763,21.2512650688445,91,0.0144686223680528
0.552376543335796,27.8252335455131,71,0.146898617518073
-0.13542489559731,18.3325228351908,41,0.0104367018861973
0.741698509779219,27.9162045238817,71,0.141760760184799
5.64478975864157,19.5097495123383,59,0.00922407335340849
0.150780083350208,27.4965920477703,71,0.150224593218745
6.46851244551106,27.0392120563835,100,0.0190772792296383
0.0854628483109691,8.79967485909906,33,0.00272070784854956
0.739831833745568,27.5917021069356,66,0.151034597606611
0.610769679596965,27.7530305941125,70,0.147367689755872
0.585184058829989,27.5097587764271,67,0.152277080231084
-1.03345092086719,8.4405721072831,38,0.00261143517852702
-1.82612267670111,18.3919255996165,44,0.0101725716854475
1.38535629440647,18.4549731777205,41,0.0104824013907746
5.83426853291493,19.4803928236709,52,0.00905975854324086
4.00316306469985,18.9320746113716,64,0.00970344022719821
3.67745591126283,20.3622845734317,87,0.0126009730373776
5.34231861248889,18.3900070458869,66,0.00795256824377677
8.32410407824581,8.58387830138633,55,0.00223559495891174
-0.13542489559731,18.3325228351908,41,0.0104367018861973
0.0884312865015983,28.8547335898113,72,0.131650696421507
0.630660123692393,28.5954215124714,86,0.111884845627156
0.982767301567777,27.873613209682,70,0.135740744846871
0.645165264788343,28.3082733728045,67,0.148874194416102
4.98186028829139,21.1490650756341,67,0.0129076948321696
4.02305989767201,18.1930428665278,58,0.00859402116755092
1.56005777120879,18.209138771465,40,0.00995047088474986
-0.459353508446512,6.65795760551077,34,0.00220220171244479
0.786425263077605,27.6282719853368,87,0.113976521201721
5.28571745739495,21.1311724551873,59,0.0124947582761894
2.90955273533879,18.3869073872481,59,0.00952114403820696
5.1124631040568,18.9760421895709,66,0.00888218234796291
-0.97920452888244,7.23025674905114,20,0.00232830423128892
0.14391691459165,28.3681448008179,72,0.145376964788774
0.346070154560937,28.6472559420233,86,0.114434907576209
-0.779446808572095,6.31832795822251,29,0.00213444705334456
4.30688770870248,18.2539684092922,52,0.00855067235267126
-1.55729750626447,18.1713357600821,69,0.0096042715956408
0.533082561816179,28.6611908884668,75,0.12779380863288
-0.237656656634278,28.8055323334878,71,0.134243022980774
-1.07605638561862,8.09115470259548,20,0.00253219045660973
5.00282807442219,18.4720791281626,51,0.00839027878675814
0.501090936994911,27.2866935038308,77,0.130171198447676
-0.310433605899149,8.79118515600487,33,0.00271765569233185
4.48719258972409,18.4458462568534,64,0.00861434349766979
5.61689095124997,20.146490901465,60,0.0102074404881058
-0.59267486906629,28.6535890864945,88,0.108931425994785
0.569563023942016,27.7457580659726,72,0.144118444097481
-0.365030420996766,28.0997028881735,77,0.137153256710444
-0.747391402559013,27.9313839748025,76,0.13219618735472
0.580996579906893,28.0029457580536,69,0.150180845900963
-3.09567378718175,26.038759449352,100,0.0438488482783408
0.195908547764273,28.0553485811147,70,0.154391036702362
3.96884139284008,18.5857300393896,54,0.00925174578402558
5.60698819608474,24.4158977757449,100,0.0187935762730968
0.474406766108463,27.0036362690912,74,0.128840432715461
0.645165264788343,28.3082733728045,67,0.148874194416102
5.72088255876442,19.0651777772855,61,0.00853969993169093
4.36294083012314,24.149243412746,100,0.0234109030950338
0.40784957577088,28.101700790056,75,0.140347632791746
-0.0840408246325443,28.2898072630896,67,0.158938635895884
-0.532321749464191,8.47417072217428,33,0.00262920811314748
-2.98559824379978,18.2481628006831,35,0.00945841417741214
4.67264671822698,18.1980817127221,49,0.0082636997176526
0.213313128654767,27.9277751070399,71,0.152650082308906
1.50356955358281,26.4598341967878,100,0.0707932137651287
0.128328604303148,27.6984008850039,97,0.109361528049093
-7.78963545246061,21.0662714005323,92,0.00855059240663812
-0.921998368014913,8.58822994009692,34,0.00265533839638609
0.599466676550597,27.1524984615199,74,0.130502833837834
0.644672303169167,28.0123323674566,71,0.144104001417744
-2.97162881597253,19.0431666999966,42,0.0109063243029681
5.31365254407087,19.706349210388,63,0.00980987693607298
0.335979194274317,27.3466238849405,77,0.13371294618143
0.303293163742733,6.19085589501845,39,0.00210748888724547
0.058335404694566,28.1002582135936,89,0.119595269227708
5.84539426886597,20.3334538110322,63,0.0102002164576656
1.40126131905516,5.88393875683538,41,0.00204095745755968
-0.468910763436248,28.325709874624,92,0.110660923923023
1.25543931759962,21.0932293369177,88,0.0175183385639034
0.558365213321783,28.6588039785007,83,0.115621816515921
-0.0606714444599236,28.5270180040456,71,0.143927407151582
-0.658866517405258,8.58638267027492,34,0.00265777151887196
5.83455306828765,20.6257379101953,63,0.0106842813576366
-0.37623657760346,27.2983404460377,69,0.147942013524874
0.557590653671137,27.3701095205826,89,0.112954627029507
-0.286579605744531,28.2128683918882,77,0.136859315061393
0.27362965878725,27.2236100152775,71,0.143216415996727
-0.551096618901077,6.16404543775014,31,0.00210494065750975
-0.337466511420086,7.91189439203659,31,0.00248699856464387
5.47776620828148,20.3399832286431,68,0.0106071352092728
-0.0805658209635529,27.4295413858109,77,0.13710178834933
1.87508564769176,18.1945214122486,45,0.00976922048929066
0.853377492812775,28.3430111362641,67,0.141615766162859
-0.0740119881785459,26.8863138729036,71,0.134103076816049
5.34727690587548,22.949178322883,100,0.0159686558131065
0.257442188299035,27.7048018718856,87,0.12207406709427
1.63532269131023,27.1322025782134,100,0.0762964501713523
5.22524614577501,18.4115989145642,50,0.00816327638379107
-0.28153896406659,6.05134518487562,29,0.00208528137268928
0.744081743929409,27.3037460037671,74,0.130455443320505
5.50236874731745,19.0174544398649,54,0.00871159592139762
0.778001888773047,27.4561372759086,68,0.143463960167308
3.65912676158413,30.5731775097736,100,0.0326319245602879
-0.0551608807658107,28.5742909862088,71,0.142602689126477
3.53355496345244,18.2620082764386,58,0.00898212906272236
0.0403062084808179,28.2733978600814,71,0.149868815589685
-1.21098678095614,7.1715088117768,31,0.00230663326078704
-0.765317653673781,27.8924000477806,88,0.113795647491077
-0.725506866132245,6.04029336368826,13,0.0020882019448014
-0.25377288314852,26.9801909603374,71,0.136209336955027
3.52921071731761,18.2987524914066,60,0.00902548136460055
3.98626448146382,18.9406600773648,56,0.00980700067851374
0.772558948832843,27.3878507985852,73,0.132944415088166
-0.781176788547957,27.7011031122682,75,0.132680903484096
4.39006157200479,18.9032704745959,63,0.00937042173199521
-0.00587043527909681,28.2908758999187,83,0.126813028219374
0.903577473343042,28.068384305649,71,0.135862868600758
0.888919916224963,27.8622210812125,72,0.135296401345728
0.519519143368496,28.3731606583801,67,0.150762089317787
5.73668783806627,20.5523901780717,64,0.0106803590499054
0.691616420364805,28.5684183918775,68,0.139286618929618
5.76717150073428,21.0289556331318,63,0.0114756124123906
5.32774982438541,18.5639968371084,57,0.00823556552054351
-0.581084541018137,8.67542951105835,34,0.00268287969782205
0.896060604451963,27.9889236785792,74,0.131229655263504
5.39418483784605,18.8357114695927,42,0.0086461571529898
0.0141161125176213,18.2358810113481,44,0.0102094308250858
0.392632223486787,27.7834521346517,72,0.14790251263992
4.62863043935276,18.6773499849921,51,0.00894702645647198
-1.21123381517864,6.72952332032135,38,0.00220888371628791
-3.30677890044783,18.6450833432725,42,0.0099036128858606
-0.519246532473889,27.3272875689232,75,0.13412525118876
2.1788538205791,21.2526204211295,93,0.0170583838364266
3.99388512430219,18.4353382946421,60,0.0089525786166253
0.675282018214814,27.7166882556384,72,0.141284848672354
-0.667747088431857,6.73783814087813,42,0.00221363914102155
0.284613455251743,18.9340742248312,42,0.0117818633432539
0.594305453551946,27.8848627147667,70,0.148043811142827
-0.281852226437803,27.700542092706,97,0.108621705211649
0.343245699531591,27.2098162721025,73,0.138061193672822
1.43247122487265,21.1501763091356,84,0.0177332341813953
2.61832144390759,18.6803000483394,52,0.0102831794610887
-0.286579605744531,28.2128683918882,77,0.136859315061393
0.935029641228066,27.9425228879352,70,0.137327022365457
1.42301067761745,18.1947247836735,44,0.0099238450270715
0.524923546959697,27.3047608903545,70,0.143139147241298
0.0905915203663875,28.2547285317674,72,0.147840565606402
-1.59471244010431,18.962310564853,41,0.0115293740811302
0.613202825644728,28.1171229340483,69,0.148313029346952
5.21992251045541,18.8830770400376,57,0.00873698762294401
0.821651554603318,27.7134243234133,66,0.14929920080439
4.12998823396831,18.2027770841955,54,0.00857312163246466
-0.782576071971034,28.1639922584061,76,0.129784391155075
4.11138179573707,18.6779474518983,54,0.00929910381888198
1.43101385996747,28.7249808577829,100,0.078772061629215
4.65002127491615,18.1578538597825,52,0.00820483750113601
1.42416585155137,18.6139894507455,54,0.0106563442043376
0.897913370623918,27.9831341531783,74,0.131197307524473
-0.652267984878962,25.0038319381635,100,0.0540797489023078
5.67770814726469,19.4284561436036,66,0.00902126965903841
0.426442867696201,27.1003964262999,73,0.13401717816365
-0.114362688835563,26.931725215269,75,0.128566620049506
0.308006773257656,27.0723268687138,71,0.138537822334186
0.304702648375293,27.3072964057985,70,0.147043848618816
5.62536271642829,20.5342914946309,59,0.0108542491713534
5.61987557720382,20.4347706297848,60,0.0106796091213684
0.608660897662218,27.9982585582805,72,0.143056536365347
5.66245845833448,18.7999699133005,53,0.00830765061157672
-1.24905235588008,18.4859400374883,68,0.0102925872073425
-0.683456357258035,27.968337715428,89,0.113900620564301
-1.04748993339165,27.1196203319608,100,0.0865933672179963
0.084348544114126,28.4476708017549,89,0.115579935648899
-0.457523347924116,27.5215548959988,96,0.107230433360986
-1.17321157652406,27.1443988658378,100,0.0848084308672403
0.180570110338256,28.7972131898109,72,0.133161833024414
0.085191394264621,8.82804918496648,33,0.00272873298107234
-3.37362035536836,18.6679866746722,42,0.00990117214144931
-0.468613291515522,27.5041843527366,77,0.134262715544149
0.714979743085601,28.2006365171793,69,0.14435453433858
1.66652508736936,18.3647469671876,44,0.0101769149573551
-2.74802700907626,24.5279145569311,100,0.0350094912958409
4.74467085669033,19.0658877464247,57,0.00939222461866158
3.99955121243112,30.5516625130806,100,0.0301788343194421
-0.520644851868959,27.1692969928784,75,0.13070442611602
1.87424420487707,18.2255798588286,59,0.00969371204984615
0.713675826693983,28.4005214687014,72,0.13511391379968
4.86798286302693,25.3611099920118,100,0.0250948044049911
0.765334335393776,28.2066794139948,75,0.131473976399469
0.753792137033867,18.6519561647625,41,0.0110643907106347
-0.412002937305564,27.6062209613822,90,0.115797312994091
1.61242529233032,26.4399863000646,100,0.0688664191936088
-0.733185484630195,27.2756907168605,75,0.128511183344149
5.4754172502734,18.4072474601206,53,0.00796437764462691
-0.9617803373364,6.72939224757079,10,0.0022252840568837
0.601978792091765,27.2560828474745,71,0.138320458814903
0.919998262147712,28.1366314630446,76,0.126211000920489
-0.124784604020988,27.5849415165498,88,0.120584937676744
-0.918579165433187,28.0974045339906,72,0.133323318553327
-0.325434834190955,28.7823367787622,89,0.108045792891461
3.26380912443645,24.7709434734328,100,0.0332188871716718
0.309264792354694,28.3190892173401,88,0.117560278570245
-0.671693473252074,27.1533180329379,75,0.127334687412284
-0.522493707347362,24.0057721201435,100,0.0399383359428804
0.125231364787406,27.7821113137285,79,0.13655710850448
-0.0711096054538772,28.8402931690391,82,0.116759549035795
3.86078679314807,21.0183672139248,91,0.0139408719646055
0.253657749803351,28.6044505511724,78,0.127914688359137
0.0156298260885364,27.978499287199,84,0.127959134534636
1.07242368661222,6.25112165265112,39,0.00211439679907025
4.49415282914557,23.3512413688232,100,0.0198261409825738
1.93235262285161,20.8956590929604,93,0.016011721876115
-0.317492128357124,28.6182768039055,71,0.13937452400884
0.568862503899092,27.6815264206639,72,0.143742184133558
4.95174963643774,21.0995270203198,81,0.0126196453555996
0.655389935760231,27.5777709166188,89,0.113495934542997
4.75001537931441,18.7492095502893,63,0.00886582452734726
-0.780131956535931,27.3678950088305,77,0.125738857797767
0.792263765401031,27.5533307983563,71,0.138437288410322
-0.171581721094659,28.0923707496388,82,0.130142860779117
0.0808579020450789,27.5070771767675,69,0.155449283139173
0.644859042238524,27.9905073826551,81,0.126046908800335
0.084348544114126,28.4476708017549,89,0.115579935648899
0.794311935317484,27.9991850032284,70,0.141824630277888
-0.960723560734142,7.51032629521214,37,0.00238274791912697
0.745867345875777,28.0375854803657,72,0.139112680190742
3.57955640111998,18.4366084610048,62,0.00919643198420769
-0.947855034736796,7.25758382280893,39,0.00232444672882233
-0.392158993417981,28.1586928970574,92,0.113080349799949
5.63133847880485,18.6956698752652,52,0.00820879422585293
0.573823388224214,27.4429898220373,74,0.136888736375199
0.62967324402167,27.7435109983444,70,0.146813827665457
4.26921676312121,18.5599715065627,50,0.00903826297935098
5.60404252746365,18.4645356222077,51,0.00795517949405414
5.85691827833168,19.8901480286308,57,0.009574625130908
0.665034294602107,27.8455155148784,76,0.134345081862708
0.801804237466522,27.4008846409764,91,0.106885417659998
5.0587260395485,18.719445996389,58,0.00863080635918933
-0.293308104281681,8.4527802126869,33,0.00262484293508677
0.744611464115499,27.1962919327794,74,0.128244645249697
5.72460852089877,20.4608878968824,60,0.0105890373113824
3.11777342325238,18.3301243286961,54,0.0093577236355952
0.182204850473228,27.5823922830229,71,0.151241260665025
0.569853545791227,27.5173711843511,75,0.136166024016362
4.75539080690663,25.7236008172335,100,0.0269656438430766
-0.00683137785133703,25.1674526525646,100,0.0582835016066424
0.615177588355143,21.0772149397838,93,0.0176671010271144
0.237955630620185,27.6152646449549,72,0.148851063205343
0.877777443850027,27.471721389027,79,0.121606943064548
3.15158028324013,18.9140222824183,58,0.0103427496991122
0.162630713116697,27.855365755015,97,0.109559226508978
-4.03802084088661,27.4348434520103,100,0.0378954062913249
5.67286128941397,18.4466089985141,60,0.00782977736789357
0.254160998852768,27.5439220702159,71,0.150008570212332
5.01859984036187,8.65843990487351,48,0.00250228513086403
-0.979075316287366,28.0134313408116,76,0.125270082764409
0.0829395836751821,27.4332138356536,75,0.14102220740495
0.765852758690104,27.9777279174009,89,0.112345654148112
0.183246886277422,28.6325188146935,86,0.11588214681397
5.63470737990604,19.9257854554919,60,0.00984035996153079
0.462379039926366,28.4368511375794,67,0.150463560749568
5.10724630319527,18.8368979813683,58,0.00875475536622427
3.49543762974005,21.0895527201897,91,0.0146897289664773
0.228613726476569,27.7352015154807,72,0.149944171293967
0.342250127662835,27.2803665376598,75,0.135951871485442
0.657700404138785,28.0338906306861,67,0.152360532552276
0.696574801931461,5.84152754926899,25,0.00204602003997453
0.650690792024962,27.5921768427546,75,0.135193757944511
0.299250912697865,27.3458239484756,71,0.145853378757625
0.408366318799626,27.7539489135262,87,0.120783544340521
0.877777443850027,27.471721389027,79,0.121606943064548
0.557757682608841,27.5243426169621,72,0.142336787595621
5.64570713726483,19.9943133822474,62,0.00991439153384992
0.677436132374556,27.4817305888438,70,0.142776700684724
-1.30837397247836,20.7672712364614,92,0.0160934255302976
0.925862451268749,27.8698195669507,67,0.143713367381767
0.831093137140485,28.316970565046,71,0.135145909980466
-5.76085787142059,27.638938263443,100,0.0231814717332312
-8.31292985797116,18.6291244264509,41,0.00627597931948172
-0.674090794159548,6.31216918929913,28,0.00213439122458418
3.45559555384502,18.4447374243634,52,0.00937096625220491
-0.483625936087815,27.0264383638135,70,0.136392513085006
-0.656566289019611,21.0899447101173,100,0.0174878794884497
1.20259033442309,18.1805701646928,41,0.00998377538147152
-0.272057375726186,27.3982881527837,75,0.139094909675355
0.727269746693809,28.192736336517,71,0.140059672636889
-0.39126806664164,27.7715071054774,76,0.13962303590376
5.73772092234762,21.0368282713003,64,0.0115214037987311
-7.33697026284018,28.8355282532193,100,0.0154604002441318
0.219796087530991,27.1833342204361,75,0.134973516835858
-3.76511786215438,24.2859487579082,100,0.0271298346905867
0.00926838792418483,27.2224721495925,77,0.133171665575888
0.181425743329658,27.4835918052159,71,0.149778397114809
0.210822102473828,28.1857064103811,90,0.116949118005631
-3.4412452852367,20.8873031028441,92,0.0141685392920861
0.945447650110371,27.69445700546,72,0.132931235637212
-5.28095732545108,26.4851782729705,100,0.025199679439606
0.780210437072004,27.886203482992,74,0.134946361343957
0.403041341702198,27.0125758003232,71,0.135434077535225
0.214518380261188,28.6164098017428,84,0.118802857284281
5.51040694380885,18.6816097864107,52,0.00828286873566078
5.05195497468613,21.0923111726627,60,0.0127809265035801
0.106870229325321,27.0853290522808,76,0.131329206519433
5.57552651737326,18.8437193498433,59,0.00838904370540949
0.447234818096469,28.3680199485463,71,0.143722574544226
3.84771440368819,18.3000902922684,44,0.00896688816194137
-0.309892995473322,6.24466495554668,23,0.00212506804518298
0.891114646212823,27.6737219137761,74,0.131057360548681
0.557626924346537,27.4646038034385,69,0.147726532367581
5.8099106872895,20.4754182882244,60,0.010503499766833
0.730289438299784,27.3008248477931,68,0.141876511612531
4.58492990103695,18.5963886374238,59,0.00879817196428911
0.750851665011746,27.8162851824147,86,0.116729717367522
-1.11315605377387,7.87461273861117,33,0.00246971380002546
2.55038769185083,26.3262215051099,100,0.0532999430174442
0.214067096288853,28.7614172693671,80,0.121107140049357
-1.8873501656484,26.5567828519676,100,0.0659426687721693
4.96469829840153,18.188389476161,59,0.00799915628766845
0.78603336638883,27.8514352433763,71,0.14047026206684
1.21571520709738,21.2399898852948,89,0.018142281078755
2.39075491636213,18.4359349027614,60,0.00985678045841187
4.29709172145422,25.6390229901545,100,0.030026218728752
5.08551548111075,18.601983785777,59,0.00844614462988831
1.34427626840799,23.7048348842954,100,0.0345020953643112
3.7517192389886,25.4219818687598,100,0.0334153604839352
0.644859042238524,27.9905073826551,81,0.126046908800335
-0.137973051303592,28.7832157851327,72,0.13386730802763
5.86104571679535,20.8647064061693,63,0.0110492012246492
-0.564010368764636,28.366270812276,72,0.139388983619277
-0.286579605744531,28.2128683918882,77,0.136859315061393
-3.27837497545175,18.4416557551669,44,0.00954405838727297
-0.954783096753663,8.58222646668929,37,0.00265116400258802
5.69541428261365,20.7074302492173,59,0.011060028878924
0.900941333711197,28.1725555222891,76,0.126428399401441
0.915051213873307,27.7008935682217,80,0.121006361379345
-0.245194467444782,28.7752984190376,71,0.135196688464944
0.110678479141251,28.0435562295771,70,0.155123164009057
-0.187434415814301,27.7151227221705,78,0.137788861472145
-1.60645619357049,18.2425684911335,42,0.00997999395422782
5.65429779240314,19.5437286748548,60,0.00925471694037376
1.38829061202989,18.3592593063944,63,0.0100587524367252
-0.481274164932734,28.5503624358661,82,0.120372861206984
0.982767301567777,27.873613209682,70,0.135740744846871
2.35738661581798,18.2962136883878,41,0.0097993179203611
3.10102720108483,18.4514420282356,59,0.00952729490338202
-2.51038814651767,24.342031137659,100,0.034979895538349
-0.822340383670575,28.4258717321093,88,0.108742251900986
-0.259706401471478,27.7099253351547,75,0.143034050248043
0.279601338376722,28.1772006163715,72,0.147514149818882
5.64945750860393,18.3779542038142,54,0.00780335549236301
-0.533410068287143,27.2755568741908,75,0.13282777212233
0.12408547963371,27.0511192579635,74,0.133820691328462
0.595863752194725,28.3493087067449,71,0.140958853719565
-1.18517608341115,7.80045471229115,38,0.00244773726906891
-1.04893174916731,8.60537397301238,33,0.0026589417607602
0.342263745461381,27.3224666415639,73,0.140678304558671
5.59438131860936,20.7682437364352,60,0.0112983322391601
1.76736512121718,20.3907265119365,94,0.0144439606942395
-1.0577620679756,20.4149159253971,93,0.0149773378689
5.84394567349271,19.5293287886706,60,0.00905195484355669
0.249634905427477,27.2119144436463,75,0.135410792057214
0.223593220485121,28.185576107185,88,0.119671755834755
-0.704454333036684,8.39727388418784,34,0.00260658952046469
0.338647270977084,27.6245331864187,89,0.118039922323661
-0.63267763457585,27.814077237353,78,0.13151829467139
0.851071977843803,25.6098136942312,100,0.0637177057984771
-0.106854545672804,27.5276410421865,75,0.14237503396783
-1.06703299418929,8.33726094345803,33,0.00258715375921916
4.49736864943489,18.5071319094201,54,0.00876988478066459
5.34516466072685,18.5967157169814,53,0.00829165966950824
4.05316262080289,18.4111973911685,42,0.00902263624813566
0.0672647918754302,27.1420113362958,71,0.142393178653294
-7.17050594837818,21.2208578123557,94,0.00945074403742821
0.655238398767476,18.8203398806718,42,0.0114589362170941
-1.3259190024408,23.3269659681918,100,0.0310379104580941
4.95553481493014,18.417921689222,59,0.00829637946766674
-0.0626820023306106,27.5057619828457,94,0.111965900614611
5.32945462840968,18.4428965495335,60,0.00806391783242424
4.04132995648218,23.4490025492325,100,0.0218812875900362
5.67671207801313,19.4559881573743,58,0.00912623198491211
5.37698278842584,18.2240970064336,53,0.00781326989804638
0.880108176811923,28.143150332731,87,0.111668632515857
1.87364760356506,18.6556218784904,52,0.0105982857076877
-1.05204510726538,6.53125632585061,34,0.00217213839930213
0.0157851583076138,6.5463939708243,13,0.00219046663985404
-4.00182025831537,23.2887642018492,100,0.0213569973346493
0.530528163715961,27.7528517638857,71,0.1471842066646
-0.690705869735654,6.44395803183598,11,0.00216836081504974
-1.07924797281816,7.95103496044211,34,0.00248829337588736
1.12809695610202,20.6264810334101,87,0.015818960557792
0.223633596770874,27.5098697178014,71,0.149824628471067
4.15042366443631,25.4339379201567,100,0.0302857844849673
-0.152587009746112,28.296415694264,67,0.158386626382537
5.87317580094822,18.6391078896251,61,0.00790246234637061
0.150780083350208,27.4965920477703,71,0.150224593218745
5.06381954170004,18.3256830846565,51,0.00815860104081389
2.77833372995039,32.8372722755779,100,0.0235954358279158
0.0560102129808024,28.5106091024967,71,0.144387174891404
3.72004311533685,18.3534559454092,50,0.00907955158268626
-0.830231996339286,28.3130178795656,72,0.133433101215579
3.31034246362533,18.3477534673102,52,0.00929664273558969
0.195908547764273,28.0553485811147,70,0.154391036702362
0.494925377474385,28.4371127239806,72,0.139322619385938
4.79986413213907,18.5345580233042,49,0.00863359440312565
5.5021672678436,23.4970102028235,100,0.0168858137565089
-1.4870665054347,24.9165687631962,100,0.0481152521847573
-0.771053601225439,7.19046110756352,37,0.00231226464209213
7.49572479070404,24.2663496099863,100,0.0126566102758474
3.06601427931092,20.3738045217148,91,0.0132515149311575
0.560124310915651,27.1491910879453,72,0.134739168464193
-2.13344391815979,27.7016895253283,100,0.069070132519642
4.72038307374464,18.7487937882509,58,0.0089270080046909
-0.980939075349627,26.4138027452902,100,0.0771705939023438
-0.403454760623468,27.4972824688917,75,0.138961501274433
4.85452541511388,24.6406216588145,100,0.022810337512252
-5.64556483846287,18.4629250631841,68,0.00781850765144385
5.24358208089044,18.5368010558309,57,0.00826164732495985
-1.0969049657732,20.9438764335204,89,0.0169911810827633
4.27040484953447,23.5643604028112,100,0.0214589993387817
4.50323098412647,18.4219842743351,58,0.00861478126110416
2.02497761090727,21.2215502790538,93,0.01712711265098
5.71608534312373,19.2397051219523,57,0.00880239676002167
0.949121838839378,27.5713503706919,72,0.131824108937179
-0.540814173873056,28.1277758388133,77,0.133967022623986
5.18826054128011,18.2264179355124,51,0.00795236457745467
-3.09804124310037,20.9631178075247,93,0.0148405624630963
-1.23129168310332,8.15202415538811,29,0.00253955289365557
-0.741502930827696,27.4666648941525,78,0.126478009955048
5.00548368994612,18.4487954390099,62,0.00828158037538317
-0.731228669708306,7.66476554330572,31,0.00242463562948847
-0.790416966111706,27.6406208299645,76,0.130302838062443
-1.19119248376036,8.34887082368456,40,0.00258363000481693
5.78672857278863,20.7028938334253,63,0.0108779499067454
0.853377492812775,28.3430111362641,67,0.141615766162859
3.20298894594306,18.998472376759,52,0.0105364404271755
0.651176834985079,27.7609175575685,87,0.117163312020643
2.81123334469406,18.3693054793329,44,0.00968046963872248
0.484806969559134,27.640230890292,72,0.145245793984683
5.57694459324693,20.935468031087,64,0.0115781519407239
5.82741973666932,19.7452974036452,64,0.00933460367122789
0.0148001131217438,27.9006841212294,89,0.120441656422549
0.561578425014635,27.4823916972589,89,0.114156643563698
3.53155860104738,21.4961732229481,100,0.0159015560782575
0.393976615263214,28.6791378268304,81,0.120117503264368
3.72246563934098,18.7445023919328,51,0.00971132336599321
0.554731183303756,28.1029400895243,87,0.118103526600499
-0.379165377160843,28.7059878317062,72,0.134077509123107
-0.0618772207823746,26.8675742529556,71,0.133472287273582
5.59718873255334,18.4196784863851,58,0.00786333366123836
0.529175090218078,27.3791440585913,71,0.142583409532498
3.11891947714134,18.1702735868793,51,0.00912047547382797
5.51400574710798,18.6014246556192,58,0.00814005047755138
0.496992213283061,28.4805323760652,71,0.14022237326529
0.312971996108579,27.516783059005,76,0.138550227248442
0.655389935760231,27.5777709166188,89,0.113495934542997
3.86244575797754,18.6801367474079,56,0.00945965806124903
0.303912420497493,27.8719244435901,88,0.120576689260385
0.203337611547729,27.9860365686803,70,0.154848585784478
0.246094681050889,20.920082077963,94,0.0170819934121156
-0.405749917868817,6.77329851940955,34,0.00222634476959338
-0.760891619848348,8.85814945910166,37,0.00273002326324298
0.657243571710684,28.3236152828043,71,0.139923468692456
0.994122514920338,18.3762719281605,44,0.0103891982285532
5.22846744559601,18.3731431283991,60,0.00804752717698491
0.189225326084649,28.4496501173966,73,0.141182363404493
-0.0585293351435768,27.2991184385923,69,0.151048239336058
0.592209399558577,28.0349920567952,72,0.143227422079457
5.38889029680816,20.8805632373874,67,0.0117135895033967
-3.4370793630489,18.4663102016509,42,0.00950758860277312
-1.18897082619701,8.36104450503538,38,0.00258817852713267
0.538899291893756,27.0907941461636,75,0.128452271614075
0.803024054889676,27.5481930172384,71,0.138048263343245
0.201704033565909,28.0856166551213,71,0.151698308744931
4.00648303050041,18.4511525877454,52,0.00903321382658702
0.55265210498915,27.3809204256353,71,0.142103443082577
5.78089354033721,19.9910643489794,60,0.00977905896891325
1.14210228932058,8.74010692991673,47,0.00268439826024207
0.91185927828385,27.9640594256438,74,0.130837647940563
0.296696348349257,28.2744580995832,81,0.128869609214779
-0.641034240512809,27.3916711841644,87,0.114515848122155
5.37107921281242,20.2878709211758,60,0.0107405217167978
5.44474312841851,20.3196432351068,59,0.0107156046303411
5.8551724096971,20.8226548812171,64,0.010973856850843
5.73570971784372,20.780310319465,55,0.0111808209156484
4.49603093613632,18.5965756722556,54,0.00890081830420986
-3.11182675370947,20.5028021294147,93,0.0135078527706133
0.278385228230228,18.8945812924228,42,0.011685056325073
0.428035803737114,27.8172079668936,71,0.14956283316951
0.79050132285194,28.1307198676169,76,0.129895197509186
0.933306786050269,27.6892283509258,82,0.117624252101779
0.212734670037357,28.6476478191498,83,0.119550014191427
-0.399871798288578,27.7333836077361,84,0.125356582635939
4.77526196826694,18.3495958307961,50,0.00839099196612866
5.16137521968775,19.4752487672533,63,0.00960010088779367
4.41094793734803,18.553770545107,52,0.00891373877589941
0.283108203811364,27.8784205799454,74,0.145318304035018
0.34190895163779,27.0941042227315,76,0.129762401388055
3.57222716368283,26.2163150775997,100,0.0394204081171016
0.346076195057874,28.503642104592,71,0.142177642465615
-6.890697694228,26.4261900114504,100,0.0168231016016096
3.52090667467943,18.8853439826585,52,0.0100944418839077
0.156193781447253,28.6289639719399,82,0.121731462941138
0.358649014325249,26.9611699957057,75,0.127555128646354
0.571013628736347,27.9765219458371,88,0.117091254613098
5.53465172553077,18.6561055111643,51,0.0082394182067119
4.66611203056704,18.6551676961637,54,0.00886326101390462
0.836923687316565,28.3601995394896,71,0.134220871293956
-5.04352403106898,21.156030933655,91,0.0124381348326152
-1.78679341040226,18.500203492254,42,0.0104250766866971
-1.00475119377446,6.68623364353848,11,0.00221537307866765
-0.209936935164304,27.0674332362473,74,0.133775757212142
5.22089720560417,18.9524526222382,41,0.00895855181410596
5.79514071600636,19.0382619561812,52,0.0085085004821294
0.360902042484641,21.0489774831584,92,0.0176559554224452
5.72536342476674,20.2913871051284,65,0.0102581573015685
-1.19019877022974,7.93717964277393,33,0.00248394387858322
5.69847854951564,18.5266069861203,51,0.00796121600653328
4.74259064902474,18.1802736309682,58,0.0081357568988385
0.0656158761294937,27.2729812555297,75,0.137905378310343
-0.0416501834308944,28.0095963762164,72,0.150949192432226
5.38145373585495,6.49626044017047,42,0.00203863949779861
0.861329906703131,27.6363388920312,79,0.123556431388067
0.905350651877633,28.1221344999368,74,0.130060525707732
-0.342341415001684,27.4955862536932,75,0.139823038749978
4.89890459696772,18.3297344667404,51,0.00827473557786736
0.706216412360615,28.437711426147,72,0.13455209153033
-1.12498650604999,8.57070413907256,38,0.0026448644858934
0.957853729162169,27.6854021347971,73,0.130729186503994
0.0560102129808024,28.5106091024967,71,0.144387174891404
0.454567722590063,27.018440567076,81,0.118793972009985
3.34426210472757,19.068023463243,52,0.0105701908163058
2.62999265549369,18.2313756658052,42,0.00954635102494976
0.544857228059057,28.5004155690412,71,0.138765152211037
6.30741263619778,27.8094664013376,100,0.0201259343189113
-0.0162247957034525,27.2995077634355,76,0.136671739483728
0.925862451268749,27.8698195669507,67,0.143713367381767
-0.520644851868959,27.1692969928784,75,0.13070442611602
-0.231641165586579,19.047600015869,42,0.0120722160981324
1.22745604161781,18.1957609455592,45,0.00996720275056001
0.349908286465063,27.5906401496188,82,0.128260086131402
-1.54427983748688,18.9711610408882,42,0.0115581243038628
-0.754803254358589,23.9411252824967,100,0.0387026948088595
3.44589045742925,27.7750480218258,100,0.0459082243616028
0.342468606976984,27.7574507340707,76,0.14027102452986
-0.408279732462817,28.3034750710452,88,0.116777847650674
4.45544344439628,18.2378066385813,56,0.00840601988522006
-0.631987244674328,27.8207825215596,77,0.13329699938282
-0.864158080497702,28.1942669893526,88,0.110391371769994
0.674075735030213,27.7321571086887,71,0.143430055889329
-0.242506242239022,27.2809859975636,74,0.13895645525756
2.7117043132622,18.7150188364478,42,0.0104050017636064
4.30449401980083,18.5882034942604,59,0.00898320889801346
0.626182267364391,28.4567341455456,75,0.130757881451658
0.899394812250236,28.2056108502191,80,0.120069564961645
7.5384432506398,27.0224455173331,100,0.0148296014187881
-1.11191271573408,6.45847600600028,45,0.0021518543151452
-1.22524699858027,7.98879106262871,37,0.00249366429477504
-0.166126674141489,28.4757242470273,81,0.126483106528895
-1.15375177834873,6.23714503272082,33,0.00211356862433619
5.26761588268282,19.2659016702951,60,0.00921416571452563
-1.10650752596435,7.67555851404063,33,0.00242197061743567
-0.326692332212129,28.143124922214,89,0.117824636067547
-0.558270438580178,6.97658539303308,36,0.00226766992160805
-0.583231709751003,30.2585382848504,100,0.0625460548877636
5.32213150811274,23.6248714542733,100,0.0178021893083206
-1.62066931586434,25.7138520019374,100,0.0583470535433257
-4.27078489783781,23.2194441232012,100,0.0201260562409149
5.82316891961034,19.4247446541646,59,0.00893777427012369
0.630660123692393,28.5954215124714,86,0.111884845627156
3.42555178844232,21.524553269296,100,0.016184123530334
-0.824895506828077,8.74541078146737,38,0.00269689914230579
-0.0017162082956842,27.9592712598006,84,0.128030909244418
-0.811879695080668,6.22231996908288,13,0.00212267884323868
0.654283572827563,6.00973985827626,27,0.00207677004742134
0.645165264788343,28.3082733728045,67,0.148874194416102
5.71463255920691,20.0525147036426,62,0.00992712006796277
-0.0840408246325443,28.2898072630896,67,0.158938635895884
-0.797268575239058,28.0043991964899,93,0.106870342147738
0.821651554603318,27.7134243234133,66,0.14929920080439
2.93048135324106,20.843350809012,89,0.0147842759488172
-2.40386335107415,21.1653711006259,93,0.0164435381241255
4.85296698803455,18.4050860785272,51,0.00840540581069324
-0.0606334512572033,27.3156867710426,77,0.135093144660337
5.58708588910862,18.7426840627001,55,0.00828057820014021
-0.581554599916637,27.6128088620708,95,0.107516226335834
0.265968113725445,27.9429754032222,87,0.122273000191967
0.399681546525148,27.3968266323268,69,0.149780844223923
-0.122353295596874,28.8377200123673,84,0.114031693024551
-1.45216886224512,18.2697947850908,42,0.0100800827952375
0.154187567847106,27.687281536358,75,0.143780751843444
0.740869444416887,28.1651341481865,72,0.138078792790662
0.574890099779837,27.2004521323862,76,0.128731050207412
8.05863866602819,22.4700303571349,100,0.0096239209565433
-0.0138356425566184,28.4038284559816,88,0.117708014121108
-0.109204633910114,26.9712299662978,71,0.136891865443897
7.10506026574131,23.652609640215,100,0.0128048490126332
3.33989930321909,18.1964062486291,45,0.00909381441495822
5.33536053582286,20.5544567928265,58,0.0112922780334396
0.1790560654898,27.0077965766866,71,0.137714120276296
0.246374347925241,27.8404148012263,70,0.154747646220751
0.76958864332409,27.4837016812214,72,0.136317808929296
0.353357438882104,27.8669722521945,89,0.118681762917183
0.853377492812775,28.3430111362641,67,0.141615766162859
-0.248649029457731,27.6151387254358,69,0.155681032299512
3.58045604551465,18.6646249474418,50,0.00968069993447222
-0.875260079483484,8.45517945016987,34,0.00262011867482054
5.24456898833609,20.2869808299413,60,0.0108961136461365
-0.178260062425455,18.960377190824,42,0.0118542318456283
0.279601338376722,28.1772006163715,72,0.147514149818882
0.579345885998107,28.2246300385481,75,0.135709202328991
6.50416887815132,16.8035207822244,100,0.00573137262957506
0.4301785247848,27.8623367134704,75,0.141122250915619
3.41877144762572,18.4974154865894,60,0.00940998205271138
-7.97686740514284,21.1434554728572,93,0.00840618797361648
0.428660026162914,27.361567787964,74,0.138228129654716
-0.105282298340784,27.0585309619886,74,0.134112628689873
5.04316495823352,19.0470322033899,57,0.00911371848243155
3.95525495463451,18.759105655897,59,0.00949723407753471
0.668047271665656,27.7904086397538,83,0.122664714712977
0.12408547963371,27.0511192579635,74,0.133820691328462
5.8306770208243,18.4538555608111,60,0.00772817852606592
4.26636495777544,8.68940978366524,48,0.00255452779331915
0.221836787878428,28.0794053392205,86,0.123490185430785
4.61523418048455,18.2932223148219,42,0.00847829322686822
2.9184813784217,6.31544439300116,24,0.00210066531399082
0.785728823595587,27.3494735675422,68,0.141237545205948
-2.60097564487582,18.2048693917616,41,0.0095227678496686
-1.08147333473129,8.3156976750813,39,0.00257732859802545
5.44150794799321,18.3100216811334,59,0.0078347372429332
-0.316019891040304,27.0456893099733,74,0.13217050461385
0.366948390294007,28.6518544936891,79,0.124058256629202
0.672385856037666,27.5457072697675,87,0.115571383631102
5.63698270944987,19.9059338174629,59,0.0098170684481475
0.726272183667318,28.4365217281976,83,0.11683027457203
2.76576378017966,18.4968769743016,42,0.00995602773730336
-0.932176855040864,27.9014674089827,88,0.11023447421354
2.40044039465278,23.3579433882915,100,0.027822017676481
0.131574484639926,28.4908383784003,94,0.108522119359815
5.95568269720512,18.8452421529916,57,0.00810640157359251
0.0619691120746897,27.5755415415495,76,0.141114154117389
5.37543552121194,20.4805379837219,67,0.0109925132900993
3.61368321442171,18.8206022350482,50,0.00993120052789597
0.084348544114126,28.4476708017549,89,0.115579935648899
4.39740832540953,18.8701595270934,52,0.00940931591223343
5.43803232910846,21.1985870486501,62,0.0123359194050675
1.40425838852973,22.0636208336246,100,0.0219851343193703
0.914278230014596,27.7810678400846,69,0.139990701708016
-1.54848517754472,28.0587386726038,100,0.0810516369086227
-0.0606714444599236,28.5270180040456,71,0.143927407151582
2.54662656323087,26.0534812951379,100,0.0508794951888299
0.0276275493416933,28.6090012023535,71,0.141624675553569
-0.605834800226216,27.9606794797904,77,0.133726938806239
0.507423295258631,28.1416728351484,90,0.114454146911027
4.6739681984887,23.9942410851392,100,0.0214129889559863
2.1925314961796,20.9697231567412,90,0.016076875683446
0.084348544114126,28.4476708017549,89,0.115579935648899
-0.286579605744531,28.2128683918882,77,0.136859315061393
2.24899543783717,20.4914185924474,89,0.0144564688208254
-0.658759397983518,28.365982628192,77,0.128374099018019
0.225471073620928,28.6572132382922,90,0.110066490190033
-0.602530819205292,28.5283705506568,72,0.134968936957585
0.981874322745911,27.9897536727077,78,0.122225570606156
0.674924582598559,28.4002473666128,66,0.148212775376113
0.620207804132558,27.3717247777042,74,0.134675079229527
-0.745593887296016,6.25589013027728,39,0.00211798053878008
-0.948992977947303,27.9120433875573,90,0.107478700205265
-0.493398819954632,28.5164318528669,89,0.111436452091148
5.76743946782728,25.2538268831984,100,0.0200148353730637
1.97412963903468,18.7709495537258,44,0.0108895106443907
-0.0592035095702048,27.8928811671413,85,0.126494109085798
4.22753776788955,18.8570194856399,62,0.00942960451768016
0.0797760970816712,28.679717348559,81,0.122290107188443
4.56861568430612,18.58428661443,60,0.00878464176431233
0.801966999787499,28.3599288736672,86,0.11244994146514
4.9110333886994,18.6026457410837,59,0.0085733339540947
0.0377911564361897,27.4111033366239,77,0.136891651693096
4.7779861537444,18.7575667182855,61,0.00887256796346232
0.849806020120699,27.3663444839568,70,0.135720426808297
4.28571911601304,21.091913677124,67,0.0139291072936615
-0.418161505637095,6.4912987673541,33,0.00216896184088609
-0.153548337307398,27.618591905954,75,0.143195634198798
5.57256141303528,25.0451299834597,100,0.0204562176599725
-0.165141579673598,27.6904469526683,77,0.139714747466248
-0.25377288314852,26.9801909603374,71,0.136209336955027
0.391187433399817,28.4227525668724,81,0.125481082956827
0.692565977785946,27.5889234147791,76,0.132366148952868
-0.626914318106782,27.5179004314652,76,0.133122100349131
-0.010999540921192,28.1168463708383,72,0.150004700208716
0.881343220154469,27.4234163176894,70,0.135695304892893
0.491764211390496,28.6667012302476,70,0.137143985658184
0.415522582564579,28.0209146319532,72,0.147077070619087
-1.62053099562845,31.3981238653643,100,0.0399413689647314
3.35854247049448,27.3574669464729,100,0.0466535620560203
-0.0840408246325443,28.2898072630896,67,0.158938635895884
0.77661062583341,28.2552139667202,80,0.122558889012035
5.57327824168228,20.8058435135697,61,0.0113842068377023
5.5304983056835,5.9072054647414,44,0.00193099825801165
0.521710065898933,28.5703571626411,71,0.137437500046739
2.49303853242615,18.2832054517333,46,0.00966604718659758
-0.509128196294739,8.12117583136255,37,0.00253466035594964
0.471715449731407,28.5149772386161,80,0.124209817688832
-0.89938969189479,28.0624354723504,87,0.111727060624276
1.44351510304311,18.2268411980814,54,0.00988080836222108
0.465656572256601,28.7366419916654,85,0.112559728346215
3.92052014921337,24.8610424893585,100,0.0291777949259773
-0.389329605362529,27.9724134769786,77,0.137647423326216
0.652855021636302,27.6873347143898,72,0.141694012086566
4.25027044720168,18.635287381502,49,0.00917566535162714
0.211448557097078,28.5353674958927,71,0.142853794125927
0.419862204207996,28.6998996376677,71,0.135489580037052
0.639385134919626,27.6105823703178,69,0.147652899067974
-3.69210752836753,18.6281119624373,41,0.00962619251242122
-0.398200102083443,8.73247715918545,40,0.00269564325836099
-0.72038739553225,7.23872467903167,33,0.00232553855556526
-0.903909071613167,20.8977564908268,72,0.0174191461656131
1.79588443051422,21.2245372555287,89,0.0175217367943348
-0.113759536446466,28.3677268377042,75,0.139460785699234
1.51074817624159,18.5012845369424,41,0.0105382909573551
-0.184929760970105,28.5542837220647,83,0.121720922097935
-1.86952735158674,18.9535032028853,35,0.0114621283747276
0.0569219311600963,8.66516480076579,33,0.00268317081226684
0.672803466907719,28.0202106688683,71,0.143288286519342
2.99054645299864,20.6753229248296,92,0.0141479313536019
5.05445097829719,21.046565432704,60,0.0126761660123942
0.821651554603318,27.7134243234133,66,0.14929920080439
8.82889806959295,23.957157230379,100,0.0097000482898872
5.62270113737078,18.4444392561964,51,0.00791816892652152
-0.485969812808158,25.5390477922999,100,0.0643926463316711
0.55993684717591,28.6868150291252,71,0.133402517569908
0.938791446779513,27.771731991236,72,0.133505282710056
-0.0017162082956842,27.9592712598006,84,0.128030909244418
0.759365676209293,27.8144869326553,74,0.135504629104281
0.00607166680546467,27.3755740102774,69,0.152977612886199
-1.0887692644414,7.16996292385778,38,0.00230406682294896
-0.243666777581178,28.2400216356497,83,0.12652058385353
0.361762334078022,27.3298897320698,79,0.129631060125113
5.69764586968657,18.7440678475591,54,0.00820432583569927
-0.298807752703987,28.0026570657996,72,0.149024943373808
-3.03846231298243,21.1345812286423,92,0.0154843981826183
-1.85293954080261,20.4608961290394,89,0.0147060096090073
0.385124539516618,27.5930935673878,89,0.117354072017961
0.623204919292736,27.4804502561868,89,0.113194109488814
5.26100700853148,18.5832606500013,56,0.00831531564796755
3.15623730598905,24.8640963326132,100,0.0346672377324031
5.58970646428821,20.6615503695189,59,0.0111257862633826
5.27140857813586,18.6898679579188,51,0.00848156740215101
4.16063921271507,18.6001458918538,61,0.00908432673836933
-0.952477403711435,6.70988229912059,33,0.00221000352346946
5.48514991162392,20.9035911879397,60,0.0117100560806885
-0.942935156681498,7.88664886255898,46,0.00246685625447188
-1.20924011932323,7.43739635002862,31,0.00236632355548896
2.09435533071316,18.6753436160546,42,0.0106532647228645
5.86718584499498,18.7996463678524,52,0.00815412788864796
3.73595098967273,20.3248390183685,90,0.0123983942875618
4.07270556024742,20.4230241738794,94,0.0121632420703372
0.925862451268749,27.8698195669507,67,0.143713367381767
-0.18467279446185,27.4804422766145,76,0.139273676584699
0.670797926496051,27.9133760088595,73,0.139788027539402
3.05019314837526,18.7362081735785,50,0.0101552940799423
4.3458773478263,20.8771754327408,95,0.0128098792156166
1.20319759170336,20.7567670401955,91,0.0161493073973236
0.279601338376722,28.1772006163715,72,0.147514149818882
-1.33986162170156,18.264553570712,42,0.010101771491071
0.0478337690108051,18.4494031775729,41,0.0106853725538746
8.57606899600156,23.6474158554503,100,0.00988081390752004
0.783354408913468,27.6915415245914,66,0.150524421145498
7.15279884173802,23.4057615254919,100,0.0123586812740447
4.40595324189436,26.5867360170828,100,0.0323229465120129
5.27888926759399,20.9380378596958,60,0.0120921409953274
-0.904768572271038,27.9089736895934,76,0.127846419353446
0.430476183693673,28.4881858022961,85,0.117933204984892
5.95671963422632,20.3682943447956,63,0.0101186226543241
0.436847994630701,28.5499678270362,71,0.139544203339678
5.87961329304217,18.5792894259507,52,0.00788485710396548
0.278835726187339,28.1773860432843,89,0.1179426040522
-0.412849818581948,27.3399872212965,75,0.136181431608304
-0.37720781039205,27.254777983473,76,0.133136703468008
-2.24640522005576,27.5780465780533,100,0.0665445240835406
-0.543623468101412,27.6019647462901,76,0.135800411573137
0.914278230014596,27.7810678400846,69,0.139990701708016
3.24997479024579,20.7696950136,92,0.0140937799010969
4.75775616436872,18.4705951054883,61,0.00848742424678086
0.00125096788750378,27.1759774087675,74,0.137540598067065
-0.412849818581948,27.3399872212965,75,0.136181431608304
0.17746901868133,27.2536505100616,71,0.144892781142839
5.65127312216779,18.3138721635488,60,0.00769289711526242
0.408204723793486,27.1063032870502,77,0.127590825279916
0.833390982884759,27.3237551509321,76,0.125243819441088
4.40944752624223,6.25735399699783,40,0.00203636153776637
0.576891976587873,28.0245490686911,71,0.145762489333274
-0.122434179501504,27.244825082751,70,0.147146413525456
-0.5947756155933,7.8644523441913,37,0.0024701964319239
-3.0709532065312,26.0940129179409,100,0.0445338482927059
0.337485404276221,26.9877266366185,69,0.139316230123015
4.38471131999633,21.1993805306098,66,0.0140633113666623
4.20957879685551,20.9149127725761,90,0.0131799266019012
-0.237620515994519,28.0852020942815,77,0.138741968289861
-0.437544639202757,28.3894463363556,77,0.132075067794934
-0.520644851868959,27.1692969928784,75,0.13070442611602
5.46250888222552,20.1011512554842,51,0.0104102779244176
0.123910555410944,28.6363798226974,86,0.116046946915541
5.38581822710637,19.4461093598408,59,0.00937889309523127
5.69347868120651,19.0973547946429,62,0.00859680321202025
0.111495011849417,27.8700604833457,69,0.158390523854776
0.0493713080432577,28.350850063364,88,0.11843907213531
-1.75535510555741,23.1823567626247,100,0.0286745091679651
-1.01048067956764,8.49694207695502,38,0.00262675442216398
-1.00944209657439,5.99557559986296,37,0.00206728146334541
0.896055289574723,27.9286805173345,88,0.111006716972123
5.64168767023351,25.9796876870556,100,0.0220897510096102
-3.61891118419325,18.1965887582778,42,0.00896033904679537
-0.23333087262922,26.9103120167189,74,0.128870973816221
5.18308557655373,18.418552788704,59,0.0081413575601355
6.47887959385491,25.5846061235874,100,0.0175254354090997
0.652855021636302,27.6873347143898,72,0.141694012086566
0.373125351916916,28.1801751832368,80,0.130856740667623
-0.667732606703676,27.210505037572,70,0.137545578551991
3.67062138414356,22.91736833787,100,0.020913376485377
-0.104883621309824,28.2914976499187,72,0.147121006619256
0.976929904414804,28.0530349224683,70,0.135278110250972
1.29401183789119,21.0611598761765,92,0.0172364762336726
-0.359298625540657,28.5860671714395,90,0.110430417044756
0.295584667759864,28.1228833473496,79,0.134105247490546
-0.0687145140760114,24.7230072624734,100,0.0506221467463387
-6.0811077310365,23.4376175855711,100,0.0150490745106286
1.30795366541216,21.1264058370891,92,0.0174917903144873
-0.482242529313156,28.595135282273,83,0.118033565035533
0.754307397750421,28.428210815561,85,0.113747003722823
-0.391739444263265,7.88274056073807,32,0.00247896148669732
5.50870959669862,18.4232984557499,62,0.0079037923864859
-0.195916561369493,28.7943630425459,71,0.13495076635968
5.34555429274022,18.5889644669416,52,0.00828837129501269
-0.00580409724769587,26.8910901576057,74,0.129161983786959
0.2941809298441,27.4813580683629,76,0.138277214274494
0.730861565355755,28.4573566190134,70,0.137164451535282
-1.17751886093974,8.38486529887878,38,0.00259459533321377
0.939807899220044,27.7045948197795,75,0.12806105506698
0.580430030883764,28.2937064054009,79,0.127796672325891
5.66977052900951,20.3123573616872,66,0.010348446377103
5.66282098466506,18.2882512933535,56,0.00767986789698946
5.72597037826386,20.7274115290101,60,0.0110400640168655
0.592139138501203,27.3191425087072,76,0.130795998206856
4.3367374894472,18.4998325315553,50,0.00890121906090832
-0.237656656634278,28.8055323334878,71,0.134243022980774
-0.333179456898467,27.0621967819789,78,0.125778698493314
0.694692186569003,27.3410281386378,75,0.130647001021741
-3.51667206592766,21.0574981096336,86,0.0146716136892838
5.89563730569268,6.66519978336162,41,0.00204485813344452
5.38289282108338,20.8238865587771,65,0.0116413325625511
0.150780083350208,27.4965920477703,71,0.150224593218745
0.749555442189122,28.3952096719829,79,0.122730084064776
0.581435175446319,27.1514702819761,75,0.129151679291424
0.424298094340225,8.73874109200169,33,0.00270233145244468
5.52994735251062,18.2757738908538,59,0.00773620189392256
9.24686963996883,18.5126982749131,100,0.00547043703772591
-0.692136241952472,23.8029626958832,100,0.0372444571738869
5.61160964516473,19.6333083120107,53,0.0094885705205108
-0.122434179501504,27.244825082751,70,0.147146413525456
5.50955142383677,20.2500657335174,60,0.010505739354438
0.853377492812775,28.3430111362641,67,0.141615766162859
0.514912920040987,27.3244008571614,76,0.132374465189451
0.516574318200501,28.6984091558623,71,0.133891960521999
-2.45245774895601,22.9727520811767,100,0.0251175364608606
5.6139507729503,23.1352247132614,100,0.0156856289555761
0.706216412360615,28.437711426147,72,0.13455209153033
-0.852278054516421,25.9561463334338,100,0.0701422448267818
4.58339129046354,18.2604917819401,50,0.00839752114205349
-0.597395950810198,28.420758610979,92,0.107863837393829
0.239196490295455,27.9484695092628,75,0.143558020012714
5.34545943481749,20.4148144547769,60,0.0109981809578633
4.74149861272506,25.3474698733847,100,0.0258385727799247
0.290334187258409,27.4286420866078,75,0.139422738064163
-0.58163342426179,28.147899653618,89,0.114659522294031
-0.534256862641764,8.25859660363275,37,0.00256970391092169
0.0194020074544549,18.7999776481841,44,0.011440629855129
0.696581839158226,27.2912710862476,71,0.136778585545463
0.0697568485533923,28.3800191431255,89,0.116618045636136
0.97038848425248,27.8625219601801,71,0.134360646511853
0.561285007207263,28.2315714346683,71,0.143818893236817
3.74735670730643,18.1689775912021,52,0.0087655055799015
0.130414909755567,27.6899845549014,75,0.143940085893294
0.211706532065613,27.9465149721966,72,0.150306048666885
-0.376648217755668,18.8210246767078,42,0.0114984451428179
5.9048208593407,27.6308799122584,100,0.0223109836461888
6.3022500350028,25.4164778050879,100,0.0179868418125827
2.98589593604994,18.6987131205114,53,0.0100940364847657
-3.83239124496115,18.2610195791535,42,0.00893236981161416
5.14128917110991,18.3211021281567,50,0.00810714375072505
2.36354174459355,18.2208198932525,49,0.00958543495767548
5.92262277946634,19.8738164532614,60,0.009453821733968
3.09144229277961,19.1135343694646,53,0.0108365496616012
5.46562590052305,19.6650306786536,59,0.00962910199380598
0.111548124139744,28.6260016732992,71,0.140878605712337
-0.92803710694588,7.78166814678863,35,0.00244827236083104
-7.93615646645352,30.3672192380028,100,0.012632079019256
-1.13568580570775,18.7488774540347,42,0.0111824481577272
2.25081827687961,18.316666721519,44,0.00985551994843097
1.90278275579256,18.3216439645786,50,0.00994773521493091
0.51738459358849,27.9926754203946,72,0.145222965997077
-3.78217412660621,18.3652006656986,42,0.00912570926912519
0.893111180141922,5.94801934546209,35,0.00206020877258075
-11.198073488475,11.5776264236572,100,0.00249716707119455
-1.69457754236004,18.348403710476,45,0.010124883695107
-2.43560771088226,20.9046221007548,93,0.0154972305392742
0.657536908508872,28.2195827540168,75,0.134016507402301
1.04843702291183,21.0250335294858,94,0.0172016727760291
-0.391223987399744,28.6190199642475,72,0.136457423970112
3.28365727540039,18.4008542023734,40,0.00950730987820922
1.46174056623481,18.2696722014726,40,0.0100973610828792
5.4767865966248,18.480180674039,56,0.00803210361631451
0.323874568467319,18.7196961444806,61,0.0110285633863186
-0.320966508704738,18.6902232171315,65,0.0109156612797966
2.26708194957228,18.5112496412688,54,0.0101150177701371
4.8922009279961,18.2762701715146,57,0.00816952114372557
2.43175891441716,18.5810150854641,62,0.0100870566289253
-0.462278031741646,8.07067328278962,35,0.00252346147882117
5.834686082343,19.2477882340138,62,0.00867031675920161
0.953142655290368,27.7656340870667,69,0.138530621746988
-0.534992645995447,28.3388502000754,90,0.112166313385143
1.90407804406925,18.5306103243707,41,0.010450731239941
5.13152182961989,24.8469440739337,100,0.0220655710606064
0.706216412360615,28.437711426147,72,0.13455209153033
-2.56031829510146,28.5467191072095,100,0.059080295177071
1.85490391634716,18.8961311054517,42,0.0112467253780101
0.117043061972842,20.6885742879581,94,0.0161912453820209
-2.38376156481932,18.589135329536,59,0.0101569074033558
1.20498060361919,24.4350680063048,100,0.0433057838716617
0.691667309397501,28.0024443689402,70,0.144941325853937
-0.860584664283374,27.3796331487803,76,0.125414698781446
2.84382669096719,26.7779921967134,100,0.0521872542955949
-0.0840408246325443,28.2898072630896,67,0.158938635895884
0.601910807612285,27.5111727135395,71,0.143146692712069
-0.875181007721804,27.4588912888893,77,0.12455125942861
-0.59267486906629,28.6535890864945,88,0.108931425994785
-0.906994957920846,8.56693959959033,37,0.00264764945409248
5.73734924608782,20.4792453349716,60,0.0106031092002319
4.68503702337365,18.2083266175818,56,0.00822170810723208
5.91078289268617,18.7258877832069,58,0.0079940564488369
4.88288123603652,27.749654474936,100,0.0296243810248719
-0.283170248930707,28.5295893710432,82,0.123033283113915
0.14391691459165,28.3681448008179,72,0.145376964788774
0.0252893902285213,28.4404224279327,90,0.114454495407611
0.295822967302134,8.83103508752063,33,0.00272898169893163
0.446385289945757,27.4728547072429,78,0.132431042359535
2.70947333566889,5.93109738303879,46,0.00202522123472397
-0.295984271167612,27.46097215862,76,0.137953532550755
-1.97126843975627,18.2032006635168,38,0.00981695876346443
0.592209399558577,28.0349920567952,72,0.143227422079457
2.63409381092644,18.2010777139639,61,0.00932330486900874
3.56145289597719,24.9650582007365,100,0.0322864024203853
-0.225146625244384,28.7289841852387,71,0.136898567485179
0.714465509486186,27.1710952830259,89,0.107668647290394
5.2367490902615,18.2916792708875,58,0.00795538920650584