-0.604799644581479,18.8234786511176,47,0.0114092947871651
-1.05750669936376,8.67899234301146,15,0.00269195102941221
-7.52509532600974,18.1705155367734,81,0.00626809449696459
-1.94112989723421,18.8810296532174,47,0.0111094956705743
13.3133887780089,5.85288514384465,27,0.00150327379012831
-1.01786051731095,18.4939482216556,34,0.0107430868754143
0.247246515110967,18.7369450583043,46,0.0112593832239486
0.995487690938874,18.7795634948644,44,0.0112652235186209
5.33022675379179,6.26218147804786,28,0.00200548917204469
-3.6119867329837,-1.01396950889402,100,0.00116723579299064
-3.09927597037422,18.9075467099641,80,0.010134273127745
-1.13529402691359,19.124866236706,66,0.0117489422645029
3.94180432475905,18.2357017035855,34,0.00888970064287451
1.13385482869153,6.43964753919328,56,0.00214283693004485
0.213812061609769,18.1774398007909,41,0.0101191407650415
0.674047548757578,18.1820728163333,65,0.00984818671952293
-0.69516830422108,6.83335886247204,59,0.00222491255818098
-1.90007474150716,18.8467327630559,59,0.0109083909936486
-3.16747189842027,18.7348276120631,48,0.010098439193194
-0.52095404328908,8.40759249580556,54,0.00259729041262505
-0.351305215890333,5.88126529298545,32,0.00205194070522732
0.606277403197718,6.51661211516288,28,0.00217551379236851
2.32715334684388,18.6876983385172,38,0.0106077800232591
-0.657762004196577,18.3182332226283,29,0.0104928988607871
-3.5257940476947,19.1031710125025,39,0.0106455547701734
-2.06830085873415,18.309958248324,88,0.00950518203585839
-3.5419302825785,18.2948717068667,37,0.00920288381648278
5.2164740741358,18.461301849909,38,0.00831453145803972
-0.821860749130806,6.58664545685922,11,0.00219642811433821
1.2624243330971,18.691864944345,43,0.0110044805891103
1.52974926676092,5.9153814898132,9,0.00205862277324115
-10.5185227455713,19.1041415816845,87,0.00507802334190741
6.99885415281391,-11.3676507984687,66,0.000626805788320038
-0.913201529222878,6.52991595231521,35,0.00217268433519589
-2.01832694646756,18.1541988119822,43,0.00966172280057861
0.952616082766095,18.2944007453764,43,0.0102424584974272
1.62407294113344,5.95137700890151,91,0.00202971287196577
-5.03892689541137,18.9561181998246,42,0.00910805683025701
-10.7741422183531,18.3234946282479,94,0.00460083931510409
-0.13797584092438,6.20144017927496,99,0.00208347751924075
-0.0440585470279186,6.14082655408665,20,0.00210668631470123
-17.1409286441852,18.1943710433457,92,0.00251660513822582
-0.374682761785283,18.5171352343776,45,0.0107696414664183
-2.68575674406713,18.7154568520086,50,0.0103348959905211
-3.46442302519675,18.309532902737,59,0.00908774867412455
0.659039594188924,18.6339233878108,44,0.0110036873961647
-5.63683827150217,18.8053768398171,59,0.00829300675977574
-0.683467983256505,18.4679583184655,70,0.0103517751033908
2.1361818614033,18.2163026763132,43,0.0097286667919887
-0.923360725464525,18.4844039505261,80,0.0102376601357916
2.87689540818638,5.84077913294754,59,0.00200008785511145
-1.63210965386891,18.9291059208837,43,0.0114093092081378
-0.785617249871615,6.66311934872863,26,0.00220517701838913
-0.0913262180411084,6.09036201519319,57,0.00208081778059154
-24.8974503850221,10.6666417138351,62,0.00108384858587787
-1.13888071634632,7.71526057732403,51,0.00242037940901312
-12.8953956879729,18.3275003932093,75,0.00376528224568335
-5.21657596039407,18.2640762076672,44,0.00802444977984458
-3.64537563320782,18.6957017938541,47,0.00971847744250257
-8.17294808026752,18.9383457684402,76,0.00645510923621427
3.63155999241309,18.3728034327737,76,0.00895098277311491
1.08713773695959,8.49982736052139,60,0.00261132739143551
-8.93179124572332,18.2757436968489,43,0.00565420404770107
0.561652035691348,6.57007755266305,10,0.00219524572196203
-1.21130842945167,6.80896297380875,11,0.00223880701848685
-5.76253790911533,4.62838506021221,100,0.00171563902587148
0.0329909573257454,18.2861868857832,48,0.0102686642676047
-0.122844007771047,18.3783083625003,40,0.0105438515856054
15.9868415124667,19.2934620154701,100,0.00295083743897212
-7.856233444659,11.3145402609245,100,0.0028950721416763
-17.5118622282293,-2.47963592502308,100,0.000808319343468057
-0.973562677015748,6.12306669350148,34,0.00209293984619584
-5.50916532558295,18.5144290003551,39,0.00816228588788808
-0.380313532203346,18.4170049186486,40,0.0106113028827411
-1.53947669989628,18.269231394659,74,0.0097392286254955
5.68250495976349,18.4183992590025,74,0.00770659312098202
0.851826475232486,18.3791027457796,37,0.010500070607167
0.319858214468003,5.88776565436923,8,0.00206340131640539
-5.64328565399947,18.2222515894863,56,0.00761860131221815
7.04729666058511,5.91562211227614,14,0.00187414955123588
5.30998215200933,18.8966153517774,77,0.00853523943731252
0.106218331364831,18.8287084463108,41,0.0115474998582087
0.537112589972015,18.4526302701588,41,0.0106596912865481
2.43404884186079,18.2822166809426,36,0.00978634450211686
-0.542583158307079,5.95944431607824,24,0.00206917729452454
-5.62552769226005,18.3987595738141,47,0.00788730508937499
-1.12284940988702,8.28498268324789,59,0.00255563962728201
-0.544851032503194,6.57055735223001,38,0.00218202043696013
-0.295408743661358,6.29343390621088,44,0.0021251349906724
-0.102083609168398,16.1573685589218,100,0.00680772599482563
2.15121939648203,6.20870869116802,15,0.00210145543879549
-16.5607134591528,18.9578401212992,94,0.00274854634493841
-0.641678494449376,8.72065563171308,25,0.00270142822085459
-15.6263731351763,18.3809970751496,93,0.00290478580229344
2.74603189193228,18.196012296805,49,0.00936695884205579
3.37641212770078,18.59407700571,75,0.00946240391101755
-0.588324238760626,6.00925648449239,17,0.00208135550964577
-13.0004132017853,18.2189450887315,94,0.00367261551964473
0.247246515110967,18.7369450583043,46,0.0112593832239486
-14.1722026515139,18.4889912035616,64,0.00337847772396646
0.693833476204291,18.6204569271405,59,0.0107904666047596
0.506689006645184,5.82745269826222,19,0.0020468929682028
-2.79730170107792,18.8009225776159,55,0.0103825802509638
8.42732224557971,5.88677624340434,62,0.00178253872095968
5.35137064427209,18.3045699747447,82,0.00774785212317533
1.70866150734444,18.9633578825129,35,0.011561662035413
3.63857596443991,6.46207185265767,15,0.00211164498953091
5.24139930392509,5.81804174356979,24,0.00193545014777501
0.798702952642378,18.6381728559745,51,0.0109046716568425
-2.16227637106951,18.6362655584567,46,0.0104957660068227
-7.73165356848984,18.596839627503,55,0.00657857937589405
-1.66871810451458,18.354827715263,39,0.0102085177548134
-5.72570383776584,18.9210514068927,56,0.00838844677933241
-7.68860523101713,18.5390101793378,71,0.00649268267549549
-1.6479126980544,18.6845691213603,50,0.0107726318083283
-1.0834875852541,8.23648132971644,41,0.00255554521129068
-5.71972510292134,18.7204154565457,80,0.00798908045801752
-1.17697325562054,6.2206785263643,33,0.00211014989472528
0.824673865571941,18.1530653646093,73,0.00969653158946689
-2.81025784203333,18.1539236709243,54,0.00922250100855317
-0.505182726479511,7.39282870296973,21,0.0023684789726646
2.20198708836299,6.14236999712081,11,0.00208960704284696
-1.05750669936376,8.67899234301146,15,0.00269195102941221
-14.223456388715,18.45379044073,74,0.00334327691814965
-5.83272165784512,18.4781734184078,51,0.00780862613961388
-0.8360801129792,18.4198250356117,44,0.010510796720556
0.394448165381681,18.5789531940401,44,0.0109149620916406
-10.0328597787956,18.2636424881482,61,0.00500567964626031
0.714772947763795,18.3599681683806,41,0.0104399405364131
1.27249239343442,18.319540216664,78,0.00986541689972391
-0.186884439032924,18.5056101973433,100,0.0101560316402384
1.0792318357409,18.7925564699751,42,0.0112985815202302
0.946897448122775,18.7718790832057,54,0.0111341192058377
2.34544880540224,18.7643081059714,73,0.0103673974662031
-3.34768824345108,18.3546366949166,73,0.00910884172302256
0.83510074476959,5.85370957288314,9,0.00205410680813249
-0.652109748251604,6.12822853153872,13,0.00210548545172272
-2.3475617001325,18.9150713210761,43,0.01101978111486
-0.300346912509669,18.7190523140907,54,0.011114726311833
-1.533049787323,18.8976609207109,42,0.0113899217762387
-6.92244780335132,18.7121662304547,77,0.00713130662567859
0.544546348901835,18.9688053653912,73,0.0114190643694485
0.781009221167003,19.0145149669804,44,0.0118799491930555
2.91643414487233,18.5656317121865,43,0.00998852890302071
-2.80633665921992,18.5553491811532,49,0.00997247095055242
-5.62552769226005,18.3987595738141,47,0.00788730508937499
0.717987087078541,18.8757458868843,45,0.0115399439299364
-19.2412957217691,18.5855424268074,80,0.00214976580914063
-4.40098897994761,18.2704713529545,52,0.00851408263311564
-1.05025652352841,8.44312369300733,39,0.00261119025878606
2.17426865911624,18.7198247635026,48,0.010638995158734
-1.05750669936376,8.67899234301146,15,0.00269195102941221
-12.5105380093455,18.2919904496143,63,0.00391719032906155
4.27089535082579,18.4067980997022,37,0.00891043721372231
-2.84278711252476,18.2219361207716,74,0.00914925337457357
-6.10292005945589,15.3950142286213,100,0.00493697184083322
0.247988038777458,18.2584411746699,44,0.0102484047401309
-7.69658425174104,18.9125321806734,82,0.00673774062798809
1.29383081079095,6.27330627911087,29,0.00212082916269542
-0.821860749130806,6.58664545685922,11,0.00219642811433821
1.45043934836728,18.3767174202428,48,0.0102290423317652
-3.52413962541399,18.684511419115,47,0.00978159367134972
-0.192786437111957,15.2916009188695,100,0.00595472432739235
2.33919150209189,6.73576697646649,31,0.00219414569911406
1.6724850342355,18.459760559766,75,0.0100415779465809
-16.9904867712089,7.96963824683145,100,0.00144039648224628
0.602350371844127,18.5978701019344,41,0.010968066891873
-2.27873339821115,18.2116023176058,51,0.00958689573111202
-7.20679160801567,18.33656768693,32,0.00681393176043484
2.61816411334864,18.858717352121,39,0.0107873560687664
-13.6606600141916,18.3295720292828,84,0.00348714860499906
-2.29061766740249,18.6313885741954,43,0.0104560939454884
-5.22847966621645,18.2322977628591,55,0.00790798605610541
-17.3616559059307,15.4691717323369,100,0.00215104025330134
1.64889865208333,5.8690988470809,25,0.00204175823254323
-0.0931717219911107,6.37133010895958,43,0.00214120966954646
-4.06819730859316,18.5824227361934,71,0.00903770164001999
-4.01184706240036,18.3295651207402,65,0.00874518321878093
-0.976449249597005,6.97288912421174,9,0.00227750237608197
-4.05088089945218,18.2385050766183,38,0.00879448831680068
3.15558423028819,6.5008718888064,27,0.00212845726373501
-4.95235196343249,18.255641829627,44,0.00819039559398474
-12.7632067563603,18.5651350455379,76,0.00387870610839061
-17.997786087386,18.6121398651018,88,0.0023856835385129
-0.406060192851908,6.60516252881041,21,0.00219786724488806
4.68936619152436,-11.3207328125294,67,0.000639052028634514
0.952616082766095,18.2944007453764,43,0.0102424584974272
-1.30334755154569,18.5138661257156,52,0.0105071779169834
0.970506810159527,6.21821271294062,70,0.00209527935020901
-5.59685198569538,18.8442450272481,56,0.00839405917533806
-3.73903547410191,18.4070973880644,80,0.00890772428347112
1.14659976642243,18.6379963942145,41,0.0109428543426447
0.63739763649125,18.5954229854356,74,0.0105750095796313
2.4224416536883,18.6528826249159,48,0.010377427990171
3.07493422410298,18.9852311632073,43,0.0107020916679466
2.44142142002633,18.7741501097727,74,0.0103266671658871
0.306468481006743,5.90272873722524,19,0.00206155407310465
-1.28012615844374,18.5646234911364,48,0.0106647643422011
0.0904953187245457,18.9714019488788,41,0.0118993314797854
0.394448165381681,18.5789531940401,44,0.0109149620916406
-7.50609078680922,18.5782619070826,69,0.00665265163963114
2.02945336890664,6.38073386627752,20,0.00213478319830206
-7.54988506078881,18.5568434395159,70,0.00660181567325099
-5.54486349125073,18.4186724510109,98,0.00765646876605371
2.32715334684388,18.6876983385172,38,0.0106077800232591
-2.28603524289966,18.9944815368326,53,0.0111053995351526
-0.380202353612778,7.48453085224325,14,0.00239431690685828
-1.26589991339341,18.6465459271854,39,0.010951221899096
1.03345562906821,18.8589754784563,51,0.0113494855301621
0.602350371844127,18.5978701019344,41,0.010968066891873
4.46745973461934,18.6803761588283,42,0.00914516657697017
3.72500213511694,18.4113402570921,76,0.00895438196336375
-0.954748214505655,6.5726657496262,11,0.00219242590125149
0.926494555210573,18.7098944058736,42,0.011147471597949
0.757015969860631,6.35507859835719,36,0.00213863089211782
-0.0341025776392742,8.64272743617833,71,0.00265003697710759
-12.8292860514532,18.270661681652,83,0.00376264212413177
-1.1513049019527,6.20204276728475,22,0.00211172216463491
2.36627034087941,16.323348799309,100,0.00672843048227577
-1.13020247628667,8.45008225049918,46,0.00260707764437218
0.378879817344648,6.01472786185967,18,0.00208283667574958
-0.238393741502815,18.9347761710556,72,0.0113843983571556
9.62515133814552,16.1432692695402,100,0.00416918073618486
6.83869908593018,6.25835246463185,43,0.00192806998735497
-0.598452914070159,6.45526561105471,18,0.00216790557051682
-0.726363736100606,6.74053832492505,67,0.00220161285405325
-7.20187008181158,18.647710565695,70,0.00691290531470881
-10.2845246711484,18.5940176319427,82,0.00498122626836147
-3.96672536412772,18.3395491653976,30,0.00906631254010423
1.85670525093691,18.6945508275024,45,0.0107669900908507
6.84642283364812,5.9863699493994,45,0.00188400462442013
4.17105689365846,18.4918131721984,57,0.00894576045083855
-5.43237457404598,18.2685761768067,72,0.00771421538974794
1.02571180907175,6.60813560981973,21,0.00219419816392948
-0.640392484964301,7.24103144773777,72,0.00230572041115743
0.602350371844127,18.5978701019344,41,0.010968066891873
-9.70480142820465,8.75168951435917,100,0.00213101965555066
-10.8449430941352,18.4515435534102,85,0.00463916358094806
-2.31163467328796,18.4185283875106,46,0.00999906235226255
-0.988242063129532,7.77327988415532,22,0.00245336404226978
-3.20699427417283,18.2908731496658,69,0.0091176276573005
3.23887799085879,18.7239589839176,86,0.00966359503710312
4.76423351632743,18.6105028241594,42,0.0088202881514445
-1.50858684891151,18.5751367052558,63,0.0104483960611881
-1.63210965386891,18.9291059208837,43,0.0114093092081378
-5.15984522871984,18.8836719496373,42,0.00890300274187249
3.70692039635383,18.9009406505939,77,0.00974382060886171
-13.0846395603886,18.2436797289466,80,0.00366829546263963
-0.869217998420041,18.620394575658,75,0.0105764497538927
8.92213085708386,6.08651561934032,44,0.00178876842838881
-2.38484254783353,18.380941537856,45,0.00990447603449293
-4.98465841455291,18.7956326011672,39,0.00894190603670494
-16.1614852065963,10.4182750577227,100,0.00173806800038984
0.247246515110967,18.7369450583043,46,0.0112593832239486
7.3834753522347,6.14945554306193,44,0.00188246594795494
-0.78222148505068,6.25951614634037,11,0.00213107309718698
5.64335486379111,6.66611719076765,55,0.00205135987580097
1.2624243330971,18.691864944345,43,0.0110044805891103
-6.27119872593419,13.1642222095317,100,0.00377029634337682
-3.52600189324052,18.1813179510023,47,0.00894978737013174
3.6884444505167,18.851988486154,76,0.00968315188584033
-9.06166153593711,18.7300492658064,58,0.00580742767662483
-0.893810780485993,19.0103647378125,44,0.0118430349441534
0.338137084154337,6.55032845455217,82,0.00215810209876514
0.94883802774367,18.1525953963088,47,0.00992467259990104
-1.00338585533228,18.6557599411318,34,0.0111051182712268
-11.6683400834618,18.3125721959679,64,0.00426206343569558
2.43404884186079,18.2822166809426,36,0.00978634450211686
1.0792318357409,18.7925564699751,42,0.0112985815202302
-1.73401688014696,18.4021779581952,75,0.00991261150636625
8.00145012923109,6.19097586608961,13,0.00186628316994976
5.72249209893881,6.48030443814817,16,0.0020309016307748
4.44931901734994,5.8999799387482,29,0.00197669790665991
-2.38209119798048,18.831411356463,35,0.0109154710368154
-8.50421718545828,18.4863203278193,45,0.00603821893319897
2.82354974568621,18.2386588365368,49,0.00940137498887612
4.53000187773185,6.00531753945551,61,0.00197940203283127
-0.234453746682983,6.05525201012903,79,0.00206459329615367
-4.31988382053695,18.4455345976969,41,0.00890330634348072
-8.32944408904987,9.61162196314321,100,0.00242524754964685
-0.135916645446608,8.89771139192046,40,0.002743222849369
1.17037087127487,18.3650877336062,43,0.0103361742174141
0.160945304036294,19.0777553716821,53,0.0119937971300937
-0.941519696011413,8.15117093443461,45,0.00253309414864727
-3.66713292432032,18.8624017201346,38,0.0100879794951459
0.394448165381681,18.5789531940401,44,0.0109149620916406
0.640533348449955,6.16910755432032,22,0.0021094389188165
0.781009221167003,19.0145149669804,44,0.0118799491930555
-5.75449944908562,18.4187036815154,56,0.00776538136852693
2.4224416536883,18.6528826249159,48,0.010377427990171
-0.119933291622922,8.73871964852239,65,0.00268034711279811
-5.28304433921077,18.3550606656835,67,0.00794414172803828
5.07834641796825,18.4431482389226,86,0.00806510313409605
1.90263343912313,19.1438449929075,74,0.0113747634980832
-8.78917580764565,18.451370524928,90,0.00569164354021661
-1.09625382478171,18.4436093841444,80,0.0101220251659299
0.476805161838178,8.69083323710277,55,0.00267284860201669
4.88042271468248,18.2516719140502,39,0.00826697411480969
-0.976449249597005,6.97288912421174,9,0.00227750237608197
0.874752835619045,5.82690124352271,9,0.0020488524693179
0.879738807515428,18.3729030652099,44,0.0104054593725928
-4.4440454197487,18.5508351633883,86,0.00862558996183899
-2.82834092681704,18.7803991207296,41,0.0104753607194817
-10.387773126048,18.4793706464416,84,0.00487267164474017
3.46165408721026,6.58024961171436,38,0.00212963324425446
-0.695235790584038,6.35735473958007,10,0.0021514572010853
-10.8006193663419,6.064623775967,100,0.00166210509509958
-1.05155998397156,8.57801754038202,57,0.00263470396109105
6.77102308809795,5.97940606534997,53,0.00188372793179958
-1.51228158822954,18.2276204050721,42,0.00998058373451165
-9.91829906968223,18.4556684439735,29,0.00524553419896757
3.70264596076169,6.42465404303662,16,0.00210199898467405
5.25614621204799,5.94882836760113,40,0.00195052809026666
-4.93990996270989,18.2286614808726,69,0.00800062739937974
4.25361861974026,18.3118177086262,46,0.00871188989024628
4.08658735827599,18.2889542604875,64,0.00864829192287381
-11.6787948620934,-11.1926204265428,52,0.000599628614374517
0.995487690938874,18.7795634948644,44,0.0112652235186209
2.99886184513372,8.88156809813298,38,0.00267435485304905
-1.63210965386891,18.9291059208837,43,0.0114093092081378
-1.30653507645633,18.2302762086604,75,0.00972162933387423
2.72676074020543,18.8725023283425,44,0.0106913505360411
2.02945336890664,6.38073386627752,20,0.00213478319830206
7.69622291292061,6.01653556710969,50,0.00184391695279221
0.602350371844127,18.5978701019344,41,0.010968066891873
1.95327840386046,18.7850481657976,35,0.011038322238412
-22.9249018240346,18.5559058889285,82,0.00160968052176045
-7.06482809177314,18.9155106624484,45,0.00738886445218725
-1.39335181183244,18.5841679957756,54,0.0106037324631194
-5.77565857043457,18.2634371590591,39,0.0076759537847784
7.78072424329987,6.67051093498944,24,0.00194974535901314
-0.993021041400099,8.45873204862487,32,0.00262092804068905
2.34023474192659,18.9267513590532,79,0.0106266865067692
3.38750952117286,6.51485323787807,10,0.00213199492958152
7.47978061918588,5.92478730592113,18,0.00185234619220286
-13.7763869019566,18.5024642970412,74,0.00350046367950538
-9.91298605000262,18.483444425311,88,0.00510435176689627
-1.07208018338001,8.10227333251451,40,0.0025222783255386
-5.20115446634591,18.2319394107229,52,0.00794430369838163
-0.400801125297995,8.01167299137919,16,0.00252100766027383
0.247988038777458,18.2584411746699,44,0.0102484047401309
2.43404884186079,18.2822166809426,36,0.00978634450211686
-14.4207814787451,18.1687343761172,91,0.00320610934132962
-18.0184167729898,18.211911998386,94,0.00233604583745291
-5.06666527770447,18.88487695923,56,0.00886940660032636
-15.3780426174753,12.2241782907585,100,0.00203706330348458
1.01563703160114,18.8449461552941,78,0.0109858725559728
-0.982263192956722,8.44511401901712,26,0.00262156440313952
-1.05025652352841,8.44312369300733,39,0.00261119025878606
7.06638363708096,-11.5477737056575,56,0.000621309111417388
-0.0514093995840192,5.96368704448315,11,0.00207681610005698
-1.97359268115403,18.6046441203412,41,0.0105729975964769
-0.164591684946898,18.301542997109,49,0.0102863920704033
0.319094568607274,18.8451638912095,80,0.0110751325266929
-0.662082967023437,6.59737608223377,10,0.00220026319369982
-9.77462617896639,18.2994311994485,44,0.00520095384717742
-9.79281305652553,18.3211953431607,77,0.00511476094794217
3.07440189744222,6.20301221604695,89,0.00204778886355533
14.6701739200547,22.4488841641052,100,0.00393068546508586
0.646658637328833,6.27244462547855,9,0.00213540578175892
0.109942570186844,6.36683058613537,80,0.00212349147208472
5.5459416538075,18.4380910933422,75,0.0078153010400578
-3.27586048820576,18.1995215304295,66,0.00896210058629233
-0.370392963891158,18.1738154623342,46,0.0100518370278261
-0.906578080829139,7.85268105807017,39,0.00246326565784376
1.66414556791,8.20861137061929,55,0.00252910989171461
-1.15812958506256,18.7448301537927,34,0.0112674640401717
-4.41569147449342,18.3195928723351,39,0.00866984767919872
0.602350371844127,18.5978701019344,41,0.010968066891873
-2.95150655474543,19.1337189618065,39,0.0111505169911962
-0.821860749130806,6.58664545685922,11,0.00219642811433821
-0.833286340861642,7.65695240681428,39,0.00241716127334996
-0.622808263275354,18.6123089986372,44,0.010961121999006
-1.15813800202818,7.80423289501676,38,0.00244902568851582
12.605392671776,12.2552274037086,100,0.0024251570983804
-5.30069499834926,2.02165836837621,100,0.0014170686226918
-3.30566213683025,19.0265525731769,46,0.0105842473697481
9.25839921187451,6.39119765098772,87,0.00179765103429627
0.463915795025444,6.15508505913272,13,0.00211160599532483
4.47684504517643,18.3822782606038,77,0.00843926176514724
0.18867611404908,18.3857628510474,52,0.0104252256144759
-13.8992857808839,18.1786021356992,94,0.00336423337853514
-3.31371957747492,7.28919899672665,100,0.00225179360670039
-5.48867905072411,18.5099810043826,38,0.00817844963616673
-0.498173452747912,6.20367431637008,11,0.00212179464330644
3.40487609592558,18.6733860363246,43,0.00988037203743579
6.37775195802131,5.85074419491603,89,0.00186937391273235
-6.08503810341192,18.372234591202,61,0.00745879953776188
-0.585284238177027,18.195520103609,45,0.0100837336340215
-4.79255610240394,18.7482140360352,46,0.00896726204910506
-8.55384715689155,18.8463185525723,70,0.00615998591935742
4.08045412628875,18.509188570689,41,0.00916490381822896
-3.83881547470137,18.2181095700224,87,0.00852315922240815
-10.9199306522076,18.6134618887424,55,0.00473558377851678
8.81155488090244,5.95943685713207,41,0.00177830480556502
5.2164740741358,18.461301849909,38,0.00831453145803972
0.394448165381681,18.5789531940401,44,0.0109149620916406
-0.182038127438686,8.83647758443294,27,0.00273541260800735
-11.7861929687534,6.98991368831072,100,0.00171107643012668
-3.03674913487154,18.194330574146,66,0.00907672455091573
-0.761561131842586,18.6221424292204,89,0.0104447564351025
-0.803211495639416,19.0981556816284,46,0.0120572398934136
-6.28236000416175,18.5541797975966,59,0.00752500156102538
-0.106599716538155,18.8825359900898,41,0.0116782302319747
-10.8045295972484,18.4053120396829,29,0.00476296274762331
-9.97621030421895,18.5190168343557,74,0.00512550237299077
2.34900450017422,6.12773101581024,58,0.00206371066710767
-0.399588832641733,18.510185930663,78,0.0103839136270492
-0.334881465860056,18.8955425999857,43,0.0116690472328181
1.47245038874159,8.81013121810935,35,0.00270625964686811
-5.86725214094769,18.9881662856019,90,0.00812631481625678
-2.79730170107792,18.8009225776159,55,0.0103825802509638
-0.867716443898638,7.60695976356738,37,0.00240621982083646
-3.39048124210986,18.1883776206783,38,0.0091107417173068
-7.8384786319068,18.4274752396523,49,0.00640046760118036
3.19053542068202,18.6880783655942,43,0.0100474911927378
0.646268562459885,8.87825131171964,57,0.00272203383986429
7.69622291292061,6.01653556710969,50,0.00184391695279221
2.11039140130449,18.2656077401611,79,0.00949389661253082
0.798702952642378,18.6381728559745,51,0.0109046716568425
2.48686759967088,18.6850689488362,40,0.0104945506871693
-1.07154147227545,7.93344092978132,15,0.00249584312422208
-12.1767092805865,11.0969692876457,100,0.00227679508170432
4.8924917088058,6.12423507224685,15,0.00200467219344006
13.2047722809201,22.161768892745,100,0.00461359027915797
-2.96895767489276,18.3737586482651,67,0.0093960296422077
2.26293483920559,6.66342531672307,72,0.00216183944458606
-2.32605843276167,18.2981054838629,54,0.00969320910950109
16.070986198057,6.04928959073294,89,0.00134437767737036
1.04487950312797,6.02119097422249,10,0.00208341871289674
-1.67022323751698,18.3753640774949,50,0.010134545495152
0.825948756551402,18.4471054075659,34,0.0106827287489885
0.952616082766095,18.2944007453764,43,0.0102424584974272
1.58870691887773,18.4010591312102,72,0.00998802121699683
-4.02758336458253,18.3768393482233,31,0.00907637014652668
2.02945336890664,6.38073386627752,20,0.00213478319830206
-2.35808844188394,18.3200194463276,86,0.00942539139872864
-7.49591593747388,12.0510406969872,100,0.0031640360613181
-5.55910517176384,18.4438015750314,73,0.00782517207690911
-0.724990118867255,6.19392086839925,38,0.00210659743138855
2.21826151743052,18.2811609901693,75,0.00951479161035978
-17.5510662995491,18.6059013103608,81,0.0024832249217063
-0.304477673743092,18.2649437134264,46,0.0102372453280466
12.0324673351804,27.3869124580071,100,0.00645551733481942
0.826991646523847,6.15231152469485,34,0.00209968327579359
9.65116613419549,17.3673770841645,100,0.00469115592864748
1.10153646663308,18.5743541552443,66,0.010530688519323
-2.73880837514202,18.3654000537672,42,0.00973018517160083
-1.16926689241785,16.1639330312478,100,0.00675241895909178
1.03943619472853,18.1819799722836,86,0.00959053956851498
11.7197043900463,20.108854406396,100,0.00482271953964917
-7.77823215435915,4.38404565397721,100,0.00160880246448208
0.848833649751941,-11.0297647240373,49,0.000658314222851972
5.77266585022325,18.7493622010276,68,0.00806120643525042
-5.48867905072411,18.5099810043826,38,0.00817844963616673
-0.40372976344178,18.5823788934208,48,0.0108741533484083
-4.2436728922814,2.43724190886055,100,0.00148304313055025
-2.71050744173014,18.6500550957495,53,0.0101632523434032
0.373807993134674,19.1259016790284,52,0.0121143408824111
-11.1070042928816,18.7135473404774,90,0.00460942609348977
2.10268017281353,18.699541483173,79,0.0102924172591402
-4.87857818797264,18.786481284935,86,0.00864657766587691
5.22932944048863,18.3840130068423,42,0.00817897979824041
-1.11318851924743,6.60556018619735,20,0.00219325212652336
-0.622808263275354,18.6123089986372,44,0.010961121999006
1.34795995064288,18.8831495589122,79,0.0109620241917281
-9.38508288883361,18.5309920824461,81,0.00543082082830808
-9.84018353207907,18.7058009447586,61,0.00532900764074281
-10.858662488441,18.9614952221951,83,0.00484691191920069
-1.60798491327585,18.6751124895748,39,0.0108966319545438
-2.01832694646756,18.1541988119822,43,0.00966172280057861
4.62617513375974,5.91384017445299,31,0.00197203391929803
-6.94128884107337,18.6513889974597,38,0.00726196540247504
-0.804445528247334,18.7682352423102,88,0.0107491292861584
0.313035443022838,18.2391788342997,52,0.010123202344616
1.62940484201481,18.7626507621209,81,0.010588710145727
8.66823095641342,5.84197408868078,20,0.00177655515284651
3.51536338499324,6.16805953388193,24,0.00205654395865483
1.14659976642243,18.6379963942145,41,0.0109428543426447
-0.32920281401623,6.41823696864657,26,0.00215790899774169
-11.5947686586332,18.4572027656588,83,0.00430894262378361
0.783538312036793,8.84765525227115,60,0.00270979815571992
-0.456046450076686,7.69644452196778,38,0.00242996958877463
-10.6822010921152,18.9196982612061,91,0.00490048312079521
-4.41569147449342,18.3195928723351,39,0.00866984767919872
-0.81317628812047,6.14944313816752,22,0.00210453567767129
2.48686759967088,18.6850689488362,40,0.0104945506871693
-0.660491358580124,18.3348295073785,30,0.010516389989328
-7.59159498127951,18.2938847457943,62,0.00639928247109006
1.34505087914772,18.5031534741453,78,0.0101953567056371
3.06936787517951,18.9588388728656,43,0.0106524986205311
1.52974926676092,5.9153814898132,9,0.00205862277324115
-6.54945599669958,18.544218443228,78,0.00722526722450311
-2.43291701266057,-1.41475881361263,100,0.0011456014233735
-0.882384213126975,6.15719848922848,13,0.00210950510315151
-3.84980450671423,18.7777110977528,46,0.00972456010081777
3.63857596443991,6.46207185265767,15,0.00211164498953091
0.75142580708382,18.8043989517903,35,0.0114953186763455
0.602350371844127,18.5978701019344,41,0.010968066891873
2.6036391192463,8.09354751176937,49,0.0024792890403118
7.27226605788409,6.06313702379087,37,0.00187742670756012
2.4090742151519,18.6814158456516,74,0.0101653152480167
3.16517895390881,18.3993250902441,63,0.00936793499874137
0.0583760775554689,6.40425834536001,10,0.00216306813706598
1.19438131277187,18.6226121313833,43,0.0108719625745281
-13.0168038154852,10.3798438331941,100,0.00206212249082559
4.11309364032029,18.336575254429,37,0.00890966249865759
1.73964771551689,18.5925542735983,80,0.0102212041685921
2.43404884186079,18.2822166809426,36,0.00978634450211686
6.24057430452146,6.2745808869346,24,0.00196761527134121
-7.66528229747132,19.0205407288432,31,0.00709645437522138
-0.0535278964715032,-11.5659436369602,48,0.000640940864140543
-0.941052778824346,6.72532716725539,50,0.00220500742394623
-0.00851806383269782,6.26078610583078,13,0.00213319454369457
-6.08188599083857,18.4773268920674,39,0.0077013073916175
3.64788440667902,18.5788467433538,78,0.00924463848064077
-1.51193829346104,18.6370160866405,40,0.0108373845513285
-0.00851806383269782,6.26078610583078,13,0.00213319454369457
5.31683279096518,-10.8344914354506,28,0.000653881532913523
-4.31988382053695,18.4455345976969,41,0.00890330634348072
1.67402005156432,18.319325071253,72,0.00980859481629644
0.209396028344787,18.2680612818836,47,0.010238155547863
12.6811374261806,6.66024486215814,23,0.00163000709689625
0.394448165381681,18.5789531940401,44,0.0109149620916406
3.4509776402371,8.89757026704307,57,0.00264458714578907
2.12860274405649,18.275319084414,46,0.00981144866923461
2.11349984533165,18.3591786080361,46,0.00997436869652762
2.13683147660612,19.0632989745421,78,0.0110289162241014
-0.626164561944487,7.40525096622405,49,0.00235493375030377
-12.5105380093455,18.2919904496143,63,0.00391719032906155
-10.4998071396869,18.2993242084535,90,0.00472640937212465
-12.0642759481217,18.5931920916071,86,0.00415033531227595
-1.13273551993877,6.31819720609459,19,0.00213590051566487
-3.60584480998162,18.8691267257803,83,0.00970297809622943
-0.744388130208294,7.6125197799402,33,0.00241100026120546
-1.63210965386891,18.9291059208837,43,0.0114093092081378
0.995487690938874,18.7795634948644,44,0.0112652235186209
-0.817789771979211,6.16737276308761,28,0.00210529209225666
-3.87574980802545,18.3578286604662,52,0.00897366545594648
-12.4867930152081,18.9827501782809,72,0.00411779350205015
-9.65476827414493,18.2072083512707,56,0.00518360871827528
-25.1864859127744,4.8683934935117,62,0.000854605264504299
-2.79730170107792,18.8009225776159,55,0.0103825802509638
-2.21307919958136,18.5159642167801,35,0.010348451000135
14.0457789080879,12.8926193285674,100,0.00231887078304406
-9.28702462385709,12.1670640338987,100,0.0029200758949445
1.77807465089115,6.50210831745072,30,0.00215854572528909
2.25199153350912,18.3341265342461,69,0.00964894475509291
-0.439401413451875,6.5216071047809,27,0.00217782448879012
0.024481836032419,5.82497218411048,23,0.00204583274315553
-9.86467401673904,12.9492265546792,100,0.00303415721953118
0.883487132347177,18.4099837650004,42,0.0105033506271143
-9.67914732735658,18.3494961126652,85,0.00516635444121181
3.45338000320003,6.15109794939405,12,0.00206033944236372
-3.90526559359853,18.7801914764809,70,0.00946813108711386
5.10697989456132,-11.0671408237806,20,0.000647500334326531
1.13385482869153,6.43964753919328,56,0.00214283693004485
-12.7534749608775,19.0259845765006,91,0.00398861192222434
-4.73926596800488,18.1713421272454,72,0.00803498880870972
0.653213067833485,18.8849479657802,49,0.0115205475501268
0.995487690938874,18.7795634948644,44,0.0112652235186209
2.12860274405649,18.275319084414,46,0.00981144866923461
-0.505447276938885,5.97902263643298,18,0.00207560288845149
-0.828212191042795,7.64772094436118,12,0.00243088320483247
-9.24676446114079,18.8198691826275,50,0.0057753405500155
-0.929744864204516,18.4019745765479,45,0.0104446226107415
1.58486307394229,5.8671708931144,11,0.00204812403196749
3.74878238189475,6.10170237249247,28,0.00203569939865826
4.7311779064982,6.18134688931899,90,0.00199083171918953
-0.501821810779597,18.1982551858671,42,0.0101290421046522
2.43404884186079,18.2822166809426,36,0.00978634450211686
0.435444201038898,6.03170487340637,18,0.00208585795883644
-5.87927988993308,18.7334984429123,41,0.00813785390889598
-11.7394972395608,4.79436617667281,100,0.00147102680086
-4.59055087398269,18.738232523471,55,0.00903315068585944
-6.83623193013802,18.5016428777983,28,0.00724443205457727
-7.51999616657868,13.7895153136237,100,0.00378122356765528
2.91952635494497,6.33401688159807,39,0.00209755393309185
-0.812699743463832,7.58446422371879,15,0.0024142404761749
-1.21904195458639,6.96839678151075,30,0.00226296676889763
-17.669895303148,18.6692072231918,81,0.00246475651670297
-0.0656232811381013,18.308805976191,52,0.0102717682713426
-0.697085653367049,6.30886174713058,21,0.00213678978656117
-0.629836191564139,6.98252043248965,15,0.00227936619983038
1.8350517149717,6.08110575293408,9,0.0020853210011179
-18.2941453949472,3.77731712060028,100,0.00108153486658389
-2.15085800717785,18.3495814598462,45,0.00995037175826979
6.4834011300711,-9.1916133444383,100,0.000701828697627615
0.378879817344648,6.01472786185967,18,0.00208283667574958
1.95690275885078,5.96195264986067,46,0.00204537011735748
-0.486542206907627,8.64167458211798,26,0.00268003643844041
5.2164740741358,18.461301849909,38,0.00831453145803972
-7.79062227599709,18.9775921798682,38,0.00692933854996308
-0.346255890238966,6.34087245275864,15,0.00214754986165793
-4.79255610240394,18.7482140360352,46,0.00896726204910506
3.65434852587381,18.384830567454,47,0.00919476661342342
0.415825187125725,18.1740932340959,40,0.0101097268428913
-1.34292570434171,18.2593863455437,54,0.00997009354824786
-3.34768824345108,18.3546366949166,73,0.00910884172302256
-2.20584030598385,18.5557909091205,63,0.0101360218349994
-0.217927392552581,18.5031462899468,42,0.010784888503523
3.84599527247803,18.5038591134885,44,0.0092890895091664
2.11624315684143,19.0311359646359,74,0.0110192658403103
-3.33779884601053,18.5056981173602,58,0.00949054870359635
-6.10910337347614,18.2462295268475,82,0.00720095398376315
-3.56173576909015,13.991407741743,100,0.00465204795851988
0.838547530484543,6.59141765355351,55,0.00217623440348945
1.17037087127487,18.3650877336062,43,0.0103361742174141
-5.72570383776584,18.9210514068927,56,0.00838844677933241
-16.7205294330212,3.94445941026582,100,0.00116078052893565
-0.976449249597005,6.97288912421174,9,0.00227750237608197
3.95665813046514,6.34300329298591,50,0.00206359814684617
2.08815555261492,18.5336630107342,45,0.0103343143481866
-0.976449249597005,6.97288912421174,9,0.00227750237608197
-9.84018353207907,18.7058009447586,61,0.00532900764074281
-4.78031751287144,18.1566488377837,55,0.00810166337774199
0.883487132347177,18.4099837650004,42,0.0105033506271143
0.82385574324907,18.774232055141,41,0.0113310114728441
-0.538191808427591,18.1701083952811,75,0.00974577179761465
0.618044542615326,18.2276818068305,87,0.00972872985646645
-9.83961395411284,18.1708870026451,87,0.00499196638417379
-0.130379951237912,5.83674687672959,64,0.0020308852585143
-4.79255610240394,18.7482140360352,46,0.00896726204910506
-0.618983379096293,8.1690123020043,19,0.00255775536245511
0.320519304441121,16.1102530561618,100,0.00675268109874928
-0.8360801129792,18.4198250356117,44,0.010510796720556
0.394448165381681,18.5789531940401,44,0.0109149620916406
-8.58999610189448,18.6507463021268,82,0.00596224175296258
-0.933263085337235,8.42436106255367,72,0.00258555552870182
4.38713520646604,8.69456523872997,87,0.00252391909206074
12.2965169362002,6.26111195593358,58,0.00160135621535886
-4.67924283373673,18.8434925866666,39,0.0092578872566557
3.63857596443991,6.46207185265767,15,0.00211164498953091
-3.3841377811138,-10.7587007813973,42,0.000663106717747815
1.62016207568893,18.1561673256024,38,0.00985083099030326
-2.6869530327122,18.2477934630019,73,0.00927308393610522
-8.60435683776447,18.3507499553982,56,0.00584845608775363
1.24581399973736,18.5583359331366,66,0.0104605795604773
0.876785083160662,18.6143874916311,66,0.0106639418216772
6.22683711105326,6.3259162385381,14,0.00198080800184458
1.40121951628678,6.35078308486179,23,0.00213737329781836
2.4224416536883,18.6528826249159,48,0.010377427990171
-2.73880837514202,18.3654000537672,42,0.00973018517160083
1.66843740656649,5.82539939941531,22,0.0020347421336568
-10.2039409953732,18.5315756085921,78,0.00500340305584259
1.13385482869153,6.43964753919328,56,0.00214283693004485
-0.713344153672367,6.45229167711322,66,0.00214429958303947
0.155764327702964,18.7487552028705,47,0.0112787173114334
-15.7720250468596,18.2438189460872,86,0.00285101333956788
-1.36403568337164,10.4220450654547,100,0.00316568934339456
0.160945304036294,19.0777553716821,53,0.0119937971300937
-2.79730170107792,18.8009225776159,55,0.0103825802509638
-0.821105816892092,7.14490430063673,13,0.00231459190764439
4.22138348121056,18.1624370974944,75,0.00831339684045244
4.4326909016136,5.91442655536841,19,0.00198368544555191
-2.72700794228049,18.4274801081434,56,0.00971502735508793
-3.16747189842027,18.7348276120631,48,0.010098439193194
-11.6395872549685,18.3951472879031,49,0.00433110758986724
-11.1139470977377,18.7557033311926,91,0.00462039865332636
-3.34768824345108,18.3546366949166,73,0.00910884172302256
-1.07227455300153,18.3980730067682,44,0.0104164255717117
-3.16747189842027,18.7348276120631,48,0.010098439193194
-1.22784602255532,18.7029265008664,43,0.0110395704854281
-14.8932188209487,18.5076070223762,81,0.00314169676954416
-0.380313532203346,18.4170049186486,40,0.0106113028827411
-4.96032918421912,18.6517955520258,43,0.00872450718928896
22.3928506569869,6.49398005467713,73,0.00103498200161316
-0.744378335638776,18.8033025483422,41,0.011415361813754
-11.1496982887237,18.8104496753036,89,0.00462891170571594
-2.59957147977483,14.407089933016,100,0.00505886465133081
-0.542532428233031,6.6713784129274,18,0.0022123629703949
2.62687013337894,5.82732408852034,53,0.00200563700253445
-0.809534273600882,7.36514433413723,55,0.00234111929842584
-4.25411746804473,18.4398990790865,44,0.00891582655235585
5.34436549095246,18.5127541127263,50,0.00820631654157529
-1.23426947466127,7.84737425011186,12,0.00247415085363556
-5.81337822369055,18.9736470753185,42,0.00848280034807457
-1.63210965386891,18.9291059208837,43,0.0114093092081378
-0.704487154806873,9.09150754286522,100,0.00275709953555304
-9.91829906968223,18.4556684439735,29,0.00524553419896757
0.725922130185432,6.29784101619887,9,0.00213991648910252
1.04896160295822,18.640497273579,44,0.0109381260272221
-0.976449249597005,6.97288912421174,9,0.00227750237608197
-15.4805384686656,18.5855512463684,84,0.00298519586637914
-4.10447861419441,18.5900296282509,71,0.00902502576258166
4.13915184159092,6.3611055020323,100,0.0020396126261946
-1.22604797336035,6.72748817060728,26,0.00221415541076896
-6.55756825078815,18.7067508530316,41,0.00758683347624116
1.39135926278096,18.2854704249289,77,0.00978165752628027
-12.8534364101486,3.0624875256392,100,0.00126567900773478
0.931418764369794,18.410854294662,48,0.0104298940836263
-3.52413962541399,18.684511419115,47,0.00978159367134972
0.478495037365723,6.66226125359974,48,0.00219622633271751
2.08286822601022,18.8193449689556,74,0.0105937669620135
3.32381639145507,6.07310807477656,37,0.00203927121082967
-13.3275975978706,19.0196735878187,72,0.00378932735373129
-4.14880526532262,18.8336683682401,86,0.00924124242051392
0.00210843444649444,18.3589091277513,42,0.0104827059844289
5.56981000222193,18.78489745415,55,0.00834698758076715
-10.1564319076845,18.9056811329196,72,0.005223130359711
-6.71191883686775,18.162506325969,34,0.0069727126408864
-5.72570383776584,18.9210514068927,56,0.00838844677933241
-0.589850369137303,8.18870485771173,57,0.00253834554554054
-7.01247099189155,18.353729147477,39,0.00692672207148604
-7.01690156588306,18.6289180650627,99,0.00688356326734305
3.30628744135924,6.14869032522834,76,0.00203721102081957
-1.44157657197259,18.9719157959271,47,0.0115341381340767
-13.9157059731847,18.7317265788182,82,0.0034953325528414
1.44520072452114,6.23216098528578,26,0.00211234962091341
-0.781243117476283,7.22702041079052,19,0.0023300128423102
0.0178263809081083,-11.0396263727345,66,0.000657558001245973
-0.856022064416861,7.16619697308459,54,0.00229716913085281
2.66941139295147,6.14708276383063,29,0.00207283443787354
-1.54895542386847,18.3654961703627,71,0.00994338898227582
-0.882086121264667,8.14946803585828,23,0.00254755740241017
3.40058028839546,18.5667582000555,86,0.00930645856821703
5.56981000222193,18.78489745415,55,0.00834698758076715
0.0303700668186465,8.80389176774613,39,0.00271750737202387
12.7035925423558,17.0128572069967,100,0.00346057186244844
-2.76835235054792,18.7072733765686,42,0.010356276411244
-1.89471830409738,19.0317772517227,46,0.0114876118489007
-3.85053094253855,18.2478973141042,48,0.00885395593349161
-12.6946702262719,18.3614426357207,81,0.00384022038766763
-0.0593977739619587,6.25641287138366,53,0.00211428604013823
-6.08188599083857,18.4773268920674,39,0.0077013073916175
3.43916016396944,18.1513943930336,76,0.00872525415585148
-12.4867930152081,18.9827501782809,72,0.00411779350205015
-0.943635864627348,6.88039016545788,22,0.00225130239307243
-0.983815403393252,7.40713090882659,24,0.00236608380918002
3.75416098800694,-10.8933368225264,25,0.000658149501031867
-1.03493478308191,18.5445360675656,40,0.0107790001592763
-0.511314634861413,18.6208953151752,67,0.0107242821818588
-7.20679160801567,18.33656768693,32,0.00681393176043484
-2.8230187735295,6.86581766306475,100,0.00218017861140726
-5.17833479786719,18.5889991167114,32,0.00855501343506555
5.56981000222193,18.78489745415,55,0.00834698758076715
-0.169365187310351,18.414720540653,41,0.0106082410770999
0.377891660041833,6.111530321855,34,0.00209426939569333
-10.9444930940805,18.8897856329209,53,0.00484332224406152
3.32455043068902,18.1738726482826,77,0.00881067829153775
0.892052645787885,6.68399139338694,33,0.00220520569454695
-0.560369435246493,19.1219226158123,46,0.0121668402631293
2.39259004618739,6.13940835773401,23,0.00208002577706261
-5.90596804282715,18.2461313754213,47,0.00752266065247739
-11.1923554676009,18.2174925807232,93,0.00437691155117038
0.683267054036608,6.31865226243383,31,0.00213424049344316
1.14659976642243,18.6379963942145,41,0.0109428543426447
0.801999514782892,8.27204843283041,27,0.00257744936817402
-0.217927392552581,18.5031462899468,42,0.010784888503523
-1.63210965386891,18.9291059208837,43,0.0114093092081378
-0.622808263275354,18.6123089986372,44,0.010961121999006
-1.1288749517665,6.66238169305423,56,0.00218738556801107
0.312669162191044,18.5393693350763,44,0.0108347109390954
3.56096602289204,6.29998152534425,14,0.00208390135655562
3.58135868815951,18.7231263622284,38,0.00989783715854079
-4.51332617774709,16.9440116724289,100,0.00669089238375617
-0.900825090026469,7.59901117761743,26,0.00241039227628215
-6.0728006043843,18.5897322515198,61,0.00770174621426644
3.47080301627539,1.04269769256149,100,0.00134919727117408
12.2934669768203,13.0736023169664,100,0.00263362740278515
-0.88425682180143,7.62052910281377,45,0.0024046027016942
2.35634149154352,8.90357012190117,76,0.00267776022301195
-6.38263717368607,18.1942582828062,74,0.00701806044769024
-1.20385311045484,6.35609985561071,20,0.00214214809560432
0.0299005365037135,18.4637772787455,42,0.0107050197641483
-4.41569147449342,18.3195928723351,39,0.00866984767919872
4.85045988213831,5.91346269670031,19,0.00196837721908242
-5.18713148285088,18.7884391681873,79,0.00847292685159014
-15.3543233479862,11.6033943773617,100,0.00196088561904249
1.0466108377795,18.4283749750968,46,0.010462959069466
0.306468481006743,5.90272873722524,19,0.00206155407310465
-3.9720774269514,18.6032943044615,74,0.00910847361872819
1.33455726081166,18.316697033975,45,0.0101749829934672
6.37775195802131,5.85074419491603,89,0.00186937391273235
0.394448165381681,18.5789531940401,44,0.0109149620916406
1.31893285831762,18.4190017989267,86,0.00996051988259222
3.1514834871461,5.91344415918356,40,0.00201394291242779
-0.567860779256273,6.36023746126398,23,0.00214676858446712
-3.20882008236426,6.28914205584591,100,0.00205950845453203
5.78636711728165,19.3261061301636,44,0.00895804642559267
-1.00338585533228,18.6557599411318,34,0.0111051182712268
-2.79730170107792,18.8009225776159,55,0.0103825802509638
2.33159613369055,18.3220948259018,74,0.00954812995095532
-10.5588907316446,11.8928562714203,100,0.00265688707679468
2.12860274405649,18.275319084414,46,0.00981144866923461
0.0209425844429804,5.93235337224729,61,0.00204969560243663
-9.75760543428968,18.3765263852733,81,0.00515008438473068
-0.32588408024939,18.30076246115,69,0.010069494606671
-0.958079709721972,18.244656631357,88,0.00969955522559746
-7.0272905967161,18.9009074228947,68,0.00727954108135386
-3.33800353435449,18.6652805851447,88,0.00948686863805067
-0.829320439653383,8.22206168368422,13,0.00257343336676179
-6.30306926447025,18.6115304664103,57,0.00758226395419672
-0.358395206944518,12.1834631478978,100,0.00390896793665211
11.3718656239475,14.8471384302501,100,0.00324057661263819
-21.3510214132432,18.5490452293754,91,0.00180967958864803
-9.21646826124064,18.8397854429281,93,0.00566473215853589
-0.905713176247647,18.3065431855094,80,0.00989967015719386
3.2517619185789,6.19475101910913,27,0.00206777540609679
-4.59055087398269,18.738232523471,55,0.00903315068585944
-4.44277491570307,18.2661222456857,39,0.00857592831628825
-1.73353680555403,18.5112650493321,81,0.0100575187366097
0.111079296293515,6.53055285846306,18,0.00218478294852725
-0.0358902617531979,6.2948873572535,21,0.0021362515259524
-1.13563188701557,6.8505498163608,21,0.00224346240927236
1.34795995064288,18.8831495589122,79,0.0109620241917281
-14.8222956346293,7.12645491455113,100,0.00151622531389875
-12.9995452996718,18.5899730177778,62,0.00381613130195894
-1.2201983876125,7.68446264154566,60,0.0024067848756832
3.16477906487057,6.13488165258206,16,0.00206376501756431
0.628350866530504,6.1933108872808,34,0.00210883800220198
-1.13861952407536,18.3404923299398,80,0.00991650207546832
0.394448165381681,18.5789531940401,44,0.0109149620916406
-1.60862215952519,18.6739981249278,64,0.0106051285741234
-14.7047576668356,18.7514742570854,80,0.00324550296254509
-1.92675323288778,5.27612769729445,100,0.00190948840081988
0.646658637328833,6.27244462547855,9,0.00213540578175892
-0.493140933523147,6.33292471671548,12,0.00214678715435308
-1.89471830409738,19.0317772517227,46,0.0114876118489007
-20.3487813677134,3.61629795879142,100,0.000988346493409316
-6.08648070908063,18.8069030693717,61,0.00793479579226826
0.952950670209333,6.65439166227842,43,0.00219375531469085
-0.781220598088538,6.82638892996852,26,0.00223926007176077
4.90948127433268,5.98347944194452,33,0.00197261914739432
0.394448165381681,18.5789531940401,44,0.0109149620916406
10.755889416862,13.9485717526349,100,0.00313329955349982
5.23939982611183,18.7374147912954,87,0.00831279936258956
-1.06687968413327,6.13156538300918,15,0.00210208654274073
3.04354238802686,18.3912313431849,77,0.00929842163746567
-2.46453953352534,18.2122198104041,44,0.00957135052407852
2.48686759967088,18.6850689488362,40,0.0104945506871693
-0.819458780858638,18.6150809466908,42,0.0109572360283405
4.46350318186197,18.7612137494121,37,0.0093166896444093
-13.2816822603768,18.5065527166227,92,0.00364944619125012
-22.2214169269934,10.8147561577867,100,0.00125901004714111
-0.821860749130806,6.58664545685922,11,0.00219642811433821
0.646658637328833,6.27244462547855,9,0.00213540578175892
-2.95150655474543,19.1337189618065,39,0.0111505169911962
13.423269575291,-11.1503120815005,58,0.000585210776469595
-10.9199306522076,18.6134618887424,55,0.00473558377851678
-2.15509139959324,18.5296808377185,74,0.00999766692645823
-0.736207819919648,18.415269068464,39,0.0105742573951475
-4.68744065765905,18.7362948953332,56,0.00894953526144131
-5.32630569377603,18.5369672302644,63,0.00816243134351875
1.22268135277073,18.3895214638761,37,0.0104373977991873
5.43493217446926,18.6402376579304,58,0.00824631453137879
0.429653986601483,18.1585017305163,44,0.0100372733981277
-0.826410683810677,6.17608762790425,13,0.00211358577313945
4.54352447239723,5.85153815855266,38,0.00196166358876568
2.28588640937545,18.673113917071,46,0.0105099579085239
1.34795995064288,18.8831495589122,79,0.0109620241917281
-3.07803626591002,18.3557410022254,39,0.00955751224152585
-15.1760701441999,18.7584021702839,98,0.00308760443683142
-4.05088089945218,18.2385050766183,38,0.00879448831680068
-1.21607370611451,19.1201173264241,44,0.0120211109891702
-14.5906658706049,18.4578874557213,88,0.00321531529423509
-1.67022323751698,18.3753640774949,50,0.010134545495152
-2.05973345000231,2.23712672627113,100,0.00149089406872671
0.602350371844127,18.5978701019344,41,0.010968066891873
2.16576155040772,18.2918488199832,40,0.0098848719372233
-6.08188599083857,18.4773268920674,39,0.0077013073916175
-20.0082289925767,4.54816884674752,100,0.00104851553051895
0.389187834753869,18.3164763840624,41,0.0103890816326984
-3.50266089123057,-10.9540481398157,57,0.000655524542339386
-10.3026073253788,-3.06820356043577,100,0.000932248874322402
-4.07665360410554,18.1940960966051,51,0.00861521647868444
-0.760326958205432,18.7434063284427,73,0.0108797459871492
5.72511391108133,20.6476663031608,85,0.0106141885806341
-0.847791780938479,6.60078133563615,13,0.00219815644800944
-4.51336529316045,18.7045360581512,55,0.0090402331867437
-0.106599716538155,18.8825359900898,41,0.0116782302319747
0.125150522351648,6.25497057360614,16,0.00213061815131969
-4.30040324431364,18.6650696020342,42,0.00924522534610767
-0.244989758546786,18.2660033022413,41,0.0102955326605513
-0.307939997479358,6.35431617445942,47,0.0021356413429799
-8.20658675087979,8.86163454814074,100,0.00228188638999068
1.1997747912001,18.7100322189974,72,0.010719838693628
-4.65777408775785,6.72134291665193,100,0.00208990377826524
-5.47550236706084,18.7733558808983,42,0.00849822099813832
-12.3784821955212,18.3002530633349,83,0.00393948615882085
-4.29279256888488,18.8727745779948,42,0.00958575151508416
-0.127551738645185,18.8386523607516,42,0.0115574494568547
-3.18495308080733,18.1576986280934,65,0.00895226624146883
3.07405531066329,5.98202422208678,19,0.00203686433787938
-5.71109314806215,18.1676739688604,60,0.00749160611710116
0.847848166424129,18.3353475222824,43,0.0103452849332061
2.44716578485342,6.06180640842909,16,0.0020673768862423
-12.9788751315512,18.207949959365,38,0.00375462579660269
4.4951112536404,18.2878223848791,51,0.00848483941756798
3.78464055776956,18.6011849292527,78,0.00919345408871642
-20.8288164491999,13.7417658562602,100,0.00155496806271899
-0.66043619419364,5.89985244341183,20,0.00205914043624377
-0.380313532203346,18.4170049186486,40,0.0106113028827411
-4.59055087398269,18.738232523471,55,0.00903315068585944
-5.21245006126027,18.6383155578544,65,0.00835890512797407
0.433250010753863,18.5726797709857,73,0.0105634571377483
-0.64890448500923,18.1877234583409,39,0.0101215684120501
0.857488727187188,18.2484169138716,41,0.010189258023863
-3.02860308883924,18.2409321916487,51,0.0092830102373835
0.394448165381681,18.5789531940401,44,0.0109149620916406
-6.1146834252015,18.605649939911,61,0.00768898237094378
0.864281524405225,18.4168209837385,39,0.0105546519200435
-5.83169040214869,-11.2600391863621,92,0.000635088473176083
0.0904953187245457,18.9714019488788,41,0.0118993314797854
-1.08989208356257,7.01874196582101,10,0.00228572258092214
-7.5004315820669,9.19549346925381,100,0.00241215295266414
-0.354860809209185,7.43936660471526,33,0.00237315675353829
-5.25923872048377,18.8828860856457,92,0.00844798981957828
-0.220356671919375,6.2507927616829,15,0.00213010328524159
0.886049929344716,6.58290904182372,12,0.00219465119797805
-5.55731542579239,18.7761102371115,32,0.00850888145058801
-7.85868505354159,18.6627213511462,52,0.00655855552171043
-7.87754847917007,-10.9099487079158,34,0.00063712061646684
-2.93388784658211,18.9806526482922,89,0.0102802969984943
-3.79262349118912,18.4931989232302,54,0.00922125512906428
5.95749080799458,6.07115950004994,57,0.00193460972663979
-4.35912384621611,-11.4613401460845,90,0.000634852942878148
-9.14193372574508,13.0918245301224,100,0.00320912459094538
1.0289936363723,18.7605490537632,71,0.0108834858581313
0.818074966228292,18.9708941630444,35,0.0118894160183799
-2.72725476504417,18.545852287848,80,0.00969788303691621
3.83609106839916,18.1679777480509,78,0.00851964043694759
-0.461679907120349,6.13234116176883,17,0.00210544485232495
-6.24026663169563,18.8425106715731,41,0.00798216275081491
-0.351305215890333,5.88126529298545,32,0.00205194070522732
-3.32771233326651,18.5708854197145,36,0.00981496062900422
-7.35898840687109,-11.0842019083982,45,0.000634395868523753
0.111079296293515,6.53055285846306,18,0.00218478294852725
-5.8600535477557,18.2321216721473,63,0.00744817564948864
-0.854994282800904,18.3167967488969,80,0.00992769350762542
-1.24516594081864,18.5197734812166,52,0.0105358140256833
-24.9819912541589,16.0675452298452,94,0.00129283815458494
5.50555375799082,6.3848917207184,88,0.00199503047719401
0.876785083160662,18.6143874916311,66,0.0106639418216772
-2.21307919958136,18.5159642167801,35,0.010348451000135
1.69038741203976,5.95240458432324,78,0.00203435913354655
-3.73038788413993,18.7203050931884,64,0.00954440660833917
15.0338770226523,15.0779536758466,100,0.00250418976530169
1.42763093660967,6.13901553000372,31,0.00209251431948712
2.44716578485342,6.06180640842909,16,0.0020673768862423
-0.992072789708368,6.52458819509841,38,0.00216949040681112
-0.421708209641573,7.23050079373981,13,0.0023364155007324
2.72320239341062,18.3725180997241,78,0.0094204009674625
-8.6829361519921,7.10241253964896,100,0.00193714686161801
-1.96625566039843,18.2276798275765,71,0.0095536020956552
-9.37909625516951,18.2170448588555,63,0.00531409306641096
2.91643414487233,18.5656317121865,43,0.00998852890302071
0.49566415019169,8.35747744371547,30,0.00260048757708657
-0.108238537695505,18.9013238665179,41,0.0117243277537293
-0.31437208338599,6.05498162840423,43,0.00207981260492322
1.66154317166286,18.2765263993831,43,0.0100171915833519
-2.79730170107792,18.8009225776159,55,0.0103825802509638
2.10499112758241,5.83775692857417,20,0.00203101107171641
2.52534796301473,6.05448873048414,95,0.0020312297582848
-19.2612680271384,18.3545522662688,72,0.00213004124594095
-1.12492206025755,18.5089571609737,47,0.0106009054780811
5.11919450454683,6.30210049582984,27,0.00202182166008072
-2.98106931867904,18.4578068224915,40,0.00978356312122221
1.17037087127487,18.3650877336062,43,0.0103361742174141
9.0733118311714,-11.1675780397134,55,0.000620357287130659
-9.57970853605291,18.5479870835793,79,0.00533878839295228
-1.15092167349889,6.48227474196658,47,0.00215523932447793
-5.54959610398914,18.5524140410399,52,0.00809368088013772
0.533413492254992,18.5433218598761,66,0.0105698134227043
-0.741012418627626,8.41220573189191,14,0.0026238808374252
0.188125224543066,5.93686778423342,8,0.00207290703343698
-0.0960687727835673,18.3381246149048,46,0.0103950238953452
0.245240922896623,18.7458343763348,73,0.0109467055246642
0.602350371844127,18.5978701019344,41,0.010968066891873
-0.397175643602688,18.987987925901,79,0.0114033829078439
-0.568306443222037,8.58249288618227,38,0.0026546753286629
10.8433344092071,12.4797353910218,100,0.00274672864528632
-1.02828621569986,18.8604049930105,88,0.0108964121992595
-4.44291402498992,18.2517045402401,47,0.00849736250554453
3.07493422410298,18.9852311632073,43,0.0107020916679466
-4.37173801144783,18.2451198977752,90,0.00823161949934803
-0.379550341397754,18.5840036080121,80,0.0105139099473096
4.3847322691664,18.6257389004063,54,0.00902353777564896
4.50012296389993,18.2276033716017,48,0.00842041589526751
-1.79374986250617,18.7607014061729,88,0.0104451444753721
-9.73155568149272,15.8946304991243,100,0.00403545034305776
-0.345052737512629,6.12648353962612,21,0.00210296311213266
-0.280356930779575,18.3106424730577,87,0.00991144794129626
5.90480248928351,19.566921104549,51,0.00911881698025742
-5.15984522871984,18.8836719496373,42,0.00890300274187249
-9.81499797923574,19.0924480567835,69,0.00552404324912183
-1.20072788562715,7.90905733626836,12,0.0024898403852815
4.42185344175867,18.647366697123,74,0.00886924481714389
-1.63210965386891,18.9291059208837,43,0.0114093092081378
2.43404884186079,18.2822166809426,36,0.00978634450211686
-0.618491966138722,6.80298884792202,30,0.00223347249487588
-0.922142119705447,5.96589617258966,13,0.00207272254124968
-0.544588003107695,8.75957745156461,38,0.00270364586468473
2.43404884186079,18.2822166809426,36,0.00978634450211686
-0.209620949789179,6.13508006297082,18,0.00210627957193203
-0.94321736440556,6.6321407542881,20,0.00220038882162898
-0.239126504041077,6.34708673908453,11,0.00215092253614967
2.39225602107991,18.5597742371343,43,0.0102626125264349
-1.07529077869422,18.2624811859355,75,0.00983348569243211
-1.11002927000677,7.74283931088508,24,0.00244329693829071