-0.106599716538155,18.8825359900898,41,0.0116782302319747
-2.50509516942781,18.4681988484051,89,0.00958720889602952
-10.2693394123796,1.58671503305067,100,0.00124114016542702
-0.521282469151398,6.4346180869644,29,0.00215902198603568
4.14264307208037,-10.9938887516211,22,0.000653601951328968
-1.70409245806449,-5.74811675963476,100,0.000875355114659133
0.306468481006743,5.90272873722524,19,0.00206155407310465
-8.80550890441711,10.0177261131146,100,0.00246409309053282
-6.37252264937263,18.7227600832155,39,0.00775664111955749
-3.31371957747492,7.28919899672665,100,0.00225179360670039
1.0792318357409,18.7925564699751,42,0.0112985815202302
2.31962165912971,18.7536899699873,43,0.0106918669773127
0.939899361234823,18.1675369736485,73,0.00970381935224408
10.705023328552,6.01668919886186,99,0.00165952314181961
-1.24827807536717,7.4845919893768,69,0.00235534191027156
-2.29520369071703,2.21728023458303,100,0.00148636686130484
4.53000187773185,6.00531753945551,61,0.00197940203283127
-0.976449249597005,6.97288912421174,9,0.00227750237608197
-11.283879389052,13.4385082819918,100,0.00289651894733472
15.3073439021193,5.98753374404582,58,0.00138990309895188
0.319858214468003,5.88776565436923,8,0.00206340131640539
-13.0368849846516,9.25540972415126,100,0.00190100287065458
-1.0851233331814,6.65707415948681,26,0.00220121305355325
-7.06803317811097,18.1724161761267,87,0.00651757420613442
-7.01868039646263,18.1642388419672,83,0.00655760823360861
-5.6316113406911,18.3511491275659,73,0.00767119455737991
-2.36237015887611,18.6544680958472,74,0.0101372211189294
-8.93179124572332,18.2757436968489,43,0.00565420404770107
-0.821860749130806,6.58664545685922,11,0.00219642811433821
-4.67924283373673,18.8434925866666,39,0.0092578872566557
8.00145012923109,6.19097586608961,13,0.00186628316994976
-0.695235790584038,6.35735473958007,10,0.0021514572010853
1.7634439555665,6.15558772974114,31,0.00209097457805804
9.25839921187451,6.39119765098772,87,0.00179765103429627
3.19389171462682,6.5592214187407,18,0.00214280620889452
-0.0538619882271908,18.8883433162633,76,0.0112338471454963
-6.93174694030881,18.2311965628728,40,0.00686399411701108
1.29383081079095,6.27330627911087,29,0.00212082916269542
-8.11683651669812,18.9317317818657,59,0.00656081550558907
5.11919450454683,6.30210049582984,27,0.00202182166008072
2.82622404366731,-5.63317721904744,100,0.000877374427293791
-3.89234096017509,18.7099108703272,40,0.00963409092975116
6.31223659304665,14.7158782016469,100,0.00449345796346575
3.6332326874055,18.589659367084,81,0.00924526222822646
2.11349984533165,18.3591786080361,46,0.00997436869652762
-0.785617249871615,6.66311934872863,26,0.00220517701838913
1.62940484201481,18.7626507621209,81,0.010588710145727
-0.369644753896576,10.9577928498074,100,0.00338107387771913
-18.9237904502557,9.62433852427198,100,0.00142735763272499
2.4224416536883,18.6528826249159,48,0.010377427990171
-6.6651312670415,18.1915482513288,72,0.00684800966463457
-5.3245012819638,13.7239610228274,100,0.00419967169661503
0.995487690938874,18.7795634948644,44,0.0112652235186209
6.08326250394378,6.19841210384156,34,0.00195853771204344
1.44520072452114,6.23216098528578,26,0.00211234962091341
-10.012354495539,18.1766273833748,45,0.00501404227857948
-4.41569147449342,18.3195928723351,39,0.00866984767919872
0.111079296293515,6.53055285846306,18,0.00218478294852725
-17.4835017340215,-10.733673561229,100,0.000553666673014614
0.725922130185432,6.29784101619887,9,0.00213991648910252
-0.0913262180411084,6.09036201519319,57,0.00208081778059154
5.56981000222193,18.78489745415,55,0.00834698758076715
1.55506322069869,5.91831806973683,38,0.00204661845511835
-0.610125595426097,6.91129099438604,36,0.00225340210213223
3.34363542169379,5.89594639179883,48,0.00200258399502515
2.4224416536883,18.6528826249159,48,0.010377427990171
-1.17070200195613,6.72684395537584,34,0.00221075547540406
0.478495037365723,6.66226125359974,48,0.00219622633271751
-10.8972266639863,15.5610846780061,100,0.00357213961131739
2.81251309009182,-10.9505650614267,15,0.000659340465407649
5.2164740741358,18.461301849909,38,0.00831453145803972
-11.243174703952,18.4739081462577,69,0.0044977801788251
-3.73038788413993,18.7203050931884,64,0.00954440660833917
1.55506322069869,5.91831806973683,38,0.00204661845511835
2.44716578485342,6.06180640842909,16,0.0020673768862423
-5.07810695591227,-5.75482907839463,100,0.000857833055865025
-1.00338585533228,18.6557599411318,34,0.0111051182712268
-3.9343235990472,18.3712930392013,43,0.00903024921297076
-9.38508288883361,18.5309920824461,81,0.00543082082830808
-0.906578080829139,7.85268105807017,39,0.00246326565784376
-0.1413550099906,-11.3611353183166,48,0.000647620000912465
-1.74133990007389,0.216399208995395,100,0.00128671934725852
-4.66615609926889,-8.81023980241538,100,0.000726495439205206
1.55261554193659,6.36874463035941,67,0.00211891885424982
0.874752835619045,5.82690124352271,9,0.0020488524693179
-7.01868039646263,18.1642388419672,83,0.00655760823360861
3.91813146403155,5.8342380828715,43,0.00197729519082558
-20.6781602802613,13.9856433529006,100,0.00158725276748257
1.50841201292955,18.2007617602012,69,0.0096710803043388
-1.04093724455395,6.85491641156392,41,0.00223538614870827
4.47363637785956,18.6141438319829,75,0.00877784859400415
1.89655221039523,6.49959200056116,40,0.0021513809094381
-0.660491358580124,18.3348295073785,30,0.010516389989328
3.11308857339558,-11.0993542689836,66,0.000651414917340082
-19.7652535991143,18.6998954215108,91,0.00206357287500596
-4.99407319751583,18.2514701242721,41,0.00817732612516087
-0.542583158307079,5.95944431607824,24,0.00206917729452454
-6.76544447118907,18.7453968919227,33,0.00751479905531546
-8.87292503792419,18.2925537684164,58,0.00565005352453993
-1.11431778538803,8.12608343218315,48,0.00252258380059665
5.12231258378264,18.6174068969166,58,0.00844684069552611
11.8495798335889,-11.2333454874805,94,0.000595557205767705
-18.7073104138588,18.6268610679589,75,0.00225408934092605
1.69925736483134,5.84735206868848,14,0.0020416515257538
4.54363020073849,6.3143686610417,35,0.00204368141306898
14.1755461056094,19.3091408056772,100,0.00352130734567578
-1.63210965386891,18.9291059208837,43,0.0114093092081378
-9.06166153593711,18.7300492658064,58,0.00580742767662483
-24.808056615773,13.7546760003511,75,0.00121530944569758
5.22932944048863,18.3840130068423,42,0.00817897979824041
5.474670412153,-10.9699398765664,39,0.000648242232029691
-12.4867930152081,18.9827501782809,72,0.00411779350205015
-0.650731493309681,7.978380933715,16,0.00251097063497578
-1.63210965386891,18.9291059208837,43,0.0114093092081378
12.7362398053747,1.53273215505889,100,0.00115566467260399
0.394448165381681,18.5789531940401,44,0.0109149620916406
-8.49330851430695,8.72064053935226,100,0.00223015326741225
1.27249239343442,18.319540216664,78,0.00986541689972391
3.16477906487057,6.13488165258206,16,0.00206376501756431
2.27872009103301,-1.12179341966508,100,0.00116944081042191
-3.03028225116395,-11.3298906239072,27,0.000645691174642807
0.993653025422628,-11.4325803378556,84,0.000643379614542685
-3.13867539425533,18.5240964341304,62,0.00960296963834565
0.394448165381681,18.5789531940401,44,0.0109149620916406
-4.21103126653661,18.3758469324511,72,0.00863510242208275
-0.08236638613616,18.3563489455372,40,0.0104986151879347
-0.380202353612778,7.48453085224325,14,0.00239431690685828
1.07709541345493,18.2162252656224,87,0.00963508447787243
-19.5038213315994,15.2694800118933,100,0.00182198360456121
3.36772475695847,-11.1486648453674,15,0.000651247337376074
1.73964771551689,18.5925542735983,80,0.0102212041685921
-17.0956752182989,18.718289437963,72,0.00260446117025389
-0.538191808427591,18.1701083952811,75,0.00974577179761465
0.606277403197718,6.51661211516288,28,0.00217551379236851
-5.79641945306888,-10.7572397493101,90,0.000651514129349141
2.39413439361187,18.2168022397638,87,0.00922952162165751
-8.22169512789441,18.9042224765307,29,0.0065952029074054
-14.2914494226889,18.7202281442075,97,0.00335115537180971
-4.07203353308076,18.1645498790655,73,0.00841692928327063
-5.72570383776584,18.9210514068927,56,0.00838844677933241
-0.822758367631327,5.99720948636115,11,0.00208024081197937
-3.44080487825884,18.1886607490446,73,0.00880290636221987
-4.10447861419441,18.5900296282509,71,0.00902502576258166
1.17037087127487,18.3650877336062,43,0.0103361742174141
-6.95237187149138,18.5047616063859,72,0.00694540507121217
7.52655726239502,6.61282848209991,35,0.00195104867263505
2.87001733433908,6.11576639728382,31,0.00206141602643085
-0.854994282800904,18.3167967488969,80,0.00992769350762542
-1.31720775472757,18.1922252309198,71,0.00968750052557444
-9.19228943829879,18.2030014371021,71,0.00538269116663903
1.4802624273468,15.7513156470782,100,0.00629951648477832
5.83665398048703,11.3398761386776,100,0.00315534203150927
0.93648405871561,6.38396619690673,27,0.00214706949285134
-0.0514093995840192,5.96368704448315,11,0.00207681610005698
-8.34347638883479,18.558516933655,40,0.00620905224018005
1.95690275885078,5.96195264986067,46,0.00204537011735748
-1.14154233983469,-10.9903468641848,68,0.00065856647846292
7.64460083979307,6.35761626378446,92,0.00188342867277159
-7.87754847917007,-10.9099487079158,34,0.00063712061646684
-6.08188599083857,18.4773268920674,39,0.0077013073916175
3.41341081998158,19.1155753593799,87,0.0102313356931957
4.4326909016136,5.91442655536841,19,0.00198368544555191
2.72676074020543,18.8725023283425,44,0.0106913505360411
18.6881566307422,-2.62830926633747,100,0.000775939329332595
0.376569299563596,5.96607200677074,9,0.00207752923537479
-0.23932675375181,6.10997398620788,22,0.00209962438022042
-0.98200938373758,7.93615090610184,18,0.00249579241342433
0.393064282791727,5.9437243609164,64,0.0020498826420546
0.394448165381681,18.5789531940401,44,0.0109149620916406
4.76423351632743,18.6105028241594,42,0.0088202881514445
-0.568306443222037,8.58249288618227,38,0.0026546753286629
1.538802930509,6.7248007336046,53,0.00219626818884751
0.0330864862158717,18.613174085891,73,0.0106690861974017
-4.31988382053695,18.4455345976969,41,0.00890330634348072
0.319858214468003,5.88776565436923,8,0.00206340131640539
-0.607989893224046,6.73325611563188,21,0.00222339728522115
-0.804059888807779,6.63645199525615,100,0.00216431965847792
-2.84278711252476,18.2219361207716,74,0.00914925337457357
16.0506461175937,-11.4594716457169,94,0.00055125507033552
4.42185344175867,18.647366697123,74,0.00886924481714389
-0.488115524076695,8.71317597108929,43,0.00268754025152149
-1.1715311302429,7.87614763356725,31,0.00247049468098883
-12.0642759481217,18.5931920916071,86,0.00415033531227595
-24.638395166895,1.30203277701194,97,0.000755833458722312
0.627279411708417,6.3818057281045,33,0.00214610514780169
15.0814875702167,-11.045028425529,51,0.000572360813068628
-0.910758329941419,6.87280349712047,41,0.00224042056337528
-0.0514093995840192,5.96368704448315,11,0.00207681610005698
2.73454002391525,5.83138735752019,15,0.00201941493910594
0.306468481006743,5.90272873722524,19,0.00206155407310465
-0.0515487331146853,6.40955367986781,45,0.00214786632947929
0.306468481006743,5.90272873722524,19,0.00206155407310465
-0.238393741502815,18.9347761710556,72,0.0113843983571556
-1.533049787323,18.8976609207109,42,0.0113899217762387
11.3434676722708,-10.9607916748935,78,0.000608078293543324
-1.03493478308191,18.5445360675656,40,0.0107790001592763
-1.05750669936376,8.67899234301146,15,0.00269195102941221
-4.79255610240394,18.7482140360352,46,0.00896726204910506
-0.733259077352304,5.89081755111056,24,0.00205533815010546
0.746058363936165,6.23849763539254,42,0.00211326952631473
2.65549242147671,6.37284516515135,50,0.00210657779418911
0.400016737268876,8.29945865959227,34,0.0025831507398005
8.1290759297213,12.7199505913826,100,0.00327609566154944
0.725922130185432,6.29784101619887,9,0.00213991648910252
18.2297298104934,-10.7918260207897,67,0.000545261255135072
1.13750455706169,6.20917135320447,11,0.00211816474494044
-13.0004132017853,18.2189450887315,94,0.00367261551964473
-3.52413962541399,18.684511419115,47,0.00978159367134972
14.1811394410212,-10.7582034900908,57,0.00058852373869977
-0.450049275587135,6.1982215600671,22,0.0021160002845383
-0.00700165431286334,6.455028562424,13,0.00217189810965397
2.33919150209189,6.73576697646649,31,0.00219414569911406
-1.26589991339341,18.6465459271854,39,0.010951221899096
-1.19653751334146,7.67336596318009,25,0.00242493146400255
1.97622157387231,19.0122996411848,84,0.0109277528743759
0.851826475232486,18.3791027457796,37,0.010500070607167
0.857488727187188,18.2484169138716,41,0.010189258023863
-7.76422409582341,-10.73953126668,29,0.000643457832958557
-1.96853557169378,-10.8278845793168,54,0.000663559366432599
11.1294054638044,-10.9294362827652,48,0.000611889913126837
0.111079296293515,6.53055285846306,18,0.00218478294852725
-7.73390988961386,18.6896110301153,51,0.00666964300202635
-11.6402537472723,18.8447718196619,71,0.00444853454056793
-9.4179824371902,15.7589695428142,100,0.00408056270050353
-1.63210965386891,18.9291059208837,43,0.0114093092081378
-0.217927392552581,18.5031462899468,42,0.010784888503523
-0.217927392552581,18.5031462899468,42,0.010784888503523
0.394448165381681,18.5789531940401,44,0.0109149620916406
3.25041200040858,18.3079814022288,42,0.00935183839235314
1.30856860755152,6.24501238258284,23,0.00211786124508834
-8.16791022898006,7.25412845978251,100,0.00199493832784942
-0.133323516167283,8.843047361384,41,0.00272694848019996
8.67929981196278,-11.0286762983043,27,0.000628394704047255
-16.1083357148234,-1.41038471160885,100,0.000887936039242239
-0.921054097226599,7.5388373704065,17,0.00240125316469218
-0.803209795570743,7.74026742260996,13,0.00245278684111521
0.747643929744165,6.15489758395017,26,0.00210426600872751
-0.803209795570743,7.74026742260996,13,0.00245278684111521
2.91643414487233,18.5656317121865,43,0.00998852890302071
1.89240194527576,-10.7802477514739,59,0.000665094192018155
0.306468481006743,5.90272873722524,19,0.00206155407310465
-0.201869135490668,8.65535418063849,19,0.00269028638876571
10.4039103803529,5.84180252450052,30,0.00167504807358896
-3.10314360072925,14.4528313537865,100,0.00501716349337975
1.35750683111343,6.19563857530308,37,0.00210153823181352
0.0160814194340198,18.2735843926333,45,0.0102749243712495
-0.280356930779575,18.3106424730577,87,0.00991144794129626
4.1199164604187,6.3061323843523,15,0.00206612768469459
0.111079296293515,6.53055285846306,18,0.00218478294852725
8.62174216590647,5.86186680658619,15,0.00178346052582859
0.132754996278574,2.51118794962854,100,0.00153246477322584
1.34795995064288,18.8831495589122,79,0.0109620241917281
7.97635019951261,-11.3379727003574,90,0.000621079009314366
4.63450939066957,5.83414628797917,29,0.00195896997015255
-9.19644607730296,13.9852026214211,100,0.00348407878338047
0.915660265348295,6.2907811293503,13,0.00213527411356523
0.693833476204291,18.6204569271405,59,0.0107904666047596
-4.04299692832411,18.5295654968089,39,0.00923984753434249
3.56096602289204,6.29998152534425,14,0.00208390135655562
4.69711340942094,18.5254500355593,86,0.00842312600121791
-4.35885671364181,18.5352403642868,73,0.00875849844111713
-10.4661947206855,18.226418466765,73,0.00474897091302503
1.6724850342355,18.459760559766,75,0.0100415779465809
-7.09117551651098,-7.41066129586747,100,0.00076669919218202
18.9169098168817,2.44266497195796,100,0.000986335098670096
4.7431053419024,6.60421779053962,41,0.0020861197757998
8.15413389440544,0.9838943364325,100,0.00125190542903587
0.801999514782892,8.27204843283041,27,0.00257744936817402
-0.0929396797394718,6.4026491167102,28,0.00215433399507213
-0.936838653383425,7.94619107061775,44,0.0024826976358825
4.19550884127933,6.27411384146646,90,0.00202631318798018
2.43404884186079,18.2822166809426,36,0.00978634450211686
-3.87937549169852,18.4327057184386,66,0.00897281598991961
-10.4413720508495,18.0340216165962,100,0.00464042747265178
-0.984373935845278,6.0698457868462,46,0.00207755656204586
-12.3726133593689,18.3020508980873,84,0.00394072244653496
2.68338741456896,6.02767167620873,23,0.0020529408757206
-1.67022323751698,18.3753640774949,50,0.010134545495152
0.683267054036608,6.31865226243383,31,0.00213424049344316
-1.89471830409738,19.0317772517227,46,0.0114876118489007
3.51536338499324,6.16805953388193,24,0.00205654395865483
16.2885000916387,6.64399272056708,74,0.0013816207246091
-1.94112989723421,18.8810296532174,47,0.0111094956705743
2.91643414487233,18.5656317121865,43,0.00998852890302071
7.10173529329976,-10.9829049035972,59,0.00063852764395143
-0.886265507723438,6.80738883802687,33,0.00223089327455993
-8.04283544066728,18.2664875289484,39,0.00619013384164419
-1.06799454758091,8.16712143358058,32,0.00254388357267681
-0.826410683810677,6.17608762790425,13,0.00211358577313945
2.36602199415428,6.07280950834585,74,0.0020465191043148
-0.307109214694389,8.10314905137894,49,0.00252348540746953
0.024481836032419,5.82497218411048,23,0.00204583274315553
2.88245005764819,6.78087129942002,14,0.00219784429950505
-15.0715781517734,18.3492126389064,66,0.00307567339001338
-15.4739004991244,4.20405937753153,100,0.00123608692849695
6.06331051804461,6.03191762675725,38,0.00193056206663635
9.84148885235591,-11.1893635458204,30,0.00061511766989005
-0.380313532203346,18.4170049186486,40,0.0106113028827411
2.43404884186079,18.2822166809426,36,0.00978634450211686
-1.88782001170263,18.6116195337011,72,0.0102859213874906
-0.204868516716932,18.185309007915,44,0.0101044262552893
-7.18466670058096,-10.87105042262,39,0.000642421495928902
3.20948097391801,-11.7248312092859,86,0.000630175923917368
1.04896160295822,18.640497273579,44,0.0109381260272221
1.34795995064288,18.8831495589122,79,0.0109620241917281
-4.10447861419441,18.5900296282509,71,0.00902502576258166
0.226465521097033,19.0007614973941,70,0.0115660032040909
-20.5932600234738,18.2819285419502,78,0.00190640873273034
8.51731820454301,6.56889841441183,47,0.00188143448605317
0.225046380075111,6.11547190430358,13,0.00210468761899064
-10.4053680165157,5.90856939848778,100,0.00166641047307446
-5.0071246114781,-10.8135639460934,82,0.000653632182471786
-3.17646053414135,18.521813646645,52,0.00966971101293582
1.02571180907175,6.60813560981973,21,0.00219419816392948
12.4912402481416,6.11597296272244,74,0.00156939420900153
0.394448165381681,18.5789531940401,44,0.0109149620916406
-8.81985156126263,18.7891709817637,52,0.00601709549943157
5.35948813816876,6.20750763366832,32,0.00199318706812101
5.93777456007112,-10.8834713826436,20,0.000649641512341734
4.4021792851551,6.20791057448427,11,0.00203978946328364
0.537112589972015,18.4526302701588,41,0.0106596912865481
0.18867611404908,18.3857628510474,52,0.0104252256144759
2.1361818614033,18.2163026763132,43,0.0097286667919887
0.798702952642378,18.6381728559745,51,0.0109046716568425
9.06831719682585,6.00951845535673,33,0.00177326053172507
-0.753167367747266,-3.33375956031469,100,0.00101667758518311
-1.20606232818349,7.24114911824093,71,0.00230073580614376
-6.65644337243789,16.5681696225395,100,0.00550228787238506
-4.68744065765905,18.7362948953332,56,0.00894953526144131
-6.26028931092677,2.18158734286734,100,0.00141135976516759
7.47978061918588,5.92478730592113,18,0.00185234619220286
-0.922142119705447,5.96589617258966,13,0.00207272254124968
-8.6003734749101,-11.0508303279293,66,0.000626717082980786
1.95638635060546,6.39229561604071,68,0.00211665370301353
-0.0514093995840192,5.96368704448315,11,0.00207681610005698
3.97896958771806,18.7852505708019,47,0.00963328899935055
-2.58438678349011,18.3272078440595,57,0.00959897928418945
-1.80677559456187,18.6066967393836,42,0.0106369478280691
-0.816696295187102,6.5326092056929,44,0.00216977018114572
-1.22784602255532,18.7029265008664,43,0.0110395704854281
-0.0556591844032059,6.26978234637102,50,0.00211821791828763
5.35948813816876,6.20750763366832,32,0.00199318706812101
0.602350371844127,18.5978701019344,41,0.010968066891873
2.4090742151519,18.6814158456516,74,0.0101653152480167
-9.48025188631681,11.7463842612601,100,0.00278191499070621
5.56285438614972,6.13885530375878,37,0.00197079999060733
3.63857596443991,6.46207185265767,15,0.00211164498953091
15.4775374783423,6.50816409734515,29,0.00142998336194929
1.6352690785872,-0.546583386706316,100,0.00122013819513927
3.42785923856561,-11.2758802710227,89,0.000643805116892921
2.25058707576139,5.85628525533913,20,0.00203176052592439
10.495839194258,-11.2331474449118,82,0.000606930746691129
3.32381639145507,6.07310807477656,37,0.00203927121082967
-0.826410683810677,6.17608762790425,13,0.00211358577313945
9.2688887636163,-11.2029516802215,48,0.000618190615243325
-0.499317470245819,8.05479243773482,16,0.00253135388745213
6.87715825754074,6.52106335179082,66,0.00196001850741265
-1.07327309832184,7.63376623052979,17,0.002421873751583
7.3834753522347,6.14945554306193,44,0.00188246594795494
1.66843740656649,5.82539939941531,22,0.0020347421336568
-0.876582028081453,6.91335785580987,52,0.00224374731452621
6.18813529828335,5.91312156881425,28,0.00190944008770397
-1.30334755154569,18.5138661257156,52,0.0105071779169834
-7.35898840687109,-11.0842019083982,45,0.000634395868523753
-5.90617141848781,-11.5274645222775,29,0.000628870078002757
-7.01749447962585,18.7563364973096,81,0.00708489162994232
17.6141331938477,5.88951909100356,62,0.00124982030476292
4.4326909016136,5.91442655536841,19,0.00198368544555191
-0.00851806383269782,6.26078610583078,13,0.00213319454369457
-4.2436728922814,2.43724190886055,100,0.00148304313055025
-0.16715479052017,8.06343855598967,43,0.00251773926832361
-2.47725052717885,18.473401099434,38,0.0101041526190189
-0.675385086915395,6.2193409962292,65,0.00209983120879723
0.433542114059544,-5.76195519320698,100,0.000876725450507014
3.14747928867329,6.04974257474178,58,0.00203108015406283
3.54449800167929,18.905901053135,43,0.0102079892333498
0.532191903376997,5.85844007150571,11,0.00205589042449228
0.532191903376997,5.85844007150571,11,0.00205589042449228
1.47378503437904,6.0759458584488,97,0.0020518212136823
-10.858662488441,18.9614952221951,83,0.00484691191920069
-3.34768824345108,18.3546366949166,73,0.00910884172302256
-9.66792737025363,18.992888784516,58,0.00559229701882275
0.952616082766095,18.2944007453764,43,0.0102424584974272
-17.2435778569221,18.5178795448569,98,0.00252946649735728
-16.7399207979494,18.3783642308248,94,0.00262846075780779
2.43404884186079,18.2822166809426,36,0.00978634450211686
3.38634271348835,6.03705685529728,15,0.00204013724489998
-10.6144562899974,18.3579416121338,78,0.00472410557431275
1.59655115940003,18.1754088586267,47,0.00980726581370982
0.810595380173305,-10.9310459321294,31,0.000662471375169777
-0.480083299697095,0.0846893406741126,100,0.00127931549722737
0.378879817344648,6.01472786185967,18,0.00208283667574958
8.96165989357814,-1.96507076217545,100,0.00102059467307534
-6.24026663169563,18.8425106715731,41,0.00798216275081491
3.33954589046973,6.29891548052466,83,0.00206063533838579
-0.102083609168398,16.1573685589218,100,0.00680772599482563
-0.857690017736556,6.14196256095964,10,0.00210808817181356
-0.88425682180143,7.62052910281377,45,0.0024046027016942
-9.37909625516951,18.2170448588555,63,0.00531409306641096
-0.422013563207985,8.29941782879556,71,0.00255856676925315
-1.79374986250617,18.7607014061729,88,0.0104451444753721
0.544546348901835,18.9688053653912,73,0.0114190643694485
0.106218331364831,18.8287084463108,41,0.0115474998582087
-10.9199306522076,18.6134618887424,55,0.00473558377851678
0.319858214468003,5.88776565436923,8,0.00206340131640539
-6.14650316996773,2.35051838975751,100,0.00143168595524719
-0.749911887836674,6.22465007689258,30,0.00211593097897178
1.35959974380074,18.5693609177891,43,0.0107079623353367
3.47484556013629,18.5014050328265,76,0.00924368340623706
6.27526347712042,6.01696076913403,36,0.00191919320857235
-2.79730170107792,18.8009225776159,55,0.0103825802509638
-0.194152414462985,6.52005674609677,20,0.00218157408288126
9.94762125682608,5.89201993067098,50,0.00170212008982366
1.2669595778655,18.1523953288184,78,0.00956317619647595
0.024481836032419,5.82497218411048,23,0.00204583274315553
0.993899785147055,5.93782936062968,22,0.00206302719362013
-1.13020247628667,8.45008225049918,46,0.00260707764437218
5.64437899334624,6.42244633893825,97,0.00199170770027498
-24.605976915478,4.07790659844207,85,0.000847097362425167
9.67368430878997,-4.98174709246465,100,0.000845921569287662
-0.231499249051761,18.8398738822042,89,0.0109601578309137
2.66941139295147,6.14708276383063,29,0.00207283443787354
-0.366312760176071,8.67275297817426,55,0.00266856628416258
-2.87901859295987,2.8183564259385,100,0.00154958144619561
-9.84018353207907,18.7058009447586,61,0.00532900764074281
0.781009221167003,19.0145149669804,44,0.0118799491930555
-11.6395872549685,18.3951472879031,49,0.00433110758986724
1.7152210380122,6.72429532289215,39,0.00220015595758933
5.72249209893881,6.48030443814817,16,0.0020309016307748
-15.7720250468596,18.2438189460872,86,0.00285101333956788
-2.60875813199192,-11.0399346919631,12,0.000656940581902861
-0.0636236266465362,18.322438401888,69,0.0101221026226908
-16.6244625065534,18.3591381144722,87,0.00265771114914379
2.70182441573869,6.43764769753543,11,0.00213551563405424
0.627279411708417,6.3818057281045,33,0.00214610514780169
2.25937875488093,18.3522986599522,36,0.00999743294895444
-24.4737668152349,5.33661531747538,95,0.000895475779370186
-5.21245006126027,18.6383155578544,65,0.00835890512797407
-7.83247476624375,7.4467162920388,100,0.00204917501173007
4.83362031928318,5.81861841859583,84,0.00192848459941132
-0.569365840588872,6.09792478609266,36,0.00209000881302819
0.389446374997601,5.8764037524924,15,0.00205809802100021
-8.97319439755963,18.6623959005905,78,0.00575248641757482
-5.10691332287152,18.2446102794921,43,0.00808008663252447
-13.430317964559,18.5837970787548,54,0.00366642419388806
5.2164740741358,18.461301849909,38,0.00831453145803972
0.260708313618791,6.23910201886117,44,0.00211467619923623
-0.0959226667903188,18.2107394173015,47,0.0101273739274308
0.024481836032419,5.82497218411048,23,0.00204583274315553
-0.115634803660352,6.02691880522137,13,0.00208789290769127
0.722480593528747,18.2631014955134,75,0.00989636922572782
1.13385482869153,6.43964753919328,56,0.00214283693004485
-0.0440585470279186,6.14082655408665,20,0.00210668631470123
-0.803211495639416,19.0981556816284,46,0.0120572398934136
-0.736207819919648,18.415269068464,39,0.0105742573951475
-3.5257940476947,19.1031710125025,39,0.0106455547701734
6.83869908593018,6.25835246463185,43,0.00192806998735497
-0.59588681418533,5.82338129844794,50,0.00203283801689226
2.4224416536883,18.6528826249159,48,0.010377427990171
-0.13797584092438,6.20144017927496,99,0.00208347751924075
-2.79730170107792,18.8009225776159,55,0.0103825802509638
13.3133887780089,5.85288514384465,27,0.00150327379012831
2.02945336890664,6.38073386627752,20,0.00213478319830206
6.73867676158657,-10.8905009968284,21,0.000645116396027295
2.66941139295147,6.14708276383063,29,0.00207283443787354
-11.8993216868269,18.477549592524,62,0.00422389297774902
-11.5947686586332,18.4572027656588,83,0.00430894262378361
-1.97815316071097,-4.25844279133428,100,0.000956491277729266
3.85980721337521,6.34915499315776,39,0.00207267318402379
-8.89783386785386,18.8905413294857,42,0.00606995724992147
3.96972571243288,3.68954030086503,100,0.00163953083679749
-6.71160600766214,15.2746404886709,100,0.00468671565569199
0.508158933502244,6.4026389492179,36,0.0021494716696918
-5.04046931857009,18.9267530384512,42,0.00906352797300534
-0.897689209078349,6.31616204588619,65,0.00211686335876253
6.4348845468916,5.83709436062447,13,0.00189153362309595
3.07493422410298,18.9852311632073,43,0.0107020916679466
4.99955218954631,5.82378870398052,30,0.00194346236786848
2.91643414487233,18.5656317121865,43,0.00998852890302071
-13.001822131024,18.5053879832506,69,0.00378243056457527
-0.976449249597005,6.97288912421174,9,0.00227750237608197
-9.15871502502012,18.8439943229984,69,0.00578055719247936
-0.561882990787938,6.54639909863997,18,0.00218656195103897
-3.03674913487154,18.194330574146,66,0.00907672455091573
3.63155999241309,18.3728034327737,76,0.00895098277311491
-1.05750669936376,8.67899234301146,15,0.00269195102941221
11.7081124966921,-6.28415108615818,100,0.000761679397071958
6.37775195802131,5.85074419491603,89,0.00186937391273235
2.95050584081445,6.338529737903,19,0.00210644560929642
-0.900825090026469,7.59901117761743,26,0.00241039227628215
-2.79730170107792,18.8009225776159,55,0.0103825802509638
-0.544588003107695,8.75957745156461,38,0.00270364586468473
-7.90254313986831,16.0850940265919,100,0.00473869189228993
-8.26900883767511,9.00928827728909,100,0.00230588255709823
-6.94128884107337,18.6513889974597,38,0.00726196540247504
-16.0309491907762,5.88229481422964,100,0.00133339346584355
-9.14024341757342,18.2028330492251,74,0.00540161573030024
7.43267039734176,6.3275457722694,41,0.00190859584243744
-1.15092167349889,6.48227474196658,47,0.00215523932447793
-0.466792485539975,6.04968227813869,30,0.00208392916145623
4.07889869557642,6.27513926602652,10,0.00206399210897092
-1.91674115304571,4.63320652040032,100,0.00180793824084559
7.27226605788409,6.06313702379087,37,0.00187742670756012
-15.8098588904672,18.726793358504,84,0.00291808347806495
1.34795995064288,18.8831495589122,79,0.0109620241917281
-4.37173801144783,18.2451198977752,90,0.00823161949934803
-15.3856783038458,17.3317877099812,100,0.00279728594838113
-1.05683375786044,7.53545847991041,49,0.00238063995273655
-16.4294903911247,19.0261917855717,85,0.00279808600216693
3.30628744135924,6.14869032522834,76,0.00203721102081957
-0.939001021721143,6.65836493035801,77,0.00217843825514343
2.2823941927117,6.29704635232194,14,0.00211629198861648
2.68338741456896,6.02767167620873,23,0.0020529408757206
-12.5998561711741,18.4810973207631,73,0.00392242429054087
15.4358080165035,5.03068468532503,100,0.00129971536122516
-19.1694026669248,-8.39796917707729,100,0.000590982688799698
2.67751886996998,6.17284432608357,15,0.00208352245542972
-6.0728006043843,18.5897322515198,61,0.00770174621426644
7.98459050982784,-10.951319362628,61,0.000634047412489727
0.525332771680707,6.68680701400646,25,0.00221222587562086
-10.9543682721514,18.6994501430053,41,0.00478612025342537
1.55261554193659,6.36874463035941,67,0.00211891885424982
-3.73903547410191,18.4070973880644,80,0.00890772428347112
2.48686759967088,18.6850689488362,40,0.0104945506871693
-17.8866413380847,11.337890083825,100,0.00165877672106527
7.69622291292061,6.01653556710969,50,0.00184391695279221
-0.117807000724179,5.95834203194063,23,0.0020706007259591
-7.97509321233701,18.1552465058943,61,0.00606761731682356
2.10268017281353,18.699541483173,79,0.0102924172591402
6.06331051804461,6.03191762675725,38,0.00193056206663635
-2.73880837514202,18.3654000537672,42,0.00973018517160083
4.05607155988381,6.60967034794727,30,0.00211872599382543
-17.2811405640289,8.03212602730315,100,0.00142504462243195
11.294139788352,18.2430036888671,100,0.00434841252324871
0.247246515110967,18.7369450583043,46,0.0112593832239486
-15.6263731351763,18.3809970751496,93,0.00290478580229344
0.394448165381681,18.5789531940401,44,0.0109149620916406
-0.988242063129532,7.77327988415532,22,0.00245336404226978
5.07834641796825,18.4431482389226,86,0.00806510313409605
0.90598504065151,6.25366900754232,34,0.00211860479375441
3.70692039635383,18.9009406505939,77,0.00974382060886171
0.247988038777458,18.2584411746699,44,0.0102484047401309
2.52534796301473,6.05448873048414,95,0.0020312297582848
7.74327208905308,6.41516227997922,59,0.00189863805461165
-13.5679615994245,18.3793034182353,93,0.003518678270094
-4.59055087398269,18.738232523471,55,0.00903315068585944
0.621836298728145,-10.7359796124574,28,0.000669418998600276
2.33337751160524,6.37316056616367,17,0.00212864225499743
-2.7084264382786,18.5005166247803,79,0.00963765905514386
-1.63210965386891,18.9291059208837,43,0.0114093092081378
6.17099988446644,6.17500986963911,58,0.00194146621901357
-1.91580585752493,18.3053249941325,67,0.00974784825466052
-0.590826794486961,5.83484094129278,40,0.00203910121376415
6.87225466484461,5.8202373612963,22,0.00186520362001493
-0.281833215083492,5.94194066767698,10,0.00207281411590294
-1.0198186061676,6.54110251777541,27,0.00217775198756423
2.09878493591981,6.18208526926722,9,0.0020999956431451
-0.332950605190215,8.4612329396124,69,0.0026023235880778
1.17498506019374,6.23626822666884,10,0.00212349927503256
0.490084271999629,6.40261354187095,15,0.00215929718317986
0.646658637328833,6.27244462547855,9,0.00213540578175892
2.82354974568621,18.2386588365368,49,0.00940137498887612
-1.73034988732564,2.82571908567123,100,0.00156330068888609
-1.65287847139806,18.893222492262,92,0.0107229097081214
3.19920706804895,6.14590039041907,15,0.00206529762267843
0.602350371844127,18.5978701019344,41,0.010968066891873
2.03479092021929,6.02236048439731,35,0.0020598262217472
6.34580438507706,-11.2587195611185,37,0.000634823441435797
-4.71172009391005,18.1584355566122,69,0.00805505546633137
-4.43078408703688,18.2965088591283,48,0.00856040900502719
-0.597372944945257,6.04607865924536,18,0.00208786167172
-6.3774830006855,18.4313214386529,61,0.00732082785352433
2.35634149154352,8.90357012190117,76,0.00267776022301195
13.5531535600162,6.17711882628169,33,0.00151954923210632
-0.932310775655994,6.78055455537968,16,0.00223331273729499
-13.3094377971429,18.4860504355668,81,0.00364915246518127
-3.17385061587958,18.1978108929286,38,0.00924589484354855
-1.95653871642359,-0.636881018542353,100,0.00121084182404826
0.809043833199672,5.94132118753612,26,0.00206339489155049
-0.08236638613616,18.3563489455372,40,0.0104986151879347
-4.05088089945218,18.2385050766183,38,0.00879448831680068
2.03238375640881,6.63380775866732,20,0.00218514619974663
1.06600024035808,17.078811498015,100,0.00785558114573976
0.939899361234823,18.1675369736485,73,0.00970381935224408
7.81623458791033,-11.4661659378037,81,0.000618529008537874
-9.36533328402956,-11.3386514310901,94,0.000611754886092103
-12.8296005315753,18.5302859182009,82,0.00383485173098829
-0.397175643602688,18.987987925901,79,0.0114033829078439
0.125883491949279,18.316519756978,72,0.0100787706112516
1.95270465485623,2.86660160632816,100,0.00156630369051695
-0.636828371894336,18.4079853119609,45,0.0105074582885659
-0.984373935845278,6.0698457868462,46,0.00207755656204586
-8.85544827020628,18.7874372766606,72,0.00592228366163371
5.78346400915146,-10.8042984200017,47,0.000651859466274105
3.07023523559937,18.6052734726694,78,0.00963389445408996
8.62174216590647,5.86186680658619,15,0.00178346052582859
-1.96354648544401,10.8515398768313,100,0.00329939064545034
-10.9666398587761,18.6299459364638,94,0.00463424453111833
-12.5105380093455,18.2919904496143,63,0.00391719032906155
-11.9063622212258,-7.73985572141844,100,0.000704671887848394
-0.774652849363732,6.54931974904999,17,0.00218627571483274
2.43404884186079,18.2822166809426,36,0.00978634450211686
-0.982263192956722,8.44511401901712,26,0.00262156440313952
0.874752835619045,5.82690124352271,9,0.0020488524693179
1.10835843232798,6.53243163228012,78,0.00215124387218752
-2.21307919958136,18.5159642167801,35,0.010348451000135
-0.739637237838774,6.01988970921944,15,0.0020833660574261
2.10499112758241,5.83775692857417,20,0.00203101107171641
-13.0026312634626,-10.8425869261685,72,0.000596959573792143
-9.91829906968223,18.4556684439735,29,0.00524553419896757
2.75911861197899,5.85490239628861,85,0.00199484355457669
7.75839196302077,3.54704438884045,100,0.00151223348236033
-9.99930812393254,7.97457485537346,100,0.00197876216401924
-1.55119864538092,-10.9273043077689,93,0.000659127106051216
-0.0045693522554987,8.70918127778347,74,0.00266594002589071
3.45898101475287,5.91842169687523,14,0.00201713500268634
1.52974926676092,5.9153814898132,9,0.00205862277324115
-9.39803885421677,0.705627217752695,100,0.00119667151630265
1.85489977614768,6.51300568194258,24,0.00216221554864026
-0.0514093995840192,5.96368704448315,11,0.00207681610005698
3.07405531066329,5.98202422208678,19,0.00203686433787938
-5.8458283415056,-10.8748798433289,97,0.00064713971713334
2.44142142002633,18.7741501097727,74,0.0103266671658871
4.89658931951242,6.35664304812903,41,0.0020348981177064
-10.4154421460808,18.7944691431751,70,0.00503553344430684
-0.257608708466742,6.46364610208669,28,0.00216626422187071
0.848762414138362,18.3118366965098,79,0.00992926194406062
2.74901990600544,5.98888200790441,50,0.00203310724427927
-7.21016466626152,18.4006760786393,70,0.00669390353670665
0.915660265348295,6.2907811293503,13,0.00213527411356523
11.0758870531578,1.66902965436995,100,0.00122158600926644
-13.4910003473292,4.47608033586841,100,0.00135359468850122
-0.1134911793927,-11.225394669357,82,0.000650669497925787
6.28173736787278,6.42881316673581,52,0.00198055113634151
-1.63210965386891,18.9291059208837,43,0.0114093092081378
7.84040394946562,6.38087418943198,28,0.00189905076378001
-6.91355650918893,18.1744058204688,70,0.00668748982232579
0.654662375632689,16.7681728350539,100,0.0074970595867322
-1.08989208356257,7.01874196582101,10,0.00228572258092214
2.28588640937545,18.673113917071,46,0.0105099579085239
-1.02737294640641,8.12454774107592,73,0.0025075643872647
-5.0552129765637,18.3303532968465,53,0.00815701279027957
1.33097184706692,18.1577802249005,34,0.00997709903082218
-11.1070042928816,18.7135473404774,90,0.00460942609348977
-0.98200938373758,7.93615090610184,18,0.00249579241342433
2.66941139295147,6.14708276383063,29,0.00207283443787354
0.397478832172987,6.09895184934379,13,0.00210103459194798
-0.552329266837048,6.65381133180468,18,0.00220867119773104
-13.8557515911472,13.0953665611623,100,0.00238144145356881
-5.17491220692968,18.3510843564902,59,0.00806297531796605
-14.5316178317467,6.48112711149662,100,0.00147453921418757
3.45898101475287,5.91842169687523,14,0.00201713500268634
-11.8164495648401,18.8377464842234,78,0.00435250334379956
-0.392393032177713,6.04701945855112,77,0.00206349367958848
0.264184346509811,-11.0099642196902,33,0.000659961030928472
11.5908681020366,-11.3790170308644,75,0.000594337157113131
0.532251400385285,5.95795329834493,73,0.00204818110894008
2.21826151743052,18.2811609901693,75,0.00951479161035978
6.4348845468916,5.83709436062447,13,0.00189153362309595
-1.10049541533858,7.86216487684473,12,0.00247969793015476
-3.49419804549005,18.2242759810849,87,0.00871980879424511
4.089276145369,18.751235044175,77,0.00923230670175924
1.55506322069869,5.91831806973683,38,0.00204661845511835
-0.725242216069088,6.8890333818118,22,0.00225499354836327
-2.71050744173014,18.6500550957495,53,0.0101632523434032
-8.93330231401626,18.3924216467965,70,0.00563814399988476
-1.7679780519339,18.6050781167685,65,0.010394664553017
-4.21213248299148,2.68142674729982,100,0.00151133689648739
4.51579432706274,5.86734596740697,33,0.00196724696476689
-0.151149210422917,6.49001328470349,29,0.00217130277829311
5.2164740741358,18.461301849909,38,0.00831453145803972
-4.29279256888488,18.8727745779948,42,0.00958575151508416
-10.4998071396869,18.2993242084535,90,0.00472640937212465
-0.537108440728101,8.63514784718814,61,0.00265299882809534
16.6054473713892,21.1078250374767,100,0.00301886392576956
1.70950231288841,-11.476440852403,18,0.000643883410517941
2.44716578485342,6.06180640842909,16,0.0020673768862423
-13.9490009931415,18.3241625083843,88,0.00338717364523939
0.93648405871561,6.38396619690673,27,0.00214706949285134
1.24821268042154,6.05101857389236,30,0.00207837723266885
-0.573479950164148,8.43498576017709,65,0.00259666697682287
1.58486307394229,5.8671708931144,11,0.00204812403196749
-4.69764670529185,-11.2948367210343,65,0.000639931646458138
2.77468127435107,8.88690906909832,47,0.00267863172536164
-11.5511454402947,18.8398455119775,39,0.00455341385154791
4.32902494629575,6.46451390987753,14,0.00208828795812828
-12.1942846390999,4.23761311818292,100,0.00139532847610071
5.14911788871486,-10.3299164155325,100,0.000668905932102615
-22.6872790757594,-0.241110691434027,100,0.000760829162296939
-5.26994377375388,12.6104092883128,100,0.00370012670348677
-4.59055087398269,18.738232523471,55,0.00903315068585944
-0.74436664725829,6.79069169311216,26,0.00223202872017974
-8.22169512789441,18.9042224765307,29,0.0065952029074054
-16.8892686992529,18.3880499793756,64,0.0026158176410487
-1.12217466338054,6.63555677102963,10,0.00220414954560427
4.50012296389993,18.2276033716017,48,0.00842041589526751
-1.63210965386891,18.9291059208837,43,0.0114093092081378
0.378879817344648,6.01472786185967,18,0.00208283667574958
-1.05750669936376,8.67899234301146,15,0.00269195102941221
0.0522475170724532,18.2868645019916,39,0.0103656681451586
-12.4503091359454,18.839821232189,69,0.00409505243010683
-0.81317628812047,6.14944313816752,22,0.00210453567767129
0.160945304036294,19.0777553716821,53,0.0119937971300937
-11.0269233821069,9.55953881718574,100,0.00214387019714529
-7.59727414889145,18.7611193351996,59,0.00678740586529293
-6.80582208456989,18.8355401461862,73,0.00735383901896572
3.02391251405432,6.0733745877763,39,0.00204642963588372
-5.31135195162256,-3.23558539564198,100,0.000994902373494701
1.91628356342985,18.5732225669728,44,0.0104997534313213
7.78072424329987,6.67051093498944,24,0.00194974535901314
8.00183675055754,5.90860617461259,39,0.00181571133812914
-1.04432180559372,7.38964237413419,48,0.00234809171112467
-0.217927392552581,18.5031462899468,42,0.010784888503523
-0.976449249597005,6.97288912421174,9,0.00227750237608197
-7.69301400886627,18.8737893526019,46,0.00687485291324391
1.1752115134654,19.1032192330013,79,0.0115094697734673
1.03761864891777,6.12882846032603,74,0.00207608787560031
4.71019160172732,6.54492071426982,31,0.00208085281809701
-17.8639208765673,18.2171267401723,94,0.00236725887145047
4.4326909016136,5.91442655536841,19,0.00198368544555191
5.72249209893881,6.48030443814817,16,0.0020309016307748
-0.106599716538155,18.8825359900898,41,0.0116782302319747
7.4153703652901,-8.47998720251537,100,0.00072172296429021
1.36371101636784,5.82857922827056,57,0.00202470684357247
-0.338047632783887,6.15935437515596,31,0.0021048779351962
2.43404884186079,18.2822166809426,36,0.00978634450211686
-11.1139470977377,18.7557033311926,91,0.00462039865332636
1.2723715308903,-11.0713933859248,20,0.000657778093135536
0.339827536048441,5.93336210364269,54,0.00205234242493017
0.723929239467306,6.0469989528968,58,0.00207002479480867
1.14659976642243,18.6379963942145,41,0.0109428543426447
-12.7605610908122,11.2705415692645,100,0.00223222231512582
0.757015969860631,6.35507859835719,36,0.00213863089211782
-5.62552769226005,18.3987595738141,47,0.00788730508937499
0.493132410586493,8.76728364857392,40,0.00270472622718172
5.24139930392509,5.81804174356979,24,0.00193545014777501
9.00559588410695,6.09668509540823,20,0.00179308700225095
3.40487609592558,18.6733860363246,43,0.00988037203743579
2.32715334684388,18.6876983385172,38,0.0106077800232591
0.378879817344648,6.01472786185967,18,0.00208283667574958
0.423479848628111,6.02052855083519,25,0.00208074615734868
5.70721083647678,5.91737661332287,43,0.00192564614343662
-18.5797111870203,18.3863195035595,80,0.00225285755128268
1.07966914206291,18.6065913781447,79,0.0104585960428972
5.50555375799082,6.3848917207184,88,0.00199503047719401
-14.9628692255405,18.2078886100369,72,0.00307526180508071
2.66941139295147,6.14708276383063,29,0.00207283443787354
1.82893010912072,18.7084879861421,38,0.01089101849618
-11.4283231886255,18.6041932564174,93,0.0044150031082834
5.34470720590915,6.50929755408315,45,0.00204134890945529
7.9986703280466,-11.0106401242438,95,0.000630754665886826
-0.8360801129792,18.4198250356117,44,0.010510796720556
2.02945336890664,6.38073386627752,20,0.00213478319830206
-2.38484254783353,18.380941537856,45,0.00990447603449293
-0.781220598088538,6.82638892996852,26,0.00223926007176077
-0.822758367631327,5.99720948636115,11,0.00208024081197937
2.20198708836299,6.14236999712081,11,0.00208960704284696
-18.3981937142504,16.0287550178473,100,0.00204749310785246
-10.9413709280258,-11.1323040587471,50,0.000607492541360155
3.99995003115427,6.07297695104879,61,0.00200912616584558
1.28901799100966,6.1890564596305,19,0.00210905535956778
4.14063892226302,6.03351957258414,18,0.00201493029263537
12.8125135510301,6.01207265454888,93,0.00153433669417026
-0.183349158214408,8.59346571648098,86,0.00262617745801682
0.024481836032419,5.82497218411048,23,0.00204583274315553
-0.220356671919375,6.2507927616829,15,0.00213010328524159
-1.05750669936376,8.67899234301146,15,0.00269195102941221
-4.65967048869447,18.7013511526017,59,0.00889545056412312
-1.08031132744857,6.58734995562242,25,0.00218748357471715
2.80142782501758,18.3917733648849,41,0.00975422133577578
9.13558333741837,-11.1257206506215,49,0.000621410325012343
-7.20679160801567,18.33656768693,32,0.00681393176043484
-5.12610338085474,-11.4946471267907,33,0.000633166480933621
10.8363280783312,-11.3696605351099,51,0.000601507294191773
-0.803209795570743,7.74026742260996,13,0.00245278684111521
-0.354860809209185,7.43936660471526,33,0.00237315675353829
-4.64315997365326,1.56528476244134,100,0.00138324644733195
0.0209425844429804,5.93235337224729,61,0.00204969560243663
4.14941750624565,6.06825291056668,15,0.00202202892517049
3.69099407290711,5.8567347096317,24,0.00199552004291516
-10.8006193663419,6.064623775967,100,0.00166210509509958
2.76166730595235,18.5823004084791,86,0.00968743983588184
0.426131162371007,6.10639157364669,18,0.0021001527863759
0.627279411708417,6.3818057281045,33,0.00214610514780169
-2.01832694646756,18.1541988119822,43,0.00966172280057861
-0.544851032503194,6.57055735223001,38,0.00218202043696013
-4.44291402498992,18.2517045402401,47,0.00849736250554453
13.2702067009018,-11.4873701870364,63,0.000577496516835373
-3.16747189842027,18.7348276120631,48,0.010098439193194
2.11039140130449,18.2656077401611,79,0.00949389661253082
10.8952420518426,-11.0177341401556,97,0.000609428492679604
-1.54895542386847,18.3654961703627,71,0.00994338898227582
13.7524776028106,27.6973106776775,100,0.00502364853289321
-0.08236638613616,18.3563489455372,40,0.0104986151879347
-0.933263085337235,8.42436106255367,72,0.00258555552870182
-1.13528904550905,6.55824264567869,97,0.00214727102663949
-0.78222148505068,6.25951614634037,11,0.00213107309718698
1.95869559491677,-3.40960197824965,100,0.00100846832922257
4.4021792851551,6.20791057448427,11,0.00203978946328364
0.49566415019169,8.35747744371547,30,0.00260048757708657
11.2829479628078,6.02367675762173,16,0.00164830211456991
2.83998950061785,18.5014839505481,78,0.00958116013376855
24.4857752068794,-4.81301332423657,44,0.000597921359660876
-1.85644253327964,18.5198805070907,46,0.0103941139499895
-0.741012418627626,8.41220573189191,14,0.0026238808374252
-11.1046850542432,-2.35240085440018,100,0.000955950866650856
0.876785083160662,18.6143874916311,66,0.0106639418216772
-12.114986952098,18.3715812145092,69,0.00408784864883875
1.72807604738615,18.423159193502,45,0.0102601422045508
-2.23076750361124,-11.043993295969,34,0.000656644446316192
4.07889869557642,6.27513926602652,10,0.00206399210897092
0.576188671584007,-11.1849172510643,31,0.000654050016458713
5.20590250419461,18.1680399400092,86,0.00765928638422341
0.602350371844127,18.5978701019344,41,0.010968066891873
-4.70413127286995,18.2327589241054,75,0.0081144186795003
3.47484556013629,18.5014050328265,76,0.00924368340623706
-14.045824792147,-8.20733318304902,100,0.000663073753094877
-0.706343363631149,6.5925717231268,27,0.00219079170864932
-0.983815403393252,7.40713090882659,24,0.00236608380918002
-0.351305215890333,5.88126529298545,32,0.00205194070522732
-5.15984522871984,18.8836719496373,42,0.00890300274187249
1.2624243330971,18.691864944345,43,0.0110044805891103
4.12192794968467,5.85290882804166,51,0.00197099583328559
2.48686759967088,18.6850689488362,40,0.0104945506871693
0.727827130412535,8.85743948425759,57,0.00271536212335178
-0.282915918493993,18.4636187841571,59,0.0105046158832874
-0.741012418627626,8.41220573189191,14,0.0026238808374252
-11.539092290819,-5.92159119875125,100,0.00077861545235146
3.75416098800694,-10.8933368225264,25,0.000658149501031867
-7.5004315820669,9.19549346925381,100,0.00241215295266414
5.79132853275464,5.8757445317829,61,0.00190875279544404
5.20541166187702,-11.0837905118321,22,0.000646449024384125
-2.79730170107792,18.8009225776159,55,0.0103825802509638
-0.98200938373758,7.93615090610184,18,0.00249579241342433
0.850458954095958,18.2341686832444,67,0.00990052929271294
-1.63210965386891,18.9291059208837,43,0.0114093092081378
-7.81673571674708,18.2048809306523,71,0.0061596249879169
-1.38718448515319,-5.24589203960495,100,0.000902602679511164
-0.762792792691413,6.17822209679329,34,0.00210510390435673
-0.0713607486687404,6.1574212233317,85,0.00208133153583711
1.00921294663369,18.4114747782311,74,0.0101401887836871
5.01119469557279,6.43222430125121,16,0.00205416587131537
-0.695235790584038,6.35735473958007,10,0.0021514572010853
9.32306837662119,0.125560681681525,100,0.00115461671494891
-0.826410683810677,6.17608762790425,13,0.00211358577313945
1.61143732777752,6.66078197981278,10,0.00220285195421787
1.52974926676092,5.9153814898132,9,0.00205862277324115
1.2677816020285,-4.74208384339682,100,0.000930678661205338
15.4775374783423,6.50816409734515,29,0.00142998336194929
3.31522300599484,5.93465350552711,18,0.0020223808275891
-5.36792034541362,0.345254633792772,100,0.00125652642007492
-5.248981549994,19.1197748260791,77,0.00888368135029464
4.92892485420983,18.8098190150983,77,0.0087090227745148
-3.19713081525753,18.527890873156,40,0.00978148435883248
-3.84004842796868,-10.7983518117153,65,0.000659321524658905
6.20493106092962,5.84174745334339,26,0.0018980373043213
5.79072127670578,18.5892173311527,86,0.00775171092418478
0.303832417662313,8.745651501637,42,0.00269833522384651
-7.86928860757068,12.6120725187311,100,0.00328554310791148
-5.45315818684729,6.19144358133014,100,0.00196379613313062
5.2164740741358,18.461301849909,38,0.00831453145803972
0.896471467023015,-3.04529566822077,100,0.00103528419790622
-0.0832719956767802,8.86437497845888,70,0.00271158016904835
3.22621273322065,6.22330380166704,30,0.00207249784840815
0.319858214468003,5.88776565436923,8,0.00206340131640539
4.4326909016136,5.91442655536841,19,0.00198368544555191
0.0141765036190898,18.4470153554302,33,0.010772525050579
5.63844166807865,6.37603767968127,74,0.00199319618126461
3.07405531066329,5.98202422208678,19,0.00203686433787938
-1.02575289018,8.25808116011066,41,0.002561889884774
0.665217302662884,18.2560219728603,75,0.00989084014555228
8.220435912101,6.37674790740256,45,0.00187069814905457
2.43404884186079,18.2822166809426,36,0.00978634450211686
-15.7595333426284,18.231427957472,72,0.00286371229938068
-5.80377981671398,-11.1880140636406,37,0.000639742558655677
2.02945336890664,6.38073386627752,20,0.00213478319830206
-12.8008700244568,18.4762813328162,82,0.0038308210885481
2.21530502278158,-1.42467035259356,100,0.00114616744066461
1.04487950312797,6.02119097422249,10,0.00208341871289674
0.49566415019169,8.35747744371547,30,0.00260048757708657
2.44716578485342,6.06180640842909,16,0.0020673768862423
2.54705864030814,18.1793584423475,72,0.00923128708479005
2.4224416536883,18.6528826249159,48,0.010377427990171
-2.68575674406713,18.7154568520086,50,0.0103348959905211
-5.90170861931207,18.525476997141,56,0.00778285484581661
0.995487690938874,18.7795634948644,44,0.0112652235186209
-2.95150655474543,19.1337189618065,39,0.0111505169911962
6.83869908593018,6.25835246463185,43,0.00192806998735497
3.63857596443991,6.46207185265767,15,0.00211164498953091
2.45234637216156,6.16682023762237,31,0.00208046113744903
-1.05025652352841,8.44312369300733,39,0.00261119025878606
3.52937164580441,5.95818960891219,13,0.00202265006076555
-3.02625666025118,18.1909028230802,88,0.00889881059162884
-0.622808263275354,18.6123089986372,44,0.010961121999006
0.602350371844127,18.5978701019344,41,0.010968066891873
5.03861157498177,5.88485581443845,25,0.00195407959059343
1.02571180907175,6.60813560981973,21,0.00219419816392948
-6.24026663169563,18.8425106715731,41,0.00798216275081491
-18.2008667183312,-11.14309656984,53,0.000537978457488557
4.14264307208037,-10.9938887516211,22,0.000653601951328968
10.1191321926528,5.85482561664092,28,0.00169382453555437
2.77691160254065,5.9617923359905,11,0.00204374488672722
-14.6311043162211,18.7266734779782,79,0.00326466180806286
0.995487690938874,18.7795634948644,44,0.0112652235186209
-4.84502236136405,18.613481782146,76,0.0085109138856789
10.2979102660409,6.15576166527906,86,0.00170451961134057
-7.56353359772839,5.41457595674355,100,0.00175143440850352
-1.13563188701557,6.8505498163608,21,0.00224346240927236
5.2164740741358,18.461301849909,38,0.00831453145803972
1.77807465089115,6.50210831745072,30,0.00215854572528909
-24.3807543017551,5.71661162378639,73,0.000914907593485315
-2.79995533951094,16.8720441206573,100,0.00722005590128437
3.74878238189475,6.10170237249247,28,0.00203569939865826
1.62407294113344,5.95137700890151,91,0.00202971287196577
1.06164160887065,-10.9655369532144,32,0.000661049350403984
5.24139930392509,5.81804174356979,24,0.00193545014777501
-0.374682761785283,18.5171352343776,45,0.0107696414664183
6.70465903964366,5.90803900411132,25,0.0018857382163843
-0.607566455463157,5.87167208295988,21,0.00205376321784289
0.874752835619045,5.82690124352271,9,0.0020488524693179
-0.498173452747912,6.20367431637008,11,0.00212179464330644
-4.44291402498992,18.2517045402401,47,0.00849736250554453
-0.11345458442178,8.78429442134432,41,0.00271044165296742
-1.14918447834824,6.3139147642422,21,0.00213397674954263
1.34795995064288,18.8831495589122,79,0.0109620241917281
-3.33044512958118,-11.2876117615413,45,0.000645525647109111
-1.73401688014696,18.4021779581952,75,0.00991261150636625
-3.20364907575524,18.5445300652553,52,0.00969317491886889
-13.4740239593212,18.7599838007583,72,0.00366995225577181
-4.93990996270989,18.2286614808726,69,0.00800062739937974
-5.15984522871984,18.8836719496373,42,0.00890300274187249
2.12860274405649,18.275319084414,46,0.00981144866923461
-6.29816777503913,2.51500111209411,100,0.00144508769071756
0.159868294386678,6.3376499272125,51,0.00213087263612626
0.847848166424129,18.3353475222824,43,0.0103452849332061
-0.867716443898638,7.60695976356738,37,0.00240621982083646
-10.6328256295442,18.5309658666896,100,0.00473906883383029
2.17356850220536,5.91312053223077,19,0.00204396502537428
-9.91829906968223,18.4556684439735,29,0.00524553419896757
2.43404884186079,18.2822166809426,36,0.00978634450211686
-0.976449249597005,6.97288912421174,9,0.00227750237608197
-10.7574114150925,3.62023257390108,100,0.00140203464663205
4.88879843468861,5.88283343714044,25,0.00195943376925902
-1.25319421822286,-10.8017072200716,42,0.000666003036593624
-10.2640360549497,18.1657620351394,64,0.00483901453086812
-1.07154147227545,7.93344092978132,15,0.00249584312422208
0.291273830071422,5.87086165362274,53,0.00204138960824132
4.32902494629575,6.46451390987753,14,0.00208828795812828
-8.13265485788924,18.8545869916984,71,0.00644077590110994
-23.5280606059061,18.435313363845,76,0.00153629029025929
4.11436732329897,6.11818423591747,13,0.00203297771219746
3.93032811217938,18.2076219638822,38,0.00882295293314241
5.93777456007112,-10.8834713826436,20,0.000649641512341734
4.07889869557642,6.27513926602652,10,0.00206399210897092
-4.4044074037979,18.5837409131885,80,0.00874342050740834
1.69038741203976,5.95240458432324,78,0.00203435913354655
16.5810888653216,2.5425211997394,100,0.00108006428536536
-2.00436086567009,18.1988910610884,72,0.00948052707752931
6.13723797483472,-1.11376085446272,100,0.0011272468752353
-0.78222148505068,6.25951614634037,11,0.00213107309718698
-0.564937229417223,6.83996836729472,15,0.00224914277788922
-18.1763460394686,7.14349627818153,100,0.00129953623466454
-0.63240548495068,8.11931085586417,71,0.00251165069639348
-4.65777408775785,6.72134291665193,100,0.00208990377826524
-1.24722246812015,7.74717325765707,20,0.0024447960518099
-13.3275975978706,19.0196735878187,72,0.00378932735373129
-0.42302918370219,6.53438322287151,24,0.00218190739676105
-5.73984197559609,18.1603605318767,56,0.00748762112404791
-1.1513049019527,6.20204276728475,22,0.00211172216463491
-5.48867905072411,18.5099810043826,38,0.00817844963616673
-18.4356594989239,8.64516284298342,100,0.00139075868773442
-6.08188599083857,18.4773268920674,39,0.0077013073916175
-6.20476091172103,19.0091560573206,80,0.00795169358820646
9.08492625899764,-10.8731421619436,56,0.000629172626451573
0.94686983418317,-2.90116632646246,100,0.00104479785562194
1.83857728357769,-0.744043161187107,100,0.00120258312666901
-0.869427624936058,6.2706517031271,55,0.00211277920647466
-1.97359268115403,18.6046441203412,41,0.0105729975964769
4.54363020073849,6.3143686610417,35,0.00204368141306898
5.01894948756023,6.17096252412826,10,0.00200981268154087
0.0904953187245457,18.9714019488788,41,0.0118993314797854
-20.2665857193147,10.7685593088402,100,0.00140292774338828
-5.64925368352395,18.6360618673313,61,0.00806328709531542
-0.00851806383269782,6.26078610583078,13,0.00213319454369457
-1.60862215952519,18.6739981249278,64,0.0106051285741234
-0.764478939102388,6.15932410431266,16,0.00210944475466828
1.42763093660967,6.13901553000372,31,0.00209251431948712
-1.08565737060267,6.96309960512387,56,0.00225016554496174
-11.208268578028,17.996087971677,100,0.00429465775023667
-14.1722026515139,18.4889912035616,64,0.00337847772396646
1.57616535785018,18.5769176657698,45,0.0106288156478646
0.883487132347177,18.4099837650004,42,0.0105033506271143
-5.03709202698658,19.0163003860734,42,0.00919910919468808
4.92268579156592,6.7232533611953,75,0.00208573133675621
-9.91829906968223,18.4556684439735,29,0.00524553419896757
5.85921520374447,19.4523071360262,54,0.00898137845509232
-0.826410683810677,6.17608762790425,13,0.00211358577313945
-0.975000236813083,7.79844051444719,65,0.00243387538756042
2.07844775671543,18.474895298544,42,0.0102538512834766
3.45898101475287,5.91842169687523,14,0.00201713500268634