1.74986593864113,21.0540303902661,56,0.0178887434091508
1.0466108377795,18.4283749750968,46,0.010462959069466
-0.64890448500923,18.1877234583409,39,0.0101215684120501
-3.24741674553439,18.3731483518085,56,0.00933963912029909
-6.08702891539748,18.294412561543,41,0.00748631723374719
-6.37224382387502,18.6972216431897,75,0.0075196085416375
-6.02393408677027,18.6943584067322,52,0.00791011437940592
1.1459965442356,18.166840560774,90,0.00950610044372003
-1.05767895853472,6.29151949991558,21,0.00213050473092542
-0.432762039960358,18.7003435269272,47,0.0111470008047336
-8.1382357319602,9.12055431268793,100,0.00234002959855801
0.183550289231775,18.4715533598608,45,0.0106836663734962
-5.58603876590865,18.3582400842217,43,0.0078919275726259
-4.88689100198872,18.9457283747079,44,0.00920225846156874
-0.660491358580124,18.3348295073785,30,0.010516389989328
1.29529932166965,18.3722913305408,36,0.0103929721312179
-13.0755733703772,18.5812454269415,76,0.00376520427820573
4.90607111965826,18.7158350647657,39,0.00888818670792868
-0.849615892272445,7.67673565189367,40,0.00242109123919137
2.33442376996286,18.892474558898,39,0.0110266698786872
-15.9226119557235,18.3599078423225,95,0.00282321743364578
-2.15084456709297,18.6473155070479,52,0.0104576848929605
2.03299766180149,6.73930967852907,40,0.00219698211594656
0.397475386584618,6.22579213863342,45,0.00211125731828305
-1.68250651376962,18.1616828863702,36,0.00986065376818454
-0.672789894898385,7.9075685415376,30,0.00248445673156351
-1.30274142909432,19.0639482179307,34,0.01199178754868
-0.353068407773833,18.7256151338133,80,0.0108125383039264
-1.05052810822037,18.6865250600522,32,0.0111881945761268
1.16667638247377,18.6410878326104,47,0.010872725214665
-8.57560021149969,18.8636398850908,84,0.00610505640320054
2.70172227605878,6.11831221651452,11,0.00207445196739234
-1.61344912926906,18.2361773891374,45,0.0099358179242281
-1.63131201109062,18.9651508777056,89,0.0109167320160885
-2.71360535058905,18.299472859076,45,0.0095976691874599
2.50943866712187,18.3331633947921,79,0.00944443619807946
2.33442376996286,18.892474558898,39,0.0110266698786872
0.540647052209449,6.58948664987164,21,0.00219403805127076
-2.61559933980353,18.9478851303848,34,0.0110387241469388
-0.493599465903295,5.99878644513783,9,0.00208328415736088
4.15548334158702,18.2760114746853,42,0.00875307490476427
2.28668614615382,18.1543703656507,34,0.00963825979374932
-0.206815994412429,6.32410673600382,11,0.00214642158535244
2.09315704856619,18.8765317400671,80,0.0106374816460869
-6.64634638963301,18.222522868721,32,0.0070831709795593
2.51878481807043,18.1545648496037,51,0.0093839672229127
1.12645356185638,18.542137419252,59,0.0105356879511643
-0.501821810779597,18.1982551858671,42,0.0101290421046522
-0.594911034257681,6.02595737310981,52,0.00206938952242877
-2.74146679237587,18.6417825360222,49,0.0101713922419501
0.18791722267701,8.50753116546866,43,0.00263294950597789
-2.40933800308948,18.3195946519952,39,0.00983779206258234
0.106218331364831,18.8287084463108,41,0.0115474998582087
-1.20094065286873,8.04535064305009,75,0.00248439451584182
-0.645831751322034,5.83687052024128,57,0.0020321454406352
-2.51138781203117,18.4696594331023,39,0.0100695022604482
-19.4540982471301,18.9982204055693,84,0.0021444686509034
2.72676074020543,18.8725023283425,44,0.0106913505360411
-4.44389095788288,18.8322120252529,46,0.00936571303906901
0.562476646771853,18.8918587333158,90,0.0110293585402047
-1.63135153584387,18.1883878146956,48,0.00981101096887107
-0.679655065633515,18.8903017158307,44,0.0115954681683518
4.27089535082579,18.4067980997022,37,0.00891043721372231
0.432541353541011,18.8199598836139,41,0.0115031431546911
-0.276062040501093,18.8113410583166,59,0.0112640767306379
0.353222445354269,18.1745266579617,41,0.0101052870571817
4.08045412628875,18.509188570689,41,0.00916490381822896
-1.36360479064269,18.7991106666175,41,0.0112381611191079
-4.53050247437516,18.2259218166434,86,0.0081389661782154
-0.721072869661992,6.91611237641011,19,0.00226234547437072
2.12860274405649,18.275319084414,46,0.00981144866923461
-1.66871810451458,18.354827715263,39,0.0102085177548134
-0.886277538298453,18.5297917030632,42,0.0107570446554828
0.0763008300564042,5.90103880476154,17,0.00206246347144112
-4.38181049342262,18.5609095278312,39,0.00904999233165297
-4.93008916793551,18.2285321227439,46,0.00815688904678734
2.3239900574389,19.0849655020184,41,0.0114383954544292
-0.0731946413839756,6.12297460693813,21,0.00210279135831237
1.14659976642243,18.6379963942145,41,0.0109428543426447
20.0435535419303,26.8988449758855,100,0.00242382385420879
-0.350385355359976,6.39042295154859,30,0.00215044711913958
2.8706475940658,19.0761807963481,45,0.0110109350557482
-2.39524048658321,18.4028023903278,47,0.00992062126319957
-2.13253428175238,18.9204481521871,43,0.0111499643408025
-0.501821810779597,18.1982551858671,42,0.0101290421046522
-4.41569147449342,18.3195928723351,39,0.00866984767919872
-1.10938471980595,18.3488880217683,66,0.0100789693374802
1.0466108377795,18.4283749750968,46,0.010462959069466
-4.2279685577923,18.2647593044922,46,0.00866032719197483
-2.7313410934329,18.6468048164649,42,0.0102598868581155
-6.02440846799746,18.5738091479492,40,0.00784616554031351
-4.79255610240394,18.7482140360352,46,0.00896726204910506
3.32583265614582,18.1547161040575,29,0.00916769380557952
-0.615467184004751,18.6671040175291,41,0.0111220034668725
-2.19392766076564,18.9286998668972,74,0.0107637394033782
-5.29010123856935,18.4793249858351,33,0.0083190231673401
-2.74579034880348,18.6572319235992,90,0.0097891369743805
-1.23545850861154,7.54906299141254,35,0.00238941934388897
1.86886645413223,19.0031000379118,53,0.0113429830771269
4.0915441444036,18.3077195121722,41,0.00884866434309732
0.560443905073266,19.0617070254163,49,0.0119693388683057
-1.11185945036391,6.31847791237491,78,0.00210958159553709
2.90578220963316,18.4888065648038,46,0.00982443737866702
-2.73480984454161,18.3083719389245,43,0.00962117655988923
2.48314962827341,18.9817783550101,44,0.0110727506912643
-3.64195454154822,18.8452562920049,70,0.00976059994739977
-1.24704465005867,6.99473209907408,22,0.00227238075879252
-0.64890448500923,18.1877234583409,39,0.0101215684120501
-1.61344346656573,18.2313757983124,39,0.00998617886158714
-4.67297499265332,18.5672973303128,44,0.00880940947349805
-5.2913656022354,18.4479949258186,44,0.00820286317769015
0.180809635636598,18.3870949881153,45,0.0105049701919426
-3.25214363795902,18.8817244513636,46,0.0103402926665146
-1.44041813905099,18.1866199291806,40,0.00994292800489184
0.306995576790871,18.5370005331939,49,0.0107716127581807
-3.84230415258789,18.8437612758175,46,0.00984454021426686
3.71271213191021,18.1878805270994,48,0.00884493680134913
2.79343755030937,18.928488622555,74,0.010427717359543
1.14659976642243,18.6379963942145,41,0.0109428543426447
-1.06813608010316,8.41989917328909,56,0.00259331067039347
3.57571396036814,18.165523149611,53,0.00885006085404011
-0.0517124416097348,18.9971842177247,41,0.0119652886172321
-0.733351304333015,5.99062523852935,22,0.00207485061500637
-1.51085862765038,18.6040980595588,39,0.0107783833547108
2.43871962768705,20.5669375076365,61,0.0151159833390393
-0.803211495639416,19.0981556816284,46,0.0120572398934136
-10.0647421233707,18.2889728369312,37,0.00506256696276402
-10.3014627641331,11.9658687962126,100,0.00271235115192161
-0.432762039960358,18.7003435269272,47,0.0111470008047336
4.11309364032029,18.336575254429,37,0.00890966249865759
0.472862277381296,18.8310139827317,76,0.0110779383413498
10.9594389028938,15.1071825772518,100,0.00341674550287068
-4.41569147449342,18.3195928723351,39,0.00866984767919872
0.157297139032832,6.1412999477457,9,0.0021115696205667
-0.813978378652666,18.5743437434707,44,0.0108448196847128
-4.45599301992544,18.2564297238276,47,0.00849551463643319
1.54670075914528,6.77239831817976,13,0.00222552416901897
2.6072634136047,19.0978553815082,63,0.0110137425124795
-0.753578080767399,7.42756962133517,28,0.00237077165678547
-1.89230526566209,18.4177850258663,39,0.0102500414632797
-1.52427913278028,9.92869602831801,100,0.00299580220960678
4.1999205895768,6.77884212156494,34,0.00214404714528464
5.0882865153588,20.6399260898303,69,0.0116497199946853
-1.09048022565004,7.8470696126083,34,0.00246270847607429
-1.05494287431598,7.0964779283792,31,0.00229205832484422
-0.120137402523289,5.87903069428918,20,0.00205705119385113
0.0539025868377545,18.5649527323726,39,0.0109619333764497
0.162290669139166,18.1584401197782,45,0.0100430261853681
-1.40918458919156,18.1637400700178,43,0.00987866784699257
1.14659976642243,18.6379963942145,41,0.0109428543426447
0.329492615756167,18.5950767854111,41,0.0109924817747572
1.74986593864113,21.0540303902661,56,0.0178887434091508
0.513998527795333,18.1998316886865,76,0.00979355930246976
2.88843869969482,18.8064752450948,49,0.0104022805211004
-2.08519226387797,18.8706302650383,52,0.0109553006961459
2.61816411334864,18.858717352121,39,0.0107873560687664
8.33103732669825,25.6207534511664,100,0.0118586059645177
0.754964642361813,18.2685233768706,35,0.0103102240799862
-5.27130895163868,18.5361974437348,59,0.00822747063086051
0.421625619351098,18.7399615688033,43,0.0112896874985041
-0.106599716538155,18.8825359900898,41,0.0116782302319747
-9.74820105506744,18.2174179598617,83,0.00507018028088942
2.09113820166813,18.396454211204,78,0.00974127668688679
1.03442542122549,18.2272519300917,42,0.0101025734122159
-0.57295201919585,19.0062884587352,28,0.0121301272946125
0.46992649844356,18.2042110244788,40,0.0101646719933498
-0.505729649666939,18.9301519292463,45,0.0117067203145742
-3.72876043894022,3.47578176066878,100,0.00161693246218033
5.39806842190129,18.7067480159059,45,0.00844988623947535
1.65686471624045,12.5017585995564,100,0.00402317769918035
-2.47163919383818,18.7110531892061,45,0.0105002484964161
-0.97964708541471,18.533921673981,48,0.010676973910582
0.394448165381681,18.5789531940401,44,0.0109149620916406
-0.151380150863436,18.8855977634899,41,0.0116841548559035
2.43404884186079,18.2822166809426,36,0.00978634450211686
-11.4625116265227,18.508625314417,94,0.00436373484300733
5.7558335278489,18.9076306353697,47,0.00841059415152368
0.442162995614828,18.6804518258002,49,0.0110762453388474
-7.58735987988014,18.3861494475783,38,0.00657694440560888
-3.57243456249306,19.0468196884814,47,0.0104104616673128
-4.05088089945218,18.2385050766183,38,0.00879448831680068
-1.99701001355052,18.3857958625856,41,0.0101242231842755
-2.3990437555285,18.7628948912855,43,0.010668235042109
1.09041983720735,18.2213028387401,36,0.0101401035681526
-23.4771746104739,18.5445426473802,85,0.00154468901587683
-0.999513331597905,8.09982172865278,19,0.00253605309276517
-4.47552949199684,19.0041142887728,62,0.00947149395579341
1.66353430669147,18.8878105109286,74,0.0109181382267473
-0.585458270193713,18.5641610774763,62,0.0106519687665199
4.20338361784838,19.0617363755457,43,0.00997002778053591
2.58093712378478,18.6424849784823,38,0.0103790854706272
-0.0589750636562453,18.5822008898268,54,0.0108219291845814
-0.370392963891158,18.1738154623342,46,0.0100518370278261
1.06798226781929,5.87182182613758,65,0.00203220677382029
0.78988874249806,18.8658306426044,47,0.0114754914442936
0.158003771472312,18.6921895417575,56,0.0110378475553961
-8.01155381032382,18.2813239329292,74,0.00608788328133208
-5.21657596039407,18.2640762076672,44,0.00802444977984458
0.457671445937549,18.450955993775,45,0.0106197891161002
-0.365954620057403,6.78533594630819,27,0.0022324992812496
-6.1134043725997,18.4768207227252,53,0.00759636221413426
-4.51718273593443,19.0589929217305,78,0.00938214636678012
-1.61156787570125,18.186519149438,51,0.0097848992943049
-0.847249866057354,12.7833382282524,100,0.00420235470404673
-2.51346130290939,18.2782602297316,80,0.00934126277083085
-4.18043570807555,18.8914686087824,70,0.00944878032019257
-0.781848171990819,19.0506803579217,79,0.0114892117467798
-3.65442040617407,18.8756266030661,52,0.00998034267723673
0.389187834753869,18.3164763840624,41,0.0103890816326984
2.94710444961309,18.574809145899,48,0.00993797275247069
-2.63630876836543,18.6339174682744,49,0.0102150756859269
-1.26104901139995,19.0310967115025,49,0.0117147321857318
-4.25143716130429,12.1076448393494,100,0.00362120271687246
-2.13987694003072,18.5118185835438,41,0.0103101632357298
-1.10792881007989,18.3721227549996,36,0.0104414900212825
1.09041983720735,18.2213028387401,36,0.0101401035681526
-0.65966205422277,18.5425175041357,84,0.0103546826808251
-10.1755180622344,18.3387914565109,97,0.00488235684548669
0.978525918915187,18.7272997236,51,0.0110635011209894
-0.685954151434293,18.9224549917178,41,0.0117132592229356
-5.79742945980696,19.1157395848786,52,0.0086062303228559
-1.1990696326553,18.9634638944683,46,0.0116131728139594
-11.8134825948511,9.1768289342872,100,0.00200575077070751
2.89647601372744,18.5588204402103,52,0.00989849057805428
1.71242846604778,19.0343853434743,62,0.0113705233474523
-1.72944476122724,18.6591683899488,47,0.0107215584111157
-0.355348833314234,18.2169579047416,76,0.00983870736861036
-4.70009356982253,18.5767074517552,87,0.0084821710170863
-2.10544631027811,18.6798544010956,42,0.0106573827738134
0.180809635636598,18.3870949881153,45,0.0105049701919426
-0.991924135792771,6.28109559904605,9,0.0021345292945359
1.86249682641527,18.9425215113697,43,0.0113361515742816
3.19053542068202,18.6880783655942,43,0.0100474911927378
-0.98728683858316,18.7993338538098,43,0.0113258233736184
2.77168841681557,18.2593628259787,47,0.00948054029349186
-0.281570374388501,18.3715008812231,89,0.010006469190688
-2.37032333762043,18.3313031858898,70,0.00958413962323232
-0.685954151434293,18.9224549917178,41,0.0117132592229356
1.46957635216104,18.3155799511704,74,0.00984443824138983
-8.5209513319779,18.2139550344077,29,0.00590048349665365
0.224024897938968,18.493473396186,37,0.0108217895067374
-9.40603451493395,18.4091943008507,74,0.00537300551378431
-13.972923126388,18.8390462536872,80,0.0035020935706312
1.60730549520352,18.6666061298864,73,0.0104903565079271
-7.65445841168595,19.0159050505779,38,0.00706555947262941
-0.816914920037086,8.24863331470958,42,0.00256132763091387
4.38556058310637,19.029924400377,69,0.00952143352425193
-17.3837861831621,6.35325884352332,100,0.00129083876118818
1.19438131277187,18.6226121313833,43,0.0108719625745281
-0.251701651623676,6.75115816630544,42,0.00221827994602716
5.08826017200527,18.3573443658598,41,0.00824978071058112
0.343633202258763,18.4984624007303,39,0.0108013979790857
-1.34038111731616,18.4620505413347,35,0.0105772755122933
2.84422055921657,18.7846017922018,43,0.010451955653818
4.88705288642113,21.1484961926876,55,0.0132722529400627
4.46350318186197,18.7612137494121,37,0.0093166896444093
1.30820317639045,18.6150672912936,35,0.0109165506596198
-5.10519752893821,18.381661895338,55,0.00817485274705305
0.276337171045391,18.9957923600452,59,0.0116995396005133
-5.36040151287722,18.3257589234128,47,0.00798338033603516
-1.25136095510967,18.9712820799648,45,0.0116281529735324
4.23048769240563,18.264772788199,38,0.00871914628085475
-4.32867281952217,18.2503601740813,68,0.00841698852836819
-0.0383610898056169,18.549673177967,58,0.0107057590439608
-0.571428134315329,5.86234908625187,35,0.00204633497904467
-3.74089941985546,18.3044946432095,39,0.00908045590006751
-5.89607087513452,18.3930519040064,82,0.00749001072622895
-0.908079717799935,6.17491940803968,41,0.00210030235151665
3.18830093205669,18.2074672147867,51,0.0091439849417957
2.66426783716273,21.0809346537454,60,0.0166745019653666
-4.12514589150668,18.5244560238262,47,0.0091080251866262
-2.30865910867076,18.8230714777655,35,0.0109386067969921
-0.501821810779597,18.1982551858671,42,0.0101290421046522
4.48024408799967,18.1624381568087,44,0.00837238618872597
-7.20679160801567,18.33656768693,32,0.00681393176043484
2.52067770431954,18.8723207545942,35,0.0109223475764706
1.71242846604778,19.0343853434743,62,0.0113705233474523
-0.602420595863215,19.0682484008244,43,0.0120655588540387
-0.574290831044607,6.96083725850488,53,0.00225551631243909
-6.13144669236934,12.7152576024039,100,0.00361146041256851
-1.67062443722696,18.2585702836323,88,0.00955080918545302
-8.3189548565336,18.192049408716,72,0.005854829231511
0.394448165381681,18.5789531940401,44,0.0109149620916406
2.59642718832299,18.8613745532598,48,0.0107020621410078
-0.631611735598559,18.4582563189182,40,0.0106705415556884
-9.65089274990203,18.3082834844211,75,0.00518673199873948
2.78097249772858,18.6787206361416,43,0.0102824177067908
-2.83485114629421,18.1913352641425,54,0.00927262243106193
1.46323104664201,8.87374917913276,95,0.0026804858816293
0.412582592934161,18.5622781131741,42,0.0109001522667346
-6.63816373622249,18.4724202500556,49,0.00724553284141435
5.7558335278489,18.9076306353697,47,0.00841059415152368
-0.756798730722806,7.230583138915,42,0.00231858481317431
-4.226358308317,18.2549596399895,86,0.00835815388715855
-3.73866908748847,18.2698962223238,55,0.00889897909373194
3.32583265614582,18.1547161040575,29,0.00916769380557952
-2.24330519869072,18.9858664709549,53,0.0111104200177356
-2.39819824074644,18.3924400689876,78,0.00960518403818356
-3.68769262568029,18.824816744984,45,0.00993473421174228
-1.10415432556359,6.48550525808203,22,0.00216805923076481
-12.2461969124839,18.6240010997843,86,0.00408502000234695
-6.73354031845255,18.3860384414274,39,0.00714689363602349
1.06126246701929,6.51143000537038,21,0.00217418962062876
-1.05880356039582,6.79628854232456,26,0.0022303801289842
-2.63630876836543,18.6339174682744,49,0.0102150756859269
-2.45123929728452,18.7030749561454,34,0.0106177983630593
-5.32762417033246,18.3409615948278,64,0.00791639028707809
3.12514939786438,18.7181092744784,61,0.00996370018158334
-0.0885291099083482,18.3856085488734,43,0.0105267204123537
-0.821251840998684,18.3230297776445,78,0.00996484125792566
0.952616082766095,18.2944007453764,43,0.0102424584974272
-4.0836270265405,18.3578898519439,52,0.00884246843604237
0.69728334306941,18.2260740270741,56,0.0100176766260749
-0.421315156517691,18.7323053896816,37,0.0113486926965988
-9.81295567804432,18.4648266778033,49,0.00525244283530803
10.3869699578784,26.9490612193573,100,0.00843012470259614
-6.38382858981928,18.5579355750464,67,0.00741258733620953
-1.56356171574122,18.8991924290444,43,0.0113682940211652
-1.88355408499545,18.2810157151674,87,0.00953021818078767
9.2023110784123,29.3716969633572,100,0.0103236439420927
-0.0131768924077177,18.2915308057835,45,0.010311359064535
-14.7232633588603,18.2501473467356,98,0.00312648015002668
-0.764310633298676,18.8151578073267,45,0.0113873560914551
-4.23553553596852,19.0630422650627,56,0.00981845962470249
0.777310629571004,18.2351626964568,41,0.0101764086121128
3.22714408748289,18.2370072814753,41,0.0092557255655795
3.70815879521862,14.6894002924669,100,0.00507231366305964
-0.836893680377151,6.94379389599749,21,0.00226633638387158
0.832478258676582,18.5391117806464,37,0.0108464557223521
5.2868416156638,19.2726352096917,60,0.00920676758519037
-3.6600888701421,18.3484688172132,51,0.0091000103076853
-0.695694504711129,7.16153430989677,55,0.00229693577035325
-1.70230009662295,18.9612830431021,42,0.0114668400145042
2.80351911177548,18.9171144617108,45,0.0107229377638375
-0.130937183045959,5.95458103673055,27,0.00206816820711474
-0.880168205564474,6.48995497760247,11,0.00217624380870866
0.509402455859467,18.8987017129995,85,0.0111126536241659
-3.31165656956098,16.7880020784446,100,0.00696939034301933
-0.810854413455831,7.19086096607463,45,0.00230774798332689
-7.61303867656487,11.3050679036936,100,0.00292426688077671
-0.785314892596669,19.0980174890666,46,0.0120610219321788
4.47324761553721,18.1965294403216,51,0.00837398256750131
-8.39405300916289,18.5912282257469,85,0.00603157533629476
-1.19933940572202,18.2096946524157,88,0.00958849435303192
-1.61483901736228,18.1840969720041,43,0.00985651670080611
-3.55913756139565,18.9059763197673,93,0.00970260244737368
-0.592565496948383,7.62209632803254,75,0.00239020075769188
3.96365796058326,18.2896524751173,46,0.00886314315352923
1.5500052150055,18.5187427687299,36,0.0106173239779317
3.60197270968761,18.8093091632735,50,0.00991939671949404
-3.25214363795902,18.8817244513636,46,0.0103402926665146
-0.440860601543799,18.3424671963068,32,0.010537150974297
-4.02077730987044,18.9365145476213,48,0.00985044086788425
-1.21068245318614,18.1585481057658,45,0.00990011774290872
-4.36054704646527,18.5107784705386,80,0.00866953636124893
-3.16747189842027,18.7348276120631,48,0.010098439193194
1.61920844287511,13.3866764819814,100,0.00450378020270652
2.80009862003806,18.6899622558613,62,0.0100955228333621
-8.09117715773977,18.2624484826788,33,0.00618028388838359
0.247988038777458,18.2584411746699,44,0.0102484047401309
4.45878440771527,6.21945714156733,60,0.00201959679356207
4.8196641574559,18.266606087997,74,0.00809146062082603
1.51711999134963,18.2739989262983,45,0.0100383703511607
-0.816645281824718,7.96261724725472,18,0.00250423887398112
4.7790991017202,18.1563270289789,54,0.00810858750058997
1.44525578352647,19.0413353335647,69,0.011405056445996
-0.33384011029642,6.07919897537009,42,0.00208476845475371
-12.7207372596181,18.465959892508,84,0.00385520817285412
-1.15815809931337,18.9122058182908,76,0.011120073018455
-3.90127234428286,18.5006970755855,47,0.00922163751088964
3.82747306734584,18.8570333401027,49,0.00984967317765849
-2.71360535058905,18.299472859076,45,0.0095976691874599
1.71590676874926,18.8555815646077,57,0.0110317872290538
1.45358933439469,19.0311084822683,62,0.0114698537698733
-0.532174592491679,7.67656893033284,29,0.00243010421995752
-2.42708364882868,18.8462165651702,44,0.0108152180303649
-1.75880480113062,18.606610166717,55,0.0105105511606784
-3.88963974674273,19.0126555557452,53,0.010037372252114
-0.989405150101378,6.74938622650201,10,0.00222920650845221
-1.40567367540332,18.4686326337347,34,0.0105822444058463
-0.0589750636562453,18.5822008898268,54,0.0108219291845814
-7.42618764794338,13.8897057013399,100,0.00384241613408254
-1.60798491327585,18.6751124895748,39,0.0108966319545438
-0.660491358580124,18.3348295073785,30,0.010516389989328
-17.8704116040795,14.7826813706636,100,0.00199879594221634
-3.2071650555648,18.6008544761803,74,0.00958390800319122
-0.808678237243216,6.28053036138652,28,0.00212728930877516
1.65995621069792,19.0495818349549,53,0.0115471175034026
-1.71661758209276,18.6282072859103,41,0.0107300062427652
1.19438131277187,18.6226121313833,43,0.0108719625745281
-0.108238537695505,18.9013238665179,41,0.0117243277537293
1.31008520574651,18.2625784563915,38,0.0101469743317516
-1.24696961037633,7.83535405315586,62,0.00244085877726401
-3.63636800192698,18.1634703318926,58,0.00877417520413537
-0.388529793326768,19.1333329295661,73,0.011830365357716
4.17847518216068,18.3027479004217,36,0.00882415138617198
0.478104083723927,18.1657293636458,61,0.00987825761028732
0.602350371844127,18.5978701019344,41,0.010968066891873
-1.44662125310078,18.3919691307438,32,0.0104318010892168
-4.15878221487834,18.5462065909145,47,0.00911857668428276
-4.27713392213215,18.5898585442648,48,0.00909476940412518
-15.03239634247,18.213820721117,72,0.00305673399129146
-2.00990551295405,18.3319815458951,39,0.0100353841604997
-5.56636422294868,18.7759009609032,58,0.00831748028199057
5.4824893018017,18.2196417577223,42,0.00780524211147059
3.23294471852787,6.0501373976421,37,0.00203758553398713
-0.993569058424257,7.64904380649667,21,0.00242411970221014
0.128902183202627,18.3044318055436,54,0.0102406430725021
-1.00314164243074,8.61371940369621,40,0.00265693040554176
3.37591877709099,18.5258458766252,48,0.00959257165041211
-1.0074567159115,7.98263631707864,28,0.0025007834655354
-9.06635570876378,18.5719158733501,48,0.0057408158361898
-0.296742239109046,18.3434872070092,42,0.0104409643736983
0.602686636305556,18.3632651745252,90,0.00995265755728646
-3.30319568428282,18.6232989305156,48,0.00980857789612482
0.614303114816158,15.0662493465707,100,0.00574745524413792
-0.31662345955716,5.99851908810397,22,0.00207822596044219
1.54952236729167,18.5287227289669,42,0.0105710682385143
-4.45901947955036,19.0563785122719,55,0.00963304218128878
4.32987857351436,6.56514762699397,41,0.00209524033023188
-1.32639427756293,18.3589909899494,48,0.0102298674310018
-5.12059844909443,18.5305783050225,59,0.00832759444166159
-0.932471340879729,7.82952532299599,32,0.00246159950452279
18.6002919238058,26.0250684553444,100,0.00278362826836768
-2.17721195241374,18.2641157339582,43,0.00979950557986845
0.0512719038977799,6.25320483951888,32,0.00212309433890329
-3.17077655846287,18.3114839572075,32,0.00949193619420891
-0.658830762809367,8.76053344108225,34,0.00270583352034371
2.16203258844223,18.7330853256151,53,0.0106158785779879
2.59124618327143,18.2581124285791,45,0.00958446233167913
0.854871393841407,6.28040567970739,12,0.00213418003032533
-4.39510671992232,18.1897380469226,40,0.00849214846485126
-6.24451398747631,18.3498954449902,88,0.00718594460571336
-9.90832818445429,9.18274291542023,100,0.00218836547386053
1.83335628758504,18.9860989744093,59,0.0112447678949608
-3.75531869532044,18.6511654560417,41,0.00962197071746746
0.801764599487353,18.8288152699078,44,0.0114248571937229
0.324599466092562,18.9206115740962,47,0.0116766330750751
-9.81656159728371,18.1796346188242,72,0.00504542695006351
-0.626370310741898,18.1981609591616,38,0.0101555469944302
1.45088982711653,18.5029060251201,42,0.0105502574677725
3.62495420871448,18.5539197389914,44,0.00951769784725826
0.948551831657938,18.8677363711372,46,0.0114568821296522
-0.511254017966046,8.41677489367196,26,0.00261883323079901
0.373963413140459,8.46699983772095,48,0.00261795705827673
7.89363965794292,19.4469477892481,100,0.00699247942369926
0.818074966228292,18.9708941630444,35,0.0118894160183799
-3.20014715328032,18.2520410406099,46,0.00925252847925454
-0.865045790564804,6.40461466533663,14,0.00215779574953538
-4.22004450969094,18.5735754536431,90,0.00877420730076003
-2.06698322244406,18.7504814790417,71,0.0104954631952465
-0.501821810779597,18.1982551858671,42,0.0101290421046522
-1.29220631055066,18.1622982277926,53,0.00980967404098764
3.65029512461525,20.7863442258682,60,0.0142288507782464
1.2624243330971,18.691864944345,43,0.0110044805891103
0.627085497560092,18.4682047422777,34,0.0107615672874795
0.401803184802486,18.4501767418276,45,0.0106235517479984
1.74986593864113,21.0540303902661,56,0.0178887434091508
3.62427639918406,18.7529747734741,61,0.0096996223295758
1.54431571690055,18.6373316866378,35,0.0108853824637349
5.64396786635042,20.7528482958345,70,0.0110760927399387
5.64471403425756,18.4178992992727,65,0.00778571228303924
2.58240154615333,19.1214153031891,79,0.0108868114252325
1.11476130204506,18.2563378567105,44,0.0101216873316701
0.952616082766095,18.2944007453764,43,0.0102424584974272
-0.648428200221597,18.2737944818441,45,0.0102311744754693
2.88843869969482,18.8064752450948,49,0.0104022805211004
-8.36125070787234,12.7006518576203,100,0.00322940236390233
-4.32950168162692,18.63006604914,44,0.00915247370333753
-1.01169288344122,18.9908729107852,50,0.011681170459931
-2.82710037822238,18.2468226138186,48,0.00942236771490225
1.95322565215711,18.4954722667109,52,0.0102423738727696
-6.86040104585871,18.8094639985038,76,0.00727269159661278
3.57571396036814,18.165523149611,53,0.00885006085404011
0.695936942288314,18.5219259118155,43,0.0107633315283283
-0.397175643602688,18.987987925901,79,0.0114033829078439
-3.12476437488815,18.7641284667265,53,0.0101294017421804
-6.70008034811166,18.3863125653069,74,0.00699465801659438
-6.93479811927029,18.3791182436912,58,0.00691070783160428
4.46472920442572,18.6057363380023,79,0.00874132931439277
-24.932584775654,5.86132119204155,68,0.000898205455493961
-0.683699391407548,6.40920149230072,12,0.00216095567600633
-1.63210965386891,18.9291059208837,43,0.0114093092081378
1.04620035065819,6.47141305642082,37,0.00215880119856095
5.39806842190129,18.7067480159059,45,0.00844988623947535
-1.07734790217529,6.34421094513662,39,0.00213245062242067
-2.39676601004686,18.6935773942869,59,0.010352883501549
-4.00567309773829,18.4790261445536,39,0.00918507496325792
-5.04769028261266,18.2189271771652,34,0.00814635467305677
-0.147112603396339,18.578754545746,41,0.0109664635082524
1.17076663170383,18.7508721996838,73,0.010802586984752
0.203812589138947,18.8180079588642,45,0.0114649305089534
-8.01100670776661,18.4108752555823,54,0.00625834933790581
-4.3389169704265,18.6194139473977,47,0.00910427823814599
0.329492615756167,18.5950767854111,41,0.0109924817747572
-9.37350246092733,18.3731506511032,94,0.00531385465826214
-0.287925314737762,18.8782008626249,73,0.0112386299855932
-2.15352938676027,18.4877235599042,34,0.0103304269969822
7.74602167704032,21.7742746939747,100,0.00934990600739268
0.952616082766095,18.2944007453764,43,0.0102424584974272
2.89618643891416,18.7119816492171,51,0.0101939140724549
0.649651671132389,18.7318332068462,34,0.0113547282897848
-3.2437865777821,18.8412272246586,49,0.0102371219109731
-7.45434583263968,18.3283609771938,40,0.00660746495292285
10.8562001727731,19.7436772986784,100,0.00516387992401528
1.17037087127487,18.3650877336062,43,0.0103361742174141
3.79147423150321,18.5348934791054,50,0.00932340626606866
-7.93360770269745,18.4385270887949,59,0.00630793165582982
-3.52852484557737,18.8530027674156,54,0.0100100351395785
5.40883031526868,18.6140252785225,50,0.0082872460904224
-6.11986383150393,18.8736187591805,39,0.00812803325830913
-0.89184240775413,8.80927031279275,70,0.00269053153628998
1.44665120404335,18.9922289156958,69,0.0112926617173584
-0.0731946413839756,6.12297460693813,21,0.00210279135831237
0.502142933333373,19.1045328671959,44,0.012160569169233
0.398822050272687,18.5825802925514,45,0.0109106573283599
-0.660491358580124,18.3348295073785,30,0.010516389989328
5.89970619045627,18.8314218303011,70,0.00804860891605002
-0.0936055655604349,6.26848275200431,39,0.00212288649273429
-1.72153609580686,18.1897146736642,34,0.0099203390206069
-1.01786051731095,18.4939482216556,34,0.0107430868754143
-3.0821158196356,18.6037680641335,77,0.00963380500285909
-5.19458246345386,18.8222950873672,80,0.00850433167182921
-0.911209493751996,6.98504594077643,15,0.00227766253236727
-3.57982751362502,18.276763240499,72,0.00886695570741803
0.808583437236299,18.9830637322052,32,0.0119650507038275
-2.70773259562128,18.3869541002595,53,0.00968102674754143
-1.08597920740151,7.72991461068587,32,0.00243575428914684
-0.0464151430741538,18.788719529562,54,0.0112849361054106
-1.85030208662153,18.7505729623003,43,0.010913599884999
-1.03493478308191,18.5445360675656,40,0.0107790001592763
-1.34105704063189,18.5969463426995,31,0.0109138740792214
2.23551595000293,18.271956723786,77,0.00947393117384599
-17.2254848005969,18.8905242552677,86,0.00258603752342497
-0.914413483722022,6.34848844824681,38,0.00213522167166316
1.9532366451205,18.1608475765078,44,0.00968863964906565
1.2624243330971,18.691864944345,43,0.0110044805891103
3.31407264588264,18.1867646367318,79,0.00881993899713049
-2.09290483742445,18.5757195019271,43,0.0104381886013249
-5.82111408148296,18.6520253194931,45,0.00805828226401264
-0.847785182966727,8.3902640372917,32,0.00260458394621932
-0.602420595863215,19.0682484008244,43,0.0120655588540387
3.78736294125429,18.9063245958054,52,0.00993684617733992
0.295773047141405,18.9680423642214,46,0.0118095306309787
-4.54126074150424,18.7367253761485,45,0.00915074340288431
-1.09234617960314,6.45419244795272,10,0.00216752486013926
-6.10604885093263,18.2905701737775,79,0.0072630886362187
0.180809635636598,18.3870949881153,45,0.0105049701919426
-0.620758792397201,18.6303296457682,39,0.0110624401675411
-7.65445841168595,19.0159050505779,38,0.00706555947262941
0.224418236382335,6.44382583516577,21,0.00216564212022457
2.1808461425983,18.3172365852905,52,0.009809209875652
-1.27818250564952,18.3978923378187,63,0.010163673850716
-0.552913388452904,6.2210782982808,11,0.00212493275172196
1.98197438946456,18.8348996053857,35,0.0111353655668802
-12.1795908165653,18.4910202613459,42,0.0041451744394237
2.76527795023075,18.2923639608679,50,0.00951374582717906
6.31962293904644,25.4270383005969,100,0.0179327320910413
-1.04624748860603,18.3903040082042,67,0.0101632025330164
0.654276643701508,18.3891260363956,43,0.0104876835225181
3.83074823641111,18.377385960736,80,0.00880909500716835
-0.16455139063763,18.4962500435238,44,0.0107491011390142
-2.85713010672957,18.9119732308061,52,0.0105984418414248
5.56981000222193,18.78489745415,55,0.00834698758076715
-1.38365101444787,18.3147709323229,55,0.010055255559206
-1.81981669364128,18.638389597284,52,0.0105849649508306
-0.699708132861624,18.6404543587882,75,0.0106481076009374
1.8526729043451,18.4591052672658,47,0.0102634152041917
-2.27781870522127,18.7935910209608,45,0.0107745107108092
5.07062528845767,18.3259711767078,41,0.0082214184889739
1.27563200695921,6.30686983671169,24,0.00212983959078226
9.41673385429713,15.0080952534454,100,0.00379105095946203
2.9339099297903,18.1550667062484,58,0.00913087366765123
-2.75327532974685,18.8868828840743,72,0.0103927919816255
1.5287894771403,18.2939064636462,39,0.0101345886444247
-6.37060993567753,18.2004430160874,45,0.00717789617819257
-9.62572231926242,18.362480573966,39,0.00532816486499261
0.394448165381681,18.5789531940401,44,0.0109149620916406
5.56926516366514,18.4693942956984,39,0.00806292951841718
-4.42713497752114,19.0163575977009,56,0.00958475084956528
-0.245368557316765,18.7048116133011,30,0.0113893518563167
5.57673840580861,20.0851190533545,58,0.0101761489077484
-5.47935210087179,18.5514097128093,79,0.00796830778039347
3.48832207185118,18.4749780249193,54,0.00938339592975003
-2.95142049115925,18.3967063235527,41,0.00968155428355205
2.60934264260373,18.18923663036,39,0.0095095690654038
-0.596936032071624,18.6551479015593,43,0.0110730461301872
0.995487690938874,18.7795634948644,44,0.0112652235186209
-0.841969687843165,18.5326002735447,47,0.0107142834605165
1.46957635216104,18.3155799511704,74,0.00984443824138983
-4.44643895170725,18.7055492600135,49,0.00914090029155083
-2.31582654247638,18.565451656118,42,0.0103225108886754
2.75526522849941,18.2422308433844,48,0.0094502110965324
-3.77972587400155,18.3678226674087,47,0.00908989930222156
0.440452459704312,18.7062971364567,48,0.011147290317809
-3.64514830763743,18.1863518266137,45,0.00890539471899807
0.714922030597973,18.3624115671479,44,0.0104123526415662
0.856078610779381,18.522303144536,47,0.0106895242381701
5.61728389578053,18.2838339741962,55,0.00771119993619604
4.70602096153744,18.7288994269913,45,0.00901329640171147
-3.42295582499507,18.9090400741594,49,0.0102396661285211
4.9019864238559,18.5582305764074,39,0.00866728555634667
0.101765469522231,18.2875299757348,52,0.0102283793957382
0.389187834753869,18.3164763840624,41,0.0103890816326984
-0.723056031604424,18.8003202674786,49,0.0113091468942326
5.6683407469985,19.901628450218,45,0.00991213533087284
4.39360547070383,18.3406750203551,56,0.008587682910663
-0.734975069867052,6.45055894946229,11,0.00216939377286937
0.899124804433183,18.9964030404671,57,0.0116286257160807
-2.2194977334251,18.386963257375,39,0.0100513614908798
-6.79364318681167,18.2908898736697,40,0.00701035600120019
-8.32738263846898,18.6019082940637,66,0.00615076332688625
0.812628894752732,18.2785280551353,46,0.0102051591466242
-0.619152361536722,18.7160160275321,40,0.0112461405752283
-2.13148320003554,18.7201634055146,47,0.0106719685696002
1.140705861793,18.3924134178403,86,0.00995413073033601
-0.681267737730806,18.9427438305758,46,0.0116952739306276
0.602350371844127,18.5978701019344,41,0.010968066891873
0.137896641135318,18.3392178061998,40,0.010461472131013
-1.94495425903278,18.3586358377302,48,0.0100217218492337
-0.691014545128996,18.2471085924921,77,0.00985125178560812
5.66497983113756,18.5976373549975,54,0.00805105970028296
-3.83256219651149,18.868387130118,46,0.00989502766464332
-1.24163159953988,7.43876727159497,37,0.00236283803127064
-4.342150858363,18.8844577184181,56,0.00943949968327396
-1.06018492553285,6.60954297625098,10,0.00219944845748256
-2.39394483427191,18.821215026807,47,0.0107464544543978
-4.48938573269842,18.4506572243319,48,0.00874014539613847
3.40935253678433,18.675495756849,47,0.00984227710606151
-6.09410106759163,18.3274151715932,51,0.00746086017058157
-5.52357105961052,18.6270141587561,46,0.00824526797574502
-8.47054631164058,7.12954857856496,100,0.00195521001708301
0.394448165381681,18.5789531940401,44,0.0109149620916406
-4.35534306463107,18.993706185487,63,0.00954170303965723
6.00377498746835,6.17182988855657,77,0.00194145864949807
1.17859760374052,8.64385208731668,61,0.00264761844652219
-0.490053285807742,6.71756633938236,42,0.00221045323511703
1.2624243330971,18.691864944345,43,0.0110044805891103
1.13455874706427,18.6708065083392,53,0.0108752140219436
4.7790991017202,18.1563270289789,54,0.00810858750058997
0.134864496275079,18.8612409661502,41,0.0116253257901884
2.37091519649884,18.451000841185,43,0.0100629173777902
-7.22158321415743,18.6440429242541,48,0.00700236431303906
-0.748326240466753,7.69846207857689,34,0.00243073360476131
0.30526196323433,6.372475854206,24,0.0021497933570393
-0.893043720442111,18.5896330743697,44,0.0108623460763611
5.75102682272387,18.5692164255681,62,0.00790408033040526
-4.49161996783191,9.82705163329912,100,0.00281446394792157
-0.364679497164932,6.29173258161678,21,0.0021350301599618
2.13953985041939,18.2437190788886,39,0.00981592607534046
4.02741304992273,18.7306630300547,75,0.00926025265939004
-1.06967644537962,7.89484078568014,33,0.00247523443843351
4.90052105175366,18.5005212341424,49,0.00851505286471015
-2.31958414441296,18.7646425094315,48,0.0106576313437432
-3.79232581757816,18.3429472036248,48,0.00903501094675761
3.29014924931283,18.3640704749227,49,0.00936134730816135
0.268395397569273,5.82902071257186,8,0.00205258081529251
-1.23141442331312,18.8955481440159,37,0.0115605685626517
-0.217927392552581,18.5031462899468,42,0.010784888503523
-1.93209573806739,18.7566255093821,66,0.0106238402126557
1.26349181584443,6.32694588530695,52,0.00212123695679842
1.26073339921232,18.4797329398291,42,0.0105593226938462
-8.59485413877159,18.6745537447023,32,0.00615886253452634
-1.02554416045319,8.65170873202062,55,0.00265633409792095
-3.98173834391198,18.235654874343,70,0.00859054516583584
-2.73480984454161,18.3083719389245,43,0.00962117655988923
-1.39158787698701,19.0243612503899,51,0.0116241402293534
-10.94453261087,18.4130641114315,43,0.00466740663483041
-10.6620200128525,18.5174594003693,81,0.00476222615808543
-5.2918017589327,18.4678190182748,48,0.00820072461544171
-0.170103485095281,6.30052152179121,42,0.0021276852262391
10.0399017895687,30.7364867616298,100,0.00840564313934664
-0.73136217163045,18.7168253524477,41,0.0112162783893897
-5.55731542579239,18.7761102371115,32,0.00850888145058801
2.0449700593339,6.19721229000942,23,0.00209769900813263
-0.204535060327303,6.12877240472381,20,0.0021041875945934
-8.56231961617126,18.1547744897411,39,0.00580283001749542
-0.764310633298676,18.8151578073267,45,0.0113873560914551
-1.63003792962456,18.402059148688,44,0.0102633529370437
1.06013717035764,6.65696382332074,11,0.00220874378479973
-6.63707476817452,18.7885445545406,29,0.00768252800196495
-5.60036721581763,18.4916709943532,32,0.00811333637575196
-1.70230009662295,18.9612830431021,42,0.0114668400145042
-3.70289387283234,18.2375608615665,58,0.00884740113994883
2.53948820291509,18.4411757270222,38,0.0100112595305298
-1.71856427133805,18.503722436447,44,0.0104365048613965
5.11313983855448,19.9281509569336,55,0.0104735035911132
-3.17703833302393,19.003016310825,49,0.0105974161577473
4.32636496944845,18.2411428250724,62,0.00844847036199066
0.818074966228292,18.9708941630444,35,0.0118894160183799
0.00237292886149432,6.47843949732942,31,0.00216813928113979
-1.17913706168992,18.8074272886689,43,0.011291421051448
-7.99483410404292,18.4943531467734,85,0.00620898722513779
-2.63032865267812,18.7872689046354,59,0.0104105392741984
-0.634721877066991,18.871702263065,44,0.0115586111772143
5.30976453331154,18.6268467695002,55,0.0083424725537885
-6.61328385355589,18.6356619834054,84,0.00723862755618663
-8.74166176926322,18.2046129141054,29,0.00576475149368069
-3.16747189842027,18.7348276120631,48,0.010098439193194
2.24272007560034,18.8039411995245,50,0.0107566926614062
-1.06105218567459,6.98355049412484,55,0.00225527669137165
-1.52365163069458,18.3768496471291,40,0.0102905967586143
0.928011414888927,18.3575408104752,43,0.0103753357761675
-5.9205474069083,18.7035395710293,56,0.00797338286681375
-4.70022074661808,18.347556104241,53,0.00841728341597305
-6.62055222906996,19.1199430595322,86,0.00770755027020623
1.44694897716242,18.1724700099653,44,0.00987490050703612
-1.16042313637051,6.73986673180163,47,0.0022072140913861
1.14659976642243,18.6379963942145,41,0.0109428543426447
0.224024897938968,18.493473396186,37,0.0108217895067374
-3.41414015714647,18.2895503813391,59,0.00908475508015116
0.952616082766095,18.2944007453764,43,0.0102424584974272
-0.332322766357979,18.2511727896837,70,0.00996365768955915
-1.08447671882739,18.6072136649598,39,0.0109153605340675
12.5516565481857,14.3252751652617,100,0.00285170578442475
-0.250547303861823,18.4320224502796,48,0.0105625801777919
0.651311766386899,18.9216806301696,52,0.0115686040378352
-3.37874026134592,18.8219164032945,43,0.0101702313502364
0.587430400602362,18.5739293974447,41,0.0109170146069853
-1.52518082662338,18.8330090057639,52,0.0111190111867839
-7.26564381993225,18.2512026535961,48,0.00662939548067173
-0.405249339337622,6.52371842506607,9,0.00218696411802131
2.95880112266718,6.51342607403548,38,0.00213135778674882
-4.97269915009037,18.8724118426957,64,0.0088630723563263
-1.18643271963958,6.6992403292082,24,0.00220975589344838
1.94323968167072,18.7437844261285,63,0.0106264167179157
-1.86309594237842,18.408216749363,49,0.0101387287447847
-2.29817663388342,18.7294770636732,40,0.0106869995866928
1.99594454157721,18.3075081678123,63,0.00976004866769066
-0.931179787447776,6.19638394690264,14,0.002116250284673
-1.643323771604,18.9534152241332,46,0.011421942826029
2.58240154615333,19.1214153031891,79,0.0108868114252325
-3.81324581911023,18.799374471623,46,0.00978864613113191
-1.38097033776134,18.2443871395659,31,0.0101634427507802
3.63693316831016,18.6280421699962,43,0.00964504808008428
-4.87782268979306,18.4808424619883,56,0.00845409067759296
0.226828792850398,18.7535389878345,43,0.0113375353259106
-6.0266985814411,18.3433734930161,81,0.00735771298357087
4.90607111965826,18.7158350647657,39,0.00888818670792868
-4.27848958196442,18.847134660173,52,0.00946427547120009
-2.71360535058905,18.299472859076,45,0.0095976691874599
1.23547628045985,18.7512616170132,42,0.0111583443208909
-4.52227262794647,18.4505938458422,45,0.00874033192001454
-2.45595670655782,18.265008224838,47,0.00964131360988406
-6.18987515018592,18.3241407302162,53,0.00738161353705373
-3.64195454154822,18.8452562920049,70,0.00976059994739977
1.71853726716006,19.0044116277339,46,0.0115077839081936
-1.08351600067676,7.07720253667997,19,0.00229383554419207
4.10803116913964,18.8942298883906,49,0.00970081574837351
-1.04743488617078,6.7879435865221,37,0.00222330045967613
1.40118400857882,18.3444307240997,57,0.0100873672233181
3.75098423096452,5.99134985728138,39,0.00201141359736798
-0.3245036102245,18.2560403697359,35,0.0103341996405975
5.35864637474714,19.377665297697,67,0.00923471384025402
0.368796849418925,6.30951342356176,11,0.00214310017018135
-5.28840508945567,18.3942332927708,55,0.00806501277277522
-3.59156991161627,18.618258153203,45,0.00964013292760939
-5.75286486165202,18.3235900788586,61,0.00762991033101478
4.05485971803856,18.4144471659531,44,0.00901025079649739
-4.55578580966069,18.9402987271714,41,0.00949313297450086
4.31461811971442,18.3252171225588,45,0.00869923921490236
-7.51989275783584,18.7067490069766,90,0.00665537848928586
0.18725291984524,18.4809955527116,90,0.0102118999910354
-8.41933847986827,18.6726229936673,33,0.00626892962147221
-6.2825416251374,18.4285601513887,30,0.00755591195124679
0.997009504691331,18.4747828914299,47,0.0105596035081032
4.13958770887848,18.5223758225295,52,0.00905374828536573
-3.27456347207813,18.3436007233431,70,0.00915674252392668
4.34146198464454,18.5334799767007,39,0.00903698947514115
-0.724478474601707,18.8906512997161,41,0.0116282781903113
-1.89471830409738,19.0317772517227,46,0.0114876118489007
-4.0811625254205,19.026486880586,43,0.0100090406364813
-0.458677779058744,7.14800337490242,21,0.00231347931024967
1.72173123091379,18.3354091243705,36,0.010182601383628
-1.86113102402751,18.9314217093573,49,0.0112351486955919
5.39806842190129,18.7067480159059,45,0.00844988623947535
-13.1078101593898,18.5450527646663,98,0.00371323499000854
0.824366875032502,18.4890179294798,46,0.0106361426075114
4.69800710889552,18.478633327426,40,0.00869523637719223
0.964041532263411,18.6279079222262,89,0.010418325024411
-11.054574847028,18.3105367759124,82,0.00449396845408193
0.63495846020072,18.5379590311164,42,0.0108192719281119
0.504291525795175,18.5203753227209,43,0.0107866738935411
-0.117644129829744,18.5469393793287,46,0.0108376463251412
-0.445269073702775,18.2360652679071,47,0.0101581448926547
-4.98402258300028,18.8376194868773,39,0.00900356374084571
1.79738111607313,8.74424249520876,41,0.00267600764381453
-6.67799060900073,18.1568135260801,43,0.00694577719251554
-0.692573934772008,18.3072008555389,50,0.0102395814694112
0.0769485551323085,18.3990934520418,49,0.0104888806313971
-0.64890448500923,18.1877234583409,39,0.0101215684120501
4.90607111965826,18.7158350647657,39,0.00888818670792868
1.23547628045985,18.7512616170132,42,0.0111583443208909
-0.106599716538155,18.8825359900898,41,0.0116782302319747
0.622993462177037,18.3452107119278,53,0.0102940120610047
-2.06698322244406,18.7504814790417,71,0.0104954631952465
3.32583265614582,18.1547161040575,29,0.00916769380557952
-0.496118664316293,18.1569287283268,51,0.00995810538779363
1.8459843266938,18.7614461897061,48,0.0108796373573626
2.39826744418131,18.2246169269942,52,0.00954953786714906
1.98948467498635,18.1826754887316,47,0.00968677069760637
5.38542927060198,18.3265055801477,54,0.00792299307084379
-0.932075633928269,18.1682613976009,46,0.00996775263088851
-0.958326383507516,7.86964519010185,20,0.00247841865583222
-0.83338227074606,6.06878403929109,43,0.00207983886631248
-0.803211495639416,19.0981556816284,46,0.0120572398934136
-1.68564214535935,18.1816472335376,54,0.00972414322426061
5.02226442641689,18.2353863551942,45,0.00811154235732021
4.15268616008348,18.2758650455794,45,0.00873170774531243
0.768529593663393,18.3739588235445,77,0.0100806389242377
-0.478656390361622,18.3018759630026,72,0.0100289363255499
2.78159472454406,18.6030525837158,45,0.0101161101929498
-16.335275918275,18.6525948332147,84,0.00277053354814144
4.64339185437786,18.4566439203231,54,0.00859782865465996
-8.70371573537116,18.1591542219575,65,0.00564060160900283
1.1015731965664,18.9169531101108,46,0.011532076014881
-4.68494801011969,18.2216748259459,62,0.00819867872386428
-4.07225656044868,18.3216178073234,48,0.00882701472101657
-1.89494173683658,18.7563594058031,41,0.0109300872987221
-3.32047316416785,18.5620560662856,41,0.00975597525609026
3.250097964217,18.7605892744732,61,0.00996155802840005
4.95111716335027,18.8370973660867,43,0.00899688065539691
-1.64573603035595,18.9801847194742,48,0.0114570484607843
-2.08294799325353,18.2635946000526,41,0.00985664610716085
-6.10739799803667,18.594771840851,90,0.00751491726991261
0.0478691819134395,18.848130938364,41,0.011595634713126
-1.33605394946978,18.5306552711302,46,0.0105993090596442
-6.99905760038672,18.940622823294,29,0.0075548590937051
2.37661943858648,18.5951534892168,59,0.0101719465253985
-4.70892387154951,18.6511764623736,51,0.00884954528422287
-0.525590642949734,18.7313689876351,47,0.0112067780486735
1.23318274491723,18.9294917845129,43,0.011560989001634
-0.68565591745036,5.90309847442194,26,0.00205705904517223
1.59014148808708,5.94842710748428,41,0.00205043776333315
-0.796881174665688,18.6263902314411,46,0.0109387179475435
-0.131460545878474,18.3780524521127,40,0.0105430684480749
-1.77743175706431,18.2641606758522,46,0.0099241680630148
-2.86436214250998,18.9438546237261,100,0.010139390583991
-0.179344007108195,6.42817893531221,21,0.00216258724939091
-8.99150650031653,19.0684722910936,75,0.00600381079142347
-2.18524683055058,18.2653956818407,51,0.00972228766659954
0.399750564030966,5.86144888340354,80,0.00202818601311117
3.47352763485498,8.524149916965,36,0.00256088974358447
-3.67342905428804,19.0602903212035,49,0.010335733394623
-2.8981936551341,18.7477824146831,54,0.0102295973473424
0.8557990715636,8.87826644440188,51,0.00272415345247173
-2.51354714826147,18.6501508668649,39,0.0104206825212146
-11.9397306556104,18.9753019186762,82,0.00433617519268116
-0.114983127617069,8.50137251640367,27,0.00264257675465593
3.70046957576859,18.3319221480443,37,0.00916571020463509
-1.60798491327585,18.6751124895748,39,0.0108966319545438
0.769086815056936,19.0422375571078,44,0.0119521116456591
2.15750536244107,18.5152317694968,64,0.0100701263507976
-5.22338552090744,18.8494783539222,46,0.00877219700577128
0.644632304010493,18.9668223223638,47,0.0117471347696827
0.952616082766095,18.2944007453764,43,0.0102424584974272
4.81289766444288,18.8542538543703,52,0.00905873354409806
-0.830916759573907,18.230133273609,41,0.0101574859552544
0.384646106497127,18.2636306329407,42,0.0102708445565492
3.30211194419567,18.2604708660736,74,0.00897830242112782
-0.908614166598688,8.76513141378194,13,0.00271969875554407
-2.29623290260687,18.4819345515929,59,0.0099955043547256
-3.40765293632136,18.6328133282473,42,0.00981576986827421
-1.97597087954782,18.1954784162782,79,0.00942219998832589
1.8760041474163,18.1657902377373,51,0.00965977729160191
5.89398032833321,20.1381723655371,79,0.00969126420588281
-0.60662203400767,19.0680115415238,41,0.0120933925656909
-1.18567275869509,6.88204371108476,13,0.00225360584277515
-0.166552034913925,18.2763021559569,45,0.010277524851962
-1.13169405656938,19.0119457088662,40,0.0118354868529931
-0.868355561657956,8.39160078228532,66,0.00258183295444221
-14.6217345691112,18.1525245146294,72,0.00316300352865271
-9.78100444399405,12.549246481576,100,0.00294095102463791
-0.108238537695505,18.9013238665179,41,0.0117243277537293
-6.29878063451303,18.2152361147143,73,0.00709617714087537
-0.908112557425925,18.3394845632537,49,0.0102786105539095
-0.768257449771428,18.5034503498366,76,0.0103456087941703
0.476016289968629,18.6915888571223,56,0.0110120011668987
5.34436549095246,18.5127541127263,50,0.00820631654157529
-3.48054191926893,18.7473167061516,46,0.00993258826399509
-3.51563039149366,18.1517559440836,38,0.00898192927586297
-0.217927392552581,18.5031462899468,42,0.010784888503523
-1.11037226759586,7.19161320897502,57,0.00229849537574198
-1.25991908586168,18.9501177487141,43,0.0116014098575113
0.708135918223762,18.6412346320771,40,0.0110606160499737
5.8767297160273,18.6622833617502,48,0.0080091190321876
0.87738524223818,8.86461056409613,41,0.00272745194338327
2.06289755253505,18.253539382482,40,0.00985567585156683
6.43480768875365,6.19145424152139,22,0.00194519536177775
-4.41569147449342,18.3195928723351,39,0.00866984767919872
-2.95150655474543,19.1337189618065,39,0.0111505169911962
1.84053909548203,18.1750752159539,81,0.00941528356574558
1.30868942673256,18.4852878119551,44,0.0105349580134521
-8.09117715773977,18.2624484826788,33,0.00618028388838359
4.67506864985031,18.9800691891241,41,0.00945784005236218
-2.19392766076564,18.9286998668972,74,0.0107637394033782
-5.69517359519853,18.6940341505909,44,0.00821196139257117
-4.05809675181598,18.2442949710758,52,0.00869151808313947
-2.37791930409981,18.1956796861207,77,0.00928690720709901
-1.05010106309341,6.39978582496527,18,0.00215332748785538
1.13466815913299,18.4546126826099,46,0.0104961499073445
0.247988038777458,18.2584411746699,44,0.0102484047401309
-2.29389896784076,18.8232180770227,44,0.0108402569231654
0.247988038777458,18.2584411746699,44,0.0102484047401309
-1.84710813305288,18.4258492794544,47,0.0101999884747086
-0.918484208248818,18.1757017082683,41,0.0100347016964635
-0.948848549687109,11.4771291043701,100,0.00358114544141312
-4.22939079496392,19.0995899154954,64,0.0098082310000681
-5.51458375374212,18.3003031394176,61,0.00776258497012403
-0.834866564960976,5.92288908230842,37,0.00205512225455867
-1.06080346409605,8.48664447394513,38,0.00262328734747894
-0.0419537740518831,6.5381008844581,12,0.00218924326237415
-5.14722951641529,18.7833249890322,39,0.00879480900849028
-0.571704940818566,18.5948061437537,75,0.0105714319520697
0.633525223894423,8.76318027136801,49,0.00269586774826254
12.897791915197,17.6784093250109,100,0.00357214312173513
-9.47616277129974,18.5926199863051,79,0.00541988090534319
-2.21236286696357,18.4111275753859,71,0.00978472680028162
-5.9681495405324,18.193298908034,34,0.0074968806295452
-16.1345233868306,7.90196850351083,100,0.00149567109200082
-0.300346912509669,18.7190523140907,54,0.011114726311833
-2.03532828946511,18.3269415559389,77,0.00964819523415692
-1.37644755283328,19.0915667977409,52,0.0117781882293706
-1.58010363786506,18.6141356129962,45,0.0107058829030359
0.066473885938823,6.60103314294925,53,0.00218244529423009
5.65737173927545,20.3983850161712,66,0.0105040917630274
-0.942498070927063,6.19593718892396,18,0.0021142790458841
-1.02335235218629,6.64077815887868,39,0.00219223214174111
0.503852764548552,18.7216384578644,44,0.0112249689109823
-2.3169146751641,18.4291346024968,74,0.00974339542157318
16.9230627192525,23.9244545847406,100,0.00320729417919369
-3.83825382280005,18.5340416276078,46,0.00932577076312652
-3.22615633626161,18.2916992218511,44,0.00932095759191192
-1.17682087230271,6.30733454904057,9,0.00213786417004231
-1.47789815212344,18.620679090723,53,0.0106640424047156
-10.7223480098399,18.2801770367985,43,0.00471772811149621
3.61709037297237,19.0865953199057,43,0.0104955299042467
-5.08429210275451,18.4014286234699,42,0.00830295991463945
-1.19254199888454,6.50354118151897,22,0.00217073115714093
2.78825596075284,18.3687726223086,77,0.00939123853484881
5.63332374932367,20.8986841296514,100,0.0109754470673126
-4.75645475154516,18.768064843975,90,0.00867975545961344
-6.89187400156194,18.4559603235901,75,0.00692721620472285
-2.43303483798086,18.1854002237777,88,0.00915395053261838
-2.09722390704594,18.6636140654907,59,0.0104388935803742
-4.77806992834004,18.4252343137701,38,0.00857860453700478
-1.08177563539829,7.48387638606708,22,0.00238374469086721
3.32583265614582,18.1547161040575,29,0.00916769380557952
0.159745833664913,6.67346110950979,22,0.00221215292826542
2.45610244608422,18.2893922532576,48,0.00967551914708657
0.216494914100531,18.2260377538807,36,0.010268531269077
-1.03099479694812,7.1407628911817,13,0.00231159385429971
0.0604246596108522,18.5282985972972,35,0.0109279624438901
-1.18138018712618,18.2645063792621,61,0.00995085532029713
1.68553170920583,18.5025697595944,62,0.0102536079798891
4.10692463815733,18.6735220893844,51,0.00932123577193068
1.3939046095186,18.8254228200089,34,0.0113778735071503
-1.83758972263932,18.9100328276201,55,0.0111232515347708
2.86638235412542,18.1951429928557,54,0.009263505276636
-0.328196774217697,6.56041731081352,34,0.00218276948992654
-0.338559376453537,8.61769263218501,32,0.00267001611640694
-3.12096569060274,18.9542950815439,45,0.0105848086605545
0.0445659604749605,18.3000472073419,34,0.0104472125056858
-3.23351397119816,18.4579456198667,70,0.00936518311949416
-0.49293612395255,6.63039273404014,10,0.00220802861414175
0.825948756551402,18.4471054075659,34,0.0106827287489885
2.45610244608422,18.2893922532576,48,0.00967551914708657
2.43348577869407,20.9430195206378,63,0.016397590689547
-0.962406259852229,5.96716814156132,29,0.00206578525100463
-0.213785089258373,18.5331036433786,42,0.0108506058098174
-2.57628943167485,18.5538170004021,43,0.0101557577213569
3.36745869535081,18.6435821759523,67,0.00962409112043975
5.05447758706722,18.7656682528619,70,0.00860747481223588
4.41625826756102,8.90265401795909,47,0.00260056272896843
-0.394585924827504,18.6805558660438,80,0.0107133389604996
2.45761223478785,18.2048328676356,58,0.00943512165483521
-3.85053094253855,18.2478973141042,48,0.00885395593349161
-3.62223812404511,18.3868517196336,51,0.00918395407210917
-0.380313532203346,18.4170049186486,40,0.0106113028827411
-1.17211522523082,19.1069826999241,46,0.0119743556173309
-0.77912293323285,7.27403874532221,41,0.0023286101405559
0.640533348449955,6.16910755432032,22,0.0021094389188165
3.06612504001359,18.644879662786,73,0.00975197390848084
4.06316482106618,18.4097849109249,49,0.0089573443791735
-1.61747155996583,18.9429723334399,68,0.0111293339404846
0.248522968371701,18.3914438680309,53,0.010423211345224
-1.85030208662153,18.7505729623003,43,0.010913599884999
-3.75901906638886,18.7505455735712,49,0.00971478366756715
-4.43811548489839,19.0006286956832,44,0.00966106784990308
0.692727018383129,18.1521226234058,46,0.00997528636849354
-2.07644386076899,18.3760577049348,45,0.0100319797630569
0.550554104449613,18.1870089750416,47,0.0100507791818462
4.13509356813158,18.6528975608398,59,0.00920018291020764
1.70866150734444,18.9633578825129,35,0.011561662035413
-8.29023405935798,18.3459861233349,51,0.00605074311543177
9.51496812381485,19.2759516643519,100,0.00574241628997554
-0.565173108973015,6.14401179236885,13,0.00210900058470778
3.83424784388137,18.2395311745479,46,0.00886684743293106
3.54537027135491,18.6456081868675,58,0.00959707248752934
-8.19741733588269,18.4039235642743,40,0.00619044003852261