-0.106599716538155,18.8825359900898,41,0.0116782302319747
2.65549242147671,6.37284516515135,50,0.00210657779418911
4.24056702924255,6.31030561605802,15,0.00206259565826209
0.650386629289854,6.14195758886409,13,0.00210814333893196
-1.60862215952519,18.6739981249278,64,0.0106051285741234
1.35750683111343,6.19563857530308,37,0.00210153823181352
1.4072016960991,6.07790728236992,73,0.00206315475096817
-9.50964864492364,18.3116982349103,58,0.0053098825058809
3.19389171462682,6.5592214187407,18,0.00214280620889452
-0.857690017736556,6.14196256095964,10,0.00210808817181356
0.07202590530756,6.29112867170264,37,0.00212822238755884
0.376569299563596,5.96607200677074,9,0.00207752923537479
-7.08387277555319,2.56668269250198,100,0.00142878234070934
2.02945336890664,6.38073386627752,20,0.00213478319830206
8.51731820454301,6.56889841441183,47,0.00188143448605317
-3.54392463364205,-4.28843430479592,100,0.000946914382296323
-2.84620215486853,-11.4124942593786,21,0.000643696264111457
-9.42992361013518,-10.8333297637145,35,0.000628696001533675
5.22943087749903,-11.0894421666719,69,0.000644204020549033
16.8385616106365,-1.64963540821471,100,0.000858863277486031
3.12523839753572,8.23134761714524,54,0.00249127664855831
-9.91829906968223,18.4556684439735,29,0.00524553419896757
-0.402685229093085,6.18818557195912,20,0.00211512963748451
-12.9152802936004,18.1730148552138,82,0.00370690139584091
-1.22931577821969,7.91414651808643,82,0.00244798888705466
0.765533030814189,6.18514117616097,29,0.00210863645610952
-9.75475761448111,18.5119901511972,69,0.00525307504454847
-0.143741121364683,5.83713772631173,47,0.00203797748361766
1.02571180907175,6.60813560981973,21,0.00219419816392948
-24.5277906515961,14.5454877065588,85,0.00126851611680594
9.53083783992847,-8.45426545881618,100,0.000704446856698091
-9.75475761448111,18.5119901511972,69,0.00525307504454847
2.95028220065444,-1.69384413377023,100,0.00112094062387172
0.361800585448036,6.35103284296551,58,0.00212983141735148
7.69622291292061,6.01653556710969,50,0.00184391695279221
14.9330423959847,6.24987610542904,79,0.00143092709996705
12.574414379887,-4.2840732901388,100,0.00083240534646806
9.81318348552324,5.99586600322996,28,0.0017298225913799
3.75661242504109,6.64537746560076,24,0.00213891948368322
-6.14650316996773,2.35051838975751,100,0.00143168595524719
0.363989068554533,6.15680755206523,53,0.002094610665622
0.810595380173305,-10.9310459321294,31,0.000662471375169777
-8.06231236229461,-8.70902644004675,100,0.000708071898901605
7.36288021963683,6.14275064049455,51,0.00188003284457902
-0.542583158307079,5.95944431607824,24,0.00206917729452454
17.2808405067799,4.65010482745832,100,0.00118024034850274
-3.831474898423,-11.1765605778028,83,0.000646065472418198
-0.781220598088538,6.82638892996852,26,0.00223926007176077
10.9516698724204,5.99879661543246,21,0.00166415291299526
-1.16283804413643,-11.7020526806926,23,0.000637020990422981
-0.493512669410919,6.02802357620655,25,0.00208188595004746
3.91832239378009,6.19592745230613,26,0.00204817372442124
5.6272191071229,2.57804529110709,100,0.00146884653951648
-1.63210965386891,18.9291059208837,43,0.0114093092081378
3.04620348487666,6.27925732702075,42,0.00208262980064828
15.7292460312803,-11.5513422348364,89,0.000552314852822958
-1.05750669936376,8.67899234301146,15,0.00269195102941221
-0.0344411147894401,-11.3953418352016,26,0.000647424741284473
-9.95863929471594,18.2672110814237,74,0.00501200861962697
-0.16688670624543,1.70260549274736,100,0.00144050127209267
0.394448165381681,18.5789531940401,44,0.0109149620916406
1.58153439544019,19.0344409382803,79,0.0112089329834614
-8.22169512789441,18.9042224765307,29,0.0065952029074054
-24.7647016822846,4.22323458865123,97,0.000845561170481795
-1.02915939483654,7.102917118317,32,0.00229322052418325
3.26708672477226,6.76266717768894,80,0.00215181274854631
1.03761864891777,6.12882846032603,74,0.00207608787560031
-4.30889724548546,18.9406957404998,71,0.00942119657082425
5.43344249333424,5.81602301927521,31,0.0019248733405671
4.24056702924255,6.31030561605802,15,0.00206259565826209
7.82410579128674,6.13898326101669,47,0.0018564107669808
-11.208268578028,17.996087971677,100,0.00429465775023667
8.74560666768079,13.8893568331739,100,0.00355113590096229
10.7252559576639,6.53730172209078,82,0.00172758631799145
-4.49388545804242,-11.1067562502815,45,0.000647626278064396
0.393064282791727,5.9437243609164,64,0.0020498826420546
13.2633131197224,6.65810925313004,27,0.00158960007706729
3.77020305902679,6.05728596268517,40,0.00202213159207376
2.74901990600544,5.98888200790441,50,0.00203310724427927
0.508158933502244,6.4026389492179,36,0.0021494716696918
9.94762125682608,5.89201993067098,50,0.00170212008982366
16.6760783174463,3.05449210122843,100,0.0011069696683097
-8.97319439755963,18.6623959005905,78,0.00575248641757482
2.43404884186079,18.2822166809426,36,0.00978634450211686
-10.2640360549497,18.1657620351394,64,0.00483901453086812
-13.1472970366171,18.311847876163,51,0.00370311081788521
-10.0631484555917,10.999505804004,100,0.00252853519033466
0.825770411620658,6.24793863579055,73,0.0021007630612129
4.57618249684886,6.16769025276357,25,0.00202039645640862
-1.63210965386891,18.9291059208837,43,0.0114093092081378
-0.00204167030588442,4.99208855695755,100,0.00187652855720408
3.63857596443991,6.46207185265767,15,0.00211164498953091
-1.12917052273448,7.13108504093368,34,0.00229718617175064
9.94762125682608,5.89201993067098,50,0.00170212008982366
-1.11090152528137,-10.762444290427,45,0.000667367953498631
7.43267039734176,6.3275457722694,41,0.00190859584243744
-6.24915743783736,9.87288417257589,100,0.00268432046555349
-0.681015013329848,6.65762222587574,49,0.00219366553140962
4.92892841388276,-10.7376341496255,65,0.000657216725479974
9.08311193402264,-6.28209497015973,100,0.000794804549817314
-0.794555032006398,5.87031460903613,19,0.00205324925064555
-0.361518576177831,8.71494751840027,36,0.00269387807467459
-10.8505126307087,18.6395120608471,54,0.00478297691135665
2.70182441573869,6.43764769753543,11,0.00213551563405424
-13.5679615994245,18.3793034182353,93,0.003518678270094
0.07202590530756,6.29112867170264,37,0.00212822238755884
2.55289334365555,5.95574960035827,30,0.00203969828777619
-4.10447861419441,18.5900296282509,71,0.00902502576258166
0.939899361234823,18.1675369736485,73,0.00970381935224408
5.1572076992783,6.01174047778764,34,0.00196734895107273
10.8363280783312,-11.3696605351099,51,0.000601507294191773
-17.6984492332775,-11.2280501234892,68,0.000540859683998784
-10.0597372959371,-11.3846876078467,45,0.000607222861774313
1.69925736483134,5.84735206868848,14,0.0020416515257538
0.627772356858902,-11.0794753398389,20,0.000658035834021908
0.319858214468003,5.88776565436923,8,0.00206340131640539
7.84040394946562,6.38087418943198,28,0.00189905076378001
1.62955130468418,-4.41765416979175,100,0.000948331871119754
-20.7568617022561,-3.67289783988682,100,0.000696791329810022
0.0655179463879303,6.66289812409483,12,0.00221496299571071
2.16743782195515,1.55390177773246,100,0.00141507843757122
-0.413870833022558,6.38094809002315,28,0.00214926634389131
-0.721527522895817,5.97419877527146,40,0.00206413690368688
-7.74317666835974,-11.0167607613701,24,0.000635018851848908
0.319858214468003,5.88776565436923,8,0.00206340131640539
9.71381984151751,-10.288545659316,100,0.000641163278173979
2.2823941927117,6.29704635232194,14,0.00211629198861648
5.2164740741358,18.461301849909,38,0.00831453145803972
-8.1993260487763,18.9779173798855,70,0.00649168152713574
1.34795995064288,18.8831495589122,79,0.0109620241917281
0.539709987518599,5.99652904671151,99,0.00204433054549677
-0.976449249597005,6.97288912421174,9,0.00227750237608197
-4.50535917994709,3.70735780701226,100,0.00162970208599465
-6.19467480822413,-11.0449180346903,40,0.000642275691104214
0.18375730236162,5.86650870386349,57,0.00203914013272722
-5.58316140340026,0.441591888631608,100,0.00126117788071425
-13.9840586257683,1.7229513726612,100,0.00112528367606052
-0.695235790584038,6.35735473958007,10,0.0021514572010853
2.22998014438727,6.14753568693781,15,0.00208829921209506
-24.6245872440511,2.13666141316805,51,0.000784852335984233
-0.945958816008004,8.30388929838163,38,0.00257675085194794
3.30585233201627,-10.7824469290464,64,0.000661566486861515
-10.2435436023751,16.1615538678087,100,0.0039727668125856
-8.06618122472759,-11.4854959654121,84,0.00061632158466348
6.13547231347431,6.62648778856569,16,0.0020364129291154
6.4348845468916,5.83709436062447,13,0.00189153362309595
-0.178868869232521,8.26098281487354,21,0.00258262522155151
-5.73984197559609,18.1603605318767,56,0.00748762112404791
6.19612443560587,6.43264061910564,16,0.00199968945754967
7.64595206627768,6.60956027556996,37,0.0019428971121082
-1.05025652352841,8.44312369300733,39,0.00261119025878606
-0.574574854837256,8.17677908034491,71,0.0025264712862128
0.93648405871561,6.38396619690673,27,0.00214706949285134
14.3109048186507,-8.3139369711479,100,0.000656449632616825
5.79132853275464,5.8757445317829,61,0.00190875279544404
2.4224416536883,18.6528826249159,48,0.010377427990171
-7.83920250621273,18.2984008882537,58,0.00626558930746416
-10.0249492955171,3.6117113277193,100,0.00143176212376718
-12.9836184164236,0.712327764090178,100,0.00109225329430473
1.14605335730031,8.67082605863678,43,0.00266818744281997
4.22086661721908,6.27411484123866,10,0.00205879716986028
14.0659175792503,-10.7715182586414,73,0.00058874066900603
1.88100251451272,6.48839916953611,13,0.00216198773384443
-14.7253677003589,18.8040152256376,72,0.00325763992302995
-0.87770785117605,7.01377152664173,19,0.00228212477224228
-17.4799060080389,18.2477784677935,87,0.00245358627439637
-0.633889166011302,5.93726537831603,79,0.00204138586191513
1.04487950312797,6.02119097422249,10,0.00208341871289674
-4.4044074037979,18.5837409131885,80,0.00874342050740834
-24.6089837849896,12.174944593905,85,0.00116135546025572
13.9169767752969,6.13685007033671,86,0.00148119143985848
-1.17070200195613,6.72684395537584,34,0.00221075547540406
4.83362031928318,5.81861841859583,84,0.00192848459941132
-0.803209795570743,7.74026742260996,13,0.00245278684111521
1.29383081079095,6.27330627911087,29,0.00212082916269542
1.58486307394229,5.8671708931144,11,0.00204812403196749
-5.35935976819479,-11.228455113252,37,0.00064048054709326
3.20079691857672,-0.998365833056995,100,0.00117230173852676
9.16872719051742,-10.8954977013111,78,0.000627017842655794
3.45898101475287,5.91842169687523,14,0.00201713500268634
-0.0335487520774068,6.335500224193,53,0.00212965594199099
-5.90617141848781,-11.5274645222775,29,0.000628870078002757
4.85975471345954,6.40955335715967,37,0.00204753183933175
0.111079296293515,6.53055285846306,18,0.00218478294852725
4.75315803450506,6.31204932603787,41,0.00203268167054438
-14.1443121085592,15.5159644394691,100,0.00275962337338509
1.02509809956431,-11.6184669701556,68,0.000637999741717066
1.95690275885078,5.96195264986067,46,0.00204537011735748
-5.12610338085474,-11.4946471267907,33,0.000633166480933621
-14.0364588589766,7.46162142227547,100,0.00160496269264657
1.13010235638503,-11.5246542779323,23,0.000642786519550021
-11.8993216868269,18.477549592524,62,0.00422389297774902
3.20091014332884,6.24138283234622,43,0.0020709727913646
-24.3999626391228,2.73758859301122,69,0.000810138511661402
3.73534826769403,-11.4144766875195,14,0.000641504542744789
0.502962265365518,6.19900337556722,41,0.00210745365475361
6.72810695177748,6.49934662445538,34,0.00197668019240513
7.52240864490989,6.56260332322914,35,0.00194318373488784
1.34795995064288,18.8831495589122,79,0.0109620241917281
-9.66792737025363,18.992888784516,58,0.00559229701882275
3.18713440862775,6.73666574836777,11,0.00218147096850192
-19.9987850502843,4.52697976297344,100,0.00104784468651523
1.52974926676092,5.9153814898132,9,0.00205862277324115
2.10992638678775,-11.2548602836178,79,0.000647953023542852
-2.1823226049184,12.1715013827854,100,0.00383389574996992
-5.80377981671398,-11.1880140636406,37,0.000639742558655677
8.22146725458789,-10.9959990622089,24,0.000632599808280669
-5.2967211061113,-7.2650903160333,100,0.000786277854991065
-0.729928415541476,-10.9893674644778,90,0.000657979942526139
3.36976206529797,6.01583326366599,36,0.00202807707816866
-0.961555250021373,7.8731182176943,22,0.00247800503327585
-1.12504303280839,7.83109969015271,57,0.00244455102678325
24.9575261595945,-5.23129684359714,58,0.00057981272101551
-14.3642562047798,-1.54965258814736,100,0.00092486985330326
0.93648405871561,6.38396619690673,27,0.00214706949285134
10.5269241075579,-10.9544683892155,63,0.000615507330634758
-17.9116491052002,18.1821913162154,75,0.00236455769213853
4.75315803450506,6.31204932603787,41,0.00203268167054438
-3.67796372061644,18.5248808506831,92,0.009025601471911
0.599948784832532,6.04855329820332,32,0.00208223124886051
-14.2325423144758,18.6153504676114,86,0.00336074970719767
10.0180534682258,-1.58793193309687,100,0.00102300129092666
3.55132920670188,-2.56394436279501,100,0.00105462479255509
1.20986283509647,6.19606500760058,53,0.00209624097317747
-19.3705502696981,19.0982094763339,86,0.00216680100260706
4.25617647030375,-11.0600544596374,44,0.00065007549602797
4.07889869557642,6.27513926602652,10,0.00206399210897092
0.746058363936165,6.23849763539254,42,0.00211326952631473
-2.2329642600346,19.1184702067068,46,0.0115044245197606
-4.78755664474861,-10.9186964069556,56,0.000652186033474443
6.83489197393611,5.9330958965634,41,0.00187772246485571
-8.16300839217181,-7.32949803870608,100,0.000760500544036053
2.2823941927117,6.29704635232194,14,0.00211629198861648
-24.5104919454741,-5.68722455710958,60,0.00057697930856433
-15.0371902380427,13.5324862496349,100,0.00226587222267407
1.94916011393094,5.88894882354977,58,0.00202723953802368
-6.94128884107337,18.6513889974597,38,0.00726196540247504
-0.00204167030588442,4.99208855695755,100,0.00187652855720408
-0.862353224993065,6.01664452808684,65,0.00206045023441549
3.90915689126424,5.90002661502387,42,0.00198934817586531
5.20590250419461,18.1680399400092,86,0.00765928638422341
-0.882521803809827,6.77169996795985,45,0.00221754878942746
5.72249209893881,6.48030443814817,16,0.0020309016307748
8.00145012923109,6.19097586608961,13,0.00186628316994976
3.95984229076152,-4.18099369916689,100,0.000950312150357318
7.03501739717325,5.9890518644034,92,0.00185878823658044
3.82198920249683,-11.1688049549831,22,0.000648907083621617
6.5003996552931,-9.62743460991709,100,0.000686079702739957
1.83473571114167,5.99866244977264,35,0.00205871722230399
1.55506322069869,5.91831806973683,38,0.00204661845511835
12.9634332150953,6.34977235327746,56,0.00156913287531073
1.67390160706087,6.32092738944461,30,0.0021245503572941
7.47793915240883,6.33635170430598,87,0.00189092677687242
8.4556595840437,0.220090483379832,100,0.00118282711349917
6.38407059496692,-11.3046260361415,46,0.000632822441810262
-22.1546798426433,12.4093322239641,100,0.00135227937725014
-24.3533043974916,3.31947954642933,69,0.000831129294077026
21.5000895415704,-10.9821256687098,56,0.000505673255133655
1.90882316350371,5.82813912075224,30,0.00202838952923259
6.6010602166477,6.06569462801161,58,0.00190359940686572
-9.64069819581753,9.44518470963473,100,0.00226246904301629
2.74901990600544,5.98888200790441,50,0.00203310724427927
-9.35432241778987,-11.1988786968859,40,0.000618009963864029
-4.07096497734003,-10.9920242077342,56,0.000652464870171239
-0.302851029125363,-11.3284171773791,65,0.000647953083560837
-3.42806486578157,-11.1338264742433,66,0.000649406520552108
-1.92867719954537,-7.5288613989807,100,0.00078983964650341
14.9217766661734,-4.62572694625806,100,0.000776419720255069
0.49566415019169,8.35747744371547,30,0.00260048757708657
14.2722386911499,6.54091649674746,51,0.00150544864616856
2.66941139295147,6.14708276383063,29,0.00207283443787354
-18.7867884563375,-2.30431489259158,100,0.000785666386303419
-0.507390075225601,-11.3257706472772,73,0.000647634872917013
2.11675944534005,6.08044518733703,34,0.0020696027759668
-0.777849019848188,7.64609353049484,34,0.0024180403740476
1.2624243330971,18.691864944345,43,0.0110044805891103
4.77506358829969,6.33327214409931,46,0.00203353109904967
3.2415183027009,-11.3595741060747,44,0.000643467365662925
5.03861157498177,5.88485581443845,25,0.00195407959059343
-4.08561890913877,5.4707387173122,100,0.00189419898665813
-11.9139475856865,19.0635582986127,83,0.0043755580741628
-0.463804479866629,8.61522170324139,50,0.00265586493387248
4.55106612471341,-11.1326827193514,66,0.000645686637163638
-7.88612482581568,-10.9284618294047,23,0.000636929448232635
-1.15126645177979,8.50343986000996,49,0.00261882474372402
-23.5280606059061,18.435313363845,76,0.00153629029025929
-0.351305215890333,5.88126529298545,32,0.00205194070522732
0.993899785147055,5.93782936062968,22,0.00206302719362013
0.812880246701938,6.35863739886486,58,0.002128911961236
-9.75475761448111,18.5119901511972,69,0.00525307504454847
11.2197107145085,5.88319520157327,24,0.00163340729474025
2.02945336890664,6.38073386627752,20,0.00213478319830206
11.6349142750046,-11.2187435875478,45,0.000599514267830472
0.106218331364831,18.8287084463108,41,0.0115474998582087
1.55261554193659,6.36874463035941,67,0.00211891885424982
17.6230374682555,6.04409766014088,62,0.00125998544067117
-1.17954851323854,-11.3243000929151,52,0.000648088747058193
4.54363020073849,6.3143686610417,35,0.00204368141306898
-12.0357490534626,4.29742347950002,100,0.00140842391561117
-1.05486817673602,-11.0232004709546,46,0.000658495558694682
-2.58438678349011,18.3272078440595,57,0.00959897928418945
-24.6346796306553,4.13769897211536,86,0.000848050804044566
-2.70391985064997,18.3796933417962,63,0.00957745887666053
8.76096622170515,6.02250803944518,14,0.00179860787113393
-2.37407653106065,-7.18047598591414,100,0.000804208389463227
24.4999111174373,-6.58211807360157,58,0.000557633897997455
11.1294054638044,-10.9294362827652,48,0.000611889913126837
12.2252475391303,5.81731825120293,45,0.0015605688534412
3.56096602289204,6.29998152534425,14,0.00208390135655562
6.5411710848078,-11.5593552920525,89,0.00062244373331841
-4.95414848796914,-10.8725465666096,82,0.000651911526966251
-6.24026663169563,18.8425106715731,41,0.00798216275081491
-1.07154147227545,7.93344092978132,15,0.00249584312422208
0.801999514782892,8.27204843283041,27,0.00257744936817402
1.93110675963853,6.02977254311747,15,0.00207149577314943
2.7668793180948,8.83089565486763,49,0.00266233263322013
-3.17646053414135,18.521813646645,52,0.00966971101293582
-8.17714740359537,18.2465389214646,79,0.00594851672057228
7.07455914054572,-11.3403685488573,51,0.0006278188409485
-0.466792485539975,6.04968227813869,30,0.00208392916145623
0.61867606952193,6.46737312140563,92,0.00213592552164828
-16.3827091307508,18.4035335644824,71,0.00273341827715197
-6.07455586773409,-11.2226313247264,40,0.000637206529326985
-0.831648330908199,-11.4093578971023,43,0.00064596471831426
-17.6505764217917,16.0351307716583,100,0.00216778383646833
-1.36637472832231,-10.924700793085,11,0.000663034627477016
14.4855681479449,5.58963826793215,100,0.00139712271645261
3.47484556013629,18.5014050328265,76,0.00924368340623706
2.22335834142803,6.04093992559206,40,0.00205774174561873
-2.18248656570596,-11.1900437803316,23,0.000652329898780743
9.04652925575378,-10.7867059033408,68,0.000631630507192026
-1.63210965386891,18.9291059208837,43,0.0114093092081378
5.01894948756023,6.17096252412826,10,0.00200981268154087
3.64853850261849,6.4370693309861,53,0.00208983035328688
-7.01534417243414,-2.22922178610066,100,0.00103675107441129
-0.574574854837256,8.17677908034491,71,0.0025264712862128
-2.60875813199192,-11.0399346919631,12,0.000656940581902861
-14.0340815036189,18.5974350200829,75,0.00343436729306073
7.071657781568,-10.7309110935619,23,0.000648271680097891
-0.581136469349654,6.1597908016822,73,0.00208554299738207
2.88589363921321,8.470170720813,65,0.0025526953840361
5.78299402232306,-10.9204795840528,47,0.000648060644755438
0.394448165381681,18.5789531940401,44,0.0109149620916406
-8.89783386785386,18.8905413294857,42,0.00606995724992147
-16.6190290067381,4.13385121202153,100,0.00117774268537041
-2.21307919958136,18.5159642167801,35,0.010348451000135
2.4224416536883,18.6528826249159,48,0.010377427990171
-3.93570535614273,-11.0885209448554,41,0.000650375064447993
2.68338741456896,6.02767167620873,23,0.0020529408757206
7.18898746523284,-10.9906850088495,70,0.000637326577921926
24.8402213860855,-5.16861406762467,80,0.000582442194527643
1.18139176471095,18.9386184431051,53,0.0114666030373714
1.6753709169173,5.8481407695287,91,0.00201051815155966
2.2823941927117,6.29704635232194,14,0.00211629198861648
-0.812474874833949,7.52303411679693,48,0.00238093219155282
12.2446935338416,6.15381269265484,75,0.00158844694353397
5.93777456007112,-10.8834713826436,20,0.000649641512341734
18.0524367673847,5.97421461634615,52,0.00123299519650349
0.423479848628111,6.02052855083519,25,0.00208074615734868
14.0226427103475,-10.8552537358414,65,0.000587198347655635
0.621836298728145,-10.7359796124574,28,0.000669418998600276
0.627279411708417,6.3818057281045,33,0.00214610514780169
-3.64821125327656,9.13811514827968,100,0.00267547296285845
-3.70597261795163,18.6733021184422,71,0.00942033320877445
-24.5986519901018,0.344838443023437,56,0.000730595314855927
8.00183675055754,5.90860617461259,39,0.00181571133812914
-5.34237415484589,4.64960392613548,100,0.00173243625910426
-24.5277906515961,14.5454877065588,85,0.00126851611680594
-1.05750669936376,8.67899234301146,15,0.00269195102941221
-6.08188599083857,18.4773268920674,39,0.0077013073916175
-0.98200938373758,7.93615090610184,18,0.00249579241342433
-9.19644607730296,13.9852026214211,100,0.00348407878338047
10.6460532915126,6.00787171762712,27,0.00168206040526322
-3.53214484309815,-11.6456296736574,24,0.000634288576033583
-7.87754847917007,-10.9099487079158,34,0.00063712061646684
-25.1102773869991,-8.16868810073976,48,0.000516960853955785
-11.6470817943957,18.0546502172738,100,0.00413693872321128
2.58664240911642,6.1418268914403,86,0.00204949766197967
-7.64315112239387,18.6848592173936,66,0.00666113146608889
6.59386318852743,6.01415217889288,45,0.00190050805122937
0.61867606952193,6.46737312140563,92,0.00213592552164828
-1.86999909743509,-10.732533841681,23,0.000668370142283139
-3.44488311869922,-0.187211197172277,100,0.00123688347487122
-0.645645142028867,6.07889948545183,38,0.00208512292848333
4.14264307208037,-10.9938887516211,22,0.000653601951328968
-3.19012465134552,-11.683887086598,62,0.00063247321011187
-0.574574854837256,8.17677908034491,71,0.0025264712862128
5.67221678795916,-11.0609468695116,14,0.00064540640159285
11.4752538138749,6.51528207169896,21,0.00169396149967361
-9.66792737025363,18.992888784516,58,0.00559229701882275
6.11250252036704,6.51326254653422,45,0.00200601947338707
-19.7636513535524,18.7221317003173,93,0.00206472441177764
-0.22736215175477,5.93426435705443,82,0.00204104638833395
-11.5044621327678,9.09851389439736,100,0.00202309000892663
3.18713440862775,6.73666574836777,11,0.00218147096850192
1.72105587856514,6.04811837089172,10,0.00208040722539184
-17.8639208765673,18.2171267401723,94,0.00236725887145047
-2.3552850875732,-1.25901768564027,100,0.00115816138052772
-4.84502236136405,18.613481782146,76,0.0085109138856789
-0.976449249597005,6.97288912421174,9,0.00227750237608197
-14.5895287924975,18.6961886391533,74,0.00327703991471585
2.67751886996998,6.17284432608357,15,0.00208352245542972
2.82363803948794,5.99635629395518,81,0.00202001068733391
2.91643414487233,18.5656317121865,43,0.00998852890302071
24.394573742202,-4.79970630882489,84,0.000598396286658329
-6.24026663169563,18.8425106715731,41,0.00798216275081491
0.805567858008143,6.19334912546975,49,0.00210107317249428
-0.695235790584038,6.35735473958007,10,0.0021514572010853
-5.4300234874158,-11.1018776068205,92,0.000641967869534407
-8.52127526284325,-0.00173067416455841,100,0.00116433678728058
-7.63440611095208,-10.9126297870178,34,0.000638570498734786
0.024481836032419,5.82497218411048,23,0.00204583274315553
3.35468983700229,6.39544232164877,29,0.00210156779746778
6.9796970183514,5.97351907636021,21,0.00188398669179087
-6.97600252999613,18.5041549312285,64,0.00696764219755753
-1.1715311302429,7.87614763356725,31,0.00247049468098883
4.63172213131876,5.97932472302019,47,0.00197678510827514
-3.14633363643346,11.1939164032994,100,0.00336021562012728
-18.2931892582325,-11.2425970598131,84,0.000533888145817247
2.4224416536883,18.6528826249159,48,0.010377427990171
-3.12834638657214,-11.3195496827734,85,0.000643367540564974
1.42763093660967,6.13901553000372,31,0.00209251431948712
7.24987488118876,5.96161354520639,55,0.00185682008732595
-6.24026663169563,18.8425106715731,41,0.00798216275081491
3.29948782567727,-10.7705565378259,43,0.00066290885910948
-0.971586315536877,6.02638303909185,9,0.00208548062566604
-0.794555032006398,5.87031460903613,19,0.00205324925064555
3.19389171462682,6.5592214187407,18,0.00214280620889452
5.28963696053222,6.60622021979852,78,0.00204726334798004
-0.177091764889443,5.86003438615295,18,0.00205429407487231
2.66941139295147,6.14708276383063,29,0.00207283443787354
12.8800539412573,-2.46069585111226,100,0.000913061626456163
11.4820381964097,-4.87169264518854,100,0.000824278086952283
-0.922142119705447,5.96589617258966,13,0.00207272254124968
2.74232713203765,6.5339514098524,16,0.00215111859470235
2.2823941927117,6.29704635232194,14,0.00211629198861648
11.2053873808434,-11.225045360916,90,0.000601250934519827
2.18310588625057,-0.483132956484234,100,0.00122238899944001
4.62925737885946,-11.2938837927623,67,0.000640141584589169
-0.764478939102388,6.15932410431266,16,0.00210944475466828
-5.54731051387413,-11.3966174496409,50,0.000633772724656799
-24.648308204156,-4.00741692527998,45,0.000614042744485472
2.4224416536883,18.6528826249159,48,0.010377427990171
-5.90617141848781,-11.5274645222775,29,0.000628870078002757
-0.380202353612778,7.48453085224325,14,0.00239431690685828
-5.24677875624905,-11.1832643199204,19,0.00064316843347513
-10.8660983871641,-11.6494212192757,83,0.000592288951415083
2.10268017281353,18.699541483173,79,0.0102924172591402
7.6084007982442,8.7792225076677,61,0.00233093717119589
4.05607155988381,6.60967034794727,30,0.00211872599382543
-13.4430137090542,12.7203790910225,100,0.00238173972622663
-6.03946443495961,-11.0533380917119,23,0.000643492283648186
3.69903268141587,8.91350346086211,39,0.00264900380158616
8.13205493823862,6.39032587102889,31,0.00188277365855233
16.2005999834766,5.862924612497,56,0.00132822209898058
12.4912402481416,6.11597296272244,74,0.00156939420900153
7.72993966794529,-8.5447601041573,100,0.000716820441533682
0.995487690938874,18.7795634948644,44,0.0112652235186209
-0.70688625198747,-11.1618551738887,17,0.000655349946563622
-0.910758329941419,6.87280349712047,41,0.00224042056337528
-0.0514093995840192,5.96368704448315,11,0.00207681610005698
0.394448165381681,18.5789531940401,44,0.0109149620916406
-24.8996408501483,9.45984323014648,72,0.00103444242095036
8.46703287440539,-11.2628850801266,26,0.000622708247967284
12.6428463728209,5.65955621521312,100,0.00150907602321477
-10.2556717340962,-10.887737417411,85,0.000618787862989291
2.8149738894802,6.48281043748916,64,0.00211746803321116
11.3825110040712,5.9140292331164,62,0.00161722687919415
-12.289013293093,-11.1916923951792,50,0.000594511925428901
3.85124029261794,6.02621354879394,38,0.00201490527511425
0.573064806253694,-10.9070390872235,23,0.000663786480407523
-2.7544919507491,-11.010164315089,23,0.000657127812661667
-1.1715311302429,7.87614763356725,31,0.00247049468098883
-0.373251051538901,6.51005151676194,28,0.00217526840180949
1.13010235638503,-11.5246542779323,23,0.000642786519550021
11.0758870531578,1.66902965436995,100,0.00122158600926644
0.532191903376997,5.85844007150571,11,0.00205589042449228
4.41757146425445,6.22293112786937,77,0.0020147797597253
-1.13952407211894,8.40994252943736,56,0.00258965164630435
16.5264677346434,6.36815395024313,98,0.00134088213970821
-4.59055087398269,18.738232523471,55,0.00903315068585944
-7.20679160801567,18.33656768693,32,0.00681393176043484
-13.0453251613331,18.3534399794411,66,0.00373023410764331
5.78983832585888,-10.8067360978371,81,0.000650306991098461
6.70465903964366,5.90803900411132,25,0.0018857382163843
6.06331051804461,6.03191762675725,38,0.00193056206663635
-1.99261090634149,-11.2185376445532,18,0.000651932901617176
3.23593850347019,-10.7424505458407,23,0.000664930358720362
-0.408222694102062,5.89916013372542,58,0.00204415200081623
2.4224416536883,18.6528826249159,48,0.010377427990171
-1.12396445441996,6.22383929174058,21,0.00211666542530751
1.3113178880884,6.06416140352415,36,0.00207756374387446
-7.68897541500116,16.8898565112261,100,0.00528003997442167
-0.561882990787938,6.54639909863997,18,0.00218656195103897
0.915660265348295,6.2907811293503,13,0.00213527411356523
17.7504633708557,-7.98087181406302,100,0.00062125822958582
-24.7158380948717,5.04908449620132,94,0.000875988192905461
-2.56551209859867,3.40960748774439,100,0.00162769695011209
-7.87478107570543,-11.3568312963221,43,0.000622948179809529
19.9952906090382,-10.7883803336764,68,0.000525954411564583
-1.09235042366682,-5.27929041199701,100,0.000901397315584542
1.92945561135089,5.99384142517527,95,0.00203125395443838
2.91836501334383,-11.2902298200063,45,0.000646514753820809
3.45898101475287,5.91842169687523,14,0.00201713500268634
1.89497404330347,-11.0544621879386,23,0.000657365612326751
17.1560563719175,6.23751029004746,23,0.00130699003708196
13.4342544029785,6.20370571810884,80,0.00151876710405364
1.8958782258091,6.77496539629014,19,0.00221716633390015
3.81469422869168,-11.0471194138991,19,0.00065307700740281
0.765533030814189,6.18514117616097,29,0.00210863645610952
5.35948813816876,6.20750763366832,32,0.00199318706812101
1.87123658638174,-2.26255381665833,100,0.00108595882689555
10.7439226305949,5.97486321233962,30,0.00167127331786453
-0.23932675375181,6.10997398620788,22,0.00209962438022042
-7.31449186869513,-11.2584786442424,52,0.000628948678863184
-6.67504012489793,-11.0703788104646,52,0.000638435975435994
13.8961824033529,20.4517370358042,100,0.00387738834619027
9.20334890958303,6.00958551791789,24,0.001768355197276
5.31200319831938,5.97670362290139,23,0.00195943528182856
13.4046605085762,-2.98112180861803,100,0.000876549453949942
-4.71172009391005,18.1584355566122,69,0.00805505546633137
-0.0578072646163903,6.44184221607208,28,0.00216218665258564
-4.56322661011298,-4.1179493346609,100,0.000949313930346737
-4.2784642758633,-10.9398650613436,30,0.000654565204205118
0.49566415019169,8.35747744371547,30,0.00260048757708657
-8.95372416644394,-10.8125019305645,59,0.000631860359366392
2.43404884186079,18.2822166809426,36,0.00978634450211686
-8.34888992395433,9.89631807025012,100,0.00248544010231961
-3.23063062174553,-11.5540948000251,28,0.000637874598876422
2.44716578485342,6.06180640842909,16,0.0020673768862423
4.40261053853885,5.84894950543628,12,0.0019761880187468
3.97199474835229,6.02068681759302,29,0.00201374453007488
1.4314624215277,-10.7684477197211,21,0.000667867701930478
-3.58802163603337,-11.1030948982747,65,0.000649986301009898
3.32381639145507,6.07310807477656,37,0.00203927121082967
-0.902057384829867,18.7594531589934,42,0.0112666974410039
24.4654354651099,-4.09216939718798,62,0.000614749575841959
1.3086678548491,-7.71045551545914,100,0.000783110602487592
-6.80582208456989,18.8355401461862,73,0.00735383901896572
-4.44291402498992,18.2517045402401,47,0.00849736250554453
0.306468481006743,5.90272873722524,19,0.00206155407310465
8.64287019123975,-11.4660280438868,28,0.000615371784097467
-9.33492584804489,-1.27987991444432,100,0.00105680712038132
-10.6889058901393,-11.1573066593855,36,0.000609310126558519
10.8154871451199,5.89928797030533,24,0.00165946758420395
-0.00851806383269782,6.26078610583078,13,0.00213319454369457
-1.79488932491078,-8.36623909830266,100,0.000754402374168672
-0.133323516167283,8.843047361384,41,0.00272694848019996
-0.78222148505068,6.25951614634037,11,0.00213107309718698
1.84993423145708,-10.9963070522339,67,0.000657491638257626
-13.8385337414404,18.8556297884585,81,0.00355104865928678
1.85489977614768,6.51300568194258,24,0.00216221554864026
2.66135687527541,-10.9858994279117,33,0.000657728689509656
-4.23367403052628,2.29500176024511,100,0.00146744333880881
19.7982448923202,6.63889268890041,94,0.00117280131213089
4.4326909016136,5.91442655536841,19,0.00198368544555191
4.67812242754958,6.64152491462924,18,0.00210587515738403
-9.66792737025363,18.992888784516,58,0.00559229701882275
-0.822758367631327,5.99720948636115,11,0.00208024081197937
3.36046885192013,-11.0272636431979,43,0.000654103887821569
-0.201869135490668,8.65535418063849,19,0.00269028638876571
4.4326909016136,5.91442655536841,19,0.00198368544555191
-4.99299121184002,2.46747755716907,100,0.0014712937707926
-3.65728507547021,-11.0557355946621,18,0.000653335404164141
5.10213414152564,18.413244795531,86,0.00801299348341531
3.02315357745513,19.0170603600488,43,0.0108038150741084
-0.78222148505068,6.25951614634037,11,0.00213107309718698
-4.80228828642729,-11.4754999910024,31,0.000635145757914268
4.07889869557642,6.27513926602652,10,0.00206399210897092
-12.114986952098,18.3715812145092,69,0.00408784864883875
5.72249209893881,6.48030443814817,16,0.0020309016307748
-0.741012418627626,8.41220573189191,14,0.0026238808374252
-0.47344191374078,7.92539404687189,39,0.00248470087677364
3.41691536498543,-10.9351829682304,47,0.000656841018379832
-20.5932600234738,18.2819285419502,78,0.00190640873273034
9.20737158316613,-7.71824458685349,100,0.000734982769696399
-14.4192362463314,-11.0210959175522,98,0.000577884001168205
6.73867676158657,-10.8905009968284,21,0.000645116396027295
2.10271457088674,7.97855130578954,76,0.00244951818822374
18.6475488402959,0.121652874465274,100,0.000887219704233465
-0.00851806383269782,6.26078610583078,13,0.00213319454369457
11.5609590197574,-11.4498929204852,97,0.000591848490342912
6.83869908593018,6.25835246463185,43,0.00192806998735497
-17.0807929403053,-3.71422035916691,100,0.00077002216454071
-0.180073164940035,-11.2243325920978,42,0.000652394416839537
3.58799943027141,5.82787977981346,11,0.00199862688099727
-3.95170321816866,-11.1565081935448,69,0.0006469136745288
1.13750455706169,6.20917135320447,11,0.00211816474494044
-3.04374074013351,4.68983714537872,100,0.0017983054055911
0.306468481006743,5.90272873722524,19,0.00206155407310465
-20.9841226255221,5.65943287677979,100,0.00106027172561634
5.24139930392509,5.81804174356979,24,0.00193545014777501
-8.71575755996656,-0.0848258031590614,100,0.00115360506815496
-0.217927392552581,18.5031462899468,42,0.010784888503523
3.02391251405432,6.0733745877763,39,0.00204642963588372
4.05607155988381,6.60967034794727,30,0.00211872599382543
-16.0457875411826,18.5911093101282,73,0.00284411241645823
5.68461046943514,0.129417733477483,100,0.00123263596932932
-0.0514093995840192,5.96368704448315,11,0.00207681610005698
-0.581136469349654,6.1597908016822,73,0.00208554299738207
5.27616053133121,-10.8077609459729,15,0.000655509812705473
0.331121639727462,18.668131265136,45,0.0111081721644901
3.26214841531494,5.88712967504686,83,0.001989242374374
2.05098423685294,6.64719552393925,42,0.00217702221258927
-1.3868085588702,18.4346568706444,53,0.0103109124167214
12.3655175027494,6.21003817380608,47,0.00159418090819317
-1.533049787323,18.8976609207109,42,0.0113899217762387
12.6428463728209,5.65955621521312,100,0.00150907602321477
5.34633547191186,6.42035370305662,26,0.00203336455877215
-10.735672496282,6.39439791774483,100,0.00170654058230601
-1.19653751334146,7.67336596318009,25,0.00242493146400255
5.70389951457294,-3.22154925711687,100,0.000991497911360464
-0.338047632783887,6.15935437515596,31,0.0021048779351962
3.60152489732763,5.92856083755458,58,0.001997147231862
3.5920862477235,5.94433916523079,17,0.00201672087522436
2.48686759967088,18.6850689488362,40,0.0104945506871693
-18.334780814436,8.38848931998123,100,0.00137882910233453
-14.471190855791,-10.8962902311649,47,0.0005823561736756
-14.8642745194687,-7.44004423579956,100,0.000677035223600808
3.64426219805927,6.3131678863269,30,0.00207683941995115
8.67929981196278,-11.0286762983043,27,0.000628394704047255
1.28901799100966,6.1890564596305,19,0.00210905535956778
-1.6530521592141,-10.8376385512939,49,0.000663950465546975
0.389446374997601,5.8764037524924,15,0.00205809802100021
2.10499112758241,5.83775692857417,20,0.00203101107171641
-0.0784354452915895,-2.48087561394876,100,0.0010746322713084
-15.8928770417484,17.3361944385284,100,0.00267909024790603
6.70465903964366,5.90803900411132,25,0.0018857382163843
-1.08989208356257,7.01874196582101,10,0.00228572258092214
-6.2635423860898,-11.325295122026,17,0.000633947710068281
7.98459050982784,-10.951319362628,61,0.000634047412489727
2.81251309009182,-10.9505650614267,15,0.000659340465407649
-14.4536417750434,-11.1979232481392,79,0.000573615961540971
-0.501784189529619,8.48235402794471,51,0.00261921456934875
4.4021792851551,6.20791057448427,11,0.00203978946328364
-2.60875813199192,-11.0399346919631,12,0.000656940581902861
7.48126384096935,5.93642473540674,18,0.0018540229571764
-15.5096105303182,-2.96851621944964,100,0.000832693113192441
-7.49544511213905,4.13665106511726,100,0.00158998028437148
9.30940739624187,5.85990106584788,71,0.00172793702603216
2.14089709941089,5.87265369327107,24,0.0020350758277088
3.45129270530525,-11.447564661157,20,0.00064102801949884
13.5168508452798,-10.7902293957345,100,0.000592577838601318
7.30126727939366,-1.82632056262096,100,0.00105869342995938
-0.581136469349654,6.1597908016822,73,0.00208554299738207
3.02052593320178,-11.1910646884052,64,0.000648715940995018
0.725922130185432,6.29784101619887,9,0.00213991648910252
15.4775374783423,6.50816409734515,29,0.00142998336194929
7.47978061918588,5.92478730592113,18,0.00185234619220286
-1.14701546086625,-10.798311351107,53,0.00066574473129664
-10.9666398587761,18.6299459364638,94,0.00463424453111833
2.11504561992881,6.29229004907493,99,0.00208119214653095
7.79927267630192,6.47331015239428,80,0.00189691044425348
-1.3391444155216,-10.8468709604054,48,0.00066409359903746
-1.06426162050569,6.34659406127304,74,0.0021172379878162
4.14941750624565,6.06825291056668,15,0.00202202892517049
-0.725242216069088,6.8890333818118,22,0.00225499354836327
5.78346400915146,-10.8042984200017,47,0.000651859466274105
1.39856515408899,6.02841618863412,19,0.00207714950839393
14.2495699361958,6.44659589074814,91,0.00148889719527728
0.874752835619045,5.82690124352271,9,0.0020488524693179
-0.804059888807779,6.63645199525615,100,0.00216431965847792
5.01894948756023,6.17096252412826,10,0.00200981268154087
7.02011253503158,5.95872212279004,36,0.00187440341172
3.19389171462682,6.5592214187407,18,0.00214280620889452
-10.5953309734376,-10.9033100495557,49,0.000616997522793998
2.47809039524389,6.5342713330625,15,0.00215804976568272
2.02945336890664,6.38073386627752,20,0.00213478319830206
1.04487950312797,6.02119097422249,10,0.00208341871289674
3.84378237328635,-10.751638619347,18,0.000662941056967925
2.91417934186127,-11.2084260198979,65,0.000648368870381716
0.45205887735413,-10.986128045696,66,0.000659272689733363
-4.05088089945218,18.2385050766183,38,0.00879448831680068
3.65549378643805,-4.8830425644464,100,0.000912865693620235
1.52974926676092,5.9153814898132,9,0.00205862277324115
3.29364527170005,5.88836114745849,19,0.00201427590716375
3.13719777817015,6.21275104614786,14,0.00207986732006678
-1.74133990007389,0.216399208995395,100,0.00128671934725852
10.3584231303547,5.64108122282105,100,0.0016368401723134
3.96660782553689,6.27834682793411,19,0.00206459680663349
-0.910758329941419,6.87280349712047,41,0.00224042056337528
-8.29620041850307,-5.1890501044009,100,0.000853934986684337
0.174899501971948,5.97655026817004,27,0.00207223372059224
-4.98627396056543,18.8219086457162,74,0.00870523833229151
-24.5456345684994,-7.44418910557871,93,0.000537876684107067
0.024481836032419,5.82497218411048,23,0.00204583274315553
-11.7770578142121,18.8010594650163,60,0.00439199648674687
-0.380202353612778,7.48453085224325,14,0.00239431690685828
10.3663661141024,5.98122241196829,35,0.00169320044265819
1.09486848178503,6.59271452804588,35,0.00218364577904498
-14.057432272165,12.378284088399,100,0.00223596498721945
-12.1546071118528,-1.8960987231625,100,0.00095864921310564
6.24773734864695,5.86283896023688,21,0.00190126833805752
-1.11315089956049,6.58255107018536,75,0.0021625244049216
2.50228932558938,5.84551794971231,12,0.00202817425075454
-0.344694642990731,7.42032827641144,55,0.00235654245525415
-1.63210965386891,18.9291059208837,43,0.0114093092081378
-10.203204369844,-11.1989311257654,45,0.000611544860147119
-8.97319439755963,18.6623959005905,78,0.00575248641757482
-15.9430989958226,-2.00689286867424,100,0.000864910858838877
-0.0514093995840192,5.96368704448315,11,0.00207681610005698
2.27872009103301,-1.12179341966508,100,0.00116944081042191
0.378879817344648,6.01472786185967,18,0.00208283667574958
4.4021792851551,6.20791057448427,11,0.00203978946328364
-0.238393741502815,18.9347761710556,72,0.0113843983571556
6.61168532435768,-11.3440061226725,39,0.000630689459950265
-4.56833737168272,0.258302693623337,100,0.00126152303504792
-5.03709202698658,19.0163003860734,42,0.00919910919468808
6.17790412068791,5.91984399106596,15,0.00191573754092543
-18.8683310495034,18.3637937158749,75,0.0021996570552472
10.8363280783312,-11.3696605351099,51,0.000601507294191773
-16.8305928070686,18.5274653387122,91,0.00262888693610828
-0.363911159273188,5.89346805892184,58,0.00204325050909932
-0.145827059153444,6.3937608007774,28,0.00215250615178234
1.53168897181218,8.40201683908609,44,0.00258860623063714
-24.899692627813,10.3806665226018,93,0.00106864323629785
0.750015093909028,6.32653753411467,11,0.00214451109586398
-0.984373935845278,6.0698457868462,46,0.00207755656204586
0.874752835619045,5.82690124352271,9,0.0020488524693179
-0.822758367631327,5.99720948636115,11,0.00208024081197937
-16.2144285563123,18.3763507926887,76,0.00276723357076595
-9.79290849881254,-9.86815972319186,100,0.000653889944736449
14.3224633954039,1.18550600236543,100,0.00107918112061071
24.4857752068794,-4.81301332423657,44,0.000597921359660876
-10.4537373478108,18.8882168300454,64,0.00507365183873141
6.32769687203752,-11.0854008445541,29,0.00064074582798231
-11.1046850542432,-2.35240085440018,100,0.000955950866650856
-3.5938636408209,4.64811999913551,100,0.00178041881424876
0.857488727187188,18.2484169138716,41,0.010189258023863
-0.115634803660352,6.02691880522137,13,0.00208789290769127
-25.0567513319583,11.7797578357806,88,0.00111587749567564
1.04180157107241,-10.9426209552103,94,0.000659141187410719
-8.6894503095373,-11.0815434233114,86,0.000624396054054587
3.57367856212381,5.99960674723259,59,0.00201003812439889
5.64437899334624,6.42244633893825,97,0.00199170770027498
-0.0316924486255949,6.36797706307528,94,0.00211746791414614
0.49566415019169,8.35747744371547,30,0.00260048757708657
-0.821860749130806,6.58664545685922,11,0.00219642811433821
0.93648405871561,6.38396619690673,27,0.00214706949285134
-0.544588003107695,8.75957745156461,38,0.00270364586468473
-0.665049713334725,6.8488003818631,24,0.00224584990283452
7.32988215116457,-10.7983676444375,64,0.000642841624265796
11.8517279720144,-11.0681884563681,87,0.000600397033327836
0.606277403197718,6.51661211516288,28,0.00217551379236851
-1.24165230594236,6.79628464452142,34,0.00222432363525657
-0.0636236266465362,18.322438401888,69,0.0101221026226908
0.111079296293515,6.53055285846306,18,0.00218478294852725
-4.10447861419441,18.5900296282509,71,0.00902502576258166
-0.88425682180143,7.62052910281377,45,0.0024046027016942
-0.815170410179714,18.1651997051796,70,0.00974862032689306
11.2463436182866,6.59819475254334,64,0.00170678126740411
8.62174216590647,5.86186680658619,15,0.00178346052582859
-6.23189552914889,-10.9817820158025,94,0.000641882491733149
1.28901799100966,6.1890564596305,19,0.00210905535956778
-0.895333427525387,7.89130129106991,44,0.00246974009860221
8.84627610893026,-1.53311412580745,100,0.00105021563403213
1.98381358873714,6.66805561141789,20,0.0021930430480875
2.70284908437709,6.23151655549638,67,0.00207146064456083
-8.59480312966288,18.1575868623654,71,0.00568077102409357
1.85910979485726,6.08231830252912,98,0.00204717286184279
-0.794364346121796,7.40265917240164,30,0.00236358916991138
-4.96027709786802,4.43687216757865,100,0.00171465953399085
-1.87922201807674,18.4330386667364,73,0.00993804861055405
-1.06823101967137,8.64034247619936,54,0.00265333027811142
-22.91119695665,-10.8431960273777,100,0.000491676655219968
-17.2811405640289,8.03212602730315,100,0.00142504462243195
-8.85544827020628,18.7874372766606,72,0.00592228366163371
-0.131460603647641,-10.9109269138007,51,0.000662559293678768
-0.450049275587135,6.1982215600671,22,0.0021160002845383
8.00145012923109,6.19097586608961,13,0.00186628316994976
3.9298603533573,-11.4581994600582,14,0.000639483179597638
4.39305923673669,2.59508652024413,100,0.00149795170057506
-24.6235555545118,6.45803383733549,62,0.000933255837713973
3.40183659705292,5.81759745798235,9,0.00200282204934439
5.08277355184521,18.4047302509996,87,0.00800890055436
-12.0924636050566,-10.7993945361281,40,0.000607617206885571
11.5656057538259,5.94010019510692,45,0.00161368294480559
-0.59588681418533,5.82338129844794,50,0.00203283801689226
3.27474117500459,-1.78340659322596,100,0.00111181556990329
-0.449061684060208,7.30607746082379,38,0.00233963449680283
11.3160070327581,-11.0707758690216,63,0.000605710195543117
-24.6237417085737,-1.11692865926187,67,0.000687917034383943
-24.7274279317199,11.622825838374,70,0.00113246095860672
1.3388724071222,-10.883338227872,83,0.000661316356035118
-6.8290823932068,-10.9686326890252,96,0.000639020080605369
11.9786693258239,5.18095667014827,100,0.00149748890949575
3.69099407290711,5.8567347096317,24,0.00199552004291516
0.915660265348295,6.2907811293503,13,0.00213527411356523
0.683267054036608,6.31865226243383,31,0.00213424049344316
4.89643311864579,5.81418377641443,12,0.00195255845911632
-7.52656037012005,9.14404421919643,100,0.00239875243693128
-9.21245481649003,9.48246428519205,100,0.00231187378698116
0.374867779868098,-3.21777742422034,100,0.00102464623994313
0.513439653691193,-11.5604030321212,31,0.000641712509851322
-0.996770067013721,6.61024931728581,70,0.00217155749232432
5.17893048644644,-10.8772224220884,48,0.000652234685779549
6.27526347712042,6.01696076913403,36,0.00191919320857235
6.62426578071275,-11.1270156291891,76,0.000635943942047867
2.11039140130449,18.2656077401611,79,0.00949389661253082
-16.0457875411826,18.5911093101282,73,0.00284411241645823
3.1474681952557,6.1616776631038,52,0.00205390102756379
0.722480593528747,18.2631014955134,75,0.00989636922572782
5.20233056630102,16.6614733702415,100,0.006157638468152
2.77691160254065,5.9617923359905,11,0.00204374488672722
-10.8572675202289,-10.8677453001454,67,0.000615227407992517
-9.66792737025363,18.992888784516,58,0.00559229701882275
-0.348208415680494,8.89163383170895,88,0.00270512966928978
11.7216930428799,6.101932889877,93,0.00161013392758743
2.28588640937545,18.673113917071,46,0.0105099579085239
-11.283879389052,13.4385082819918,100,0.00289651894733472
3.84378237328635,-10.751638619347,18,0.000662941056967925
-0.0426937580896655,-10.7627624352929,27,0.000668710218689803
0.306468481006743,5.90272873722524,19,0.00206155407310465
13.3314410734164,-0.227480179633144,100,0.00102395618802151
0.229358829773536,6.35224808032802,91,0.00211555071844655
-6.08188599083857,18.4773268920674,39,0.0077013073916175
-10.4326550705079,17.3908920410872,100,0.00437887057767194
5.24139930392509,5.81804174356979,24,0.00193545014777501
6.08326250394378,6.19841210384156,34,0.00195853771204344
-13.6539756719514,10.1788239733562,100,0.00196463755277677
-9.63621407389689,-10.9308633524087,89,0.000622089950650449
6.06331051804461,6.03191762675725,38,0.00193056206663635
1.39048955739036,-10.8618792683093,31,0.00066426905456654
-0.242660658480728,-3.37226534043725,100,0.00101472212117002
4.07889869557642,6.27513926602652,10,0.00206399210897092
2.03238375640881,6.63380775866732,20,0.00218514619974663
4.71019160172732,6.54492071426982,31,0.00208085281809701
-24.7907755956014,17.6435647864281,96,0.00137083131875715
-11.8471243179849,18.9978061109256,84,0.00438181871773392
0.49566415019169,8.35747744371547,30,0.00260048757708657
8.27176962624983,6.54948790909713,26,0.00190072957342239
0.473052532201855,-10.7593686750933,15,0.000669265260589966
-5.99652881396214,-11.5159653628412,41,0.00062832883670926
24.8863421388539,-4.74775770912142,76,0.000591303994886818
-14.7253677003589,18.8040152256376,72,0.00325763992302995
-0.826410683810677,6.17608762790425,13,0.00211358577313945
-5.25956848467382,-4.51972106654114,100,0.000920733648392333
8.0487454944498,6.04907132371749,44,0.00183199230427926
-13.2151527492234,-10.8720307300029,93,0.000593434057450655
-3.16692092973681,-11.3134257967858,53,0.00064479334372446
11.4349516641392,6.18201562152522,26,0.00165495043045334
-14.3010069767699,18.6380778913211,86,0.00334351498742692
-17.5353504936709,-10.7220613201238,100,0.000553691359680566
6.80481011958899,-10.7709294233398,40,0.000647814979795375
4.24056702924255,6.31030561605802,15,0.00206259565826209
-4.45350346716573,-2.72676705363839,100,0.0010358823329898
-17.5651132386782,18.5865709295824,72,0.00248352423332927
7.55260731727323,6.2979683895978,36,0.00189927254797667
17.7596412484281,3.86288480964783,100,0.00110959872122817
-5.33403799510593,-10.8229228666101,18,0.000654614305269676
5.48824109788249,6.54174883040747,21,0.00205068340642234
-10.300597283886,3.92585950519097,100,0.00145157781551715
-24.3003592874425,11.5428212340002,94,0.00115327069737285
5.96878083892679,6.53574722053368,27,0.00202427590168584
2.2823941927117,6.29704635232194,14,0.00211629198861648
-0.660003579247257,6.23922864952505,92,0.00209184104197287
-1.25319421822286,-10.8017072200716,42,0.000666003036593624
4.46124684424579,5.95132236621299,94,0.00195983118916836
7.10173529329976,-10.9829049035972,59,0.00063852764395143
15.4775374783423,6.50816409734515,29,0.00142998336194929
0.111079296293515,6.53055285846306,18,0.00218478294852725
-0.0440585470279186,6.14082655408665,20,0.00210668631470123
-7.74722493026558,16.1553188086445,100,0.00483210872642527
4.6849523064296,-11.0476590274405,77,0.000647478900705168
4.33627012643059,6.51925645879764,29,0.00209168123734477
-6.61612232975312,-11.073671285444,38,0.000639222271577711
-5.61709299287992,5.31512459536044,100,0.00181890983760257
-13.480105350346,18.329654482531,81,0.00355157423292806
3.47484556013629,18.5014050328265,76,0.00924368340623706
-19.2948829973734,-1.93338166436112,100,0.00078745568153022
3.61986554211673,-4.07536424986614,100,0.000958817956977492
-0.936430087699424,-10.7384956984474,17,0.000669605265149069
-4.97457063296852,8.14216901041209,100,0.00236133672084451
6.7169976724199,5.98567520400294,72,0.00188055041880628
6.04929189403435,6.17083936607397,23,0.0019597536059892
2.45975670094568,-10.7436744996402,89,0.000663926641829286
-0.749911887836674,6.22465007689258,30,0.00211593097897178
3.46125594363513,-10.8684003782702,41,0.000659210552333379
-8.93666372638637,4.04868622666248,100,0.00152252776130553
1.57065057632982,6.4624014523659,41,0.00214879063114802
-1.01090484376747,-11.3017373110794,98,0.000647055958565145
-7.50751881763653,18.656554030982,100,0.00657938002750669
-3.00051438097941,-11.4927340488264,21,0.000640722108724177
-0.976449249597005,6.97288912421174,9,0.00227750237608197
4.13164584063628,18.2285682922851,80,0.00842035915796562
-11.5467526484805,18.2818287865975,71,0.00429012328233827
0.602350371844127,18.5978701019344,41,0.010968066891873
-10.039034846455,-10.9608376788703,69,0.000618912758366915
24.3528015990339,0.362703906574216,88,0.000735873509964163
3.07405531066329,5.98202422208678,19,0.00203686433787938
3.13719777817015,6.21275104614786,14,0.00207986732006678
9.82928254096388,0.845942433970625,100,0.0011956832934582
-1.22058698746395,7.05853979677716,16,0.00228967612215114
2.0525383948707,6.55090341335132,27,0.00216476372361336
2.86193968286723,-2.16788476664453,100,0.00108714585260737
0.024481836032419,5.82497218411048,23,0.00204583274315553
7.60457241357702,6.31674252046734,42,0.00189718865117714
-9.10372338563607,-11.0648357491159,34,0.000624056963146859
-5.93554910367662,0.22443140181055,100,0.00123620900957916
2.23746154947916,16.9892641410312,100,0.00751275283956191
10.2660181181998,6.13825073997794,79,0.00170625110618287
-7.01314989702816,-0.967356046390873,100,0.00112337717041047
7.69622291292061,6.01653556710969,50,0.00184391695279221
-6.08378750306682,-11.3241359147003,66,0.000632908659061516
-6.49719804125135,2.19676189754399,100,0.00140690548418609
5.87336277417068,-10.8017094924605,90,0.000649679401574868
11.7081124966921,-6.28415108615818,100,0.000761679397071958
-4.91623775984831,-10.8240504292228,72,0.000654098486442725
-0.466792485539975,6.04968227813869,30,0.00208392916145623
2.78743021097086,6.01595973945773,10,0.00205386528073297
-10.012354495539,18.1766273833748,45,0.00501404227857948
5.01894948756023,6.17096252412826,10,0.00200981268154087
-24.8009090144954,5.10121444177866,85,0.000875269954262991
4.47363637785956,18.6141438319829,75,0.00877784859400415
3.19920706804895,6.14590039041907,15,0.00206529762267843
-1.0851233331814,6.65707415948681,26,0.00220121305355325
4.22086661721908,6.27411484123866,10,0.00205879716986028
-7.01868039646263,18.1642388419672,83,0.00655760823360861
3.05533447014071,-11.5618961843844,60,0.000636772571340413
13.2760727947282,2.62769087481173,100,0.0012152338365823
-3.76149984496966,-11.0097453179134,26,0.000654192073864099
3.38634271348835,6.03705685529728,15,0.00204013724489998
3.01931831474103,6.78242807307469,11,0.00219571064335061
-19.8660959156051,-7.08007523304632,100,0.000615211227759807
-2.60875813199192,-11.0399346919631,12,0.000656940581902861
0.727827130412535,8.85743948425759,57,0.00271536212335178
0.725327396517346,5.95098839994431,41,0.00205936727868339
-0.08236638613616,18.3563489455372,40,0.0104986151879347
-11.3523727539483,18.6609628665051,90,0.00447582718553956
8.92091631143065,-10.876040308883,68,0.000629778322991846
4.69711340942094,18.5254500355593,86,0.00842312600121791
-24.5493237790779,3.17095696240203,69,0.000819618274811084
10.4247100358038,-3.8470499003154,100,0.000889686871779994
-6.80582208456989,18.8355401461862,73,0.00735383901896572
12.2479316578768,6.10005022343614,27,0.00159448429414274
4.31565805999509,6.2122596755628,35,0.00203374358919323
10.9167417817083,-4.82375720859232,100,0.000835153260074866
-1.13386400515633,6.46612860293973,51,0.00215036533798346
-18.3854319680159,4.96478621744437,100,0.00114656216317727
4.11436732329897,6.11818423591747,13,0.00203297771219746
-0.976449249597005,6.97288912421174,9,0.00227750237608197
5.24139930392509,5.81804174356979,24,0.00193545014777501
3.38125732097922,5.8631559252457,68,0.00198787627093985
-7.64375229167551,-5.46434618954365,100,0.000848232277926729
-24.638395166895,1.30203277701194,97,0.000755833458722312
0.770721607795182,5.99430199473613,23,0.00207487043813517
4.089276145369,18.751235044175,77,0.00923230670175924
-1.31720775472757,18.1922252309198,71,0.00968750052557444
-0.450049275587135,6.1982215600671,22,0.0021160002845383
-0.432011202811094,6.10915924485023,15,0.00210198642067366
-2.79730170107792,18.8009225776159,55,0.0103825802509638
0.531605568934464,5.93709816226041,17,0.00206803241893509
-0.397596918630511,18.2776590242175,70,0.01000960658666
8.31350818592775,-11.2795683350986,20,0.000623434414568022
3.91813146403155,5.8342380828715,43,0.00197729519082558
1.34795995064288,18.8831495589122,79,0.0109620241917281
-0.698150083530154,8.02727709605524,27,0.00251588574436571
-1.13020247628667,8.45008225049918,46,0.00260707764437218
-0.234556773249163,6.54624249802454,59,0.00216832745752715
4.96404373639285,6.69472623322368,83,0.00207527497273591
24.7754787622943,-2.04100685816375,90,0.000658818182608233
5.48824109788249,6.54174883040747,21,0.00205068340642234
-8.0459579181888,-9.5881766360162,100,0.000677003642328648
1.27249239343442,18.319540216664,78,0.00986541689972391
-0.826410683810677,6.17608762790425,13,0.00211358577313945
3.52937164580441,5.95818960891219,13,0.00202265006076555
-3.12009816906597,-11.3005003799934,62,0.000644962562808049
3.19389171462682,6.5592214187407,18,0.00214280620889452
5.01119469557279,6.43222430125121,16,0.00205416587131537
-0.98200938373758,7.93615090610184,18,0.00249579241342433
-0.294977546070587,8.90884328376772,71,0.00272270952352224
4.32902494629575,6.46451390987753,14,0.00208828795812828
-1.14857141296889,8.40754772435292,49,0.00259358837593119
4.07889869557642,6.27513926602652,10,0.00206399210897092
-0.744559312858033,-11.2345850797223,23,0.000652639879934519
7.52655726239502,6.61282848209991,35,0.00195104867263505
6.50328349917537,6.57622397517469,26,0.00200462899752363
-12.9892745449933,-11.2714622560146,93,0.000584696057651156
-5.02577235415597,-8.68807695191671,100,0.000729388405945748
3.13466137574767,6.3060117083561,15,0.00209707447591037
0.473052532201855,-10.7593686750933,15,0.000669265260589966
-6.93235831434991,19.0020258969038,62,0.00748255491873298
2.61600768163588,-10.9363927117862,71,0.000657851253260436
-14.7783656654344,18.4527337845718,87,0.00315934802561555
1.98381358873714,6.66805561141789,20,0.0021930430480875
8.24344409697973,6.43596332891207,48,0.00187723742322033
4.75315803450506,6.31204932603787,41,0.00203268167054438
7.12077050806158,6.058604383445,28,0.00188764329021946
-20.7131409200874,18.2699409984289,81,0.00188669227320927
-5.15984522871984,18.8836719496373,42,0.00890300274187249
1.72105587856514,6.04811837089172,10,0.00208040722539184
-9.1908907203997,10.1673562807254,100,0.0024543078849915
8.51430043999478,6.0487912885197,70,0.00179798862190233
2.31487737391943,6.00580705936206,34,0.00205204216609432
-0.960045233874714,6.02144103941779,51,0.00206654557716856
0.817323533567888,6.19744215407223,27,0.00211153565863591
4.88029178334468,-6.19045195728078,100,0.000838057404128757
-4.35885671364181,18.5352403642868,73,0.00875849844111713
0.0472528274902734,-0.734722754289869,100,0.00120826636483121
-0.904928687642225,6.95936919616775,48,0.00225525966275894