1.3729115821565,18.7554552250696,51,0.0110130793677789
4.26799762177881,18.5068716765892,64,0.00884791861540851
5.43674131808565,18.8253373491775,58,0.00848128826042693
4.63290619899016,18.5162246272012,62,0.00862857044897365
1.55912626105143,25.4867458343118,100,0.0556480639761035
4.76559676566189,18.2561240234167,54,0.00824605679499084
-1.97669006109055,29.2633350507975,100,0.0633947132698216
0.0771992817358752,27.9052605527455,74,0.146866646112416
4.67957496413933,18.8685400185162,52,0.0091854356985052
0.385118628504555,18.2719894378764,44,0.0102666283045706
4.48379831962495,24.8845975638109,100,0.0257295469511667
0.424685170871075,27.7512685743148,77,0.137109318931964
6.30525131929084,29.3475118874984,100,0.0192803750659298
0.95393657949583,27.6570830660922,74,0.128987764450639
2.32623111004223,23.8014209255228,100,0.0314520324693792
4.73181460603755,28.2645194913657,100,0.0308131207555235
0.443040089198027,28.0195750183221,75,0.140402982132022
-0.4638706663214,28.3553719900609,84,0.12106029530742
2.53102140270384,21.9928692960823,100,0.0197064549029637
-0.434355818824711,8.87024069762636,33,0.00273936909601743
-1.10280286881856,28.5912796221105,100,0.0858358915533599
0.811068457091043,27.5689771936736,81,0.121296703817941
-0.367625225175367,27.5181554327558,75,0.139784823873496
0.0304513735808487,21.2020174195717,94,0.0182992272979547
0.549517019272695,27.6079818294657,70,0.147773645790915
5.36440610836955,20.5903075086542,89,0.0109356246502737
3.23842873735665,20.3684876808866,91,0.0130497714664088
0.14391691459165,28.3681448008179,72,0.145376964788774
0.83108176211369,27.499816052275,74,0.131193633404454
0.26968162166409,27.2449367854501,73,0.139790682440511
2.4238365021996,18.1903809265053,58,0.00942494485296564
0.380759096225829,25.1441220110301,100,0.05737667658849
-0.285777081805229,27.0454265130176,75,0.130749492108655
0.0401906746596414,27.7101732450404,97,0.109583815019153
0.700000910778109,28.2998408386116,70,0.14117562636328
0.030715301623355,27.8744270722732,72,0.151466557359856
4.25978103107977,18.5985810944887,61,0.00901359653522041
-6.84894220244119,20.7944791121367,83,0.00942968698719614
0.822273628869009,27.5248901059391,82,0.119185784903136
0.478396347665637,27.6464358371171,69,0.152068078613678
-4.63686081324948,20.7364452774345,92,0.0121412094141807
0.359426226643016,27.3228160930324,78,0.131232167254907
4.58927063599493,18.263816625055,59,0.0083352185518636
5.35770173467632,20.9198264468654,62,0.0119063024797766
2.44069284594912,18.5001509942495,58,0.00997129368931272
-0.763964331628448,6.97320331582246,43,0.0022619596209717
1.92972340473728,18.3502277141437,50,0.009991596424113
-1.52923233562903,18.5243689208188,60,0.0103716543479159
6.75483871727833,24.1820523076695,100,0.0144790642007297
5.53211941938119,18.8549791800389,66,0.00838799490249802
4.67244414230792,18.1601354813487,54,0.00818035517994847
0.189225326084649,28.4496501173966,73,0.141182363404493
0.368253077594212,28.4178716476691,76,0.134292110201732
2.94165554664335,23.9541785067742,100,0.0295687978747041
-0.0548488934894267,27.7333993960966,70,0.155754735553621
-0.61096593716464,27.254817863865,85,0.115713660003785
0.180228673734995,28.441217363085,82,0.125472702148657
-3.46020290416658,18.5068270168714,66,0.00934763185361488
0.37355672678391,18.700937306553,41,0.0112294429436632
4.85812362968116,18.4842152528838,66,0.00840118136054939
-0.706925031779841,28.0834307527658,82,0.122697676021595
4.19646540595966,18.2945316747842,52,0.00867805843455712
0.0308274965194359,27.3950859494719,75,0.140464313629792
0.501090936994911,27.2866935038308,77,0.130171198447676
0.354653965710488,28.2086340586281,70,0.150433285146071
-0.461111846468704,28.3290750179924,72,0.14219698911622
-0.124784604020988,27.5849415165498,88,0.120584937676744
5.49034683615035,18.2309133899408,56,0.00772869096259142
-0.237541944862104,28.5385723414908,77,0.131298883011431
0.401758579823192,27.8845034666695,75,0.141583872163125
4.07026501910614,18.5776276749105,63,0.00909475895403195
-1.07577289988477,7.53149308914982,30,0.00239030459374809
-0.854367266178246,18.2278143192168,39,0.0101694482223163
-0.580771128634778,28.1398477600915,82,0.124751747899996
-0.30063922545724,27.0615510882017,79,0.124519362796562
0.478782400826333,27.1667785199922,70,0.140597471474335
0.140668949599995,27.2951668586285,67,0.155250050127552
0.239196490295455,27.9484695092628,75,0.143558020012714
4.49279283555143,31.9379834074593,100,0.0214104984338461
0.424685170871075,27.7512685743148,77,0.137109318931964
0.116545835823674,27.465563507514,79,0.133848391544712
5.6079405014988,18.8412046336841,51,0.00841673205468892
-3.97432798239911,23.1580586173587,100,0.0209134325938252
-0.0249235757604109,28.7111899486386,86,0.114625749147241
0.0332285961764509,28.7158047650096,89,0.110712640001774
0.366940754529373,27.8331286531473,70,0.152988581607577
-0.692736519245355,28.5752944475246,81,0.117775035997508
-0.781590394018971,5.9052074852501,12,0.00206279536449827
-0.337176422665068,27.4396553695914,77,0.135273736526928
5.58571292786701,38.1573254393893,86,0.006816137675701
5.63320657565219,18.8626467653842,57,0.00838162404695573
-0.257510916238265,26.9645220523884,70,0.137524959457225
0.26968162166409,27.2449367854501,73,0.139790682440511
-0.709994271523589,27.8901245026805,78,0.129770250172376
0.493221960793741,28.2862526692735,70,0.146522137137405
0.452327323138391,27.0191858587448,72,0.133073431324463
5.60925932088981,18.9820699426596,63,0.00851032137249428
0.397607822707247,27.8233211713511,76,0.139654476736033
-1.24205120525156,7.97912282290731,34,0.00249288216094379
5.6535993648997,20.0192163798827,59,0.00997392280846557
5.13816522158151,18.7738059016076,60,0.00862938426210817
3.2338510233022,18.6275901706871,53,0.00981171290728772
0.108337041564297,26.9328251416208,74,0.13029853812761
2.16667194635402,20.9264760194132,92,0.0159016995196971
0.190440067853369,28.3884876241781,88,0.117436199373762
0.308948218909888,28.7123013054671,86,0.113368895914359
0.288863524104999,27.3166821799868,96,0.106598662571039
3.52830398336796,18.5021221927385,41,0.00951991671783426
-3.52162605105563,18.6571493346727,38,0.00982144061720023
4.7189174687132,21.1399779257983,96,0.0128296434260798
-0.560993117605164,27.0828231699752,75,0.127850434450259
-0.268904316374871,28.779242592404,87,0.110913363939708
4.21468790208115,18.5602086587311,55,0.0090355703932061
4.39296395376326,18.3865198957823,66,0.00857858264527414
5.41835575559935,18.6673687275989,53,0.00832731198755749
2.26405194022132,29.0213546248359,100,0.0610768820340557
-0.766230952732588,28.1939061850362,82,0.120499647174874
5.03837412954698,18.5325398478689,50,0.00845231507503018
0.343245699531591,27.2098162721025,73,0.138061193672822
0.267212962637331,27.6887354667327,68,0.158675777819515
-0.440286525511569,19.0571202689469,42,0.0120762297349631
2.10202701867779,22.8239418795788,100,0.0251928213134926
0.589326095108724,27.7239266218282,89,0.115378060419042
-0.845499200410264,6.60109044594506,34,0.00218813761423502
4.68861116351186,20.5033549616644,88,0.0116519581815737
0.318900805308529,27.5734557290521,72,0.147372747659684
4.94221037778339,18.7039434081075,61,0.00867434747802703
-0.119865696694295,26.9331301391618,74,0.130263494735423
-7.46913313473848,21.0001831099667,87,0.0088918138427364
0.967949858084381,5.90229411054185,20,0.00205747327228703
5.15526180488485,18.6880475521525,50,0.00857448308557467
4.80800027813858,18.8487656494388,59,0.00899745950190152
0.598996308209353,27.8076010708633,91,0.112832773025241
0.840518578919852,20.9312252591813,93,0.0169685608365602
0.33119101159637,27.1460039653732,82,0.121621299429728
-0.332137930027629,28.5300060697611,88,0.11417389780091
0.430709112617647,27.8370411285519,82,0.128417581596705
-0.0626491659861808,27.5092735153725,73,0.146438562784406
-0.781586076820057,28.3920106547555,72,0.133447229903727
2.82283192131547,20.6439457102139,89,0.0143146184252209
0.646638867304545,27.3690053825747,74,0.134022520599014
5.16311568853976,20.6386201485809,60,0.0116652166990521
0.278038994611673,27.9413149742179,75,0.143169695323999
0.197381756809911,27.0310898101772,75,0.13107702835979
0.608660897662218,27.9982585582805,72,0.143056536365347
-0.28614262704436,28.1795871996647,72,0.147400766360953
-0.686193373545104,28.522985098238,83,0.116147073553815
5.79694425671416,20.7529700553841,65,0.0109250210969437
-0.752245594235385,8.58501797479897,19,0.00266709734614491
-0.389329605362529,27.9724134769786,77,0.137647423326216
4.33700681476826,21.1170799311353,67,0.013909315117075
5.79881461736192,19.3403743452182,62,0.00882360751179872
-0.761422083766241,8.4473865132415,33,0.00262000743558181
0.638548841886521,21.0181377685934,89,0.0175325604605648
5.58247443990009,18.7386691086088,51,0.00830659694832444
0.346159999130422,26.9820429711376,75,0.128307005574266
-1.65136492261363,29.0084433552052,100,0.0717149631998208
0.33119101159637,27.1460039653732,82,0.121621299429728
0.267608581844789,28.0989743495853,79,0.134605191027894
-0.960231087684416,28.0055282985619,93,0.103692875783092
2.91470468086541,18.6953883620771,59,0.0100695542506362
0.206657900589667,28.4246635894994,88,0.11680662268687
0.591181087530923,27.2966136013202,69,0.143486572151837
0.949098677702502,27.8981783290183,76,0.126531777029527
4.78092598766557,28.7700333130186,100,0.0297759364108152
3.15243141966339,18.2392647121354,51,0.00921479355685928
5.83543333856643,20.8084309328004,64,0.0109775101582549
-5.3496300326848,23.5903691207173,100,0.0176180895054255
0.477032101651171,28.3204855231488,72,0.142056149671523
0.359426226643016,27.3228160930324,78,0.131232167254907
2.93332876097004,18.7771169681383,50,0.0103064486654039
0.322522609867488,27.4950409539425,75,0.140073296766797
5.73838530105075,25.8772805272718,100,0.0213829901228603
1.1667484496665,18.2454567909318,44,0.010088220774645
-0.603732021722831,6.29508970395079,33,0.00212918104194055
0.17746901868133,27.2536505100616,71,0.144892781142839
5.84806877013436,19.9783153305131,60,0.00968604216822042
-0.0128357072182234,27.0478485099652,70,0.141587636324692
-0.0801334274900783,27.0346138951007,79,0.125145088973275
-0.247377419202893,28.7937086185594,73,0.131032383327268
0.849806020120699,27.3663444839568,70,0.135720426808297
-1.9397440459887,20.9223005590058,90,0.016177976202724
0.80866039787458,18.1893545430849,42,0.0100704713575632
-5.98606793021124,21.0433319762038,88,0.0108674600900161
5.06525652391208,26.542754044605,100,0.0268123703186974
0.569254717712312,27.8201373954155,89,0.11591864353706
0.781243839443661,27.3956418872777,72,0.134623573024224
5.66425204333568,20.9885333817375,71,0.0114522889003336
2.20964288645052,21.0800005903212,92,0.0164018661665685
0.943921293746063,27.7548394547597,75,0.128150785991919
-7.09743997341718,26.5555321325327,100,0.0161343628081962
5.6921447782775,19.0327502505224,60,0.00852924522443168
-0.892061252110033,27.4475232060755,83,0.115367780294167
0.947062046741287,28.084210379846,78,0.122734863623079
0.398919667140165,27.2918018507599,75,0.135420765416916
0.19132757124401,19.02290657201,41,0.0120259275561511
-1.4873702236049,29.5868298178735,100,0.0662649023874196
-1.135180514174,20.7581418529692,97,0.016040144547382
0.150427206516098,28.8357842143824,89,0.10783562744349
0.0316278387630264,28.6556600704198,93,0.107145417448716
-0.640400519707864,8.85230129545909,21,0.00274159855990461
-1.57323717897066,18.8642344970666,69,0.0109622550253601
-0.0859087437305427,28.0591581959987,72,0.150431280384184
3.77530094218169,18.4047197148469,53,0.00910087099633129
-0.529234532049815,5.82115520330561,31,0.00204062375799395
-4.74693751233446,21.2184930509877,90,0.0130615748301847
2.3098051464381,18.6096491701085,56,0.0102639841064155
0.213313128654767,27.9277751070399,71,0.152650082308906
4.45449607028324,18.6086740157007,57,0.00892431373058302
0.398053120612334,27.6078391335984,75,0.140377354108869
4.39634133480411,18.6799478718632,49,0.00913869078643293
0.17746901868133,27.2536505100616,71,0.144892781142839
0.0672647918754302,27.1420113362958,71,0.142393178653294
-0.296876058153535,27.6907760441207,84,0.126291457898826
5.00308893172261,20.4956082322766,60,0.0116030322728963
-0.947242791871214,7.35548305977808,38,0.00234695416461097
2.39152891500587,23.4103241799283,100,0.0282238522889601
2.50227739692845,18.3634199258042,51,0.00975886834050573
5.7374340277562,19.8446023185193,65,0.0095615493293025
0.166351238994169,27.7192601252041,77,0.139883033427266
-1.65136492261363,29.0084433552052,100,0.0717149631998208
-0.0119196951424929,27.2992233832966,69,0.151125888115833
0.413762876640015,28.2609544090693,72,0.144259037391662
-0.30261463864669,27.8497548238369,76,0.140989884282441
5.37728618684948,18.2650133983081,63,0.00780008748183449
-0.125210711325905,28.8076795325045,86,0.112202800229137
5.59137613658583,20.0340877520724,67,0.00998714324937247
-0.969081944715377,8.64801821140157,37,0.00266888826116059
-0.106854545672804,27.5276410421865,75,0.14237503396783
0.416261440973242,27.5688575994463,74,0.141647903304154
5.5441328822027,19.3587502535812,64,0.00906366296391132
5.07912158943385,18.4202957850899,51,0.00826925872701207
6.42650942413445,24.249380931781,100,0.0155650457135653
-0.543233029066685,30.0441853569736,100,0.0668387940579721
0.4233434361415,27.0276376631823,70,0.137455052294777
-0.498778701158526,27.1575597715269,78,0.125866273251292
1.68298175323321,8.72102625417128,44,0.00267036210993119
5.93708233114247,19.2256461821279,60,0.00856726581494933
0.46722600520902,27.1952078962275,78,0.127179648482029
5.52818732537556,19.2906396316941,60,0.00901575270487668
5.62222161115243,20.4041444616892,66,0.0105575899877787
1.52248529250119,18.3621799346604,43,0.0102300719645371
0.0699326864739169,27.411246091956,77,0.136829204936455
-0.492313368665135,6.54908987208873,24,0.00218459411901919
0.163434092191933,6.04486993545942,13,0.00209125602005218
1.90003239026271,18.49382039505,69,0.010084752901222
2.81658493509206,21.7544874028468,100,0.0181400873476545
0.702860665395726,18.1933639581745,44,0.0100742717360134
0.238070404615106,28.130908449307,71,0.15082044335496
5.19654137567469,27.7939150232182,100,0.0270932411873387
-1.06916962785586,8.12625414961941,30,0.00253476671582119
0.78603336638883,27.8514352433763,71,0.14047026206684
-0.0983980341491419,27.1391555437747,71,0.142205395021609
4.90752948859173,18.5800586942378,60,0.00853788006606926
4.06860813366584,27.9181923211459,100,0.0377960143277172
4.02790106909721,18.6998176394489,59,0.00934958936688151
0.838102350893842,28.0883791847269,69,0.141743249749348
-1.00677084356121,7.13840549065293,30,0.0023022892854166
0.172392526176102,27.3287458338693,68,0.153509267063512
-0.362276394332366,27.1502518504443,69,0.14413910985306
0.608660897662218,27.9982585582805,72,0.143056536365347
5.42622486161413,26.2401097371252,100,0.0238248591759529
0.178179909533312,27.8667863341054,71,0.153074214967846
0.705174073328433,20.5202045470448,92,0.0155065181544164
-0.253430123186571,27.1262742068267,76,0.131485604530912
3.25227585910925,18.7635727765699,58,0.00999542509430515
-0.584464308057248,27.3784753453371,76,0.132001767372394
-0.729332549145479,28.3005510724078,72,0.136501554202961
0.473487286744542,28.4614946279395,70,0.143153656595258
0.709199671553413,18.1912071699323,45,0.0100590044019857
6.35158124231146,23.5983353971493,100,0.014616484544084
1.64089156985389,18.6851689925589,57,0.0106959048281824
0.851759219997656,28.1748499502772,71,0.136521611164278
-2.41788928851052,34.0212282397597,100,0.018624507146317
0.792773187060399,28.1865692075194,84,0.117160070184404
5.57008842474024,21.1350918378002,93,0.0115649857753499
-0.0217078821841408,27.1908480379151,68,0.150355796060892
0.116525513190706,27.4796647890489,71,0.150146213885844
-0.214235320901764,28.567397241936,71,0.141933343062486
0.0462444328167833,27.2031680432588,76,0.134477437510649
0.439802044577233,27.0470661045002,74,0.130594367837934
-2.6392302524342,18.2679109074408,41,0.00961553088026998
0.166856701134405,27.2286918096499,81,0.126120056362154
2.84329209761962,18.4128052572793,45,0.0097315883053196
6.18569927877666,29.5250241989355,100,0.0196339957959654
4.02329614049222,29.7708470648855,100,0.0336309366580333
1.46800770980779,18.4553338621719,59,0.0102640912581271
0.12078268363158,28.7205857572204,90,0.109241015657178
-0.967921292214638,6.46795161326628,40,0.00215744853061304
0.313970753697747,27.3620930502148,75,0.13795537024013
-0.461487051684513,7.36072014432277,31,0.00235579523211977
1.7449893307894,18.8782968929954,42,0.011256295000927
5.69390305263906,20.2847634712166,59,0.0103493458651577
5.35131138160531,20.8954199424126,58,0.0119246187392333
-0.413094343013315,8.42362319020358,33,0.00261648301578159
0.281391252575242,27.5502569279751,75,0.141305030835194
0.60701903847316,21.3054740957688,100,0.0187802303872812
0.359841708782659,27.631085000905,72,0.14741749405169
0.0929480907189592,28.7789269844743,82,0.118318039957328
7.08889543623573,26.2604715829531,100,0.0159449238218497
0.616469643069055,27.6278710414856,79,0.129274227525794
-0.622434396641804,27.8333757974769,93,0.110020674742974
0.507334926507737,27.4275695923012,72,0.141915330456874
-0.820827209284632,27.4767877322025,69,0.140399005136129
0.951326488477651,27.6535576183158,90,0.106961569153002
0.191690363616993,28.445934920879,82,0.125319277395436
0.289998619901753,27.952093477424,71,0.151667869003128
0.0611525730920141,28.6371918990253,89,0.112273168730775
-0.560993117605164,27.0828231699752,75,0.127850434450259
-1.05766063022006,7.01834952399105,32,0.00227455957214258
4.15719873902459,20.2632338270192,91,0.0117629158839691
0.69746176738358,27.5098917315572,71,0.140629263088239
-0.0886271452599,6.70130644427503,12,0.00222295597872619
0.853377492812775,28.3430111362641,67,0.141615766162859
5.62936179794522,26.8938557675943,100,0.0235147284495718
-1.71158582259294,24.0367942421213,100,0.03642074549616
-0.39126806664164,27.7715071054774,76,0.13962303590376
0.809274792767323,18.278743823601,59,0.0100725143096872
0.825740457771635,27.7974358502962,76,0.130091154202406
4.85553129376745,19.1429933321721,57,0.00941753176756311
0.450960002823596,27.8149898736033,79,0.133217813843272
0.257591618892079,27.8446969659893,71,0.152261997216377
0.511289384561128,27.5756038814481,75,0.13804523304069
8.98175051593433,29.0043573943267,100,0.0108838124348854
-0.166476678269281,28.2845252267647,84,0.124876864256986
5.59799485427671,20.6083264363787,89,0.0106674358572644
5.30619671421538,27.8468903750403,100,0.0262764236846623
-0.8090367508539,6.66131084386242,13,0.00221095931614813
0.151826383244742,28.7424650625475,86,0.113628405296747
0.591181087530923,27.2966136013202,69,0.143486572151837
4.1953457398762,21.2004371106075,90,0.013914366769931
0.422577597695315,27.0815720682202,74,0.131796632119992
-0.352927256223408,21.1114639583148,84,0.0181867858188426
-0.18467279446185,27.4804422766145,76,0.139273676584699
0.140668949599995,27.2951668586285,67,0.155250050127552
5.86575404487659,18.5420683600702,67,0.00776066412850196
-0.540476256812079,28.0967480270056,77,0.134253766184862
4.29734584583056,26.0017701952,100,0.0314210547494617
1.98637064961768,18.5522657619394,42,0.0104489287404841
4.86967805287009,18.2030793910422,58,0.00808441756866813
0.132544972230278,27.7415658391008,71,0.153071633534188
-0.427519951951489,7.38557529854483,34,0.00235995749903177
0.355522962656346,28.5422996811998,71,0.14101896778794
3.72509644856975,18.5120421707555,52,0.00931230800377369
-0.300345584884861,8.27135600749137,46,0.00256835288434382
0.144624796927218,27.7495200788326,76,0.142158601383789
-0.225999126773686,27.1996255058609,75,0.135321591250478
-0.324336050537449,27.2046088702608,76,0.132672575367181
5.25509779818273,20.6321500215863,64,0.0114709505657226
5.85395987091139,25.1118026148045,100,0.0193314306737051
0.207857242916139,28.1313123898949,71,0.151122552976382
5.87098793634752,19.3250266348633,59,0.00876144947469333
0.49023610926276,27.7649495823116,71,0.148134926380709
5.85932665558677,19.1291268569239,60,0.00851191075785442
-0.873969841362962,6.52174727861299,32,0.00217278606721126
-0.460990792815141,8.53868280011467,30,0.00264918511555564
0.81043314551435,28.0708506263246,79,0.124972814098765
-4.4516971878651,20.7398681591455,92,0.0124019495147342
5.56579321531023,19.2713798518687,60,0.00895538331753201
-2.04252544534201,20.8926730223244,92,0.0159150070373768
0.513289927586602,27.4242963819861,78,0.130627044573174
5.78428387028384,20.218200054767,59,0.0101342859100131
0.626935014260007,27.2127981992302,70,0.138609383445263
5.85861970585373,19.12315445824,62,0.0084905147181181
3.80899921388527,18.6250114371785,53,0.00943242151147444
-0.398393002227621,27.718785715384,86,0.122249254263872
0.768712514340917,28.239210651443,75,0.130979475860263
0.525019447076001,27.5453377967746,72,0.143339645769113
5.12484819898293,18.6154095135703,64,0.00839980575519752
7.26017918799167,25.6715048050833,100,0.0148354474077972
5.33678739104703,19.3162614041606,58,0.00924223930133211
-2.27875363402911,24.8226879166318,100,0.0411074492988892
0.716564804934335,8.65769534943837,32,0.00267816184177416
0.492205819015432,26.3677190287257,100,0.0808155335326682
0.383824886332122,28.122603971348,72,0.146699950446914
0.155534140607753,28.4040276078217,83,0.12469117330927
5.69848200773754,19.5672666172887,63,0.00921968110546011
0.539326972320536,28.0227882819725,69,0.151103673297274
1.30883162894243,8.72175753537993,47,0.0026764183440297
4.94923797250017,18.4360915714104,52,0.00837315469954324
3.40820571252593,21.0521197513423,87,0.0147970743332764
-0.249525817215339,28.5819242924445,72,0.13922428218729
5.51619043066864,18.7556916048419,54,0.00835838821485966
-0.662115463071467,27.3808354913169,76,0.130375014680711
10.977482456265,27.3218317862146,100,0.00765128048325686
3.13120559843748,18.2209746437325,63,0.0090958636193715
1.67070753509839,24.4546580364534,100,0.0411572844885162
0.475069114183384,27.0832322833156,76,0.127681632356298
-0.712159130126575,8.16966641639304,31,0.00254929005295011
0.182123309932711,28.5394262527105,91,0.111183859371521
-0.842707933018148,6.3142607342538,19,0.00213774203302174
-0.0398332015226833,27.052810760135,70,0.141720591053516
0.0619691120746897,27.5755415415495,76,0.141114154117389
-3.54144572457111,25.1347499061454,100,0.0334710522952005
-0.0468891813198637,27.7247974793835,76,0.142413342206939
5.42844595907241,20.5767876786655,66,0.0111071360697325
-0.565263874190586,27.4716689008992,74,0.137508351184765
2.46634644487911,21.5480185527061,100,0.0179081246422221
0.626160708266829,28.1079462611341,75,0.135981467162218
5.32593393257651,18.2538882920547,51,0.00789467258809635
-0.832010052549573,27.4868621431288,76,0.127658547798606
0.206443497585924,27.8984694260484,71,0.15278826520536
0.416261440973242,27.5688575994463,74,0.141647903304154
-0.839420838463419,6.32228714742735,16,0.00214072283631497
0.404411690044801,27.0311178044371,68,0.141770680559494
3.39495064898181,27.0317131074554,100,0.0452185912738393
-0.0799565893700029,27.9365085918283,72,0.15121594886556
0.71463134032333,28.4510482895732,85,0.114160766639169
0.493221960793741,28.2862526692735,70,0.146522137137405
-0.42157250824793,27.0989878670539,76,0.128870210381352
0.411875203247407,28.0714508214366,71,0.148924063351229
1.14629629409836,24.6574108690622,100,0.0465560421200564
5.34911537588385,19.3090584495054,59,0.00921202443094201
0.257407517609713,27.0474892851046,65,0.150842258983468
0.154090666016655,18.6629484858488,63,0.0108893041307638
5.60976636875948,18.3997655851076,57,0.00783761118246714
-0.0822958205760828,28.1303225962667,83,0.128531725203856
-0.781586076820057,28.3920106547555,72,0.133447229903727
5.51629494375212,20.3596860421809,63,0.0106492010622091
3.94768934913615,20.6492609218839,89,0.0129202585013646
-0.92714880738443,28.1326711487129,84,0.114491378982279
0.585238326735076,28.3920294372427,75,0.132886024296312
0.409452879521066,27.5194080589128,76,0.137258979744186
4.29534525724114,18.1637643709663,62,0.00836176737062698
5.89349719542401,19.1486139318481,60,0.00850744613853018
0.734593078872391,28.1085678843811,70,0.142820414097961
-0.879556718931655,28.168197856939,84,0.115355611190042
-0.224390963743447,27.0322156160607,79,0.12439937337248
6.19893228227687,23.2856405562778,100,0.0144375492693247
5.63297539688321,20.5468320937626,60,0.0108540023721532
0.402763674799772,28.2035009940664,72,0.145341146186283
-0.766543877385436,5.96435647423106,22,0.00206969956728736
0.639685632825652,28.5581635294147,84,0.11499664289445
0.20944761591567,27.8703414072148,70,0.155160212449141
-0.749910000092047,29.8774380249602,100,0.0688305306611989
0.957573637213005,28.013628240974,81,0.118466979388527
5.67431764228342,18.7072125259214,62,0.00812380536079708
-0.352312198639468,8.09806370333869,32,0.00253287613981257
-0.40752759139649,18.3968553752883,45,0.0105106521765938
0.693410057117819,27.4710494943724,71,0.140172581053386
4.34206398319199,18.2713839572198,52,0.00855287295195393
0.885434379339832,27.5806305400932,72,0.133981206985763
0.734242423575725,27.6658456943445,74,0.135532773388341
5.49036981664241,18.2172893037921,44,0.00778507803911625
0.560121230997714,28.5489704794788,70,0.13912627619181
0.593084329032956,27.9571697069815,70,0.147886283303106
3.15086708039411,18.1714243068458,54,0.00908088632459789
0.409785769135369,27.4840394081023,75,0.138673146920832
5.11244253928868,18.9249122050866,65,0.00881865730835647
-1.08692895676696,7.72476837211021,33,0.00243392067609745
1.02789305052976,20.7205869542499,92,0.016091029018849
-0.463669629812161,27.6053881741508,84,0.123740208485242
-0.403186618119725,23.6747416287455,100,0.0362446319944715
-0.940969435125985,20.7298592674807,86,0.0163284089432848
-0.42157250824793,27.0989878670539,76,0.128870210381352
-0.454561262457156,18.3365541906658,75,0.0100677372555047
-0.691402719964812,7.78772182919602,31,0.00245443947226259
0.627344974484363,27.7533614294308,79,0.129765667027157
0.833390982884759,27.3237551509321,76,0.125243819441088
-0.248016012062877,27.1121920079308,78,0.127818747167745
5.92882590916664,19.7893974479292,56,0.00936272163559022
2.0777527969156,26.0384197329778,100,0.0570102189658592
0.83755060315787,28.1541621619359,71,0.137206265743334
0.787479978154746,27.733689843444,78,0.127593453752325
0.00632400142022382,27.272631539659,76,0.136100808638527
-0.481274164932734,28.5503624358661,82,0.120372861206984
0.897731038560829,28.1736710032684,75,0.128130602193914
0.624800781219626,28.5533093788916,91,0.10671969169986
-1.08331379182416,8.58305503584621,39,0.00264814504066131
0.978071120463165,27.836856300821,84,0.114178484708281
-0.191374901849008,28.1854079758639,88,0.119865099316389
0.33078467922432,27.5969911351277,71,0.149695137059153
-0.469578233762719,28.638851221504,85,0.114597556817503
0.150732430432807,28.0882028464332,72,0.149807475119711
-1.32947413209999,25.9900731768379,100,0.0659206606784478
5.29359132352119,19.5416418206359,61,0.00959336117384815
-0.588562796973683,28.5763811611933,89,0.109184143062555
0.688155546666972,27.9184158812901,71,0.143311078182128
0.0429001323530684,27.4870540869418,69,0.155210758605434
3.31996805985313,18.5854426940693,61,0.00960951496727124
-4.91275036394392,21.0485906582388,93,0.0123841694083271
0.861027626902194,27.651390571377,81,0.120679615797943
-0.245194467444782,28.7752984190376,71,0.135196688464944
-0.00792696030746742,6.49623455446184,28,0.00217313667016103
0.525019447076001,27.5453377967746,72,0.143339645769113
-0.332137930027629,28.5300060697611,88,0.11417389780091
-0.362527032156346,27.0370105062946,76,0.128011910385513
-1.10307760639115,6.13600456738839,13,0.00210347652908738
0.236635777535482,27.0787690328185,76,0.130390835205587
-0.523663283827618,27.3900238990991,69,0.147118020115561
-0.630884989532917,28.1616615985806,83,0.122110983038401
5.67849351675478,20.3167045912886,100,0.00999338046945544
-1.01990660920225,7.98317711592518,34,0.00249701341658571
-0.295754652710417,27.3818828902796,75,0.138537734467576
0.196098749178141,28.4457973297317,82,0.125294960782563
0.00678068081715122,28.8380761351138,71,0.134133428520944
3.92394771340347,22.9260885883534,100,0.0201393468603825
-3.06413291099309,21.1154102999664,95,0.0153148570089484
-0.486565006375029,27.099750411361,75,0.129573869493979
0.703095767191844,27.2137618279178,70,0.136713508317927
5.01071601052581,27.9280592362345,100,0.028561032098436
3.63458399921389,20.7554864435073,87,0.0136420298829902
0.497410473830512,28.5421126886026,71,0.138657589283459
0.762788489790643,28.4822456425732,72,0.132126585007057
6.37117816743704,6.4659418880619,41,0.00198668321850815
0.417481324843348,28.0321520847668,85,0.123388194708338
0.66428435772155,28.5882664762332,70,0.135669611574964
0.23273819000646,27.2652632188205,74,0.138689516292439
0.494925377474385,28.4371127239806,72,0.139322619385938
5.8429416019447,19.6153900077351,58,0.00918822587546467
0.597508924553815,27.9658789434566,70,0.14773302685469
1.33086666660449,18.2654716848843,41,0.0101162463696768
-1.17481143474597,21.0522387689007,92,0.0172879907404766
-0.756394090959384,27.7750599404029,94,0.106603463122628
-0.199055833125863,28.4425812425256,84,0.122270527555792
0.0473009474051008,28.0497242953424,82,0.130911208769944
-3.71454366591709,24.3639569580591,100,0.0278320551916303
4.78356599021103,20.9132218498783,67,0.0126970582073733
5.8147632702876,18.7236367931166,62,0.00803805622598175
5.46987123726369,19.5236268318756,72,0.0092991929241825
5.77189023160336,20.4472594430237,59,0.0105171535052875
0.701418688076741,27.9888985429365,91,0.11099658776073
0.281391252575242,27.5502569279751,75,0.141305030835194
5.85068084047246,19.7130133712446,60,0.00930016323988778
0.851832903043127,28.0247172296463,72,0.135992522299907
5.54207750041501,19.5017807686411,59,0.00931132415351337
5.30849394586949,18.760244936211,49,0.00856097376933664
-0.909704412252261,8.05861049313838,40,0.00251336778945938
-0.847881874905699,6.0913645733409,12,0.00209754773661072
-1.11173428946026,7.83492698220665,37,0.00245766671339075
3.90166636815981,18.3859165631369,62,0.0089201550788975
0.851381780930772,27.9189051524116,70,0.140268651298206
-0.4146034228643,27.4085881069372,83,0.123796299262597
5.61396480506352,5.86298983660374,56,0.00191592747584426
0.241488086003891,27.4773769121797,75,0.140712996221862
-0.0659931908239583,20.9085061188313,73,0.017684777996797
-0.987467682020744,27.7752573806159,91,0.105446471540765
0.503353328048373,6.67751749053955,38,0.00220407881248061
-0.766291763589249,27.2551375092466,75,0.127298402011654
0.055449656856888,26.964231345036,71,0.136823395645258
5.59256610577054,20.2346447495023,64,0.0103366987280099
0.470560507018629,28.331106733309,71,0.144025686546326
0.838966838773404,28.1575483302303,70,0.139030497306388
0.373158689498237,20.7799270187694,72,0.017127633845055
-0.653830269240989,27.277516421564,74,0.132113969217889
0.132544972230278,27.7415658391008,71,0.153071633534188
3.15369850229727,29.9685290949871,100,0.0411734440625037
0.523159650270362,27.083067680548,67,0.143261517376015
0.896668030475307,27.9204703145605,70,0.138724687229623
0.473795762275539,28.2408481575806,84,0.122405193537001
4.77685993614922,18.4309458570247,50,0.00849980495464182
0.635760918586311,27.4158165069189,80,0.124943927425775
-0.781586076820057,28.3920106547555,72,0.133447229903727
0.584336235218538,27.8950932034719,78,0.132562787169213
5.64225923595389,18.6273936316486,59,0.00807102959903208
3.20766316039106,23.7536594104555,100,0.0269816057504019
8.329352655516,31.3297823543361,100,0.0109517112479728
-2.71085906304044,20.9709166756473,93,0.0153784039471799
0.303100416685496,27.0065989832333,76,0.127823723841434
-0.573770091099438,7.29663991864444,31,0.00234064417999941
2.05459644441985,18.218916955344,42,0.00977548846300311
0.30377300795208,27.2851771727473,76,0.134677930232507
4.66425569390408,18.3549302338568,61,0.00839446420671255
-0.668740530974473,8.11847242678871,29,0.00253791056009282
-0.128151146724806,27.3100231517044,75,0.138480025569352
5.75025389797154,19.1168777521129,58,0.00860361468155502
5.01076719477577,19.1223033103828,57,0.00925260011046234
0.515429218786048,27.8625883259551,75,0.139534836168422
5.88453697889345,19.9829984897837,59,0.00966226537717915
-0.0780970639726019,27.8599768656833,76,0.142712376722667
-0.74970241112788,27.7810814005803,77,0.130386963025451
-0.854360329462886,28.3194243288305,72,0.132610722678635
0.806320838491934,28.3249216140971,88,0.11030030743333
0.447887148061958,27.6425257581927,79,0.132460209295447
1.16018774560611,21.1062733982333,89,0.0176129046785582
1.94893840424313,21.2385335389445,66,0.0181292283912539
0.707004139845,27.5964348295145,80,0.125455176695669
0.621889414215234,28.1633606599005,68,0.149722431839173
0.740893442225079,28.4081592952075,70,0.137949140112349
5.75998295870185,19.4674168414422,60,0.00904694098268019
5.82751920143552,19.5943448575061,63,0.00913221449458338
2.74232573890496,18.3068342156559,44,0.00960541536721034
0.520354422104071,27.2581644082264,81,0.122918622376622
-1.12945087636476,7.10981696619183,37,0.00229096102540881
0.805576863889249,27.3257842560368,73,0.130947257880661
0.813730365516187,28.0831640790928,75,0.131364455360393
-0.359814259688567,28.4635431423986,95,0.106459533477318
0.960898798594922,20.3687912355831,91,0.0149117852863491
4.19616024347525,19.0507506289146,42,0.00996676989144113
0.370370462742636,27.8226903307135,75,0.142052314427782
3.8048491179157,18.9514182535963,52,0.010003728911904
2.47178431217284,20.4802507086075,94,0.0141064300254702
0.0567211776407318,18.7093528105946,42,0.0112535081537877
2.89810494096155,24.2213387559849,100,0.0316968639353098
5.5551715201828,19.9438758411811,58,0.00997550826390569
0.671168580705793,28.4690183641373,80,0.121641671727768
0.828456314578685,28.0370005231772,80,0.123179512771466
0.794102479947114,28.4370206686604,70,0.135811863417011
6.96743879204169,29.1616706109245,100,0.0166286054167302
0.591347358061042,28.2748524210013,82,0.123125863654454
4.6403032719719,18.6687500550187,58,0.00887034333766722
5.73418010896728,19.5405730750162,60,0.00917302862712284
1.42222932429473,18.3844951721255,42,0.0103164734641027
-0.74420311533268,28.4819378982567,91,0.105930975497375
-2.20730396234324,22.4253460367084,100,0.0225621140275537
0.761755726886279,28.4239821538967,89,0.108719815235682
-0.524192620058936,28.2096148023449,72,0.14291541434859
-0.10063335542048,28.4367892286789,72,0.144042637027433
1.07942735719081,20.8190373097414,92,0.016431498401284
0.6543478838923,18.6136574137909,64,0.0107242198201884
0.137178734372835,27.1197912352158,74,0.135693348483773
0.215600054727366,28.3259077785606,87,0.119568546896782
0.932478659570862,27.5769100722703,73,0.130695761364701
3.43000918601804,18.8690953329068,52,0.0101291925381104
5.62762088517919,19.9422248457705,62,0.00985397875055034
5.90613400975164,19.9835916069982,60,0.00963013573148175
0.621889414215234,28.1633606599005,68,0.149722431839173
-0.376781233868754,8.41784396118304,40,0.00261036322927861
-1.24439208675317,20.9685134307226,86,0.0170767556311657
2.62769381458665,21.0100020255346,87,0.015761639016259
7.7081224774869,29.1855304021783,100,0.0140706527146771
-0.560993117605164,27.0828231699752,75,0.127850434450259
-0.198193734311588,20.7192373362878,94,0.016300337707626
-0.560993117605164,27.0828231699752,75,0.127850434450259
4.75451927774914,18.1622601931028,52,0.00814487580019445
0.132705800343018,28.0697071513678,67,0.162283098568637
-0.383646999263387,27.1663081009726,75,0.132782560668748
-0.421606499960389,28.0356023493103,89,0.117520472009286
0.865571971379157,28.2388614610464,82,0.117746575335615
-0.558990520681925,27.1022255056078,74,0.130046334780245
0.760072741447706,27.6646506836522,78,0.127920484398652
0.26968162166409,27.2449367854501,73,0.139790682440511
-0.86003587921975,27.5769490295228,91,0.107279094031279
0.397607822707247,27.8233211713511,76,0.139654476736033
5.29009676344146,21.2274143022192,58,0.0127074957936879
8.29590214849821,25.5553461051662,100,0.0118990787417447
1.99920050643531,8.79130432379017,37,0.00268629389327428
-0.0940524953611808,27.236352023135,76,0.13512919027996
0.514273938723576,27.4501498738266,82,0.124463727979735
-0.0725658444061561,20.6016378029227,91,0.0159469214302743
5.11931108645759,21.2303849996082,89,0.0125036686097469
4.34342204779112,18.5629635405488,62,0.00889488354037459
0.493221960793741,28.2862526692735,70,0.146522137137405
-0.438961274361002,28.4756151818705,77,0.130358566892407
-0.0535018047342938,27.3595360549301,78,0.134127996364747
0.0942507950043283,27.0445231870085,74,0.133745221595128
0.945592383162456,22.324675935327,100,0.0241262441642005
0.536993582965597,27.3768656170443,89,0.113327590484017
4.29503949499357,18.1992332616985,61,0.00841732019606131
5.56645657829982,19.6577999841992,67,0.00944440480524711
5.50651060583904,18.4695533375915,51,0.00803042840159422
5.89491240039912,19.4769616835271,56,0.00896482743412917
4.10977597914619,18.158660168128,44,0.00859614383439489
0.257442188299035,27.7048018718856,87,0.12207406709427
0.949288597899963,28.1240808494699,69,0.137528192895284
7.95507149300387,23.7527814941351,100,0.0111032698707631
0.487805162922922,28.579037357664,72,0.135976849977363
-4.93685954560143,20.9397956410093,91,0.0121536342648561
11.4426034539238,22.3726951217157,100,0.00584938128208886
0.163547889703249,28.7389791181828,70,0.13892398035859
5.41973554102154,21.0923992610853,67,0.0120785082459277
7.60540717497248,27.845701438361,100,0.0147615726407269
0.90536583828729,27.7713802128138,86,0.113266172198935
0.493221960793741,28.2862526692735,70,0.146522137137405
5.6236351433412,20.9335059999152,63,0.0115181216210547
-0.202449868076208,26.9870940238491,75,0.129767163479828
-0.13701759653502,28.1711708984684,72,0.148901842669342
4.79467567185466,25.1212438239468,100,0.024754025070307
0.52835851576976,8.68545903548492,37,0.00268391114899007
-0.0219479621089617,27.3099747839772,76,0.136885599040149
0.573107642097264,27.6589877170419,74,0.13946307697772
-0.649971133858783,27.5419353786701,83,0.121574409897295
-0.28574320541494,27.8262004255622,76,0.141165642605619
2.24121392786931,21.0597016718373,93,0.016264154379855
6.290853643282,22.9895689137401,100,0.013659526951662
3.97064566087069,18.1652381503776,54,0.00861479323167548
5.58400859041393,19.3476429945838,59,0.00905277110872098
-3.01337757166353,21.2486543222966,92,0.0158963108720712
0.0619691120746897,27.5755415415495,76,0.141114154117389
2.26043196501562,18.6765810092618,53,0.0104527684021413
3.63812640846763,18.2639434306292,56,0.00894094635370039
-0.241599351237215,27.5275750554276,76,0.139456404571834
4.91108711550011,20.9029876170603,67,0.0124786313026119
0.678277358358612,27.4522525660323,92,0.108361998201382
-0.789783788615675,28.3213864074525,77,0.126000172794692
-0.822970297476879,27.7088404791891,76,0.129844760704977
-0.173865429685918,28.3698538158969,77,0.135319434426991
0.478386610568801,28.2172942700731,70,0.14800274558399
3.50523742262988,21.7011846271951,100,0.0166295496976777
0.48789103597661,6.25871119249425,32,0.00212310571468832
-0.756172514780779,8.37202220635775,33,0.00260008884878845
0.398160975384401,18.4595565645013,63,0.0104437438317835
-0.693745069400281,27.1925388439837,75,0.127723091681436
5.42932390526413,20.7426985298715,62,0.0114610382126329
0.482033676058186,27.276011250771,76,0.131998490863141
4.85146424434779,18.6663987201804,63,0.00867432589300217
0.877564023577625,28.3079618560674,82,0.116676818031789
0.553038642802124,27.0854383459884,75,0.128062070301635
5.1769416799848,19.9862754095735,60,0.0104474948673566
-0.985163509874588,8.61153557396156,34,0.00266083054757094
2.19080176209458,18.3398110332901,42,0.00994449567663461
-0.963243817363754,8.44132382795592,39,0.00261190840370558
0.433368910195934,27.6000368698493,70,0.150217060533589
-0.337970077062663,26.9909397545598,76,0.127022210945655
0.397607822707247,27.8233211713511,76,0.139654476736033
0.223633596770874,27.5098697178014,71,0.149824628471067
0.656812990772636,28.2242591585071,72,0.139583134809691
0.636831605333484,27.8011008544223,71,0.144714225361392
3.75006923628311,20.8601280110659,100,0.0135172528664472
0.855385066974673,27.993883978115,74,0.13244543392567
-0.00196748947287662,28.5473869736488,86,0.118038566905301
0.896668030475307,27.9204703145605,70,0.138724687229623
0.291337333477358,27.1658536713288,75,0.13387895811569
-0.0914438584560532,28.1263608304491,82,0.130214211911031
-0.561255050846665,28.2432607754661,72,0.141603940986228
0.66230627247138,28.1150986731459,72,0.14076386398743
-0.782195916716219,28.0703635303663,95,0.104640110004003
-0.517744276218584,21.2441661810217,73,0.0191370459425719
5.48987917885018,18.4127214108322,64,0.00789177555034405
2.66610391849104,20.6399051031751,88,0.0145018484810989
0.128608035511856,27.4142204169032,71,0.148867946893292
4.58389774644929,20.7938730772058,93,0.0123212291578612
-0.0936626729627428,28.1315939890658,83,0.12848736768921
0.44631042092062,27.6778442179942,74,0.142170147277361
0.0593125958295159,28.210082758218,72,0.148672085907547
-0.208191277101784,28.3201778261995,86,0.121139123079366
0.804872658238212,27.2869899531701,69,0.137389469055961
-0.350123684708348,28.5365306158581,72,0.139283336609505
5.41170200953202,20.3856634047218,67,0.0107791491686051
4.61103183216558,18.241080754515,62,0.00827061472160134
-1.204882657351,8.34770595921669,31,0.0025891268907914
-0.120738339256676,27.6804943342776,97,0.109310581117471
-1.05914740187048,6.39016232011939,30,0.00214578558312605
0.760113937645162,28.4540209927214,75,0.127711188285156
-0.818057348768933,27.7216615971045,89,0.111238432490099
0.24300724833278,27.9189763883057,68,0.159658037949469
4.69821927147452,27.8422092748364,100,0.0312747986381876
5.39404443092161,18.5765300098858,50,0.00825065651854141
5.74887032827196,18.786388942439,52,0.00823022542678828
3.39627273346767,18.2679328562089,51,0.00912682488466447
13.1939727777942,5.83716033301369,63,0.00150073127031221
3.33181428394322,18.4973028850944,61,0.00945311594650632
-1.10637068321058,6.1141539949575,23,0.00209485230943085
5.06560617804866,18.4590748542916,59,0.00827389945759714
3.63609759516665,18.2634485140849,49,0.00899768281420689
-0.0797600143300009,26.1960472519813,100,0.078863019718211
0.537084984394169,27.248389939584,75,0.132187002742144
4.43454537314519,18.2515356958667,58,0.00842371076738322
5.2051879287016,18.3210843355705,45,0.00809654511176456
-0.509442814480605,27.333636098875,75,0.134428596921846
0.645165264788343,28.3082733728045,67,0.148874194416102
1.68067607749927,21.0375515347214,72,0.0173948321822011
3.96985465827461,18.1840673128685,58,0.00861264610208308
0.268586084680262,28.419561206075,85,0.120702015616212
0.569400141037143,27.7156393639805,72,0.143959153660033
5.77384183727045,20.1427288650215,63,0.00998865306728539
5.03441141499369,18.7217164671278,57,0.00865972477009573
-0.245194467444782,28.7752984190376,71,0.135196688464944
7.21885137934186,21.3946110804296,100,0.00963112317048687
0.866794294894006,27.6258157110834,71,0.136840932278612
-0.63796827423715,18.5174811032175,35,0.0108561420017486
-0.113963507964657,21.0437268473407,87,0.0178277222018372
0.426375243721291,27.9649404946214,75,0.14097312721945
-0.0558847794206062,27.2134150283711,78,0.131168273192484
0.0270435342454639,28.1939093220178,90,0.117475640405984
-0.1309700903706,27.2309632329721,76,0.134854553452922
-1.11055355227768,6.87556531840008,13,0.00225310126032565
-0.0558847794206062,27.2134150283711,78,0.131168273192484
5.22222024880771,19.0026127317703,60,0.0088772272694529
0.459385449352734,27.7636207010906,75,0.140418599546181
-0.227989045865488,27.7513656975856,75,0.143573978291583
5.82969944631503,20.6927862207851,68,0.0107442470746015
-0.350242644832192,27.4694585718339,74,0.141299631850841
0.448287339493741,27.2682408879007,74,0.135987733101464
9.42384800161595,24.4043891649438,100,0.00903671349423167
5.03173621167065,21.0717993153848,60,0.0127688127948002
2.33381439419518,18.6043629581205,62,0.0101794241932609
5.2580271455291,18.8205731642938,63,0.00857769546476456
-0.92517233282294,7.18179600531036,39,0.00230789022338895
3.02850686694415,18.6196911774477,42,0.0100322033641245
-0.806885535001294,8.35325605604438,34,0.00259394398518167
-0.993105762021252,7.3518332982665,41,0.0023439907260354
0.562032255280159,27.2873193296464,77,0.129094551211527
-0.549072472345756,27.0779086085141,95,0.101873639565732
4.00860937272945,18.1605927545504,52,0.00860049156436824
0.540869045222062,27.9417907028631,78,0.133332828034931
5.83336110321122,27.8552748729603,100,0.0227639344096142
0.925862451268749,27.8698195669507,67,0.143713367381767
6.57310129215385,22.5517564389488,100,0.0123005419093449
-0.373170588716189,8.49649543852694,33,0.00263620323670104
-0.871315095226643,8.3182263253198,39,0.00258071570507065
2.08693366300379,18.4273655667975,54,0.0100347001025911
0.435575395955908,27.6042938720577,91,0.114197683421422
0.744736803093726,28.3930763584239,70,0.138150411054463
0.774398498916768,27.2694965278339,72,0.132435450078426
-1.18160820615975,7.33518312676394,30,0.0023440281632961
0.1925202632616,27.0669336010935,77,0.128717026429392
-0.224430064837134,28.767275114154,89,0.109024192215948
0.257591618892079,27.8446969659893,71,0.152261997216377
-2.02204806436134,23.2758254167838,100,0.0285586454146246
-0.0548463630639937,27.679593702217,70,0.155351824683476
0.778621037362577,18.3388770002639,42,0.010375320254581
-1.59849421222278,27.2962804096127,100,0.0782756911458957
2.66405104064848,18.2654989118239,62,0.00940943262095068
0.627344974484363,27.7533614294308,79,0.129765667027157
-0.0505428446610793,28.8160671952418,71,0.134857080760022
-0.415200039299555,28.2320007084563,90,0.114799257668595
0.685317604787057,27.5566918218761,75,0.133987061049926
-0.735915066476998,27.8550294983795,83,0.1213208025527
0.346946116022042,28.1174535799373,69,0.154154007000262
4.90858131354357,25.2804899891953,100,0.0245969668683287
0.354811605258661,27.6152422247984,70,0.151804866644614
5.11103004279096,19.7642989530821,60,0.010143632442767
4.98705420975495,21.1367017976766,77,0.0127079227944922
-0.632436920625299,28.5558514982623,77,0.125258855496038
0.790610315709253,27.9700474447995,71,0.140097136123247
0.0982966506723623,28.1749356731449,89,0.118919216476798
5.06988848100038,18.7995287877274,61,0.00870933700870964
0.139673911040896,26.885448734378,74,0.128655933352949
0.891335459752395,18.3589749596619,45,0.0103639359117789
-0.568116038397326,6.27854886442105,40,0.0021229794013317
0.247051541220177,28.7204254973262,71,0.136981770250354
3.339849770525,21.2237260479917,95,0.0152410838499543
4.39014621308259,18.2247617560186,56,0.00842914354660228
5.63339998030465,20.2831363544432,64,0.0103665846255948
-1.24686731048516,7.18522166476276,21,0.00231452958711592
0.887596415011599,27.5388718867006,74,0.129992595357793
2.48345899619178,25.354818374583,100,0.0447413346418114
-0.188670868435549,18.7343778823576,54,0.0111562155184403
5.24806308297842,18.3196921353404,52,0.00802026105068004
8.88249289795957,25.9351799887694,100,0.010809715709438
5.56583315367888,18.4091083547226,58,0.00787263889467823
0.213313128654767,27.9277751070399,71,0.152650082308906
-0.334281305665964,26.9966454390185,74,0.130543864860628
0.181425743329658,27.4835918052159,71,0.149778397114809
1.10024768928354,20.7376232788449,92,0.0161141137756936
5.33517147508339,18.5224310914571,52,0.00821164177860155
4.43634937649987,23.7443427690815,100,0.021491047280013
0.213848683041244,27.3485233339205,77,0.134959955479845
0.0611525730920141,28.6371918990253,89,0.112273168730775
5.48589834886626,21.84462874593,100,0.0131241104035807
0.547291366689222,27.3798391568277,69,0.146364227804074
5.56990323968469,18.6652882040883,63,0.00814396752536845
-0.617508713363992,28.1914038968966,89,0.113748457432454
0.311753711996889,27.528985915056,71,0.149062834460312
5.06785650711145,18.9553548479883,56,0.00896869960324997
0.523640713472157,28.0773763915283,75,0.138467402384513
5.50384195857447,19.5832891782265,54,0.00951314792234021
5.24861898734364,23.9525471680829,100,0.0189656700954704
-0.814021846211561,8.58503268512537,34,0.00265579112064295
0.429708324096502,27.180908262209,81,0.122722052498365
0.236635777535482,27.0787690328185,76,0.130390835205587
0.501090936994911,27.2866935038308,77,0.130171198447676
2.99602327694851,18.2892989999458,42,0.00946081591674292
2.33287639550216,18.7482105097871,41,0.0106962692095053
-0.000174826770009712,27.5620852260381,68,0.158970100841595
5.61893881499634,19.8058546100051,66,0.00961884010470758
-0.217384554608121,27.7024333707928,77,0.139402466104486
0.150780083350208,27.4965920477703,71,0.150224593218745
5.8064953427716,19.2423891411741,59,0.00871073271108842
0.297146585947104,28.014501805772,70,0.153544107198413
5.45163060409279,19.3144962689841,67,0.00906059463565535
0.542451789268188,28.1974519825625,70,0.146879645632648
-0.359618729463368,27.3220334041541,79,0.129515814809601
5.23289710731927,18.6005716629474,59,0.00833721627883156
2.11552847042703,18.5340187803733,59,0.0101756896656954
0.442328771676103,28.2107588471871,81,0.127896518304347
2.58994039727267,18.930653640692,62,0.0106878613256488
-5.67888042455856,18.8359321049397,42,0.00841702742015883
0.817364288082699,27.7237501820237,89,0.111259622146289
1.02806436002623,8.85910915405117,48,0.00271858266543576
5.80943588813069,18.8124731074282,97,0.00792200621036634
-5.78883338246149,21.2505539731507,90,0.0114793817176061
4.80995305915887,27.2574784694643,100,0.0299390698355217
-1.16797980720586,6.89112858499934,19,0.00225270598124259
3.73204779014352,18.1825616308503,54,0.00877917544926137
0.798948961180995,27.6020941011338,74,0.133218342082048
-0.481124375856099,6.676490749217,30,0.00220786666447165
-0.376873786807301,28.1742073136424,84,0.124362872749936
0.473795762275539,28.2408481575806,84,0.122405193537001
-3.13025281271468,18.1907499394779,38,0.00925773527769407
4.34433653939827,19.0867932625336,61,0.00972147005619995
2.87006033821534,22.9901540547147,100,0.0238859113465227
1.96550516704072,20.6523369320904,95,0.0150983431674835
5.39828300343503,21.1636162764524,64,0.012300037353134
0.515618642322176,28.274389770175,80,0.127590748950211
5.33655443095729,20.2885199361392,59,0.0107961236334284
5.41407901231113,20.5686873969693,65,0.0111241494601312
-0.151103136565843,27.0655760122688,74,0.134103865722332
0.0922830087998171,27.0129281382221,77,0.12772791750826
0.399687806661124,28.152541224559,85,0.122765525980446
4.88388737224723,27.714219085589,100,0.0296077245043115
5.34716659486087,18.6834234506875,52,0.00840863056339008
3.73613455604327,18.7810805961083,50,0.00977431887542844
0.679056030779743,28.0881650723519,84,0.120284631837204
0.943805488956532,20.7466599389069,92,0.0162314058570513
-0.381713249744001,18.2238272677734,44,0.0101702140496391
0.675561846779722,27.3155239801385,67,0.145874980406324
0.90536583828729,27.7713802128138,86,0.113266172198935
0.544128800166809,28.6207466680905,69,0.139393552151483
6.79299608018268,28.9105728717225,100,0.0174987607002265
-0.326146017316323,28.0176224547267,90,0.117208175933763
-0.837572861492324,28.1241624029493,85,0.115318191414319
0.257407517609713,27.0474892851046,65,0.150842258983468
0.509425037667406,27.9377665924167,80,0.13043981581255
-0.950814473345868,27.7593447180524,90,0.107348775709349
-0.244322038468142,28.7812367697863,84,0.114848865930789
6.33672613909553,23.7884756248706,100,0.0150054454909028
-4.46563165171516,20.9658395679505,93,0.0128717763740688
1.32338557756847,18.4443965814936,64,0.0102323553561917
0.473795762275539,28.2408481575806,84,0.122405193537001
5.09065720284019,18.2574679595856,47,0.00808092910262782
-1.55401524287228,26.9958956641369,100,0.0765416823553463
0.215934517174259,26.9021078847901,66,0.143522389763819
0.811377379738362,28.2511409053695,79,0.123283899280495
0.911515661854163,26.2526077252853,100,0.0750776399402698
3.27227593108891,18.1678906575567,52,0.00902773717055286
0.0044782985832873,28.3820257037866,71,0.147661581966104
0.245949339342018,27.8977980031102,88,0.121023941814736
0.118544077656924,27.2780706135395,76,0.135959448366539
5.34610119271031,21.8613773529576,100,0.0134264053814702
0.820803253474107,27.5133804984006,71,0.137066640016449
-0.0478768973099839,26.9468529311308,74,0.130900535496964
1.86298036184861,18.9646812013541,52,0.0112713675633228
-0.515539894595838,28.2854623411609,81,0.125837613276996
0.539302461271281,27.6435128002049,77,0.134422144977547
-0.193550009538173,27.0924177629284,76,0.131069454246459
-0.872255964132225,7.41471646990988,50,0.00235448138686702
-1.42219405640054,25.1918786834136,100,0.0524959098212912
0.55601059093114,28.5366726755039,72,0.135752205847415
3.5233662991216,21.8379747512532,100,0.0170663657192877
-1.18136099658886,8.27796917072871,42,0.00256409635733605
-0.0949643080926844,26.9695019642972,75,0.129782360259248
-0.948992977947303,27.9120433875573,90,0.107478700205265
0.64139663410674,28.270402401323,75,0.133693289433636
0.768712514340917,28.239210651443,75,0.130979475860263
0.263950460136649,27.9034293692835,71,0.152150260215882
3.10065220683741,20.3814669288999,91,0.0132341677991486
0.263950460136649,27.9034293692835,71,0.152150260215882
0.17676175842943,27.3003254017884,69,0.150446861461736
-0.337540074411468,27.7945141366562,77,0.138515952450559
2.03599253144109,20.5926690858017,92,0.0149079448426836
2.46841169946462,8.89584404949332,45,0.00269410966521888
0.496474019706209,27.6266260894489,74,0.140794936537328
5.12531528697616,18.3224577941052,59,0.00806073656376319
-0.137969615452103,27.7204966899753,78,0.138124540291939
5.93700436309262,19.96264676872,60,0.00956601580256645
2.66469373846626,18.4635737889077,66,0.00971650699305034
-0.819887327908314,7.00184435352546,12,0.00228369197851207
0.447071869529149,27.5578926250945,69,0.151678543477799
0.0933784401563916,27.6341860923733,69,0.15720128678688
0.172392526176102,27.3287458338693,68,0.153509267063512
5.65598525438908,20.8563521419812,67,0.0112790990447961
4.47323484712299,18.2050975422925,60,0.00832280254344738
5.14270479270162,20.2193002182157,59,0.0109113614975689
0.470560507018629,28.331106733309,71,0.144025686546326
-0.939955198832057,8.73468874925022,37,0.00269317239340824
0.0951401967165362,8.7421066874987,33,0.00270452169023748
0.398443135349682,27.3219226819634,75,0.136043028829216
0.344518494237404,26.6333072810435,100,0.0867490682176272
2.37480650462105,18.7903705456419,50,0.0106585602893734
0.679056030779743,28.0881650723519,84,0.120284631837204
0.432004709046305,27.7614017310349,70,0.151570385102917
0.638748465126497,27.6096519350996,74,0.137508191636603
3.93175524453725,26.1258103427321,100,0.0352467617443
0.90614500668278,27.8829926471534,71,0.136564035357706
0.181425743329658,27.4835918052159,71,0.149778397114809
-0.661793166185515,27.3128238029361,79,0.124382350398909
5.19055562132075,28.856585387996,100,0.0264315397642959
5.31794075268315,19.4561832337305,60,0.00944943778733376
5.88275154588174,23.5831307597012,100,0.0159210448305258
0.525019447076001,27.5453377967746,72,0.143339645769113
2.06294479434625,22.87268744032,100,0.0256132086802718
-1.16865253331132,6.82409071802715,26,0.00223499536877623
0.532599809967204,28.5852045796335,71,0.13682148936062
0.156662043256612,28.6986414774945,81,0.121554073684143
-0.0581089202144052,28.2476971724283,98,0.106909232927481
0.673457612138983,27.5327143272845,72,0.139616611659768
5.38675719233943,19.4161547240646,63,0.00929907767504649
-1.19021787783601,8.49062927241604,46,0.00261685559339618
-0.366638364957988,27.0201494784284,74,0.130841246838471
4.6000231005826,21.0743533905376,67,0.0133648771516206
-0.847631320554077,28.384759681927,91,0.105334606313868
-0.248649029457731,27.6151387254358,69,0.155681032299512
1.13593612991948,20.9945453634461,94,0.0170233663776515
-0.523663283827618,27.3900238990991,69,0.147118020115561
-0.127816549406311,26.8895606769468,77,0.124046554391001
0.498331385553238,27.6263641792394,81,0.128131225587458
5.50380208200495,19.260518357242,59,0.00900372218768182
0.825740457771635,27.7974358502962,76,0.130091154202406
0.276593224023561,28.5881584648493,85,0.117565172155536
0.874984594621215,18.422518789961,41,0.0105422983518058
-4.70522755743139,24.8426556461783,100,0.0243001600904805
-0.393140099186817,28.0843469857864,72,0.146943478142885
-0.522326364950409,28.2548061781908,84,0.121525546544445
15.7490779375613,6.74349709224511,52,0.00142838095956346
4.06881550010776,21.6346983895382,100,0.0153313032116396
-2.64230452028139,20.484640224827,91,0.0140062035179715
0.528930105902791,27.4289598785507,75,0.135728866511094
0.623844732594118,27.8275449024854,71,0.14511013685201