5.38307714846361,18.3245906189515,57,0.00790350639994415
0.372995933181797,27.1957764078439,73,0.137306769472608
5.44718411412444,19.9643978076198,60,0.0101078646222461
7.90203853294532,6.47288030992795,40,0.00190546978943798
0.315011674610962,28.3247502185551,81,0.127957775820246
5.0756974935611,18.2190525856142,61,0.0079532095891995
3.71599472851198,18.4629423410426,42,0.00932509303609178
-4.01080482355102,18.573605912859,65,0.00911181461859919
-0.809104179514089,27.3489851370546,77,0.124718599412393
0.544874658160751,27.6122487192324,70,0.147931555775458
1.538074951044,18.5359955068283,60,0.0103921174211388
0.638445553689872,27.1714224621654,75,0.128461142883135
0.139893269232098,28.1805292009004,81,0.131190237097559
-1.00090754943584,7.38994068346967,33,0.00235695222128458
-0.639773152776373,18.7261789165358,69,0.0109099351564482
4.65782518383117,18.6234974902726,61,0.00876945716417531
-1.05652257677742,8.23287442223014,40,0.0025556505121293
0.646822037051717,27.3194678373475,70,0.140589806303332
0.939681793424832,27.745971383693,73,0.131625921386595
-1.08635738162675,8.60870694765406,31,0.00266069933553394
0.591778928842361,27.9347250745144,75,0.137805527287307
-0.6215259198951,27.2467125045413,75,0.130464279469227
4.5658488991639,20.9623371563788,97,0.0126513771926634
-5.74668871163682,28.5463088577361,100,0.0230442589213326
0.165671813426597,27.1291674935023,71,0.141555417551341
2.29544658352831,18.5266668263596,56,0.0101107887486663
5.43523652896002,19.530652615043,60,0.00944809772041898
-1.1170150943844,6.32429209661026,31,0.00213179314398063
0.747728573007599,27.5277220556371,69,0.143444663327215
-0.565946665060716,27.1683226260156,75,0.129846112776888
-5.00925505689723,21.0635412389924,93,0.0122695943481135
-0.964327687868364,6.48675469957001,13,0.00217391602822909
5.37381826622271,18.6011073498576,61,0.00822173013632691
0.202475393728013,28.3116387846048,83,0.125867555166992
0.48017377588144,25.3178250221174,100,0.0602391311744806
5.42565360797602,20.8794053142271,63,0.0117117037504987
0.377190219398278,28.6870014983621,80,0.12157815961657
0.516015818604314,28.0891323420683,75,0.138519327444772
3.12881115360081,18.5089095015991,60,0.00960094021775538
-0.119740136383567,27.1227348799232,76,0.132262514013153
0.197457964663067,28.5772648742034,70,0.143829277912016
-0.824805131608841,8.48721181267138,33,0.00262995870346275
0.432337883969594,28.5767145418101,89,0.111113260099578
0.771690484269483,18.3021254078155,41,0.0103121384380761
2.93828152281333,18.932519067393,52,0.0105868861447643
1.51059739957221,18.2131814174502,63,0.00974964310023452
4.9957433937979,21.0682181834894,60,0.0128199310206668
0.876073298104637,27.4066382312387,67,0.141339493180606
-0.910672235452432,18.1524071380808,54,0.00986274247150886
-0.345898147878088,27.4393475584333,75,0.138915221387177
5.61150192045669,21.0609992917682,95,0.0113464658334043
4.44855252368015,18.4921681327913,51,0.00880513850245394
-1.05501418446931,7.64637491469782,38,0.00241280919559921
0.507159242248288,18.9322973979141,52,0.0116165402267242
-0.595694470379205,27.6288185932678,76,0.134955140709011
-0.346289330950901,29.7863047101414,100,0.0728501549415389
5.46115241274222,18.9388347430223,67,0.0085444944532308
-0.488792037377521,27.3855200426736,84,0.120974233109291
-0.682819671798078,28.0165379365244,90,0.112468715088865
1.11894562507907,24.6249525765109,100,0.0462394214956863
0.559287861118881,28.3433313607643,71,0.141920083445837
0.268742650142578,28.5592617792388,71,0.141633772293766
0.0581732451820814,27.3249915463085,71,0.147233295383921
0.0290227640356342,8.85586377875984,33,0.00273668188935489
0.303024868635979,28.2604429648752,82,0.127352998440712
-1.09768822242461,7.4858617596062,33,0.00237777191271341
0.669935096909837,28.5523690108797,71,0.134635198135859
-0.0876496370714965,26.9462069611603,75,0.129099553766986
-0.523663283827618,27.3900238990991,69,0.147118020115561
0.0838922633425695,26.8890683747372,77,0.124175053372422
1.02496111910068,18.4723156633426,42,0.0106040753795008
0.0328917357625589,27.7942049639553,76,0.142723085230598
1.39516142736958,22.2535156273682,100,0.0230978885982732
5.27959127188155,27.4531852473061,100,0.0263563024273844
-0.334394982059971,27.1989654076694,77,0.130694660048436
0.776790943176152,27.3943490198109,71,0.136567480781677
-0.979687516100042,7.74327610639689,34,0.00243906550817485
0.108337041564297,26.9328251416208,74,0.13029853812761
5.33587405221623,20.3464542428309,66,0.0108173019955101
-0.807972441315949,26.9475630331042,100,0.087806971850733
0.386107098570695,26.9477522459083,76,0.125242174227739
0.784200512675954,28.4566322301631,80,0.119467641638925
-3.00720624521151,21.2404816665427,87,0.0160054612817714
0.122627604374525,27.7446769339508,70,0.155530102458009
0.74491637631419,27.2501009299331,74,0.129376379428815
0.406676312217696,27.4226242884291,72,0.143703646749206
-6.97748177958107,20.9917456911952,92,0.00943608576008862
0.68363019080492,23.7696683685876,100,0.0368877455763131
3.01673482696184,20.9983445257137,91,0.0151055199671844
0.221921494974801,28.0158499402058,70,0.154460319082845
-0.316862285974827,29.9011145598197,100,0.0706089665897779
-4.24126252193951,20.6260917121015,88,0.0124942811875895
-0.620055612722193,28.4524058027011,80,0.122926370664233
4.94859171477861,20.7444370674266,67,0.0120862888162448
5.76124356125726,19.094461022493,52,0.00860961096781454
0.484007159721012,28.6343713790504,85,0.114508166114144
0.485464986407934,27.8783065003585,68,0.155352652415556
-1.54539949661812,23.2332741614717,100,0.0296671745179039
-0.116230180307469,28.4672348580828,72,0.143230681035003
0.737471295092261,28.5114671746319,86,0.11151175045844
3.74583381599647,26.1035492123407,100,0.0370072489818562
4.127888811551,18.830019746877,42,0.00964289201362093
5.2155227110847,18.1757271563769,51,0.00787328706406856
-0.890785309729319,7.78164904718147,34,0.00244927369883381
0.980879822642409,20.4092738490644,90,0.0150614065157604
0.0352110906241158,18.1957744698452,42,0.0101498749059095
0.310018179034374,27.0817549349264,76,0.12979087946422
0.280556448275724,27.7830058794702,74,0.145225736557981
0.338524976403633,27.1805288795132,65,0.154345735022372
0.643368885422856,27.1166161766674,71,0.133879887363792
0.218630842575309,27.7233631503971,74,0.145606859731086
5.51421041466513,18.9438680067648,64,0.00853046061147561
2.29423035727794,18.3556436076248,70,0.0096598967629076
-0.850310256873354,8.42589416556169,37,0.00261058073867808
-0.70391552794924,6.10492895909382,39,0.00208928176828469
4.97102594915432,18.8239028079993,57,0.00885069433936536
0.768712514340917,28.239210651443,75,0.130979475860263
-0.379235253978282,8.00019154434733,34,0.00250685690130997
-2.58710702587507,20.8774525732327,98,0.0151131939669897
-0.527114124148987,28.4679156213955,88,0.113033819445149
0.399481654634083,28.6387642401437,88,0.11154320305421
1.07391743831438,26.8923452874656,100,0.083381643204121
0.72877879317486,30.4814940739354,100,0.0578105786785028
3.97165076205069,18.6226602625397,58,0.00927417634512519
-0.167877216974132,18.2845176948583,50,0.0102414197977947
0.384885108928429,28.6985921174147,80,0.12120768106019
1.39118096975456,24.1237332239324,100,0.0387517147498781
-0.325823489587178,28.52346233245,84,0.119822112356138
-0.0252859706633086,26.9089716965279,71,0.134981070222112
3.53341135919926,18.6102460708083,50,0.00961845456389924
0.594006092246174,28.3691075525598,92,0.108556687851108
-0.104894851479774,18.3962053823216,44,0.0105375407159772
5.86310884659305,20.1797828363133,62,0.00995205454982597
-1.04690474944467,7.77385404042879,38,0.0024431962142741
-3.21302137275502,21.0232004678991,94,0.0148404871036649
0.130664545292616,28.6686588507761,81,0.122398941804961
0.424396786007007,27.0239220380761,82,0.117893846729108
5.19248273762657,20.9154348884323,60,0.0121792255803937
0.721803528959944,28.4592955426248,68,0.141249405004559
5.59344641234105,18.4245296611528,51,0.00791520819072059
-0.820827209284632,27.4767877322025,69,0.140399005136129
0.597508924553815,27.9658789434566,70,0.14773302685469
-0.0155696972741498,27.3045093690871,69,0.151258775038953
0.59895732098817,27.9610403631422,75,0.137557053255859
-0.645332350506623,6.93061255313928,34,0.00225831286407103
4.5502626332351,18.4091110751755,52,0.00860966401105587
0.276163983518732,28.0574028628584,73,0.146719037802369
-0.500568863100266,27.2227703531435,70,0.141658965815022
0.0571352003630504,28.8518855487781,80,0.119251319635541
5.34396024952717,20.5553457169224,59,0.011269517903001
0.260659953637003,27.1055872994394,78,0.127551863078716
0.181679965078884,27.8852624273942,87,0.122931902912979
5.86953264988105,19.4176197905998,57,0.00890098915930161
-0.523663283827618,27.3900238990991,69,0.147118020115561
2.01606075048581,24.6248041462465,100,0.0409165461319553
-0.350073079737651,28.5136833973176,84,0.119771393549779
-0.391323770808137,8.38725426390106,44,0.00259949509274484
0.576405362429508,27.7385011731056,74,0.139893265797261
-0.953887642256936,27.5989721681721,75,0.126908645350165
0.390500546006217,27.8423335755498,76,0.139784910769727
0.348145382074305,27.7228141634537,81,0.130866658313044
0.346454307140686,27.7462349953936,70,0.153039617112462
0.47716201104108,28.3207194540628,72,0.142049311440903
0.645112265660643,28.5742853486884,71,0.134669079058052
3.04267885239483,26.5968825862731,100,0.0481753964989717
0.654453965848517,28.4999953086755,81,0.119942565410842
-0.510393060321689,6.26060573534709,20,0.00212879771817479
3.40641217127763,20.8970709604275,91,0.0142644734220529
0.140668949599995,27.2951668586285,67,0.155250050127552
0.493221960793741,28.2862526692735,70,0.146522137137405
-1.64559221501744,21.7123401238004,100,0.0198342289794697
0.461331230232257,26.9951973542368,72,0.132207821327627
5.58816114193203,19.3495127058987,60,0.00904339229021077
-6.49120712408773,28.7102434910762,100,0.0189546207973503
0.536775729391841,27.6402827490203,81,0.127584406903143
3.0661814394394,18.5838611476105,45,0.00991353923705581
0.627210004150001,18.4996293733462,56,0.0105781972259077
0.782414549616926,27.7384046787188,71,0.140286689847766
0.713494457427699,28.035281091358,82,0.122844597579705
3.48897394719051,19.0992569537416,42,0.0106330704988957
4.32008681963069,18.3829090250417,52,0.0087257881785255
5.84534482273951,18.6406975704769,51,0.00798802559347931
0.494925377474385,28.4371127239806,72,0.139322619385938
2.1096741820766,8.86441968832848,37,0.00270320867061333
5.91663827586151,18.6895453998516,54,0.00797273245631818
-0.512999919745902,27.5439181427717,77,0.133960996205039
-0.00834609950425394,27.2974730437381,74,0.140471178565155
-1.1750100027764,8.33007112592347,37,0.00258099124450185
-0.252775411460139,28.7566769215338,81,0.119521289243013
1.5540152045845,20.6218737673366,92,0.0154025474343606
2.5732826001791,21.126886185169,92,0.0161097401904343
-2.01173419647044,21.1358568206989,93,0.0168127141373707
-0.274864476315555,8.82641308731922,31,0.0027292500098304
-2.48580545381503,18.9605173930607,42,0.0110493555051025
7.4841718692242,24.5674045075189,100,0.013027083470504
0.46722600520902,27.1952078962275,78,0.127179648482029
5.51276337291743,20.4741644912486,59,0.0108979494107564
0.705853788117986,27.6281376831778,74,0.135988475999807
-0.440167259183816,28.5777544957375,94,0.10517297133131
0.6453742987467,27.3857651088461,80,0.124322746799365
1.56664616382797,18.450445644315,40,0.0104255337160575
0.0250653627140751,26.9961477084125,78,0.125786074810557
-1.10743296862406,23.8310178068408,100,0.0365362675470081
1.9077838977778,8.79066215248221,39,0.00268725160831564
5.38264208804343,21.1634296126227,67,0.0122798162911114
1.82650445265963,18.3189257973806,52,0.00995096186794802
-0.00993879351487226,28.5664216443252,81,0.125025225195677
-0.600141440725377,27.7658463230384,90,0.114021589550947
-2.05469636239692,24.1994715176148,100,0.0363223022475477
-0.303973999609331,7.02244128063952,30,0.00228180910382561
0.502993427918459,28.1536365047439,70,0.148378946985253
4.35371575485007,21.1416010031812,61,0.0140628518114912
-1.30301831216004,26.123219922496,100,0.0684015312004369
-1.03438785641996,7.91246770236826,20,0.0024880306741253
-0.467064134335364,28.2418514037496,84,0.122488718306728
3.57221665831192,18.3123415658729,51,0.00909561299833102
5.65914860880015,19.6888393984533,58,0.00947732323151797
-0.690106077796772,27.6493897025862,75,0.134732301030828
2.40693738900892,18.793674074877,66,0.0104695572908676
-1.09693423460459,8.50151144362022,36,0.00262809885853944
8.696570695427,21.6610780884479,100,0.00806625317102897
2.4199935933454,18.2899612461108,59,0.00959079301213185
-0.752676510490705,7.35611782041601,36,0.00235002502442579
0.434394822954819,28.0172521639796,75,0.140567104299637
5.66342362619151,18.6148657143692,59,0.00804047729602956
4.33181740182289,18.2476978650651,62,0.00845410352528913
-0.000434922786432979,27.4312908762792,74,0.143146446100814
5.35056583326927,19.0145481072522,56,0.00881885253034932
0.317090044776642,28.0215256130196,89,0.118662827509246
-1.06774500660985,8.00937297102099,39,0.00249976542494025
-0.0197115361700653,26.9191458653264,69,0.139102915891572
-1.193812327611,6.7113273000548,13,0.00221756624146173
0.746278231088142,27.2371101821558,75,0.127429703214807
-0.0535018047342938,27.3595360549301,78,0.134127996364747
6.32737571890857,30.1898631237861,100,0.0180638484769523
3.03363665534621,26.2299247902794,100,0.0459450573265497
1.07391743831438,26.8923452874656,100,0.083381643204121
2.47969683634215,19.1036883051854,62,0.011117963013261
-1.28819111871001,30.1647709252511,100,0.0592883830381085
2.60240303539125,26.2432970384271,100,0.0518370338235794
6.66598374663186,23.2793062940076,100,0.013274850197074
-0.203134128105828,28.4495317699072,72,0.143095178189342
-0.483877796257735,28.6887606916664,84,0.114679750806649
-0.179579521617804,27.2576717337206,76,0.135180103772569
0.106876034141915,8.70115791746689,37,0.00269018964647922
-3.58597327428034,20.8555503505958,93,0.0138619673391357
0.154736693579274,28.5764418189717,76,0.132688235802354
-0.353365426390067,28.7954547687873,72,0.131602630928116
-0.0535018047342938,27.3595360549301,78,0.134127996364747
0.1925202632616,27.0669336010935,77,0.128717026429392
-7.2782671076863,26.4095191411814,100,0.01538895904194
5.17212469135204,21.2371218528069,60,0.012898106696304
0.496474019706209,27.6266260894489,74,0.140794936537328
5.46217226563549,18.6703780849796,58,0.00826390341645028
5.47665943500656,19.3993500199067,64,0.00918287906246947
-0.440123206640534,28.3449178921624,77,0.132825817512009
5.80505965213871,19.8261617935172,60,0.00950912641944994
0.561105548775158,27.4622881015597,71,0.143369202968434
-0.312232465243572,27.1639268191462,70,0.14316947997858
0.390948493550851,28.2350924854595,70,0.149396224639277
-0.00444816796547709,28.2558458042709,83,0.127279303861416
0.331668909723449,28.1268066078934,72,0.147459302573572
-0.525167383697066,8.7557501542593,33,0.00270638645341376
0.290029689634038,27.0495949790964,77,0.127487959795617
0.0784569765401787,27.3552444602586,71,0.14785938007016
0.175623072744572,27.2156090499456,74,0.137956203203674
0.835425492098684,27.6737082409888,70,0.140171805052847
0.601387672581318,27.9229636217258,72,0.143544568324335
0.643740380112755,28.3192404058962,74,0.134677052361606
0.375477384002225,28.1488475953816,87,0.120124393596011
-1.54577533613778,28.1474128972955,100,0.0808255930552541
-0.706793216576427,28.1329875193296,83,0.120854601504837
0.278038994611673,27.9413149742179,75,0.143169695323999
-0.637280928025812,6.25972852131185,29,0.00212389872869965
4.96626102052455,18.8862432591132,54,0.00896738427836001
-0.502137328529198,28.5174911333015,81,0.122192430145824
0.986500263040254,24.837388222107,100,0.0499554480023879
0.785835484591273,27.4049578127989,76,0.127767328987635
5.21977566936673,19.2691426688322,59,0.00927032169724611
0.0871448638450079,28.3899523719522,89,0.116439709385991
-3.06507090872649,26.5273594086649,100,0.0474498419523174
-0.0893929187068635,6.33371426571157,16,0.00214618446745628
0.0751036698513556,18.2841930107321,63,0.010108526315811
-0.745633718134986,6.01992637726346,33,0.00207555103256317
5.29245770480841,19.0600323452296,52,0.00896279891086254
-0.829646434439795,7.5732943951094,32,0.0024015953626807
0.70987495539928,27.557838338315,75,0.133387178235859
-0.0770821830015854,20.5664235812162,89,0.0158676696358578
-0.267465674601849,28.2661601304944,84,0.124432252430885
5.86649411801073,19.8231884627812,67,0.00937849135753124
3.80250441108749,20.9448167810493,68,0.0142863487490337
0.898091817790605,27.5126323926224,71,0.134605929741838
0.602160098774456,20.3362680887255,89,0.0149725847745617
0.248829050963839,27.3381197118554,77,0.134470662985001
0.945731378066222,27.6294952922071,74,0.129047052964946
5.4663017757151,20.7211683367427,66,0.01131707971226
0.841343672175203,27.4003801301196,78,0.12313379823875
5.47196500118851,18.6571866550765,59,0.00823330411733307
-1.59512156498901,20.9690143034331,97,0.0164885547174359
-0.0500169455635172,28.0281532072847,85,0.126081731937534
5.39396869908209,19.1045621433701,62,0.00885933955575074
-0.427352578010313,26.9704234715912,73,0.130256216800555
5.92580704539915,19.3456809469273,58,0.00874654467516597
0.28684072984068,27.2514470912117,78,0.130631528064547
-2.13191496694883,20.9827026489884,90,0.0161916366558531
2.05367143118491,33.5459438965573,100,0.0215357241334844
-5.45562602408165,20.8963304807396,97,0.0112517883650982
2.36234642877583,18.7803694144749,41,0.0107476247455995
-0.602027001417409,28.3052179542176,79,0.127217452668281
-1.00257133139377,8.36796251989962,39,0.00259205790307908
0.776790943176152,27.3943490198109,71,0.136567480781677
0.23273819000646,27.2652632188205,74,0.138689516292439
1.05290278996562,6.40675320036824,24,0.0021519054775218
0.250004592126389,28.2393209735402,87,0.120388362369839
0.653327511030512,27.9935714251488,82,0.124295407163918
0.0205121570612259,5.98593629804051,11,0.00208103488565419
4.58724811529492,18.6369793929944,62,0.00883152317917928
-0.759972388891062,6.95011062462613,21,0.00226832614058163
-0.000174826770009712,27.5620852260381,68,0.158970100841595
-0.482868146900646,8.4622886882454,33,0.0026263724468023
0.907220652757478,27.7195998547837,75,0.129130396465901
5.32071526569674,20.1418343178875,70,0.0104383948880705
5.57365729808806,21.170552635689,65,0.0120146247308908
0.757333121862059,27.6856024854938,68,0.146942123304079
1.79981514997001,18.9312312565858,62,0.011100588372742
0.221348366524467,26.9747650479295,97,0.100645890776534
-0.413926761596256,28.0244904173704,83,0.126598504761801
3.75956814404377,18.6717679718062,54,0.00953455443706983
0.00520142087321307,28.6237018676841,82,0.122213805972567
5.06263849896138,19.2823472168947,60,0.00942252747768513
0.343475893030075,27.4270326742922,74,0.140696288904134
0.385498798082593,27.2003933493612,76,0.131816181580935
5.26500679043727,23.9975832140957,100,0.0190298189221363
4.97145740125667,23.4233952666214,100,0.0184125383605244
-0.867286376985943,7.99630025312226,31,0.00250395093226908
0.297707217124468,28.1690038307843,88,0.119269819097525
4.85635197740256,18.3666161415093,51,0.00835191940248788
0.081362833134737,28.0227724355378,82,0.130997833933403
0.219081815948021,26.9252181958121,76,0.126180963604443
0.408206559420403,28.2022667315869,92,0.112562736168574
0.331743454145336,18.6690173617611,52,0.0110243941123467
0.377885723658582,27.0686362896937,81,0.120889579928286
-0.589107591183489,27.4311159906655,83,0.12146165839357
0.249445700462999,28.6043299351279,80,0.124759648776942
2.49598314574133,21.2114383378966,92,0.0165150754500669
0.494925377474385,28.4371127239806,72,0.139322619385938
5.4009634912768,18.2566580821235,58,0.00780522413010921
0.478362473639798,27.2981001407869,67,0.150444887042136
4.8463231097427,18.6966508565254,46,0.00885132276497767
0.705853788117986,27.6281376831778,74,0.135988475999807
-0.323914444339252,26.9312207478585,77,0.12390271005338
-2.35049148739376,23.0328771394967,100,0.0258138745601474
0.624427111205144,27.6117106768938,71,0.143819252905799
-0.381388699733471,27.3640289593135,78,0.131688596467316
-0.165497983912662,18.1609506278235,44,0.0100579416697916
0.169407653851493,28.0666474620747,85,0.125440721531318
-0.0300847526488416,28.6908721421827,76,0.130035602344297
0.670116631414096,27.165337454194,72,0.13272578988532
-0.103658486722857,27.1445810685993,75,0.134673985449494
2.35559938016861,18.2888456524372,69,0.00952557848884893
-0.467231707824625,27.3836831457727,100,0.101550039836141
-0.54924031766609,27.2268736055453,76,0.129784501298514
-0.245194467444782,28.7752984190376,71,0.135196688464944
0.0243071638140864,27.761500420433,71,0.153573549552474
0.497727740140057,27.8182801285188,70,0.150362868693504
5.70943634679757,20.4221618266551,60,0.0105442427378886
10.8293427829799,21.2206440320519,100,0.00583862767869365
0.496474019706209,27.6266260894489,74,0.140794936537328
3.41925322096814,8.59509966129959,47,0.00257415965601997
-0.894046830298784,27.7666082016022,76,0.128052874826161
0.137178734372835,27.1197912352158,74,0.135693348483773
-8.2081438110771,21.0816418054222,94,0.00808815971199385
1.96964177336819,20.4543571262651,91,0.0145470753990333
2.24346367862213,8.75698394013793,38,0.00266875493668767
-0.164116427631855,27.0168970011573,76,0.129184910640217
-0.101607313473336,8.84752454920334,38,0.00273050561119285
0.637073045548099,28.1206186956327,89,0.113971263357132
0.221945174550951,28.6004129162769,82,0.122001172578306
0.376211004768039,27.8664064891701,76,0.140005795691257
0.010972123010888,28.1925474176779,71,0.151265613605834
0.623988283921818,28.3649146812411,71,0.139976548749264
0.42440134110657,27.3600469411501,74,0.138268471938034
4.61524062326854,18.3613382379251,42,0.00857269006149533
5.91158145981005,20.0018227800664,63,0.00962295642742253
-0.0582769882447255,27.6812579972536,76,0.142110288288959
0.554078655307177,28.312695669941,75,0.134919642795906
4.75129341162097,20.5019566810816,67,0.0118575044387596
3.12094225721422,21.2201039739583,72,0.0161431153159764
6.4659968667198,22.2501841643795,100,0.0120200953677318
0.101372129994753,18.4099876877061,46,0.0105443670350163
-0.822624979160789,27.3190736540519,77,0.123890381929535
3.27127886957572,23.2709222166714,100,0.0239962121376116
10.8557416162743,27.2012138196258,100,0.0078013005626736
-3.72955120241162,21.103193907407,90,0.0143922825934574
-0.83127046789306,8.42082332590988,36,0.00261013704152834
0.355440327708166,27.0038261407432,78,0.124031175754978
0.230610566654299,27.969028807963,69,0.157089432542432
0.150175089164563,27.2138831012848,76,0.134361322492559
5.35512471316947,18.7188762543879,68,0.008336035737478
-4.08380603536742,24.4308913667237,100,0.0260785199749828
3.29595158509128,24.554064782244,100,0.0315440728550512
5.7029281877371,19.1256575538274,60,0.00864044973174861
0.904270127992812,27.8332638749964,81,0.120199720625118
1.43590276494464,18.2466107042114,56,0.00990061449472384
0.1925202632616,27.0669336010935,77,0.128717026429392
0.183063996437976,27.3322650388936,70,0.148935355368888
0.414991361677498,28.0167043543564,90,0.116314392628453
0.816126822857408,27.3422794252077,68,0.140127093401992
3.88471355542444,29.6006633676467,100,0.0356918408807653
5.12849585891128,18.6016726848993,52,0.00846439187982697
5.54415591658942,19.0329824003922,68,0.00859278368774375
5.77208239870697,20.9571517238418,60,0.0113785951335315
-4.45699560982202,20.3582061672127,88,0.0116466956816988
0.861132441192204,8.80694758725114,31,0.00271880651115305
-0.51988807085323,27.8279319576308,76,0.137506324873206
-0.491822664298541,6.83489087238229,19,0.0022464334391546
5.73587812594039,19.5837964857694,60,0.00923213569003793
0.26932789558732,18.9061543356167,42,0.011714125555318
0.450592008881172,27.1285454746669,76,0.129184475540765
1.10030469390521,26.6116547604812,100,0.0789071480563864
0.498104995755886,27.4130909158347,77,0.132451341847231
0.601387672581318,27.9229636217258,72,0.143544568324335
-0.439189228089889,28.0516244888649,84,0.124530906912683
5.53300261376781,19.7081937352587,59,0.00962582380681924
0.851906932706114,27.920688061351,71,0.138307230181118
-0.24586164921421,27.258291593915,77,0.132890548826058
4.42764144967297,18.8711832229317,57,0.00934351934171393
0.883033963232365,18.2501023250623,60,0.00999453949780577
5.69884643597322,19.1978632732597,61,0.00873119393997878
-1.89701658164216,18.1762620428568,42,0.00975625101647929
-3.65720533227533,20.9725242429044,91,0.0141182123479247
0.305775091913614,28.6392526412688,79,0.125002989497616
0.613707114083138,18.4124109309329,68,0.0102713772813934
5.65341054522854,19.6679275574005,62,0.00941687418474502
-0.737956869341555,6.71842789743897,24,0.00221796420121259
0.685918461295462,28.41095122004,79,0.123859390880394
0.538966912834631,27.5121515875006,75,0.136736334396901
-1.15025784385393,6.77771868334593,11,0.00223294639204758
0.666260048147781,27.2803440145346,72,0.135458447541695
0.180575701272905,27.5104319015238,79,0.134108103923883
-0.798857820883453,27.84009459723,90,0.110624109772983
-1.16274240837218,6.40453888374817,21,0.00215172774492436
-0.868630211702031,27.5291613908871,77,0.125536798011271
0.8393337315694,27.9684646064477,69,0.142511468285927
0.666202690480546,27.2452011145862,74,0.131159156829183
4.7264387836875,20.7334083254334,95,0.0119694328227844
5.62494705539221,18.6414081015097,51,0.00815353089541977
0.114469190346537,27.9335614368938,79,0.136624448723251
-0.243409208714269,8.57385941329497,46,0.00264856366814131
0.137178734372835,27.1197912352158,74,0.135693348483773
0.42440134110657,27.3600469411501,74,0.138268471938034
0.443064386865659,28.5717173410757,80,0.123424941458515
0.914842915033605,27.6052276939262,70,0.136921072765234
-0.678849434189765,8.45305629521855,40,0.00261753198516457
3.06099631287072,24.564210664409,100,0.0331773193134561
-0.997866478138911,18.5065911033019,51,0.0105813259721264
8.66104274905711,22.6462881733449,100,0.00891978386323989
2.06526896133012,8.78002866894036,47,0.0026740913713742
0.731561260376121,28.4110127617288,88,0.110638602761543
-6.55805414038815,21.0986258476212,88,0.0101582691949406
-0.174158653866287,6.12666834645907,17,0.00210516232361229
5.22574006083639,18.7530074962261,52,0.00859334051477232
2.71490423793438,23.0390475536148,100,0.0246760015674381
-0.952199216206021,8.16544581415762,40,0.00253979977439875
2.67998236633827,22.5309457211124,100,0.0219802937421423
-2.48438707031556,30.3291494985837,100,0.0451186629649048
0.469299687935503,27.1072923862556,77,0.126747968469193
0.580407190401626,28.2349913177111,81,0.125351521316986
-6.88497299144486,24.7156961949128,100,0.0148813349909402
0.584687282190114,27.5858467051536,74,0.138529129726956
-0.399556139067257,28.1991440960227,73,0.1433727285403
-1.93090225211198,21.9442264231045,100,0.0205590486482323
0.129619107602375,27.7114395673031,75,0.144087235928199
0.370080000192021,28.3110567682566,83,0.124373497309528
-0.304255511091237,32.6049731789868,100,0.0307724347660901
0.0192099449733857,6.15858268133613,25,0.00210789683249687
5.73091495864375,18.5380163407722,58,0.00790721318177964
4.83442597930729,18.9265263825778,42,0.00923346487566316
2.55223218277584,18.6990225608113,56,0.0103134207524984
0.569952025061626,20.4935323290865,91,0.0154777439856802
0.119620911009877,27.6519603800169,71,0.15245981687902
0.629612854923729,28.0243041340827,75,0.136537343351046
-0.936039533468603,28.0956517727476,94,0.1027525256566
0.355440327708166,27.0038261407432,78,0.124031175754978
0.623844732594118,27.8275449024854,71,0.14511013685201
6.82457526420624,28.9561798214546,100,0.0173386160514985
-0.693745069400281,27.1925388439837,75,0.127723091681436
0.0332356049778565,27.2782831664848,78,0.132591908903245
-1.20810829427602,18.1987313447609,41,0.0100175791287506
5.23063557850994,20.869743901622,60,0.0120276867332252
0.896668030475307,27.9204703145605,70,0.138724687229623
0.540437161347785,27.8753454071825,70,0.149403772701001
0.194882779212003,5.83670272840693,11,0.00205288631565278
-0.45887275305422,27.5902254539168,77,0.135409416264225
4.415759305616,18.8040769234667,52,0.00929091233015233
4.61756719750207,18.4356740339763,62,0.00852775617926332
5.40429138646698,18.6250240124974,54,0.0082771197705835
5.52095735910374,20.7045009145379,63,0.0112484896921626
2.0544372258611,20.8035483271495,89,0.0156659605647857
0.629881559805037,8.82873968804111,43,0.00271862016904591
-0.773107154790835,27.6801244490011,86,0.115854772151703
0.970563340511523,28.0711031253491,87,0.110046866092664
0.782414549616926,27.7384046787188,71,0.140286689847766
-0.760313206454214,26.2955524567901,100,0.0773368865362641
-0.0478768973099839,26.9468529311308,74,0.130900535496964
0.299609600867249,28.2919255045543,83,0.12537204828735
1.89854004496146,18.2339481049225,52,0.00976656714307778
3.67420522433029,18.2763813574182,62,0.00889124266398827
2.77178565681818,24.6119332603199,100,0.0355343771275113
5.5053813085374,18.2162036981938,67,0.00763726843681359
0.584845282339096,27.7877565867731,71,0.146018587265121
0.276163983518732,28.0574028628584,73,0.146719037802369
-7.69003706165446,20.8020657359919,94,0.00838436959078649
5.5271527024717,20.8804640848092,64,0.0115497994226358
0.496474019706209,27.6266260894489,74,0.140794936537328
-0.0375981128647689,28.4505816039185,84,0.122703268689679
0.852906564088375,27.8480222521277,76,0.129389134938963
5.587414823698,19.7351012331988,65,0.00955527214700766
-1.02079772666958,7.52660505704553,34,0.00238754522462226
5.24668137302167,20.0362974895382,66,0.0103887119044166
-0.735382465276358,6.65481877729112,24,0.00220480957422608
0.80410473215658,20.645263666517,91,0.0159444272543771
1.46076581429779,25.8261968432314,100,0.0618191388764535
0.0632413111743195,27.4275685040445,94,0.111196772767995
0.857311189109062,28.1660047022753,71,0.136446746373262
-0.937918786877938,8.24618124009227,37,0.00256258436158643
0.932273533135346,27.8964019557813,69,0.139443358249924
-0.14310273810278,27.1361424682374,75,0.134277957761216
-0.345898147878088,27.4393475584333,75,0.138915221387177
-0.96211087686798,8.30792933814316,38,0.00257759562083423
0.302076313728581,27.7479642789932,73,0.146949032561211
0.643368885422856,27.1166161766674,71,0.133879887363792
5.49346899545521,18.5723863688331,58,0.00811939244492659
0.608850939833229,27.6275574452782,68,0.150913668602762
0.15808608369779,18.7708651068258,61,0.0111531423732372
-0.298393242974852,27.1924675252958,75,0.134457587413868
-0.0780970639726019,27.8599768656833,76,0.142712376722667
3.93765490247132,6.19994003094161,35,0.00204449701060266
-3.22895780043616,21.0351507591164,96,0.0148098551817678
0.217974531729831,28.8122596252917,80,0.119718050223454
-0.764172523370949,6.94243850065446,21,0.00226664319871452
-3.00397771058712,21.2166575585513,88,0.0159044962886046
0.919920610277456,27.4932633678293,78,0.122209683909914
5.6076440552482,18.6794067156418,53,0.0081999033832964
1.93597802132146,18.9311632269384,42,0.0112872924118868
-0.353080685837277,26.985257553608,71,0.13526301743217
5.4524494285108,18.9982034486971,60,0.00868179553791331
0.0315821351212104,26.8876336633979,77,0.12422516925211
-6.96209916747793,24.3022320106508,100,0.0140769070004798
1.04555966966749,18.1781509527799,42,0.0100043692704835
-1.26605601395955,20.5089574043731,92,0.0152068369730973
2.31228887829889,25.1359923982984,100,0.044102150544479
5.02348986972998,20.8034165635205,65,0.0121286712893211
0.425176373674488,27.7956259619258,87,0.120684334327143
-0.603714305453468,28.5470158602955,85,0.114471939714472
5.30890298797071,20.6597612136619,65,0.0114355390626027
-4.13694234860061,20.9095876515819,91,0.0132554437453463
0.666260048147781,27.2803440145346,72,0.135458447541695
5.58814046775452,20.6113114357955,59,0.0110387805353602
3.71880584426847,18.4923248024448,56,0.00925009400834542
0.924685094409728,28.0196018532789,88,0.110118547261109
-0.0774677665849847,27.7460105592777,76,0.142444499428256
1.75260669277331,18.2288147395591,45,0.00987594188397211
0.109903401021204,28.2970642463243,89,0.117605202047848
0.0500802016801323,28.2093425859003,82,0.129455093647364
0.230465443445407,24.6079675392841,100,0.0486905446672382
0.0429001323530684,27.4870540869418,69,0.155210758605434
0.0543400742940606,28.3406525295809,83,0.126043112568431
0.444944508698898,27.4495895580887,75,0.137581327226589
-1.20036952518204,8.21420837681506,41,0.002548111063789
1.40089742653302,18.1994859442924,42,0.00995887749712636
-1.1130904428116,7.99649339123862,42,0.00249408926003853
3.29419429900483,20.9890228886394,94,0.0146241535913782
5.40145546631232,21.0617623011372,65,0.0120759003494838
-0.812875754794042,28.4321857113191,82,0.116444924692337
-1.77481789202289,18.5835836296059,62,0.0103814338564237
0.217509531534429,27.8622793851045,87,0.122724812592624
0.634011947698089,27.238782711468,74,0.131745033728869
2.13488480295487,18.2138464494384,44,0.00971525995368128
0.494607206905211,28.0859375729486,91,0.113686396056229
-0.663200382102646,27.6571754092338,84,0.120736851601746
-0.130494014159196,27.29832190303,76,0.136334497410609
-0.356487690888813,28.6775924042492,82,0.119125310776582
-0.388794967839393,27.5903708033065,75,0.140340450617184
5.41871842461327,20.6582038561828,60,0.0113446626794737
3.60402115019228,25.97305837757,100,0.0377997773625868
5.06947957875573,20.7401484804038,65,0.0119316781767843
0.63194940068101,27.6256280115365,78,0.130618709844765
3.9891785930519,18.2218340910956,60,0.00864060697286232
4.74053592412543,20.9087426965354,61,0.0128516796885278
5.61789760511528,24.295001904363,100,0.0184570642179764
-5.86534528425507,20.7009850082956,90,0.0104632645856175
-0.0150447770127246,27.313174311445,70,0.149218148492972
0.683748093050745,27.5832775889611,78,0.129102686515944
-0.510018008997596,27.2752728674306,76,0.131501588458392
0.104731531323417,27.8231257386712,82,0.131346997777361
5.78147351350573,19.8409095809061,60,0.00955547290446743
0.515429247773229,27.8379024668482,70,0.149987736583619
-1.16124380358071,6.58678162596666,12,0.00219273295675145
5.22930631225056,19.1813340030334,58,0.00914182582022716
0.564248353325272,28.6525611709018,70,0.136136434940121
0.0740206721927772,27.4555939011683,90,0.116672168470632
4.28454503512541,18.7196608770992,52,0.00925696923335054
-0.886690066277289,8.44680788031964,45,0.0026102352657834
-0.020945121754049,27.3577393802704,76,0.137836976412194
0.847516877663266,28.0063868251481,72,0.13623321739276
0.116436272805219,27.7840583741581,76,0.142439718089127
-0.288378272799853,8.67659681163346,37,0.00268287456618932
5.34586895024833,20.1035941443689,60,0.0104536553748962
4.99856445650797,18.1887440855721,57,0.00799081109217801
0.328278052007503,28.6330871646845,82,0.120416336023266
3.37160011201668,18.9109828076739,52,0.0102484516558417
-3.56850086957614,24.5950076997284,100,0.0300269243732059
-0.3418956270531,7.75795646751276,44,0.0024416462963144
-0.922291284624051,28.1885665881392,76,0.125647608415567
-0.115695707910689,28.2153433459945,83,0.127554637487395
-0.86928244887922,6.96902823110447,38,0.00226274554440351
0.558287306601295,28.3939444887863,72,0.138957145641458
-0.138379489945164,28.4289185267527,82,0.125906327117063
0.0243071638140864,27.761500420433,71,0.153573549552474
-0.221690014898003,20.9573180975323,94,0.0172371515922298
8.44226405272314,30.5910741695137,100,0.0112835182441758
-0.0759702450636122,27.840477764395,90,0.118945632054309
5.47956913632858,18.3477281282804,54,0.00788435198760781
-0.523663283827618,27.3900238990991,69,0.147118020115561
5.89745335482441,20.4441002461353,56,0.0103847707863802
0.169368759463327,27.7424688702082,72,0.150516466766335
5.91604799142939,24.8616869249388,100,0.0185535926968317
-0.700583115645073,27.5477953245604,78,0.128368689540425
5.35424510346624,19.2559529205274,59,0.00913076626779427
0.900947965954234,27.7259075126239,78,0.124517169554226
0.0748510658550422,27.6226993875318,74,0.145698210456601
-0.203134128105828,28.4495317699072,72,0.143095178189342
-0.73526506319286,28.4895815417232,83,0.115788541889828
0.389599225586463,27.8118209630976,76,0.139757923483695
1.404224907609,20.9822384675464,93,0.0168085726716819
5.35004235444848,20.7398377567113,60,0.0115957809069889
-7.67437554054449,22.0353944116975,100,0.00973354732151066
4.3468670481419,18.400420777484,51,0.00874100864151817
-2.19648748503405,25.6759339284039,100,0.0512791550341232
-0.703336272306181,27.838223480283,95,0.106425872008046
0.948712527183413,21.1902430241955,91,0.018049499102219
4.63310384315046,18.1673243144529,50,0.00824140252746138
-0.137570276005252,28.3136886029846,83,0.126188710949005
0.451875647457982,27.6578505404102,74,0.141913274672969
-4.25107775910167,20.8368749321905,99,0.0127853846267936
-0.196955441052506,28.1744469321219,83,0.127585314086708
4.99858776326196,20.7782959752967,89,0.0117709492493199
5.43764952031091,21.0589348699077,65,0.0120134074887758
0.296042703480548,28.8068838144827,72,0.131875814957299
0.540437161347785,27.8753454071825,70,0.149403772701001
3.44147903317305,18.4549193490554,52,0.00939641504681511
-0.865399202878174,6.41282647227391,32,0.00215107342891654
5.09100207765701,18.2044209533203,58,0.00794449187745365
0.140668949599995,27.2951668586285,67,0.155250050127552
0.195182521548705,28.1250277094785,79,0.134976767074429
5.88992147252584,19.0925863337165,59,0.0084472738454763
2.40664905306944,18.4540296824689,62,0.00986305290881258
-0.488792037377521,27.3855200426736,84,0.120974233109291
7.3885746370473,21.14981044903,100,0.00912947991091691
-0.788175746871266,8.65103459670076,33,0.00267484062522415
5.78089584247724,18.8346614714729,51,0.0082713806850711
-1.24469389276923,7.08831704793389,33,0.00228694576213994
-0.60156326342881,6.97336886334909,30,0.00226980818699734
-0.305333165571855,6.702981752658,31,0.00221353561530069
5.7566499563638,20.8964488487142,64,0.011242488910475
-0.573283696677939,27.7510250215005,90,0.114392908894346
5.78829086850789,19.3000228602346,61,0.008787371126638
-0.732398645266049,28.3197744942952,87,0.113024163785884
0.106393076029418,26.9049666278584,73,0.131117102267479
-0.299238056681733,8.38855749989253,33,0.00260772687952497
-0.65447074146279,7.72567120893082,31,0.00243979624846497
-0.733192411023969,28.2638989464636,84,0.117637249890083
4.58932358696094,18.4420150296292,60,0.00857011047927068
0.497727740140057,27.8182801285188,70,0.150362868693504
0.328616201391284,27.0630761174033,74,0.13251970790524
-0.57169906350602,28.5170517971089,77,0.127259905328015
0.448611683317217,27.1506742906663,68,0.144777512277146
-0.15884273768776,26.9994899002728,74,0.132120695424918
0.138459047587089,27.5841934129998,70,0.153919007997465
3.296246088459,18.7635320451128,57,0.00997660972556082
6.84468718961803,20.9331262525502,100,0.00954659004703567
3.5017914665581,18.2984842460606,53,0.00909837306832905
-0.683671249946885,28.2573012135508,72,0.138403051452139
1.5867675215563,5.82934049782037,21,0.00203697832702552
-0.495537674230927,27.3898489210772,77,0.132121983723185
0.562722941052146,18.454037864107,65,0.0103936026849858
-0.349659851710038,28.5599458203955,91,0.109751921818109
5.43946897187398,18.3306096121461,56,0.00787887599477676
5.48159688393645,20.8114465031907,59,0.0115542242188175
0.946430600298672,27.867370736441,72,0.133390806645211
0.776790943176152,27.3943490198109,71,0.136567480781677
0.69746176738358,27.5098917315572,71,0.140629263088239
7.20286918065325,21.4780879918846,100,0.00975353786686869
0.379198165145339,28.7522045318559,75,0.127573531220396
0.724596014542366,28.2836290359823,71,0.138802995567862
-1.52108279784502,27.2880947227013,100,0.079724576940352
5.4039012144074,18.4934634595294,54,0.00811304350181562
5.40139485608127,18.7336472940473,59,0.0083830070113112
5.15648407430652,18.7331788550127,64,0.00853156780629475
2.95888516811487,18.3680499854633,63,0.00942715180871699
3.89109529973103,18.6272220618418,57,0.00934504053758622
1.04918447856169,6.47296778761978,41,0.00215721900622135
5.7619832864417,28.4229259110085,100,0.0230324807250347
0.858874948309277,27.8509608490704,78,0.125964069936238
-0.847339920575563,6.6743068611663,11,0.00221432475405298
5.24204395738118,18.1601818894683,56,0.00780698198727242
-0.920796912299857,18.5473406172946,68,0.010493453644508
-0.360995707442345,6.63118246201398,33,0.00219757770257663
-0.903538106308269,18.1829425109621,40,0.0100617042773889
0.627902098497064,27.9242546036385,76,0.13514915375248
0.327086400394569,8.80264342574942,40,0.00271563553366896
-0.375595694997111,8.45756667763022,30,0.002627813940545
-0.336577816120899,7.20298915536692,33,0.00231976882429015
0.970379806227993,27.7146296806862,71,0.133974081161059
-0.292474058359102,28.1010276197041,90,0.117040633962745
-2.07897167312059,27.9694964117937,100,0.0702501572223017
-0.901925108130609,6.41504497984882,13,0.00216004383489459
3.59202435333142,18.723904127301,59,0.00969044190584693
3.38801402680972,20.3790177123766,91,0.0129093513460689
0.539326972320536,28.0227882819725,69,0.151103673297274
-7.59255063780251,25.5430335169311,100,0.013713303969542
0.417402818946555,18.639127138936,35,0.0111579107978553
5.28299942669922,20.8858925215691,67,0.011881212180221
-0.348664037679458,27.4756306347723,76,0.137527785514394
0.483819154478731,28.6121372579763,72,0.135154604043053
5.32516159546449,21.1085747606666,60,0.0123675471918298
-4.24540821784341,18.3812849813726,62,0.00869610908467661
0.728493378329224,27.9885728587882,69,0.146029800074975
-0.566606331377505,27.1278194569897,94,0.103520288079235
0.748668071502492,27.5920346208656,70,0.1421671622823
0.671168580705793,28.4690183641373,80,0.121641671727768
0.00633745620799536,26.8872977596749,76,0.125792565669271
4.72215865731616,18.4835759734563,60,0.00853677277924267
4.08464826102653,21.1469144804454,61,0.0145417611198082
-4.49942677010358,21.090033388668,92,0.0131242168234844
0.60060619306978,28.6151982319597,67,0.142243722684664
5.48806450085728,18.4980122994488,63,0.00800065250061025
0.370298801361946,27.4565940872557,74,0.140808260279794
4.29930220810683,18.3594719545627,64,0.00861560089045032
2.6124015566303,18.6485660772407,59,0.0101523951107116
0.181821262644082,18.1536489813696,45,0.0100329783993148
0.659543958239742,27.9791059942936,71,0.143887135786974
-0.0568895249064786,28.3737801529404,84,0.123962769812984
5.54837017495965,19.6360293759886,58,0.00951117943541762
0.865894585970485,28.2096796899751,86,0.112711786197722
0.376007205436348,26.9737199527926,78,0.123000235663608
0.451621573684817,27.7491072648348,82,0.127917562228914
0.0933784401563916,27.6341860923733,69,0.15720128678688
5.40710122244998,18.9187766042821,59,0.00862029435861122
1.52017771794789,18.27909926246,42,0.0100776706105707
0.823162931568088,27.8719525475789,86,0.115224470280433
-0.14310273810278,27.1361424682374,75,0.134277957761216
-0.922335679212554,7.41785731301288,44,0.00235802660556109
0.138459047587089,27.5841934129998,70,0.153919007997465
-1.22102983299685,26.3833533153708,100,0.0736591256542942
-3.1983034798369,20.6257505179935,90,0.0137964542141317
-2.84761816149914,18.546257834857,42,0.0100021261608185
8.02459645896411,25.3431346797453,100,0.0124014116649356
0.466271593852926,27.7965587562995,71,0.148752141036481
-0.596199962511785,8.68201145602852,33,0.00268529113535093
0.704600181336211,28.0462197624707,76,0.132772493517565
3.14122630909589,18.2318887617212,60,0.0091330351066488
0.531890805298381,25.6844269866749,100,0.0670133299382599
-0.323914444339252,26.9312207478585,77,0.12390271005338
5.84316442363214,18.7430746186989,51,0.00811132415697755
0.466774752981335,5.93126097050947,30,0.00206167427307005
0.75664433840658,28.0271637748395,85,0.117632627909406
-0.549539355755378,6.8146184766506,11,0.00224586321394671
-1.10340341710975,6.37652846422445,12,0.00215094864312889
-0.0338772234082506,26.8751138500915,75,0.126990833962957
5.3495897723481,20.2145881661991,59,0.0106507240797096
-3.09859796508567,24.1925464350197,100,0.0303383416492352
5.40607910068328,18.7567684497929,58,0.00841623208189145
-0.921488715701096,7.01108913865878,21,0.00228009220102541
-0.502351957778575,21.1112004992714,89,0.0179803294688118
-0.414296862625223,28.0918779585826,78,0.134664941303627
1.47162178718598,19.0338576742345,42,0.011738566921176
3.18052393247226,18.2110338033396,44,0.00921292759480192
0.615424954124215,27.4343382609751,78,0.128832951866499
2.37752503410581,18.4028159057877,52,0.00987992615536066
4.92610616628871,18.3481445822821,42,0.00834261966399244
0.561105548775158,27.4622881015597,71,0.143369202968434
0.78122419931252,27.3173886103249,73,0.131456468509176
3.24967618116303,18.2617931365718,51,0.0091987270415953
0.355440327708166,27.0038261407432,78,0.124031175754978
4.58153548030825,18.1635300644995,54,0.00824151169255339
-2.03067741029859,28.6037746678087,100,0.0686058580023227
0.541573408614173,27.470101807936,71,0.1439410700245
2.97880456686797,6.50325540229526,50,0.0021234235633838
3.90460368035473,6.19678702286128,49,0.00203917138557218
0.1925202632616,27.0669336010935,77,0.128717026429392
0.623844732594118,27.8275449024854,71,0.14511013685201
-0.705622444881274,27.4077671497623,74,0.133252727624519
0.484007159721012,28.6343713790504,85,0.114508166114144
-0.305556548832364,27.4035710531025,76,0.136914622118477
3.00699550333969,18.4186152322076,54,0.00956881902851551
-2.32740832150728,18.9059436396518,42,0.0110235247450934
0.618494903247471,28.1872652783535,79,0.128372486540801
5.7278003908694,19.655385693888,57,0.00936814901989746
-0.727525566851304,27.9134915677267,91,0.110704896468007
0.278038994611673,27.9413149742179,75,0.143169695323999
5.03766148530392,18.8086642681074,59,0.00876208525062745
-3.10876814007554,26.332013496541,100,0.0456538450840734
0.939657557937358,27.7168343318882,79,0.121879754898873
2.34171080062793,18.2092447737054,47,0.00959273658453641
-1.18999496330059,6.79851564326338,33,0.00222590601424343
0.445508111132935,18.4410585757876,42,0.0106338615575956
0.115338142129106,27.0842933775733,69,0.144551652697442
4.19791973156703,8.29395259732647,49,0.00246122281686585
0.404679119699698,30.8416490174182,100,0.0527770536627132
0.510801032355858,27.074576801168,75,0.12852231452524
5.67342653928932,19.821515034292,63,0.0096129926421771
4.58594422515795,18.9639116898523,52,0.0094078457277498
10.5965973915731,25.5577894547288,100,0.00784346076515328
-1.29869637738307,21.2435735217611,92,0.0179917384873063
-2.15340239502057,18.3948221270722,41,0.0100754521477249
-0.203968662310934,21.1934552672417,94,0.0182475425472953
-0.849276211118887,7.11393069289066,38,0.00229424658842164
-0.559949493860304,6.53890657858779,24,0.00218218511382488
-0.703788758535668,27.3942286941688,74,0.133077572172586
0.483684826679396,8.71457875770655,33,0.00269520402363064
0.511289384561128,27.5756038814481,75,0.13804523304069
0.694482111391603,27.9710184976331,72,0.14093722246648
0.407136928548934,8.79225917043936,37,0.00271449514018865
5.58814571350584,19.8518949974402,60,0.00977728212292482
0.623844732594118,27.8275449024854,71,0.14511013685201
0.578062902483616,21.2130240390752,91,0.018337225909562
0.654051265191705,27.6593062476469,71,0.143481109718221
-0.941704187684823,18.4605708365904,36,0.0106654940026113
4.7788584498839,20.7821848135988,90,0.0120697947423053
0.882842915185008,28.290551757785,70,0.135782416517635
5.79222454498091,20.8903861606374,56,0.0112811290960465
-0.346794655444058,27.0756827705897,77,0.127577707096027
-1.0039316687128,7.81471697643484,39,0.0024529536125253
0.789508732579363,22.353441080067,100,0.0244737373955906
5.70145958654182,18.3220124428421,50,0.00772771113786703
4.63305267914543,25.3676896613144,100,0.026607102753099
0.478168330168378,27.6190942625178,74,0.141077999020342
3.03772497663737,18.3803304040791,44,0.00957704518282775
0.70482813760977,27.5372975251877,81,0.12341536701162
0.657400635749456,27.4593208757841,71,0.140950064943385
-1.81425867565591,37.8672738598889,79,0.00891159698235202
-5.36973178156647,20.8714400062806,93,0.0113775655986881
5.33049197129518,20.3917156528752,61,0.0109638453177233
4.21560028994422,18.8229479170518,52,0.0094730221341996
3.13139790042889,23.1409271534152,100,0.0238163476819793
0.685794853292274,27.7647913898791,82,0.1237529401213
0.27213504743698,28.1855494505634,90,0.11654689921847
0.477298104375025,18.4652599452599,39,0.0107166003128121
0.417442122432329,20.5054672311567,94,0.0154840495310212
-0.916810323488706,7.12482471614888,39,0.00229547182969529
4.9334325285023,18.6039876234679,60,0.00855165717327822
1.02699539876155,18.4519379066798,64,0.0103209180464115
0.181425743329658,27.4835918052159,71,0.149778397114809
4.26314110530358,18.2839783383905,50,0.00863563587319075
-0.820827209284632,27.4767877322025,69,0.140399005136129
0.451024051592749,28.1530814847215,69,0.151754357240034
-0.755004586568453,20.6486737567653,92,0.0159509775278555
5.2123383730857,18.7496056211117,63,0.00851852064264328
5.65768821684341,18.4636896811563,62,0.00784779618469029
4.48632541394808,28.2706496794855,100,0.0331172592471069
0.548120349367957,27.6338420033872,74,0.139798670731679
5.3849583786984,18.4083281081275,58,0.00799640227234493
0.196098749178141,28.4457973297317,82,0.125294960782563
0.909842232528106,28.0448818564874,68,0.14159214292736
0.642544879955113,28.6962898524136,100,0.0908167941105089
0.608832520164737,27.278289560468,87,0.113488012784466
-1.5484784472337,20.5685074490669,91,0.01524793019453
-0.515481119785924,8.54000062281903,34,0.0026463648286951
0.466585742513901,27.1283635903621,74,0.132348591521783
0.0874091749722889,27.4350474898587,80,0.131747500888049
0.150622019300643,26.9799540059803,81,0.120476926902313
0.495121877667251,27.1271896351209,73,0.133601080855125
-0.712956293965242,7.84889781510142,33,0.00246789894856799
-0.490576617259854,28.341990259325,84,0.12087819983737
5.65126764120748,21.12360308867,59,0.0118858690405737
-0.732150728694553,27.6471068631032,84,0.119290519064796
4.69457002769369,20.8611430720039,88,0.012385237558312
-2.97271232072671,21.1619805566682,92,0.0156695507851606
-4.93443354139248,20.3816305109134,98,0.0109897200030004
0.260085558240062,27.7387203808304,75,0.143191504934776
5.27671739362854,19.9483558812094,67,0.0101980029564363
0.288300521401451,27.923995523928,71,0.151789845626413
5.43764244124375,20.4206661577867,62,0.0108659001844929
0.773440083458714,27.2908856565029,77,0.124618219598544
0.881252062875228,5.85305011525431,23,0.00204776266972314
0.365794159724482,27.5080111257852,82,0.127233375009899
-0.536636199621494,8.44403420359065,40,0.00261631690619116
-0.0581566068471737,28.8002919175547,72,0.133578964374303
-0.738150235820936,27.4291795388647,77,0.127672531640004
0.474337650345592,28.183318434053,70,0.148594295223353
0.0121423570959057,27.6774918106324,71,0.153024312639445
0.540437161347785,27.8753454071825,70,0.149403772701001
5.89693629338077,19.0077405821623,54,0.00837105648891664
12.1519685433389,20.8957639899635,100,0.00485226934952304
-0.586983280444541,6.63640006913925,33,0.00219761286784449
-1.12633829616538,8.06618699880026,39,0.00251310841523796
0.331668909723449,28.1268066078934,72,0.147459302573572
5.10527073462941,19.1560630484981,60,0.00919584021663393
4.99210149345857,21.2530694660229,67,0.0131250925280726
3.18896057692257,22.2861097003395,100,0.0195493865900683
0.76632243008174,27.6287262752103,74,0.134366870280998
-0.47297421019156,27.494171782904,75,0.137751661571283
3.44394150513553,23.5539513050815,100,0.0248050124767922
3.66564146200362,20.6596478295178,87,0.013350992953992
0.124895763697102,27.7384136851253,82,0.131032675360414
0.724387298177435,27.6723794577,72,0.139637429680224
-1.15103305534697,18.8869370898065,42,0.0114990224977006
2.24742770346734,18.8869303054244,57,0.0108471529187907
-0.273527654870668,22.2778909055817,100,0.0243015981186828
7.83026224331658,20.0493590023232,100,0.0075620413359315
0.886422898189985,27.7304406771553,73,0.133264872365642
-0.778501608560494,8.80032129161163,38,0.00271278013050056
4.36951652774302,22.8276754483882,100,0.0184059002855506
5.18299856398416,20.1234838352364,60,0.0106795072573653
0.805378792443381,21.2437434089016,93,0.0183013291902293
0.278038994611673,27.9413149742179,75,0.143169695323999
-0.187510991043952,27.2032691350349,79,0.128715361685441
-1.16333310300289,7.31856778570471,32,0.00233942452459734
1.23615532116179,20.8566669062488,92,0.0164763470680294
0.788418817875544,28.0717789991476,70,0.141504107095524
4.56526964497668,21.0664241395215,67,0.0134026425314934
0.859165313268875,27.3561751775253,81,0.117726680480456
-0.504850062713217,28.1780718798131,82,0.125687215058863
3.18194670492016,20.6566978906839,90,0.0139021827117837
-0.595694470379205,27.6288185932678,76,0.134955140709011
-0.627416671459635,28.4619758582221,91,0.108043394821153
0.0535923375348354,28.4230689241485,88,0.117377385734184
0.668172725929272,27.4591911758002,71,0.140664887851477
15.6009149830312,20.5468190824214,100,0.00325955610987592
5.65222149314462,20.9469808638722,63,0.0115001313500657
-0.552648178685619,28.1664890524667,82,0.125006256830512
0.67078987128393,28.1462107568726,70,0.144254977689403
-4.3995444460105,27.75797018695,100,0.0341674109599188
-1.12299447529528,7.44333783755074,37,0.00236544927091635
1.45729506680576,25.4923736698162,100,0.0567015039540936
5.14732601722657,18.4664468511606,67,0.00817273742601494
3.90710774054979,18.7643945507659,52,0.0096043939698483
4.12905409965579,18.5333534092887,61,0.00900418431733817
1.67214935587887,5.87555395792205,21,0.00204429041993705
0.578634578153525,27.248311584661,74,0.133129307913661
-1.29867825412976,18.3005404318588,41,0.0101942555835574
0.646614143554453,27.7899584380046,75,0.136533863550227
5.98659358234805,28.0759397047027,100,0.0218405462970749
4.35277692342422,18.1879223359903,58,0.00838780798620403
0.51146254747104,27.4622192997968,74,0.138469478842676
-0.933939998323507,7.47899318279996,41,0.00237355448444423
-0.650592209230489,28.3686184979895,81,0.122223876131784
0.700082093215524,27.6795882818327,76,0.132906071448806
0.775665687545958,28.2791613681908,70,0.139327789342826
3.0815230168248,18.7817037497985,63,0.0100872867447697
-0.19750981407953,27.829133019868,84,0.127534091030517
-0.710747469392754,7.49862688771176,37,0.00238241585369195
-1.15107802532943,6.47247460457577,37,0.00215793920661998
5.08030813412644,18.2106467227987,61,0.00794001165737464
0.807601856565524,27.2913263650668,89,0.107781646526047
0.494925377474385,28.4371127239806,72,0.139322619385938
0.603648277176699,29.7496751017371,100,0.072298244974044
5.06187629252726,18.6045865405053,52,0.00851722400788398
-0.806358433135918,7.10872204428138,35,0.00229506219531485
-0.842361389584713,18.5366164684948,42,0.0107806137157756
5.9325401071875,18.9829110158454,52,0.00832496103385215
9.93085112475105,23.0216566918546,100,0.00757895396490385
0.602263401231916,27.949990655853,72,0.143439123818385
5.65577468865234,24.7881444665378,100,0.019480768397636
-1.1016550124152,7.03322894923931,34,0.00227624245629899
5.73076537786669,18.3564793572806,52,0.00773496506895273
0.818355218184603,27.776673255223,71,0.139317365637081
0.0462444328167833,27.2031680432588,76,0.134477437510649
-0.299838924059905,27.8047924367605,73,0.147186762831889
5.66004368947515,21.0598366663059,63,0.0116964366468745
-0.575553578667907,27.7194755606588,87,0.118310182166575
0.31544618024376,27.7822915050344,89,0.118952195486177
0.184429014943796,5.86505890579898,41,0.00204554692432177
0.353141612195904,27.6631023117594,75,0.14154350065915
4.04827215462821,18.846199100871,61,0.009554712797672
0.279148883195956,27.8715571280195,75,0.14328637500892
-0.416448661648868,8.52432089283838,37,0.00264067742918381
2.49951370522227,18.8573317774136,52,0.0107044770876619
4.27305607491111,19.009124394861,52,0.0097352135037153
-0.257739455673363,18.319081159846,42,0.0103928341645567
-4.05044930229898,25.1641373479043,100,0.0297783188310406
5.93718970660712,18.9940222558301,52,0.00833481297698429
0.87647442074083,20.3438657650036,94,0.0147972643760025
-0.201461530141631,27.7032152837615,76,0.141511625685789
0.360305371458248,28.2566467402533,69,0.151810265952174
0.429305123766953,18.9504523363962,62,0.0115357066229734
-0.896742886638369,27.9730202539481,87,0.112137246934701
-1.04419761694533,8.43413848924581,40,0.00260821852754856
-1.30402873862228,27.2571339755901,100,0.0835671129219104
5.79854694514459,20.0791214762212,60,0.00989262061117816
0.482986297382779,28.4499737635826,81,0.12374877302964
-0.728399256015567,27.8982343136996,76,0.132750393270626
0.0645541984333796,28.0872876417057,72,0.15023436489317
-0.138379489945164,28.4289185267527,82,0.125906327117063
-1.00730441641825,27.7923338219266,100,0.0915716562610737
0.891188959035692,28.1403736717528,70,0.137492277937626
-6.87352041041971,21.1498007109574,99,0.00970029547752117
-4.15395269973912,20.803066634502,92,0.012957719384229