-0.427571962767724,6.31061825308015,20,0.00213897826170634
4.46350318186197,18.7612137494121,37,0.0093166896444093
6.04692345520329,6.75557096699563,88,0.00203369685370405
-5.9817463739493,18.3174011814997,76,0.00738732111084293
-4.79255610240394,18.7482140360352,46,0.00896726204910506
-7.52509532600974,18.1705155367734,81,0.00626809449696459
-13.3959756543913,19.0333782284274,88,0.00374413716367016
5.56981000222193,18.78489745415,55,0.00834698758076715
5.56981000222193,18.78489745415,55,0.00834698758076715
-9.96909577803836,18.5221988825494,42,0.00521644380577501
-0.812699743463832,7.58446422371879,15,0.0024142404761749
-0.380313532203346,18.4170049186486,40,0.0106113028827411
-3.83256219651149,18.868387130118,46,0.00989502766464332
-0.821251840998684,18.3230297776445,78,0.00996484125792566
0.683267054036608,6.31865226243383,31,0.00213424049344316
-4.29279256888488,18.8727745779948,42,0.00958575151508416
-5.52081392213691,9.05133626724963,100,0.00253683030336171
-5.51810758760355,18.751884819429,74,0.00821484879750682
0.886049929344716,6.58290904182372,12,0.00219465119797805
5.29280478859893,-0.129845867092,100,0.00121741077620854
-0.127551738645185,18.8386523607516,42,0.0115574494568547
-2.42554497527405,18.8878468002852,83,0.0104595970124287
-1.64670842848805,18.7645391496224,47,0.0109814642079608
-1.75143550245779,18.6743331787855,45,0.0107680059119149
-3.32619120239885,18.96102351369,41,0.0104955664404459
1.39868787276323,6.35056418253417,37,0.00213098609175473
-2.08575851744954,18.4013965705402,76,0.00977135555126525
-4.40098897994761,18.2704713529545,52,0.00851408263311564
-1.67022323751698,18.3753640774949,50,0.010134545495152
-4.26956622155184,18.3457827819625,55,0.00868251205498475
-2.28542962977722,18.8561572270504,52,0.0108206806812045
0.247988038777458,18.2584411746699,44,0.0102484047401309
-0.108238537695505,18.9013238665179,41,0.0117243277537293
-1.00338585533228,18.6557599411318,34,0.0111051182712268
2.6036391192463,8.09354751176937,49,0.0024792890403118
2.43404884186079,18.2822166809426,36,0.00978634450211686
-1.85030208662153,18.7505729623003,43,0.010913599884999
-0.515021259005899,18.7874474655836,51,0.0112866968899843
-2.39576105700783,18.5260458852567,73,0.00989252356689333
6.50729074962309,6.37783810761796,42,0.00196470521997551
0.400079659804732,18.156830644941,53,0.00994663210714152
0.602350371844127,18.5978701019344,41,0.010968066891873
-3.00102916085315,18.5537390615822,74,0.00962124332467356
0.394448165381681,18.5789531940401,44,0.0109149620916406
0.12637721328926,18.3675414367173,87,0.0100253437607236
3.78736294125429,18.9063245958054,52,0.00993684617733992
2.16209899221626,-11.1391280923646,69,0.000652101308983512
-2.66905409775138,18.5482868806257,42,0.0101055150601698
0.00693642985955886,18.4130014312369,85,0.0101347742532839
-1.06729897441599,6.21211449288833,11,0.00211943176595773
-0.652254720250815,18.6309458292041,38,0.0110711702163399
-5.20230987845294,18.6264952823111,72,0.00830251303959797
-0.926935473831762,7.60666910778086,21,0.00241483085030664
-2.99961422212512,18.2934592669992,41,0.00947498784663887
-2.79730170107792,18.8009225776159,55,0.0103825802509638
4.38713520646604,8.69456523872997,87,0.00252391909206074
0.952616082766095,18.2944007453764,43,0.0102424584974272
-2.28053748963212,18.3682199688823,45,0.00992859355285424
1.67402005156432,18.319325071253,72,0.00980859481629644
-8.82658135654152,18.3091272849216,41,0.00574209996304134
-0.821860749130806,6.58664545685922,11,0.00219642811433821
1.19438131277187,18.6226121313833,43,0.0108719625745281
-4.87572354917103,18.5411384249028,46,0.0086104540198636
-3.64195454154822,18.8452562920049,70,0.00976059994739977
-1.05051513630753,8.33558648476112,40,0.00258227408235778
-3.86960423402989,18.7722062931034,41,0.00974798594797045
0.850597296862412,5.93436265056344,16,0.00206606328230291
-1.96625566039843,18.2276798275765,71,0.0095536020956552
2.15750536244107,18.5152317694968,64,0.0100701263507976
4.20338361784838,19.0617363755457,43,0.00997002778053591
-14.0788643915947,15.7373363759063,100,0.00281607357169865
1.00247534103967,18.7775538467322,35,0.0113740754534664
3.72764107453525,6.09357374212414,18,0.0020390377128869
0.159456048657107,18.3567536659309,42,0.0104754156259493
-0.667250928160909,6.85767540446223,37,0.0022411687071411
-8.58999610189448,18.6507463021268,82,0.00596224175296258
-0.567860779256273,6.36023746126398,23,0.00214676858446712
-5.15984522871984,18.8836719496373,42,0.00890300274187249
-0.908645499585746,18.7337517997121,73,0.0108298244629789
-9.61596884569384,18.9389641513928,85,0.00551040733497849
-0.456046450076686,7.69644452196778,38,0.00242996958877463
0.410663800089277,18.6243481022576,45,0.011002342160604
2.1348683832274,18.3791543300237,51,0.00995336537481154
1.46957635216104,18.3155799511704,74,0.00984443824138983
2.73117166956727,5.82654972713862,89,0.00198891107614694
0.0317460512067634,18.2923766906361,52,0.0102390750641824
-0.661909526026421,6.00719083477471,21,0.0020788361016666
-1.20580598669251,6.82426305242911,28,0.00223359275442772
-10.9495396083944,18.4964667238796,72,0.00463623375772277
-5.28676937661566,18.5867333344864,72,0.00819220044872552
1.49839937219064,18.7617720019547,72,0.0107357831997383
-2.18524934181484,18.7307771137787,39,0.0107594458272619
-1.88892244845031,18.3379142426655,40,0.010084438952642
0.036526687744923,18.4313800013662,45,0.010601697901467
0.442162995614828,18.6804518258002,49,0.0110762453388474
-0.13932472069149,5.98834808129718,18,0.00207838147378949
-1.26813141952304,18.6825460525438,49,0.0109101816874139
2.8049118999094,6.59969013205425,12,0.00216439978562292
-3.02860308883924,18.2409321916487,51,0.0092830102373835
2.45849356367485,18.2895956707645,79,0.00939306833851388
-2.86865686795226,18.8179247024593,60,0.0103186750378838
-4.16678838957525,19.0131189875157,70,0.00965695633822654
-1.51850476708281,18.3820686952978,86,0.00983656885718764
-4.79255610240394,18.7482140360352,46,0.00896726204910506
0.769086815056936,19.0422375571078,44,0.0119521116456591
1.0466108377795,18.4283749750968,46,0.010462959069466
5.33022675379179,6.26218147804786,28,0.00200548917204469
1.0466108377795,18.4283749750968,46,0.010462959069466
1.20894405186922,18.3476858983555,58,0.0101347745978807
-3.16747189842027,18.7348276120631,48,0.010098439193194
-1.73232370531541,18.876648702917,49,0.011170095423146
-0.0931717219911107,6.37133010895958,43,0.00214120966954646
0.78988874249806,18.8658306426044,47,0.0114754914442936
-0.725142051535604,6.99503478904349,20,0.00227881183554401
0.394448165381681,18.5789531940401,44,0.0109149620916406
0.160945304036294,19.0777553716821,53,0.0119937971300937
-13.489390773539,18.642851711594,76,0.00363051167562258
-5.10519752893821,18.381661895338,55,0.00817485274705305
-0.217927392552581,18.5031462899468,42,0.010784888503523
-20.2722781216716,12.5278493369912,100,0.00152443904595246
-3.30997549292094,18.4782588772378,45,0.00957880161382727
2.66941139295147,6.14708276383063,29,0.00207283443787354
0.394448165381681,18.5789531940401,44,0.0109149620916406
3.63857596443991,6.46207185265767,15,0.00211164498953091
-3.5257940476947,19.1031710125025,39,0.0106455547701734
2.12860274405649,18.275319084414,46,0.00981144866923461
-0.217927392552581,18.5031462899468,42,0.010784888503523
-0.488122536993688,8.77318796358109,47,0.00270129487373223
3.84599527247803,18.5038591134885,44,0.0092890895091664
0.674047548757578,18.1820728163333,65,0.00984818671952293
-9.84880222051126,18.2522617787359,90,0.00501926680390667
-2.7299840824978,18.2422873643625,60,0.00935646414575819
-0.160790436423801,5.85847057655662,24,0.0020514986507584
0.389187834753869,18.3164763840624,41,0.0103890816326984
1.85670525093691,18.6945508275024,45,0.0107669900908507
-0.640392484964301,7.24103144773777,72,0.00230572041115743
-7.74243113791675,18.4358544065773,100,0.00626236607689754
-3.89974917817089,18.5312688777006,46,0.00928011152815093
-9.48819459631739,12.7051155663168,100,0.0030336601339753
-6.44612808222263,18.80011966634,74,0.00757820372302252
5.46099864655617,5.92822238463569,57,0.00193243966058829
1.17037087127487,18.3650877336062,43,0.0103361742174141
2.43404884186079,18.2822166809426,36,0.00978634450211686
0.506689006645184,5.82745269826222,19,0.0020468929682028
5.30220171492691,18.9405677851622,66,0.00868110866605838
-1.25520474482188,18.9312311467808,52,0.0114388309073163
-3.64939171067805,18.5773058807618,53,0.00945980593345011
-2.10544631027811,18.6798544010956,42,0.0106573827738134
-6.20438407098006,18.4649271122958,59,0.00748581450084186
-0.106599716538155,18.8825359900898,41,0.0116782302319747
-0.660491358580124,18.3348295073785,30,0.010516389989328
-1.92554207365306,18.314121967909,44,0.00998441492660026
3.61709037297237,19.0865953199057,43,0.0104955299042467
-10.1143237040372,18.7471997269083,69,0.00517688921092643
0.745158490741573,6.14330750713022,24,0.00210294032214616
-0.313552236979175,18.6490496391589,80,0.0106537471541546
2.25496850914777,18.2121539194659,50,0.00960700958345709
0.00176502149564617,18.3359655805454,76,0.0100774172306512
-5.64723606564735,18.6862885077697,75,0.00803393971674908
1.32379659860616,18.2240487558282,72,0.00973436753150912
0.338257218713144,18.5762226617966,52,0.0108193626512358
-5.24269203370675,3.53765513763429,100,0.00158976599212576
5.15533379504104,19.1771154719526,46,0.00930298226902298
-4.30040324431364,18.6650696020342,42,0.00924522534610767
-10.5588907316446,11.8928562714203,100,0.00265688707679468
-2.05548953955413,18.2003961578531,65,0.00952763336810492
-0.819458780858638,18.6150809466908,42,0.0109572360283405
-3.07803626591002,18.3557410022254,39,0.00955751224152585
-1.95090353101908,18.3852040615281,85,0.00970853037401564
0.602350371844127,18.5978701019344,41,0.010968066891873
-0.108238537695505,18.9013238665179,41,0.0117243277537293
-0.56769052314303,6.43332573417258,10,0.00216741738526494
11.2427804405583,6.2143183953978,29,0.00167003416988519
0.245240922896623,18.7458343763348,73,0.0109467055246642
-10.4347408492252,18.8505771757047,50,0.00510264520158574
-0.425705327532841,6.01924731247167,76,0.00205865230396581
-4.95235196343249,18.255641829627,44,0.00819039559398474
-0.508309638930046,6.89352939886709,40,0.00224818077321403
-1.66393141456797,18.4860706751476,64,0.0102078952093643
-1.53947669989628,18.269231394659,74,0.0097392286254955
-2.60232878027371,18.2507337124108,46,0.00955704394769248
-5.25923872048377,18.8828860856457,92,0.00844798981957828
-11.8587748150096,18.6217096507186,50,0.0043121964176428
0.952616082766095,18.2944007453764,43,0.0102424584974272
-1.73869471786956,18.6287238720508,44,0.0106879473611189
-0.819458780858638,18.6150809466908,42,0.0109572360283405
-0.106599716538155,18.8825359900898,41,0.0116782302319747
-0.0400125970655063,8.87849280202556,37,0.00274012292362504
2.59369647729809,18.8921686740682,73,0.0104852109171959
0.868801748105462,8.25203121064082,61,0.00254922086973143
1.71310711208933,18.714061244162,49,0.0108217451520669
-0.921815624060596,8.48595153498799,52,0.00261538843491227
-0.603991730256223,7.8896776149774,46,0.00247078945799043
-0.828212191042795,7.64772094436118,12,0.00243088320483247
-0.622808263275354,18.6123089986372,44,0.010961121999006
0.155764327702964,18.7487552028705,47,0.0112787173114334
-6.08822959305234,12.9699866890582,100,0.00372138942188883
-16.2733102772214,14.320367481342,100,0.00218304032998338
-0.117644129829744,18.5469393793287,46,0.0108376463251412
2.61816411334864,18.858717352121,39,0.0107873560687664
-0.8360801129792,18.4198250356117,44,0.010510796720556
-0.622808263275354,18.6123089986372,44,0.010961121999006
-3.85053094253855,18.2478973141042,48,0.00885395593349161
-0.379550341397754,18.5840036080121,80,0.0105139099473096
0.475355210243421,1.66108020435032,100,0.00143559535852341
-9.57594936539242,18.2862403473238,33,0.00533104898957855
1.59132042794244,18.3944821571056,73,0.00996485153187673
-3.50392447549301,19.0532719301497,63,0.0103030419796152
-6.69649837695626,13.3451089400836,100,0.00376701709968285
-4.52377572728797,18.2300222963822,64,0.00829697739004207
0.602350371844127,18.5978701019344,41,0.010968066891873
-0.781243117476283,7.22702041079052,19,0.0023300128423102
-3.60584480998162,18.8691267257803,83,0.00970297809622943
1.62940484201481,18.7626507621209,81,0.010588710145727
-11.1139470977377,18.7557033311926,91,0.00462039865332636
4.76423351632743,18.6105028241594,42,0.0088202881514445
-4.16553981627481,18.8901694506739,59,0.0095572368553471
-0.137156334402267,19.0616414531867,79,0.011593843751793
0.247988038777458,18.2584411746699,44,0.0102484047401309
0.508734433277543,18.5251216719392,45,0.0107732109117076
-0.397175643602688,18.987987925901,79,0.0114033829078439
-4.19267409138456,18.4995614174203,56,0.00895091174508381
0.444646616394227,11.631507551614,100,0.00365626985479696
-0.781320482297119,7.93309788639093,20,0.00249599305290169
1.59458144655432,18.3770766316508,46,0.0102048142620053
-2.95533547380961,18.5128955979724,87,0.0094583691825567
-15.4735274910061,18.7802143574224,87,0.00301662762703181
-1.03459608578492,18.9736106379105,46,0.0116875311418323
-6.94128884107337,18.6513889974597,38,0.00726196540247504
5.56981000222193,18.78489745415,55,0.00834698758076715
-0.108238537695505,18.9013238665179,41,0.0117243277537293
3.42891827977983,18.319227918306,43,0.00925853964856773
-3.83881547470137,18.2181095700224,87,0.00852315922240815
-1.67022323751698,18.3753640774949,50,0.010134545495152
-2.26103517981146,18.4209500259156,55,0.00993716977995252
-7.20679160801567,18.33656768693,32,0.00681393176043484
-18.6085935523714,18.8808671042,88,0.00229028031857067
-2.47256546889708,18.1624743605619,80,0.00916753697784747
-2.77546085086492,18.8269113666758,72,0.0102644955046481
0.602350371844127,18.5978701019344,41,0.010968066891873
-1.12492206025755,18.5089571609737,47,0.0106009054780811
-5.81337822369055,18.9736470753185,42,0.00848280034807457
4.3263364555928,5.96032687981065,31,0.00199057266046414
-4.34619098513417,18.2997937539144,55,0.0085681323409471
-0.942705329211785,16.0895631352519,100,0.00669514470182707
-0.588992852496833,6.46387218641858,19,0.00216922054590806
2.39225602107991,18.5597742371343,43,0.0102626125264349
4.22177894359178,18.3794820713501,76,0.0086037735659071
0.823728866326142,5.95133790954018,12,0.00207115171216166
0.292447979171839,18.1990084917219,52,0.0100456916657387
-0.282232896282977,18.5753319839541,73,0.010581040449785
2.3239900574389,19.0849655020184,41,0.0114383954544292
0.394448165381681,18.5789531940401,44,0.0109149620916406
-0.982263192956722,8.44511401901712,26,0.00262156440313952
0.394448165381681,18.5789531940401,44,0.0109149620916406
-3.83931352028285,19.0603967396882,58,0.0101116226328128
1.14659976642243,18.6379963942145,41,0.0109428543426447
-7.70498465981461,18.1831493561132,30,0.00637214018666285
-0.449530104756248,5.97758824208399,34,0.00206869256707921
-7.83781442878928,18.4168214306882,58,0.00635609526624241
-0.544851032503194,6.57055735223001,38,0.00218202043696013
-18.7867462998888,18.3589818152458,80,0.00221172553728505
-6.41723212590938,18.443983807044,86,0.00717532536328874
-0.615514999955346,18.4177312677791,41,0.0105753368415459
4.72830470109627,18.3060799038018,85,0.00812619204229157
1.62016207568893,18.1561673256024,38,0.00985083099030326
-5.20866122190644,19.0349880798389,86,0.00873104709407914
3.63857596443991,6.46207185265767,15,0.00211164498953091
-0.251063660591521,18.5388971830269,89,0.0103337779827359
1.29231356054129,18.4290420175928,84,0.0100062686166415
3.91832575047171,18.8725033179037,41,0.00988615229846504
-5.59372982465936,18.2230300119102,67,0.0075880696001205
4.17105689365846,18.4918131721984,57,0.00894576045083855
-7.81109173404444,18.2802827471829,50,0.00630084725918141
-0.0517402411355325,18.2892196107172,57,0.0101804826313258
-1.07534359485783,8.15769549133577,61,0.00252278794677538
4.29488127397327,18.9593960693091,80,0.00938176469129032
-5.27132525509703,18.1991268058224,39,0.00794002301253694
-0.585284238177027,18.195520103609,45,0.0100837336340215
-6.40876933732798,19.0690490476025,69,0.00792544555066372
0.213255623078446,18.7351080713311,44,0.0112825195962553
1.47878946457184,12.0595723694046,100,0.00381999592244486
-0.683467983256505,18.4679583184655,70,0.0103517751033908
-12.5435990949164,18.612240315924,80,0.0039716141594973
0.840997221206,18.3207152848624,57,0.0101698562026369
-3.33297486195761,18.3411112451963,54,0.00925561767256569
7.07479325907523,11.1189595065498,100,0.00293895052886479
-5.03892689541137,18.9561181998246,42,0.00910805683025701
3.53920479819296,18.1728616301366,77,0.00869629011451496
-3.03674913487154,18.194330574146,66,0.00907672455091573
-1.72150953110828,18.5463062347972,38,0.0105895737679902
-1.47943569868429,18.6605148230305,35,0.0109597453713937
-0.983670545632668,18.8016204255283,53,0.0112050796827715
4.4326909016136,5.91442655536841,19,0.00198368544555191
-3.59156991161627,18.618258153203,45,0.00964013292760939
0.952616082766095,18.2944007453764,43,0.0102424584974272
-9.73155568149272,15.8946304991243,100,0.00403545034305776
-0.802471470508734,8.62505639740838,31,0.00266897581562843
0.394448165381681,18.5789531940401,44,0.0109149620916406
-2.60551744546082,18.5200524977593,71,0.00979936526064587
2.78825596075284,18.3687726223086,77,0.00939123853484881
-0.380313532203346,18.4170049186486,40,0.0106113028827411
-0.602737187825858,6.06010749919585,19,0.00209006733217557
2.76022763987388,18.2993223091835,79,0.00927213332139374
-2.52848438090845,18.8136339101424,47,0.0106549226721656
2.54430266814211,18.2749767928731,36,0.00972092800000359
-4.59055087398269,18.738232523471,55,0.00903315068585944
-7.12198057036572,18.9028662753471,73,0.00718514732691613
2.43404884186079,18.2822166809426,36,0.00978634450211686
-8.37329477011501,18.7938268572159,51,0.00631588376690013
5.63373835101665,19.7084558411488,72,0.00940664499540916
-1.14529714511859,6.35962627226798,27,0.00214026475001386
-12.8292860514532,18.270661681652,83,0.00376264212413177
4.18472495629438,6.06663992411806,74,0.00199673601333868
3.5384990554498,18.2158134065387,76,0.00876761155184557
-0.845925268855551,6.04529462733976,75,0.00206163515166393
0.389187834753869,18.3164763840624,41,0.0103890816326984
1.77692532359735,6.54421912929905,72,0.00214742658328239
-2.06698322244406,18.7504814790417,71,0.0104954631952465
-0.847150084143706,6.27559663933891,11,0.00213374993487714
5.2164740741358,18.461301849909,38,0.00831453145803972
-6.47531722165192,11.1097504233443,100,0.00300803451383906
-13.1889065063865,18.7792261763207,82,0.00376603644858944
3.60197270968761,18.8093091632735,50,0.00991939671949404
-4.18764222715849,18.5424880237871,71,0.00889866502036629
1.46232506710755,18.6697552149612,38,0.0109501788649986
-0.57087709803364,6.61398416926675,12,0.00220326144017689
-4.59055087398269,18.738232523471,55,0.00903315068585944
5.03899874449919,18.4690002379593,51,0.00836074288484412
0.602350371844127,18.5978701019344,41,0.010968066891873
-5.75449944908562,18.4187036815154,56,0.00776538136852693
-13.3235591691022,18.4732737250803,82,0.00363964513945185
-5.50916532558295,18.5144290003551,39,0.00816228588788808
2.72676074020543,18.8725023283425,44,0.0106913505360411
2.27014499870868,8.88768247469894,61,0.00268708649959176
-0.764310633298676,18.8151578073267,45,0.0113873560914551
-3.51381056764534,18.2864292023169,45,0.00913869739217616
1.64043246868309,18.1619092109215,87,0.00940123937375545
-6.6369351663009,18.3584815156515,55,0.00710468233471153
-1.10078897136765,18.2591040699617,82,0.0097547966685945
-2.87271267253556,18.5016359061947,45,0.00987599820167439
-2.47956935916914,18.3084060960481,53,0.00965196754299783
-0.704487154806873,9.09150754286522,100,0.00275709953555304
0.640533348449955,6.16910755432032,22,0.0021094389188165
-0.0960687727835673,18.3381246149048,46,0.0103950238953452
-1.17697325562054,6.2206785263643,33,0.00211014989472528
-1.51228158822954,18.2276204050721,42,0.00998058373451165
-0.882086121264667,8.14946803585828,23,0.00254755740241017
2.94503170670395,18.8598597847941,80,0.0101420926271307
-3.84980450671423,18.7777110977528,46,0.00972456010081777
-8.04203150482797,18.8692446179362,33,0.00667863587761633
-14.441390965819,18.8852454585387,93,0.00334087061704949
-0.640605341818716,8.7678139025943,84,0.00267186695073156
-1.66871810451458,18.354827715263,39,0.0102085177548134
-2.79081656312921,18.3821910963664,56,0.00960227890849872
2.80009862003806,18.6899622558613,62,0.0100955228333621
1.50577690143666,18.7622831620495,67,0.010792224566605
5.2504037533397,19.1321572549145,78,0.00889169067290113
2.45610244608422,18.2893922532576,48,0.00967551914708657
-2.88508779479522,18.7838756410125,68,0.0101602063071985
-7.40053392335354,18.1808672936664,64,0.00641937373297359
-0.355348833314234,18.2169579047416,76,0.00983870736861036
1.64531609619734,18.635806913283,80,0.0103394864462801
-16.3820311679407,11.9392455759353,100,0.0018804708188683
2.11013425985539,6.46086309176959,10,0.00215364250668103
0.740397362639951,18.837735806003,33,0.0116045979748986
-0.928045779579263,18.9547327695834,43,0.0117112386411385
-3.77789977741091,18.5109763988447,56,0.0092420692824582
-3.84980450671423,18.7777110977528,46,0.00972456010081777
5.14701724843865,18.3181329205986,73,0.00795142643242538
1.95690275885078,5.96195264986067,46,0.00204537011735748
3.5588311273243,18.223555759083,37,0.00907843410398207
5.25614621204799,5.94882836760113,40,0.00195052809026666
11.2406776088535,11.5805849905937,100,0.00249181797531217
-0.106905308778411,18.161088256602,48,0.010019508955491
3.48832207185118,18.4749780249193,54,0.00938339592975003
-1.21904195458639,6.96839678151075,30,0.00226296676889763
0.631298764385847,18.874959700285,52,0.0114609639735822
-3.52226097435751,15.6357511099129,100,0.0058217452423434
0.995487690938874,18.7795634948644,44,0.0112652235186209
-7.29795167508181,18.6540564230757,67,0.00686656378424369
-0.490298466388998,12.8156516754988,100,0.00422813327778768
-9.28612743155501,13.7378638460594,100,0.00338291792449194
-1.50858684891151,18.5751367052558,63,0.0104483960611881
-3.07938870917184,18.7645814324287,43,0.0102634889320966
-8.74008388875556,18.6162813525746,61,0.00592209197762122
0.801999514782892,8.27204843283041,27,0.00257744936817402
0.533413492254992,18.5433218598761,66,0.0105698134227043
-5.81337822369055,18.9736470753185,42,0.00848280034807457
1.14659976642243,18.6379963942145,41,0.0109428543426447
-1.12561507879917,8.04505083239193,13,0.00252430148618431
0.537112589972015,18.4526302701588,41,0.0106596912865481
-0.665862029655775,18.2104114577638,38,0.0101747221680524
0.373807993134674,19.1259016790284,52,0.0121143408824111
-0.689282678543223,5.91131385951496,37,0.00205391450829208
-0.338952067168136,8.35335458867314,53,0.00258482546617702
3.19053542068202,18.6880783655942,43,0.0100474911927378
-0.381993926085178,7.08402466774078,20,0.00230022849053186
5.34436549095246,18.5127541127263,50,0.00820631654157529
-6.73016486990681,18.9730433129931,54,0.0076571974321105
-1.68333575499766,18.3078234926633,39,0.0101109877887178
0.798702952642378,18.6381728559745,51,0.0109046716568425
2.44142142002633,18.7741501097727,74,0.0103266671658871
-0.753480436872229,6.39821786108088,12,0.00215828951396659
6.54588621481409,6.3552895051024,56,0.00195367694964181
4.47684504517643,18.3822782606038,77,0.00843926176514724
2.36568595047384,18.8690522429601,39,0.0109580833769826
1.66154317166286,18.2765263993831,43,0.0100171915833519
-3.30604315617577,18.4347187721248,45,0.00950659409190114
4.18405878917391,6.48303854289665,40,0.002085789941355
-1.96071049141458,18.1618907617162,70,0.00944977021441104
-2.32605843276167,18.2981054838629,54,0.00969320910950109
-4.59055087398269,18.738232523471,55,0.00903315068585944
0.0303700668186465,8.80389176774613,39,0.00271750737202387
-16.4741162436449,18.7654938673299,82,0.00275307636175202
-1.18109529613197,18.4552726815926,32,0.0106419062141465
-0.106599716538155,18.8825359900898,41,0.0116782302319747
-0.845607487661915,7.03056968001746,31,0.00227981178112259
-15.6631732484004,18.8739336668971,85,0.00298055845715546
-4.07665360410554,18.1940960966051,51,0.00861521647868444
4.22579238915632,18.7278742851294,39,0.00942714864845539
-7.12986305455351,18.1986038487788,43,0.00669333278851405
0.207349461761555,5.99376268923948,20,0.00207843873035428
-1.650022678427,18.9562573022681,39,0.0115177893907867
2.4224416536883,18.6528826249159,48,0.010377427990171
-7.24516212826921,18.8833167783578,78,0.00705236504923356
0.995487690938874,18.7795634948644,44,0.0112652235186209
0.602350371844127,18.5978701019344,41,0.010968066891873
3.9631769028608,6.36594435919773,10,0.00208483040007837
-10.7894608339185,18.2156439323457,71,0.00459873915857725
-3.5257940476947,19.1031710125025,39,0.0106455547701734
2.82354974568621,18.2386588365368,49,0.00940137498887612
0.511629373566131,18.711676634001,73,0.0108486701141064
1.05556016111178,18.231851736742,83,0.00970494597284221
-7.59159498127951,18.2938847457943,62,0.00639928247109006
-0.60528416863253,18.6317391410198,37,0.0110925032229143
-6.51628810627836,18.5042406912107,75,0.00722457913741376
-3.54845835956492,4.40711055018477,100,0.00174645477447528
-3.94866003116972,18.6802431109144,45,0.00949816068738401
4.08045412628875,18.509188570689,41,0.00916490381822896
2.13683147660612,19.0632989745421,78,0.0110289162241014
-4.44277491570307,18.2661222456857,39,0.00857592831628825
-0.660491358580124,18.3348295073785,30,0.010516389989328
-9.38508288883361,18.5309920824461,81,0.00543082082830808
0.952950670209333,6.65439166227842,43,0.00219375531469085
-3.64537563320782,18.6957017938541,47,0.00971847744250257
-12.7632067563603,18.5651350455379,76,0.00387870610839061
-5.21657596039407,18.2640762076672,44,0.00802444977984458
0.777310629571004,18.2351626964568,41,0.0101764086121128
-0.64890448500923,18.1877234583409,39,0.0101215684120501
-6.59667952426905,18.2852110002662,50,0.00708629680620727
-0.886670273407975,6.43167332880629,22,0.00215929867486474
5.73877102818732,19.5540469181719,83,0.00899734655578602
0.332405285943847,18.609472783585,44,0.0109882126630132
-0.539592464653818,6.06720870958276,19,0.00209173612042691
-4.58126049754723,18.8462042823236,88,0.00893178206428916
-4.79493798228931,18.4762620353028,56,0.00850555942645954
0.952616082766095,18.2944007453764,43,0.0102424584974272
-1.14760786168896,8.39907363029911,25,0.00260760436855695
-1.08529254645591,18.2850662579581,75,0.00987343420301556
-4.41569147449342,18.3195928723351,39,0.00866984767919872
-0.0514093995840192,5.96368704448315,11,0.00207681610005698
2.32715334684388,18.6876983385172,38,0.0106077800232591
-0.0589750636562453,18.5822008898268,54,0.0108219291845814
3.47756505203039,18.5646191409158,73,0.0093701796962448
3.63857596443991,6.46207185265767,15,0.00211164498953091
-0.374423746657434,18.7282851479694,79,0.0108281381735506
0.864281524405225,18.4168209837385,39,0.0105546519200435
2.32715334684388,18.6876983385172,38,0.0106077800232591
-3.52413962541399,18.684511419115,47,0.00978159367134972
0.672965066809741,8.86129140415042,35,0.00273334746193158
-4.25411746804473,18.4398990790865,44,0.00891582655235585
-6.65078829308435,18.3689141394347,64,0.00706024448390379
2.4224416536883,18.6528826249159,48,0.010377427990171
-2.82834092681704,18.7803991207296,41,0.0104753607194817
-1.1513049019527,6.20204276728475,22,0.00211172216463491
-0.812699743463832,7.58446422371879,15,0.0024142404761749
-1.03493478308191,18.5445360675656,40,0.0107790001592763
-1.70230009662295,18.9612830431021,42,0.0114668400145042
-0.812699743463832,7.58446422371879,15,0.0024142404761749
-0.976449249597005,6.97288912421174,9,0.00227750237608197
-7.01973639444009,18.3146753162147,65,0.00676523545606254
1.22268135277073,18.3895214638761,37,0.0104373977991873
-6.73766590632023,18.303946146996,60,0.00696190109316529
-3.98664296790831,18.7767558395679,53,0.00955821020042416
2.33442376996286,18.892474558898,39,0.0110266698786872
0.415825187125725,18.1740932340959,40,0.0101097268428913
-0.969784764932357,6.11910523587162,12,0.00210189250929052
-4.68744065765905,18.7362948953332,56,0.00894953526144131
4.11309364032029,18.336575254429,37,0.00890966249865759
-0.604692755661418,18.4901414196882,49,0.0106401018862872
-4.99495609415229,18.1868103352418,87,0.00780365421334204
-0.00851806383269782,6.26078610583078,13,0.00213319454369457
-10.7100218906858,18.2670336114516,75,0.00464782751535491
-3.16747189842027,18.7348276120631,48,0.010098439193194
-11.6117989068792,18.9037000038653,88,0.0044489463698736
-4.59055087398269,18.738232523471,55,0.00903315068585944
-19.2412957217691,18.5855424268074,80,0.00214976580914063
0.35004446384031,18.3602756083259,44,0.0104502189558941
-7.20679160801567,18.33656768693,32,0.00681393176043484
1.19438131277187,18.6226121313833,43,0.0108719625745281
5.72249209893881,6.48030443814817,16,0.0020309016307748
-0.826410683810677,6.17608762790425,13,0.00211358577313945
-2.70203339892896,19.0025294049216,41,0.0110158044823824
-0.284748643310544,6.63282416164854,12,0.00220834624683339
0.952616082766095,18.2944007453764,43,0.0102424584974272
0.757015969860631,6.35507859835719,36,0.00213863089211782
-0.00718707958617451,5.95483002943685,18,0.00207214520138846
-1.81176404386621,18.901225522504,43,0.0112656670023375
0.818074966228292,18.9708941630444,35,0.0118894160183799
-6.08503810341192,18.372234591202,61,0.00745879953776188
-0.714894274088688,8.80895466256054,65,0.00269613369114726
-4.50616071588925,18.296945582369,39,0.00857764386082289
2.08815555261492,18.5336630107342,45,0.0103343143481866
-14.9513317660324,18.2797784460338,84,0.00308026259519031
3.19053542068202,18.6880783655942,43,0.0100474911927378
1.73964771551689,18.5925542735983,80,0.0102212041685921
-0.95044603329169,8.27435271193024,24,0.00257831413149268
1.57641630292051,18.2134584813574,35,0.0100034317023329
2.4224416536883,18.6528826249159,48,0.010377427990171
0.952616082766095,18.2944007453764,43,0.0102424584974272
-0.770263736654425,8.71391887725499,39,0.00268807051795231
-1.21130842945167,6.80896297380875,11,0.00223880701848685
-4.12514589150668,18.5244560238262,47,0.0091080251866262
2.17426865911624,18.7198247635026,48,0.010638995158734
-5.15984522871984,18.8836719496373,42,0.00890300274187249
8.77063369209296,22.5171817494613,100,0.00866671825120834
-1.86238063225329,18.2101217476781,75,0.00952258852218017
1.67802885144266,18.2968281907846,35,0.0101322591193242
-10.4984262831693,18.1599355136223,84,0.00468092080057495
-2.73880837514202,18.3654000537672,42,0.00973018517160083
2.58240154615333,19.1214153031891,79,0.0108868114252325
-0.867716443898638,7.60695976356738,37,0.00240621982083646
-7.91367588936144,18.2102625699044,94,0.00602160976655552
1.07412148468657,18.6746919531598,47,0.0109712491333239
-3.5257940476947,19.1031710125025,39,0.0106455547701734
1.70866150734444,18.9633578825129,35,0.011561662035413
1.19438131277187,18.6226121313833,43,0.0108719625745281
2.6036391192463,8.09354751176937,49,0.0024792890403118
-3.60584480998162,18.8691267257803,83,0.00970297809622943
-4.67924283373673,18.8434925866666,39,0.0092578872566557
-4.03156747389482,19.0041554662411,49,0.00995001039160587
-0.501821810779597,18.1982551858671,42,0.0101290421046522
1.0289936363723,18.7605490537632,71,0.0108834858581313
-0.932075633928269,18.1682613976009,46,0.00996775263088851
-3.81992982736135,18.8573396000027,59,0.00975961960119195
5.23939982611183,18.7374147912954,87,0.00831279936258956
-3.58621671560603,18.1714656934519,86,0.00860188458256583
-4.5691074878271,18.4873126181489,45,0.00876054278833601
-7.79062227599709,18.9775921798682,38,0.00692933854996308
3.41612878502324,18.6917570574744,74,0.00961073860652618
1.84483529992076,8.84605645132789,61,0.00268830601483317
-9.82624751312004,18.552282153903,69,0.00523525241771467
2.45533389688248,18.6445839746505,49,0.0103331047163536
-10.0055644693405,19.0722595388058,87,0.00534878280493448
4.9379904746749,20.8097477444819,65,0.0122686992648562
1.38888174766351,5.86577901186894,12,0.00204989396820392
3.14257577238613,18.1943785118621,70,0.00899079159882086
3.54493229063109,18.6033580214596,34,0.00974888384927083
-5.21657596039407,18.2640762076672,44,0.00802444977984458
-0.70234631745847,18.9704266506971,49,0.0117177278652337
-9.06635570876378,18.5719158733501,48,0.0057408158361898
-0.813308264895345,6.11487038617153,20,0.00209878177847883
0.0319690672285871,18.2023230554555,80,0.00978505975064895
1.2624243330971,18.691864944345,43,0.0110044805891103
-2.01381865949422,18.4188312673029,38,0.0102128909630449
4.30087267648607,18.4145345653379,76,0.00860298906361581
-0.805920767309737,6.34972892731997,10,0.00214917217321054
-1.63210965386891,18.9291059208837,43,0.0114093092081378
3.63155999241309,18.3728034327737,76,0.00895098277311491
3.46165408721026,6.58024961171436,38,0.00212963324425446
-0.848847836658705,8.48536902982883,68,0.00260521313372227
0.603131810317685,18.6116852917009,41,0.010998806959402
-1.13861952407536,18.3404923299398,80,0.00991650207546832
-3.16747189842027,18.7348276120631,48,0.010098439193194
0.422243260126497,8.43851486921338,26,0.00262521366010826
5.12368500131562,21.0971865812618,56,0.0127379595313391
-0.51687594855697,6.81116321319455,20,0.00224077727769726
0.653213067833485,18.8849479657802,49,0.0115205475501268
2.82250955571446,18.6044166812088,44,0.0101054749221958
-4.25431843768355,18.5321719836402,55,0.008966064284478
-0.967314126833841,6.09356784197517,39,0.00208520974779913
-1.05750669936376,8.67899234301146,15,0.00269195102941221
-6.53679011189037,10.7997997888893,100,0.00290931754123231
-2.5762976366989,18.6811319612571,79,0.0100288213039574
-2.35808844188394,18.3200194463276,86,0.00942539139872864
1.76699320204966,11.2684801751753,100,0.00346809419277142
-3.62537843401609,18.8586129440448,54,0.0099510818420822
-4.79255610240394,18.7482140360352,46,0.00896726204910506
-0.59601702736903,6.81830469125178,10,0.00224688208162549
-0.0804556286422303,18.1716720761873,80,0.00972808849967332
-0.019086310993677,8.69573270691572,43,0.00268443496671557
-5.27130895163868,18.5361974437348,59,0.00822747063086051
-0.304477673743092,18.2649437134264,46,0.0102372453280466
-0.988242063129532,7.77327988415532,22,0.00245336404226978
0.394448165381681,18.5789531940401,44,0.0109149620916406
3.2517619185789,6.19475101910913,27,0.00206777540609679
-2.24330519869072,18.9858664709549,53,0.0111104200177356
2.4224416536883,18.6528826249159,48,0.010377427990171
1.14229014872633,6.23323358402016,28,0.00211516522667709
0.228889757076721,18.7598992972949,88,0.0108005688473003
-17.9558673736241,18.3804132020758,87,0.002370228960135
0.0201300462716407,6.04568659877606,80,0.00206262292177693
-1.13606299078224,6.4845518571039,22,0.00216753176522444
0.928486700182696,18.7149455396195,58,0.0109627831543294
-4.9041569754819,18.3846906921356,56,0.00830863853395342
-3.42295582499507,18.9090400741594,49,0.0102396661285211
0.145633451177705,8.20664193820605,38,0.0025573794931378
-1.12678100880401,6.56729046483236,9,0.00219056734790044
0.306468481006743,5.90272873722524,19,0.00206155407310465
0.247988038777458,18.2584411746699,44,0.0102484047401309
-14.0701677754972,-11.2767263467466,81,0.000575125577568915
-4.30057782064485,18.3005905212657,40,0.00871065670096231
-3.47726372849222,18.752277191941,61,0.00979763098960904
0.883487132347177,18.4099837650004,42,0.0105033506271143
-3.64537563320782,18.6957017938541,47,0.00971847744250257
-0.973562677015748,6.12306669350148,34,0.00209293984619584
-6.48325051061038,18.7371910582412,47,0.00764048586913079
-5.39537031419738,18.877862536206,42,0.00870231017687514
3.33813700391221,18.3587619814708,48,0.00933348060597066
-3.75531869532044,18.6511654560417,41,0.00962197071746746
-8.4948171229973,18.7331145855017,51,0.00619250590718098
-5.18440239024189,18.9759765593683,64,0.00883963372848133
0.442653600314578,18.3588781944673,53,0.0103421448889904
-1.50858684891151,18.5751367052558,63,0.0104483960611881
-0.707182018652737,5.90692470021477,40,0.00205173288349003
6.22683711105326,6.3259162385381,14,0.00198080800184458
-10.8045295972484,18.4053120396829,29,0.00476296274762331
10.9162714646327,13.7963647928192,100,0.00305916506639323
-13.0846395603886,18.2436797289466,80,0.00366829546263963
4.08172908087549,18.6676520869625,49,0.00934723639898266
-3.33655703738945,18.6350512809531,48,0.00980814360161922
-0.660491358580124,18.3348295073785,30,0.010516389989328
-0.761561131842586,18.6221424292204,89,0.0104447564351025
-13.8955910408907,18.4064927041297,67,0.00344731754821216
-0.993021041400099,8.45873204862487,32,0.00262092804068905
0.705520964476125,6.71525710634568,11,0.00222394616109762
9.25839921187451,6.39119765098772,87,0.00179765103429627
-5.8825085298711,18.5468783393283,88,0.00762996729479769
-2.46453953352534,18.2122198104041,44,0.00957135052407852
0.675634609481369,18.7602659067654,48,0.0112378321065448
0.394448165381681,18.5789531940401,44,0.0109149620916406
-5.1047603143756,18.5306143841694,51,0.00839489075175839
1.70233373689959,6.24320203919901,61,0.00209538914587848
-0.955625076206836,8.62857148935862,33,0.00266659844316567
4.7790991017202,18.1563270289789,54,0.00810858750058997
0.602350371844127,18.5978701019344,41,0.010968066891873
2.66719788000665,18.4615770273068,48,0.00988449680867187
-2.95150655474543,19.1337189618065,39,0.0111505169911962
-4.05088089945218,18.2385050766183,38,0.00879448831680068
-1.56356171574122,18.8991924290444,43,0.0113682940211652
0.821599033990193,18.7577206436415,41,0.0112930531874985
1.57858802944442,18.5937086738586,42,0.0106974755753536
0.0540674368353836,18.2526166785816,47,0.010211429286347
9.57664938469809,16.1382445983803,100,0.00418336990090018
1.95327840386046,18.7850481657976,35,0.011038322238412
-2.51199843129518,18.7671078763166,47,0.0105692270676371
-12.8126819261403,18.207618249546,100,0.003727752551678
0.329492615756167,18.5950767854111,41,0.0109924817747572
-0.0517124416097348,18.9971842177247,41,0.0119652886172321
0.959545137598901,18.6494831625984,44,0.0109795863101229
5.95749080799458,6.07115950004994,57,0.00193460972663979
-5.58966888454281,18.1855470912832,72,0.00752081294223512
-5.50916532558295,18.5144290003551,39,0.00816228588788808
-0.380313532203346,18.4170049186486,40,0.0106113028827411
-9.0541145999208,18.9722492713196,90,0.00585164653073218
0.653213067833485,18.8849479657802,49,0.0115205475501268
5.6683407469985,19.901628450218,45,0.00991213533087284
-3.03059835066022,18.1899491149438,80,0.00895902317196225
-3.32062103416952,18.956763620735,57,0.010318091478724
-0.691414809179888,6.88844150706356,20,0.00225612855982667
-9.91829906968223,18.4556684439735,29,0.00524553419896757
1.11476130204506,18.2563378567105,44,0.0101216873316701
-0.923360725464525,18.4844039505261,80,0.0102376601357916
-5.72570383776584,18.9210514068927,56,0.00838844677933241
-12.1795908165653,18.4910202613459,42,0.0041451744394237
-13.5452732800517,18.7095023478519,79,0.00362279918261441
5.57505987038556,19.5560431574671,60,0.00934941911002376
-13.4142922496649,18.892153373366,32,0.00378088021547064
1.19438131277187,18.6226121313833,43,0.0108719625745281
-5.15984522871984,18.8836719496373,42,0.00890300274187249
0.602350371844127,18.5978701019344,41,0.010968066891873
-3.68834642979099,19.0425728195099,56,0.0102172477639672
0.314380127280364,5.97188962460568,63,0.00205573800981515
-9.22388204611123,18.6314680198921,69,0.005615781299853
-5.21657596039407,18.2640762076672,44,0.00802444977984458
4.23473958272145,18.3041979631038,46,0.00871300311528425
1.77288259638491,-11.4665947010212,99,0.000640770006097717
-0.629836191564139,6.98252043248965,15,0.00227936619983038
-10.9197014178926,18.5769968182203,81,0.00466335319165564
-12.5329692953429,18.3123465982858,78,0.00389169258343563
0.952616082766095,18.2944007453764,43,0.0102424584974272
-3.14844225097481,19.0149813534499,56,0.0105630188769597
-2.5297017989921,18.2517452236173,43,0.00962068528628337
-1.89471830409738,19.0317772517227,46,0.0114876118489007
2.63058164252278,18.793010929841,43,0.0105984228486852
-0.617148006318277,18.9225122305258,89,0.0111009167727812
0.0728920836579092,18.1607335264938,48,0.0100194320061764
-5.43450474057142,19.0169817520426,89,0.008506607924535
-0.685954151434293,18.9224549917178,41,0.0117132592229356
-0.46665462797609,6.20098200684709,39,0.00210887995749286
0.0904953187245457,18.9714019488788,41,0.0118993314797854
12.3326767419141,11.5898704471448,100,0.00234327450905778
-3.63142782159506,18.2498671962546,35,0.00909366416837242
-0.384879193898092,7.20842494468105,15,0.00233052576018837
1.64567447091195,18.4325371080477,41,0.0103509379192196
-2.33005091132619,18.8128360768996,49,0.0107407146950383
1.23547628045985,18.7512616170132,42,0.0111583443208909
-1.0834875852541,8.23648132971644,41,0.00255554521129068
-8.49961856987166,18.1967707207235,39,0.00586694701820092
-0.32588408024939,18.30076246115,69,0.010069494606671
-0.380709501798326,6.27317839090008,18,0.00213269563740536
0.978525918915187,18.7272997236,51,0.0110635011209894
-0.604799644581479,18.8234786511176,47,0.0114092947871651
0.109269303453401,5.95348660541702,40,0.00206244075378048
2.3732940641245,18.3720867448431,47,0.00987386398267542
5.8062361539274,8.82044532133198,33,0.00249709663356738
0.561652035691348,6.57007755266305,10,0.00219524572196203
-1.533049787323,18.8976609207109,42,0.0113899217762387
-5.18163807368713,18.3651294844861,66,0.00803042519354582
1.29383081079095,6.27330627911087,29,0.00212082916269542
-0.380313532203346,18.4170049186486,40,0.0106113028827411
-0.501821810779597,18.1982551858671,42,0.0101290421046522
-4.0970380043403,18.5147287273542,48,0.00910382708287531
-5.46771082029229,18.6964085455954,87,0.0080977613933164
-2.63630876836543,18.6339174682744,49,0.0102150756859269
0.747638594331194,6.07607697201212,27,0.00208875929107378
-1.01786051731095,18.4939482216556,34,0.0107430868754143
1.85670525093691,18.6945508275024,45,0.0107669900908507
-9.84964659671271,18.2619357665589,89,0.00502605763563934
-6.54945599669958,18.544218443228,78,0.00722526722450311
-0.668578110754022,18.230601332682,43,0.0101628994760519
-1.63210965386891,18.9291059208837,43,0.0114093092081378
4.60095365169773,8.28068855595469,40,0.00244219565125305
-5.20115446634591,18.2319394107229,52,0.00794430369838163
-2.09938521328345,18.3018761746293,92,0.00944378255720032
-2.98106931867904,18.4578068224915,40,0.00978356312122221
-0.657762004196577,18.3182332226283,29,0.0104928988607871
-3.27586048820576,18.1995215304295,66,0.00896210058629233
0.94883802774367,18.1525953963088,47,0.00992467259990104
-4.79255610240394,18.7482140360352,46,0.00896726204910506
-0.374682761785283,18.5171352343776,45,0.0107696414664183
-13.1662532502069,10.9079257699558,100,0.00212464915358623
-0.84227249639445,7.74632394556549,49,0.00243237924760679
2.71514498177669,18.1863293820276,78,0.00911769641338351
-2.92725313922718,18.4740199192161,50,0.00974757369728322
-11.3975797600193,18.2393238292745,59,0.00436134600244332
-4.22270725443635,18.1757274905299,54,0.00847879217345011
-1.76840545788498,18.3571013977178,38,0.0101877782962299
-0.300346912509669,18.7190523140907,54,0.011114726311833
1.35225878326057,6.31274608420149,12,0.00213553373691003
-0.991634734001124,6.03594187670743,31,0.00207758624297338
-0.244989758546786,18.2660033022413,41,0.0102955326605513
-2.83767247021696,18.9763913653933,46,0.0108115302231557
-0.0931717219911107,6.37133010895958,43,0.00214120966954646
-8.24008124339881,18.7045861925867,58,0.00631137137405444
-3.08177996735505,18.8567202103048,44,0.0104297399083918
-2.31163467328796,18.4185283875106,46,0.00999906235226255
0.886307400712439,18.4366107153769,45,0.010525197015122
-0.524532098177199,6.33716539016976,13,0.00214702049558969
-2.95150655474543,19.1337189618065,39,0.0111505169911962
-0.735238984342288,18.3753380250465,55,0.0103173799217007
1.63286448868189,6.63082754680374,97,0.00215518412204865
2.11624315684143,19.0311359646359,74,0.0110192658403103
3.63693316831016,18.6280421699962,43,0.00964504808008428
-3.46748236429356,18.7104440259258,69,0.00965610522078395
-0.379550341397754,18.5840036080121,80,0.0105139099473096
-1.32123263068756,18.2435831631709,44,0.0100456174392523
-3.7872569725776,18.5866094629287,40,0.00950001350107057
-10.5002850329749,18.6423549242133,93,0.00486748871361801
-3.04604579869605,18.523122375797,58,0.00969182360359508
0.826094746523343,18.3772825179275,42,0.0104461769424966
-1.72944476122724,18.6591683899488,47,0.0107215584111157
-0.800408263171308,18.3205569172769,74,0.0100033805285244
-15.2995188586196,2.75646890476204,100,0.00114386950516901
-2.64008052962038,18.5214131529373,57,0.00992030901623996
-0.651501904985415,6.67361365625132,39,0.00220196034545825
1.70866150734444,18.9633578825129,35,0.011561662035413
-0.914413483722022,6.34848844824681,38,0.00213522167166316
-0.0547692626302338,18.529639617875,40,0.0108716111832871
-0.558247564960403,18.4630112229609,43,0.0106565199814328
-4.42713497752114,19.0163575977009,56,0.00958475084956528
-1.16973627816466,18.768367841037,80,0.0107585267059521
-1.4841865996399,18.2391777629002,59,0.00984370074184752
-0.990873479144401,8.53760536329799,56,0.00262546078151663
0.539480582699716,5.95046877625156,12,0.0020726516250288
-0.9380355012766,8.29736779684364,56,0.0025632754790871
-1.11002927000677,7.74283931088508,24,0.00244329693829071
4.55169429647101,18.9112575821739,74,0.00916413634495183
1.25877675657592,6.34250974349585,58,0.00212160582849417
-0.60662203400767,19.0680115415238,41,0.0120933925656909
-6.71191883686775,18.162506325969,34,0.0069727126408864
1.13455874706427,18.6708065083392,53,0.0108752140219436
3.71461180914632,18.7557976690213,83,0.0094421267024222
-1.76097313127534,18.7720862352234,80,0.0105691860295098
-0.72029901590502,6.65231126990038,72,0.00218131857910774
-1.05750669936376,8.67899234301146,15,0.00269195102941221
-4.2279685577923,18.2647593044922,46,0.00866032719197483
-0.847791780938479,6.60078133563615,13,0.00219815644800944
3.94177287623027,5.83378823047893,48,0.00197454020745425
10.1239248010186,27.2825646624865,100,0.00887077566278484
-0.567493374538693,5.95619145832405,10,0.00207445632620875
-1.14463491283195,8.07569736165552,39,0.00251522516893968
1.41246762284246,6.5725101927749,74,0.00215746983554538
-8.91595298804813,18.2745792124151,48,0.00564655284719757
0.024481836032419,5.82497218411048,23,0.00204583274315553
1.5930630611791,6.23000574407373,72,0.00208965033823739
5.22683093340306,18.9166555702735,58,0.00876990841069503
4.14632450777476,6.29403807948181,58,0.00204483495867676
-3.45584740019888,18.2407622658889,47,0.00908286732864913
-0.149508510470756,18.3167102434022,47,0.0103389821286254
-6.08188599083857,18.4773268920674,39,0.0077013073916175
-8.39106742017983,18.2550730677061,51,0.00592805566671954
-4.41569147449342,18.3195928723351,39,0.00866984767919872
-1.14659273160148,6.40717147121511,31,0.00214780069275
-3.18495308080733,18.1576986280934,65,0.00895226624146883
-0.179344007108195,6.42817893531221,21,0.00216258724939091
-9.37909625516951,18.2170448588555,63,0.00531409306641096
0.139297541002764,5.91290567712528,18,0.00206419822795045
-0.86047678260074,8.2622182889446,69,0.00254671369399714
2.91952635494497,6.33401688159807,39,0.00209755393309185
-1.14691148802867,7.86762371781092,27,0.00247120472927215
-14.7539830816169,18.5741619076839,90,0.00318643082666763
2.12860274405649,18.275319084414,46,0.00981144866923461
-1.05750669936376,8.67899234301146,15,0.00269195102941221
-9.40368332504942,18.4682591936144,59,0.00545083089685166
-9.34535651879502,18.6902852921494,49,0.00564197109038628
-2.92574875911401,18.2637209768564,73,0.00918498877791001
-1.07340013125262,7.34873634415666,55,0.00233472581014868
1.1997747912001,18.7100322189974,72,0.010719838693628
-0.505182726479511,7.39282870296973,21,0.0023684789726646
0.602350371844127,18.5978701019344,41,0.010968066891873
-7.66487114675427,19.064805754722,71,0.00693825636259932
5.7146657972978,19.3185108444052,79,0.00873846654664494
-1.02206354865611,6.52847185571148,20,0.00217849532070774
4.48275170031592,18.2639744712774,77,0.00827790674470117
-1.03493478308191,18.5445360675656,40,0.0107790001592763
-4.2421200218928,18.4726788842405,56,0.00887771618749499
-4.96032918421912,18.6517955520258,43,0.00872450718928896
12.8140054485022,5.97166672970147,81,0.00153291247101825
-2.9629344121695,18.6191448703984,60,0.00989156624572857
-7.36432052594847,18.213768542931,53,0.00651432524127879
2.43404884186079,18.2822166809426,36,0.00978634450211686
2.43404884186079,18.2822166809426,36,0.00978634450211686
-3.46645551239138,18.4810915978769,89,0.00910710165896651
-0.143894679031622,18.3823419746417,47,0.0104743702951377
2.34559212945024,18.3385621223128,34,0.00995182167690433
2.04843236230057,18.1904300886408,45,0.00969729341525319
2.46643349721994,19.1149315136749,71,0.0110397048113768
-3.90526559359853,18.7801914764809,70,0.00946813108711386
0.714922030597973,18.3624115671479,44,0.0104123526415662
-0.600495959992477,8.23665199659853,50,0.00255502316986798
1.00127123443836,5.93995555781083,36,0.0020574181385173
-0.325524360023276,6.69988392369795,59,0.0021992049639041
4.27089535082579,18.4067980997022,37,0.00891043721372231
-0.641678494449376,8.72065563171308,25,0.00270142822085459
-0.553959648740439,18.8771545690002,43,0.0115980237095641
1.40121951628678,6.35078308486179,23,0.00213737329781836
-1.30653507645633,18.2302762086604,75,0.00972162933387423
-0.106599716538155,18.8825359900898,41,0.0116782302319747
0.749504190010154,18.3587348483618,64,0.0101874199952129
-3.69382839105253,18.6895545432259,46,0.0096838133740505
-4.52227262794647,18.4505938458422,45,0.00874033192001454
4.69038201083041,18.6080776405943,51,0.00880114200672272
2.51366537447718,18.3183741226213,76,0.00944414395867794
2.05620851525603,6.31235085069103,59,0.00210356509714035
-2.38209119798048,18.831411356463,35,0.0109154710368154
-3.85053094253855,18.2478973141042,48,0.00885395593349161
-0.0960687727835673,18.3381246149048,46,0.0103950238953452
-1.10811730104171,8.63143481472962,49,0.00265382802493769
-2.80633665921992,18.5553491811532,49,0.00997247095055242
-1.12492206025755,18.5089571609737,47,0.0106009054780811
-1.08456384880233,8.40905070093836,16,0.00261735717722322
4.4951112536404,18.2878223848791,51,0.00848483941756798
5.41886569255985,19.0021990759465,46,0.0088224159966633
-5.13621065782777,18.2429186243415,65,0.00791805231303038
0.931418764369794,18.410854294662,48,0.0104298940836263
3.74878238189475,6.10170237249247,28,0.00203569939865826
0.825948756551402,18.4471054075659,34,0.0106827287489885
-8.51936323423535,5.16916189329449,100,0.00167389015488786
-6.65547091811554,18.8447100366826,46,0.00762811247655089
0.926957586147949,5.98170250704691,73,0.0020501288247278
0.602350371844127,18.5978701019344,41,0.010968066891873
1.28471794901288,18.256876145042,47,0.0100507337124203
0.227461853448158,6.04954254194689,58,0.00207252726311201
-8.55844991827177,18.6219211047594,75,0.00598755784494915
-0.181791353268414,5.81480359981797,38,0.00203757608561926
-3.34768824345108,18.3546366949166,73,0.00910884172302256
11.1410311125676,37.9083879380774,79,0.00427590094940703
-1.58854605148399,18.2884883766492,45,0.0100439956141344
1.71853726716006,19.0044116277339,46,0.0115077839081936
0.106218331364831,18.8287084463108,41,0.0115474998582087
4.11433586873001,18.9359019082777,78,0.00949754708945619
3.70692039635383,18.9009406505939,77,0.00974382060886171
10.0803221880228,21.7020720823731,100,0.00669123721968198
-3.16747189842027,18.7348276120631,48,0.010098439193194
-3.35337015906865,4.01327989862285,100,0.00169528565944868
0.825948756551402,18.4471054075659,34,0.0106827287489885
-1.0244566722846,7.68826165310626,37,0.00242365842109713
-12.3508082019983,18.8866762270244,84,0.00412564772315044
-0.322499356071224,18.5225048460945,49,0.010739189024287
-0.907893115627497,6.52201588862491,11,0.00218251226247718
2.45761223478785,18.2048328676356,58,0.00943512165483521
3.64788440667902,18.5788467433538,78,0.00924463848064077
-1.34702933124914,18.8629382085096,41,0.0113914876685113
-15.1641858911466,18.8168221130676,85,0.00311376173398002
-9.09623732743863,18.3703439999782,70,0.00553343534377362
3.37641212770078,18.59407700571,75,0.00946240391101755
-1.39335181183244,18.5841679957756,54,0.0106037324631194
-6.81583599074841,18.2743869629547,81,0.00678590450542061
-4.79255610240394,18.7482140360352,46,0.00896726204910506
1.69358293289927,18.8195324895776,46,0.011096116416897
-2.84531974848136,18.5209528461342,39,0.00998624600789571
0.718817407456077,-10.9181247978327,70,0.000661263481165199
1.09041983720735,18.2213028387401,36,0.0101401035681526
0.0302454754320095,18.2232549526447,44,0.010184067985117
0.507362334985684,18.8436846446049,50,0.0114318841102446
-11.2480503837824,18.9350704663555,53,0.00470818517043071
2.12860274405649,18.275319084414,46,0.00981144866923461
-5.71484997633027,18.2615971575429,42,0.00769742520580824
0.0376415381288544,15.248084240142,100,0.00591736956347212
-1.28372545024145,18.6451091286763,49,0.0108241577475969
0.975505066100258,5.84058879038938,28,0.00204264427210012
0.151471144454427,6.45582707165222,31,0.00216349316861609
2.31838114966692,18.7124756885532,77,0.0102379607190651
-0.943398461177228,8.00771136898851,27,0.00250844448180533
1.70866150734444,18.9633578825129,35,0.011561662035413
0.995487690938874,18.7795634948644,44,0.0112652235186209
-0.462658463933238,6.08919544686333,22,0.00209495688656654
2.93204192833218,18.4894032868783,43,0.00983970009327453
0.389187834753869,18.3164763840624,41,0.0103890816326984
3.27619881078551,18.7712320514454,86,0.00972170208020332
-2.64575566262513,15.5499932549996,100,0.00593585542466969
-4.6224202194855,7.89944497594698,100,0.00232698375518588
-3.50372118027619,18.4212490152165,46,0.00935537606182128
-0.87980935707054,7.02576582501999,19,0.00228471229261347
5.3256522968282,18.6276345802692,46,0.00839468708579507
-1.39158787698701,19.0243612503899,51,0.0116241402293534
2.26293483920559,6.66342531672307,72,0.00216183944458606
-0.976449249597005,6.97288912421174,9,0.00227750237608197
-3.52600189324052,18.1813179510023,47,0.00894978737013174
-0.587510420420187,7.87260640213728,86,0.00244264980659685
-1.63210965386891,18.9291059208837,43,0.0114093092081378
3.69248083212547,18.5258549509938,38,0.00948004336724836
-1.09625382478171,18.4436093841444,80,0.0101220251659299
-5.55731542579239,18.7761102371115,32,0.00850888145058801
-4.29279256888488,18.8727745779948,42,0.00958575151508416
0.433250010753863,18.5726797709857,73,0.0105634571377483
-2.38484254783353,18.380941537856,45,0.00990447603449293
-0.201590338928529,19.0223222270475,41,0.0120238508354959
0.82385574324907,18.774232055141,41,0.0113310114728441
-5.83259913978158,18.1577640336388,67,0.00736498638206737
-0.452059140299247,6.14634622390986,10,0.00211130020986944
-6.2825416251374,18.4285601513887,30,0.00755591195124679
3.40487609592558,18.6733860363246,43,0.00988037203743579
-2.19392766076564,18.9286998668972,74,0.0107637394033782
-0.678732392905449,5.97084371616069,66,0.00205275185770724
-0.803211495639416,19.0981556816284,46,0.0120572398934136
0.933178513839619,19.0140050667123,39,0.011912517371619
-5.77565857043457,18.2634371590591,39,0.0076759537847784
-1.63210965386891,18.9291059208837,43,0.0114093092081378
-5.31199403981243,19.0220706691048,55,0.00886924881199283
-8.60435683776447,18.3507499553982,56,0.00584845608775363
0.0769485551323085,18.3990934520418,49,0.0104888806313971
-0.370392963891158,18.1738154623342,46,0.0100518370278261
0.804828332875589,6.1391339825609,12,0.00210704436799416
-0.648502666921946,5.98540588410058,11,0.00207911667506293
-0.728411155563118,6.14589612318761,20,0.00210531830266123
-5.21245006126027,18.6383155578544,65,0.00835890512797407
5.59402447038034,21.1499547585676,78,0.0117598079313293
-2.09641046752681,18.2282275254201,49,0.0097096065942038
-14.3320388974382,18.6668107194796,74,0.00335293918974176
-0.16455139063763,18.4962500435238,44,0.0107491011390142
0.747458955675106,18.4054069965352,44,0.0104962200918722
-5.95214493688047,18.3422888651585,65,0.00749403965447503
0.243355796348051,18.930313392647,41,0.0117894503646689
1.45112803746699,18.1904221132209,80,0.00956650262540633
-6.54945599669958,18.544218443228,78,0.00722526722450311
-0.992072789708368,6.52458819509841,38,0.00216949040681112
1.14659976642243,18.6379963942145,41,0.0109428543426447
-4.2672624481099,18.1795372957347,44,0.0085290891548772
0.0904953187245457,18.9714019488788,41,0.0118993314797854
-19.6410026820194,19.0617338920991,74,0.00212088528882908
-2.24558007537388,18.5971043391293,43,0.0104093193321024
-3.30319568428282,18.6232989305156,48,0.00980857789612482
-0.587638622853603,8.45096473874614,44,0.00261502897804769
9.70793708025942,12.7390126991505,100,0.00300456688809301
3.49791273630613,18.6306734391585,48,0.00969559005640644
-1.60798491327585,18.6751124895748,39,0.0108966319545438
-7.50260459464486,18.3614174563353,74,0.00645842035004997
2.61816411334864,18.858717352121,39,0.0107873560687664
-0.380202353612778,7.48453085224325,14,0.00239431690685828
-0.819458780858638,18.6150809466908,42,0.0109572360283405
-18.7594044836539,18.1897990335857,91,0.00219561649822762
-1.059403503884,8.58123743461604,33,0.00265222673383364
1.06135422642639,19.0217867163977,86,0.0112659132509683
-2.79730170107792,18.8009225776159,55,0.0103825802509638
0.394448165381681,18.5789531940401,44,0.0109149620916406
-0.976449249597005,6.97288912421174,9,0.00227750237608197
1.29383081079095,6.27330627911087,29,0.00212082916269542