0.939232470093499,27.8843744640502,76,0.126844106672888
0.851749914412702,27.378288723364,97,0.0994063872490244
3.89245608631231,18.6572677129641,47,0.00948179684087484
0.150780083350208,27.4965920477703,71,0.150224593218745
5.22648828641622,21.2274174739476,56,0.0128493869018051
-0.38943543116121,28.601679150455,77,0.128190067979835
5.88480822166715,19.0477601769942,53,0.0084381549325449
5.40985581540777,19.1136872177006,47,0.00897769662968786
-5.44639817149843,24.5496544268798,100,0.0197899009290692
-0.273072864423561,26.4993345772897,100,0.084528398532245
0.751634719379323,18.4613802917207,38,0.0106811089446991
5.41540754396602,18.2639837608895,61,0.00778604661630894
-0.299683333575869,27.459894926046,96,0.108086087008549
0.28606087693426,18.8614257926827,45,0.0115634461099643
4.86729845131479,20.3811097515986,91,0.0111552512886061
2.42134995991575,18.9262236030847,39,0.0110499218196643
0.277768791357402,27.8205009149135,71,0.151979960834573
0.592209399558577,28.0349920567952,72,0.143227422079457
0.524742887306853,27.0233783866655,95,0.101231377736817
5.11937117698363,18.2931358025359,57,0.00804133257715557
-1.05564612678425,8.07437155520397,37,0.0025173991062288
1.02804561439577,18.6895389633266,47,0.0110158970546555
4.34821417271867,18.8614532754612,59,0.00937171539823428
0.732043828516403,27.8297447139226,70,0.144136252172579
0.200516229395477,26.9531858045064,76,0.127133272843551
3.88351943084764,18.9340541939229,52,0.00991303356554015
1.36344008943738,21.2221721306057,88,0.0179736071026516
4.94632242756576,18.4786062855341,61,0.00836814191780669
4.03135099903452,6.60300731099775,41,0.00211342736070049
5.24342625128495,19.7715889141947,60,0.0100163361516566
-0.493415491900367,27.280449485379,75,0.133658184334518
-2.10239833550576,18.2859083747517,43,0.00987089137955565
3.47520220216763,25.8220004590209,100,0.0382606539111467
-0.502631081830634,27.7978465806102,76,0.137785529309277
-0.265933362449317,18.5653910096242,43,0.0109069749383163
5.19006549526885,20.5262234814583,63,0.0113713656683353
4.49494170146125,18.9525158696833,41,0.00956289983896215
-1.74112730572098,18.631898985392,51,0.010614225985991
5.34522932639085,18.7410408181981,52,0.0084853316231329
-4.44608578776238,18.7059419205223,31,0.00929470961810635
0.484806969559134,27.640230890292,72,0.145245793984683
-0.246157398607303,28.2827762568081,88,0.118493382380544
-7.30375349683346,18.4959377155228,39,0.00685614197437281
-1.4316808821523,26.2948646882556,100,0.0694240584651119
0.83860225353856,6.12638340137768,70,0.00207896723912025
1.67268171817161,18.2988727047715,44,0.0100464496291188
5.1380186199229,18.7907945843061,60,0.00865252958913229
-2.43930203047475,18.5677868935552,48,0.0102020634770104
0.9480937327308,18.2584706509188,70,0.00989971789340165
5.53118783411809,28.411648291548,100,0.0245110097594094
0.402396379023811,27.8692422566979,75,0.141583158385859
0.208821283290201,28.3269260538273,88,0.118182721598607
0.277768791357402,27.8205009149135,71,0.151979960834573
-2.38271601917154,18.9368096950632,39,0.0110958584741108
-5.18767646442752,18.6801402028388,34,0.00865759618902427
-5.35844521242635,19.0882262229976,46,0.00899445327681451
-1.2194166280498,7.66110810202367,20,0.00242463545470962
5.46631254123631,18.6067826299794,60,0.00816816784004519
0.277768791357402,27.8205009149135,71,0.151979960834573
-0.0260699706922896,27.0562357457264,74,0.134233509261597
0.150780083350208,27.4965920477703,71,0.150224593218745
-1.299996555384,18.2124258527157,43,0.0100009477256377
3.33424682307733,18.9055853656132,39,0.0104034590596224
-1.96615189885169,18.4367031770729,47,0.0101741232345857
-4.10223262941747,18.8804100755873,49,0.00968199089493683
-0.637142063263062,30.313087024916,100,0.0612800496350519
0.49693922438096,28.2872654363249,83,0.123009553520661
4.70859461345609,18.1522569448265,54,0.00814755994732295
3.99436548539825,27.7267710437402,100,0.038648782312488
1.4465984793258,19.0753674483262,58,0.0116299179891831
3.48967225799748,27.2810797290225,100,0.0446121992277587
-0.786275928647966,8.24903730523052,33,0.00256767388241283
0.644553528241633,27.2220610323765,89,0.109589118183371
-0.237656656634278,28.8055323334878,71,0.134243022980774
5.50191650708857,20.239163057106,58,0.0105187779760302
3.84394693616606,19.0415737553185,42,0.0102392538983595
3.43117158051818,18.186793411172,44,0.00903597258348951
1.43953393975158,18.3301816545771,44,0.0101818218536796
-0.767892930325264,6.39418670358895,23,0.00215227401188722
0.150780083350208,27.4965920477703,71,0.150224593218745
0.587629495997886,18.2730472063614,45,0.0102375450192048
-1.10110792502277,7.46317182961542,29,0.00237476413739619
-0.298053031442499,18.5114610891051,45,0.0107633216419906
5.4876374107879,18.379625991381,62,0.0078668248427639
0.853377492812775,28.3430111362641,67,0.141615766162859
3.12664417836337,18.5122957433078,39,0.0098058843581332
0.717463884587121,28.457525631079,74,0.130355729716648
0.613991252779647,27.2781095838579,87,0.11340412495226
7.03502586886878,24.5078534029022,100,0.0141567338612922
0.970458595159662,27.7636040872076,68,0.139814737651117
5.96604886720122,26.7481479865793,100,0.021397833376517
0.629160447224754,27.7398430087339,96,0.106252095718488
-5.14791444820219,18.2467827061676,48,0.00802312388429116
-4.42703427965742,18.1522113355553,42,0.00840584864515789
-1.63347191048019,27.2655103195047,100,0.0773747114414041
0.710395679850261,18.4959375808426,37,0.0107741818564191
5.54779854614533,18.9442766802038,52,0.00859171277712375
-1.20780917890496,8.24905890344482,39,0.00255821680251018
5.57871776702161,19.8719327093231,60,0.00981816222235279
1.1982045608752,18.2406786008232,48,0.0100309138527485
0.370375199530321,27.9090561744646,71,0.150591873183055
-1.58757796870746,26.5014946664624,100,0.0700756133327489
0.233258222309836,18.4076436575644,53,0.010457427430258
-1.11929973676852,6.4665546631296,10,0.00216973295354696
0.383625563763788,27.136538944418,73,0.135623488826093
0.370375199530321,27.9090561744646,71,0.150591873183055
-0.895725049438105,28.0582899376468,77,0.125910431357317
0.651176834985079,27.7609175575685,87,0.117163312020643
-19.1175994855355,18.15181098352,72,0.00213740733636349
2.28840385031932,18.3262645115936,65,0.0096568469506317
-4.9122734422968,18.2253234374792,49,0.00814450060079216
5.47920547767839,20.301074524491,62,0.0106068462542875
-0.433959369289108,27.6585804373763,75,0.140244784948599
1.74986593864113,21.0540303902661,56,0.0178887434091508
4.88990536662572,18.563124629427,59,0.00853482307643003
3.69778007782998,18.5940015481808,50,0.00948260917526502
-1.29540454151179,18.5971695087162,32,0.0109167926380596
-0.0017162082956842,27.9592712598006,84,0.128030909244418
0.494556935705636,28.4930840526936,75,0.132541287284976
-1.67048996521178,18.4449123063993,69,0.0100746852457972
0.370375199530321,27.9090561744646,71,0.150591873183055
-3.58423137708088,18.5369261930351,53,0.00943481109124501
-0.144232245619756,28.1288609008173,73,0.147201128976485
-8.61526969958922,18.3088195045283,55,0.00581826548998316
1.6095296866406,22.6072187208338,100,0.02493996896838
5.30599408863509,25.288538882647,100,0.0223847141137333
0.0537082486467488,18.2424827293616,44,0.0102224095355669
1.98015982587612,18.4196725345232,66,0.00994380269372948
0.277768791357402,27.8205009149135,71,0.151979960834573
0.308006773257656,27.0723268687138,71,0.138537822334186
-9.96252822815342,18.8134192968833,39,0.0053787746148955
4.92363640308287,18.6466519006764,59,0.00862427682628941
-0.1038960826493,18.5421954486059,41,0.0108865687724657
3.29831238689105,18.1619127961915,58,0.00895602079039352
-8.4577265228886,18.5351837799368,34,0.0061421521220403
-0.500331392075241,28.720606838857,82,0.116416466163809
4.13741216461682,19.0626084466316,62,0.00983912809179481
-7.02791204389851,18.1880303093591,52,0.0067085525720158
-0.764310633298676,18.8151578073267,45,0.0113873560914551
3.70040487443626,18.8857521647619,30,0.0101881442587098
5.59240841574514,19.5887623156879,60,0.00937999642361424
-4.92477978409561,18.6423932586422,54,0.00865489791843684
2.90837532683757,5.86582590925179,24,0.0020179284814227
0.653886921746288,18.9542823692252,44,0.0117560773662345
3.31979937486363,19.0045003328728,41,0.010586062379051
0.704618227412985,28.1917592697571,69,0.144786261815303
0.484806969559134,27.640230890292,72,0.145245793984683
6.42581104745113,27.5598474480855,100,0.0194996839226378
0.538992966466852,27.6202490381423,71,0.145994182055439
0.787865962549919,28.2984397694419,85,0.114772610891199
-0.313252093212768,27.1817426112957,75,0.134033204491863
-0.280733820905035,27.224339543003,75,0.135401395254617
5.55489318599235,20.9196810431303,91,0.0112305265257741
0.643962582804122,18.2663521159545,34,0.0103329824336007
2.36576531090133,18.5424169863925,54,0.0101277895301301
-0.198411565796451,28.2727096254971,87,0.120341608052175
5.57673840580861,20.0851190533545,58,0.0101761489077484
-0.679367037561671,27.3412874284728,100,0.0986885686887274
5.541666562237,18.9783848289866,66,0.00853853504183326
-0.298053031442499,18.5114610891051,45,0.0107633216419906
0.220716536015391,28.4725949483844,70,0.146552874550423
5.49457732121703,18.7883444653645,51,0.0084381964634147
9.126338468277,21.3563325212943,100,0.00737981128844407
-4.1738701743179,18.8226126505789,78,0.00927481175148748
0.853399899285166,27.6173189359201,90,0.108828294886303
-0.707606805504978,8.68322543186261,37,0.00268170000889449
-7.18085228778696,18.4064081705918,34,0.00688423585961681
2.92443971645867,18.2913870202363,47,0.00945757474760669
-0.935438512487132,6.27550107395455,12,0.00213255998368401
-4.84571323025874,18.5925337105705,56,0.00862881454970787
-6.2257619902317,18.9328981538989,74,0.00788790810939488
-0.670991331668036,8.87761918958104,32,0.00274025960922872
-0.952176361750469,29.6125227367777,100,0.0720739114283853
0.303342672172309,28.0906935307429,71,0.150473970903511
1.23606486636607,18.3566166888212,42,0.0103128251103951
0.614200228867297,18.2741560611396,43,0.0102574266312094
-0.357105554209123,27.0024154263624,96,0.101357206034107
0.869373805981382,6.58381366054128,10,0.00219594167078403
-0.532325934249704,8.69664596721331,33,0.00268986497484094
0.277768791357402,27.8205009149135,71,0.151979960834573
0.182204850473228,27.5823922830229,71,0.151241260665025
2.44431232669092,6.37104855862679,11,0.00212854809096697
0.212835436286469,18.22471864197,45,0.01017203338969
5.16610079374267,24.1861171949904,100,0.0199616361838024
3.69503756372865,18.8150440589739,41,0.00995144819172313
0.763967523580489,27.8296806953812,72,0.139166407985471
3.69006131226561,18.3129404293636,42,0.00910021644644587
0.641231049789807,28.5754579669613,87,0.110836598139411
2.39084155668806,5.84316289304109,39,0.00201892680869509
-0.605834800226216,27.9606794797904,77,0.133726938806239
1.65574202191483,18.2396271640888,56,0.00982146216208965
2.38787893112272,18.7412298439583,59,0.0104517809849512
-1.14534083543198,19.0419362635885,41,0.0118916175322168
-4.24839425545065,7.11144333191723,100,0.00218100729363814
-8.6550987762635,18.5796147224624,48,0.00599663382977998
-0.500163833835988,5.90849889779283,12,0.00206494747322712
0.785911345445373,18.6821165989827,45,0.0110772780040146
0.548044722995741,5.91842264920193,15,0.00206531176635837
0.526613490695469,27.3127362977577,72,0.139291801510008
-3.56639238519334,26.9009433663688,100,0.0424767042780777
-4.74142966557226,24.1382838691356,100,0.0216251162198325
1.64179687139144,18.8237131786472,38,0.0112267073589846
3.03132095056371,18.9612013227898,54,0.0105596041454679
3.60150957494148,26.380705053878,100,0.0398981123728709
0.446867664469081,28.6966844292572,87,0.111127592678494
-7.1488054059175,18.4424500831447,52,0.00685307288390016
1.90515491361977,18.1864952028024,46,0.00973413923605904
5.8328318590896,19.866040110802,60,0.00953779093146161
1.40029645913827,18.8243761164728,76,0.010854620957182
-0.549776599886074,27.0511341141082,74,0.128873967840146
-0.572568265503225,8.1599502142191,26,0.00255121899638125
5.28618898163587,20.8468746370317,72,0.0117307480039877
0.498022035288204,27.8098123463403,74,0.141810373335239
0.487526130168759,27.4644058562319,72,0.142935641091322
3.37636825683635,18.8183235702358,42,0.0101755150733216
-0.0205451601876194,28.827830942304,83,0.115797991683504
0.438425368452349,28.645546941792,69,0.140679408808454
0.793659349163977,18.2492848358616,44,0.0101708193481473
3.2380051888741,26.5289008225572,100,0.0451247369878329
-0.410158046752892,27.317676793781,100,0.101371701328998
0.252555757064225,28.4149520261315,71,0.145531044711216
0.376033808601159,27.4851727950303,74,0.141166676390519
4.49123312126494,18.449578857194,56,0.00867667962724106
5.06798832640977,18.255508069275,40,0.00813964305757598
5.84788935176833,20.5672760520468,63,0.0105707509905822
1.18866828171863,30.4016807468642,100,0.0562816101419694
0.283213784594756,26.3384247504537,100,0.0812997328851814
-1.14881691524048,6.22592201805887,13,0.00212040696627995
2.72821694022248,22.8947837938835,100,0.0238039623029892
-1.92055704557988,27.2994660498866,100,0.0719159324971432
-3.27963041143773,18.810755459983,37,0.0102808555718985
0.914278230014596,27.7810678400846,69,0.139990701708016
1.16822912263928,18.6317407890812,49,0.0108284481082737
0.888188744100764,28.0209217494759,75,0.129611263171053
5.37423695003533,20.3241272330309,59,0.010811812777194
-2.68294245621617,18.7317761812634,48,0.0103900192548924
1.4005787384815,6.66565396870022,29,0.0021977282565139
-0.564382511897379,8.23055226853171,20,0.00257345104136474
4.50408044910621,21.0783447930543,69,0.0134961234773707
3.5228505867616,18.261760028868,50,0.00905293527494968
-4.72931426727612,18.8927145799623,48,0.00921643818820326
1.96634897284802,21.0839449976246,94,0.0166391570539399
-0.0615703957722339,28.792553279383,90,0.107849930085475
-1.0063945975012,8.64356725984223,32,0.00267070753541017
2.50456961652751,20.8790780870623,89,0.01542629135887
-0.0196061425491313,28.3452580715358,67,0.157836702769814
5.39684615384347,18.6133644495916,59,0.00823383619509735
-0.771004081742743,18.2760207388685,43,0.0102383703249338
8.61376021290196,23.1839831144695,100,0.00943622719891596
-4.37175458085371,18.5752841985035,33,0.00912890738033914
-0.690612954747377,7.41160552389386,33,0.00236481911768353
-0.891961310349671,7.80653328976973,28,0.00245888930058181
-0.827389777723793,6.00198074896034,20,0.00207722023250873
-0.382814332420732,7.15418281499399,59,0.00229500136456492
-1.52305831173732,18.4999984432657,51,0.0104217178678308
-0.280721875007378,18.6504428899544,53,0.0109747185240589
-0.96172289948322,8.22231736342509,24,0.00256467450846043
0.28606087693426,18.8614257926827,45,0.0115634461099643
5.4543791362308,18.5332648163467,51,0.00814582369059013
-0.20110582547322,28.8200043946655,87,0.110366981959889
-1.63210965386891,18.9291059208837,43,0.0114093092081378
-0.300353384667685,28.5698998537579,81,0.123557207726357
5.93824281509427,18.7403821806191,55,0.00800937431779736
-6.1441436877931,18.6373077958468,39,0.00783500429208108
5.72962482609693,27.4385348063538,100,0.0233055269498493
1.19079350637573,18.2206985142258,45,0.0100241634934156
-0.299683333575869,27.459894926046,96,0.108086087008549
-8.29444014068286,18.1930538280467,58,0.00591812350390134
0.550554104449613,18.1870089750416,47,0.0100507791818462
2.03571209515329,18.2263869761017,45,0.00976796828276528
0.370375199530321,27.9090561744646,71,0.150591873183055
5.59700302869878,20.8404972428501,90,0.0110475005593326
-0.51186335225461,8.22550549796832,19,0.00257317527030041
0.516574318200501,28.6984091558623,71,0.133891960521999
-2.1016605537371,18.833561802656,44,0.0109628838904289
-2.55382084163791,18.2248633045164,45,0.00954356242913962
-0.549776599886074,27.0511341141082,74,0.128873967840146
-4.2668070557848,18.3059269193498,53,0.00864225286112099
0.379676156728304,28.4583012958187,86,0.117624347086281
-3.42660622780457,21.6629761156341,100,0.0166497247834325
-0.37529916170951,28.4866401770852,90,0.111944724322563
0.252555757064225,28.4149520261315,71,0.145531044711216
5.6052776686721,20.9867625951691,60,0.011685175339526
0.717463884587121,28.457525631079,74,0.130355729716648
-5.49636312020918,21.3854578855814,100,0.0121881796520215
-1.98405156161278,18.182890031827,48,0.00967980777522433
-0.25377288314852,26.9801909603374,71,0.136209336955027
-4.80893289054791,18.9773338212203,34,0.00940286634851224
-0.574535606874405,28.3867434070239,77,0.129747973800137
-1.53414991385444,18.8179833289224,42,0.0112063613898194
2.88587010610911,18.4388765955392,80,0.00943306358998332
0.257259604932287,18.6822471592254,40,0.0112081218629684
4.68471112153407,23.9033840784266,100,0.0210472664253222
5.65178395475619,18.951329113509,51,0.00852296226240968
-0.475397021402122,27.6372557566758,96,0.107791499778292
-2.19829893131292,18.2457700907658,41,0.00977605997037074
5.66630912426673,18.3654385969924,53,0.00778342024056399
7.10943851709617,6.40353632026209,50,0.00193469258965115
-0.884918304674787,18.79555279772,47,0.0112904169893341
-0.689281422119278,18.2964311219224,46,0.0102604516521017
-0.954870451279996,7.78987281291419,36,0.00244934516567043
0.67792122882343,27.3241269147277,72,0.13607176670659
-3.89847485618058,18.1860300535004,58,0.00865735567316585
3.96127839471505,24.8646002866646,100,0.0289246810136762
0.55807613540908,6.1647095396972,21,0.00210947456204763
-3.27479927497969,18.6286835653767,56,0.00975939859043658
-4.11766062709303,18.2479943613389,32,0.00881286021069833
0.182204850473228,27.5823922830229,71,0.151241260665025
3.80029640671647,18.6714881671338,63,0.00942554031520466
0.252555757064225,28.4149520261315,71,0.145531044711216
-0.280733820905035,27.224339543003,75,0.135401395254617
-3.73291051164269,19.0623220278651,54,0.0102399733948795
-0.242506242239022,27.2809859975636,74,0.13895645525756
0.755142497341713,28.4953513819164,74,0.128644783046057
1.01775265133445,23.0730756725999,100,0.0295304968738871
-0.581630462558064,8.45987538664476,34,0.0026243132028882
1.67751135249867,18.6661366071377,53,0.0106877694261792
0.208342667701132,25.1911253628421,100,0.0585689399038136
4.8814094484251,20.4881889977413,66,0.0116698401401367
0.50831424948724,21.1134497898456,92,0.0178916485452133
5.15891335855027,19.0895127745408,60,0.00905317290271143
5.51305871703142,20.5391119118255,60,0.0110000940015658
0.741735546102712,28.2178518855348,70,0.141275928527664
5.1367106558401,23.2842265637522,100,0.0174715795618646
-1.09498516191852,8.0221457490668,26,0.00251073663226197
-0.731500772856936,27.5860570407869,83,0.120310641488745
-1.44662125310078,18.3919691307438,32,0.0104318010892168
-2.68804735837991,18.6795126804217,80,0.00995712092496678
1.2912601924104,18.3838030773839,49,0.0102785398885527
0.949735628224011,20.5602181092784,88,0.0156475284122682
1.38369193838507,24.2700702233313,100,0.0404660502831649
0.74012789763294,6.35649865717675,27,0.00214315179361616
-0.590927800719906,6.62328502621668,12,0.00220506803280244
0.400790616217614,27.7822775952739,89,0.118093486803844
-3.6877245621227,18.9499212387587,42,0.0101924498720302
0.186561683408944,27.7324779553436,72,0.150322053720228
-2.01862308551621,18.8188235556893,51,0.010888376354316
1.31643311146415,21.2096718593308,56,0.019055859003764
5.59933020697136,18.4547487335535,61,0.0078842281877512
1.77396027685479,18.4571196514784,45,0.0103108372196374
0.865771990721341,20.978433969569,94,0.0171163937489638
-1.22295335414229,26.2015330859106,100,0.0706652461075743
0.516574318200501,28.6984091558623,71,0.133891960521999
0.416608085091269,28.7340287583155,81,0.118534956530269
2.29959110789416,18.8064658953767,63,0.0105844773210631
0.853377492812775,28.3430111362641,67,0.141615766162859
-0.280733820905035,27.224339543003,75,0.135401395254617
3.9555790397515,18.2203595878809,69,0.00859150085486275
0.613991252779647,27.2781095838579,87,0.11340412495226
-0.736353420412488,29.2276631190527,100,0.081232524249601
4.81569276851885,20.9701230024813,94,0.0123488299677376
3.44855502891687,18.519401280965,53,0.00949096146950866
0.283500904294824,18.7287842151843,69,0.0109549370473372
-3.73005736894915,18.9255527269561,44,0.0100948146159787
2.0108607327621,18.9801629503709,40,0.0113871851777986
-2.35621678515075,23.1440057428147,100,0.0265216698267452
-1.98405156161278,18.182890031827,48,0.00967980777522433
2.45106336829664,18.5406636544584,53,0.0100926733507852
4.0221307592224,18.8504164464118,59,0.00959937944827061
2.14094550583229,18.7080270722929,48,0.0106308475807429
2.5185482576315,18.306241189768,51,0.00964859745039149
-0.830689736827055,27.9477183125303,88,0.112378179189221
-8.79899209051936,18.5236514911522,30,0.0059342341435425
4.55248310911974,18.6358257305184,57,0.0088940836153566
1.24212639430834,18.7017756361573,45,0.0110084163214234
-0.47641647235905,7.1616206289217,34,0.00230945794602531
4.41978705515343,18.1842356801762,45,0.00843313611699087
-5.53575299702886,18.4221814978179,40,0.00802302244287212
2.07402629709794,18.9785775655483,79,0.0108690688254073
-1.96111893261546,18.9736341831865,40,0.0113977714939004
0.847032005849261,27.4654569471328,73,0.132011387379978
-0.605543897063962,6.98139854610939,33,0.00226996572824239
-4.01280291383747,18.1793135304759,42,0.00869994879458386
5.06016071538151,20.4832804106101,60,0.0115021256712836
0.575809468003602,28.3531341727857,87,0.115280145943413
-0.792921231577847,18.2882775692363,43,0.0102594352037783
1.28527757776154,18.9190427638604,48,0.0114526869909664
-1.39381985638383,18.8063075489998,62,0.0109847307257911
3.54990818425552,18.8208813346586,61,0.00986866229353452
-4.47013506412905,23.4995455150678,100,0.0204467829523676
-0.36041737140222,8.11340896545217,45,0.00252839665206606
0.290603758965908,26.9108558293078,96,0.100113402911412
4.87227660437454,18.4942560723744,58,0.00846164087834049
-2.88987657504573,18.8489915002596,43,0.0105515358272839
0.94310682866074,27.8029671789492,75,0.12830636328074
1.66415758952841,18.611061477862,43,0.0106910542780744
-0.913286784395984,28.0211288428069,90,0.107983681151022
-2.69398895713863,25.6138341591001,100,0.0450259993513227
5.47699755019813,20.3822929630005,63,0.0107373225435847
0.601034710560052,18.2431767499392,43,0.0101968707994304
-1.44662125310078,18.3919691307438,32,0.0104318010892168
-0.0840408246325443,28.2898072630896,67,0.158938635895884
-0.89938969189479,28.0624354723504,87,0.111727060624276
4.34812669944865,20.9837580428007,94,0.0130707155536886
-0.915348556872177,18.5722950262402,39,0.0108786367106081
-0.143639054196882,6.38047428687887,42,0.00214341713089292
5.92464865839545,25.3415113996716,100,0.0194736382416311
5.75470218159366,18.5366396088967,52,0.00792608509989078
-3.34217592667787,18.9515509150827,45,0.0104217012240354
5.05240904686899,18.1639465599161,62,0.00789482482924634
0.880779336192677,6.18129031559677,11,0.00211507350714668
0.518917573184395,18.7142939282907,53,0.0110942453566933
0.208313165750338,28.7168113214662,86,0.113941884310498
2.69258195091056,18.1522603523347,46,0.00934446686693937
0.756548710741275,18.5131677893622,54,0.0106089831406108
1.95159591699146,18.3034272881085,40,0.00999386083328622
0.772120635526931,28.409633709333,88,0.109915347078281
-1.71933749892593,18.7143767690135,61,0.0106812329279337
0.47373588977462,19.0640887907262,62,0.0118042542355838
1.98015982587612,18.4196725345232,66,0.00994380269372948
0.624779672636871,27.6236021905018,74,0.13797253372874
-0.0601498939533658,6.46428794110976,48,0.00215733908006681
-0.575445337407313,18.438132766908,46,0.0105678075240429
-0.713240374719923,18.6569790494543,47,0.0110098142874333
5.16175085435301,18.2233419750183,61,0.00790303491663792
0.970458595159662,27.7636040872076,68,0.139814737651117
5.3368707807596,21.2004826056148,91,0.0120701776115911
0.125886507204745,6.45126158401662,24,0.00216589057741461
-6.30644261458373,18.3121142752248,44,0.0073390218821709
0.370375199530321,27.9090561744646,71,0.150591873183055
5.42111425325754,20.1682913805082,66,0.0104089821326506
5.10405071590542,20.6348594584848,60,0.0117408308145221
-1.87720965665106,18.3245848871759,41,0.0100530170042997
-3.8008471608434,18.6581916280805,57,0.00945684958821734
0.226240070772061,28.6001899948961,89,0.112381800477239
-2.84360419130463,18.3446257779984,29,0.00976057787404473
1.94267943447972,18.4719773721584,43,0.0102951436033456
-4.6333392271324,18.6300750148579,74,0.00869692562552794
-0.83028110670887,7.15209613475428,14,0.002315571499245
0.330043066320201,27.8384690482868,76,0.14063813925336
-4.11896707794874,18.7028059163092,53,0.00934197667036275
4.00425052675102,18.2315593677655,44,0.00876687812859632
0.277768791357402,27.8205009149135,71,0.151979960834573
4.04566970393574,18.2073704212522,63,0.00856416914346046
-4.14913126178022,18.9475489420929,52,0.0097304563476741
0.27362965878725,27.2236100152775,71,0.143216415996727
-8.72138794560988,18.2061192654789,39,0.00574432419065899
-1.40176198522895,18.3927095300747,46,0.0102966542700915
-3.90752796539048,18.1982537196359,25,0.00892514507466349
0.612326290044805,27.8155211879603,70,0.147535421359255
5.75804343039042,18.4945929241608,56,0.00784990589739294
-6.84349557222391,18.2611050867845,44,0.00693015386267707
0.821651554603318,27.7134243234133,66,0.14929920080439
0.537357591845778,28.4732891045844,84,0.118142388439156
11.8344272607965,22.8077073914584,100,0.00569823890216837
-0.937682920877175,18.2594975839099,39,0.0102172571784989
0.144526892506685,28.0252286541979,72,0.150403494391737
0.113218453674006,28.4380995881147,72,0.14395551736356
1.83753313736188,18.5366269065625,45,0.0104464981359111
-3.44186161394611,18.2299346632883,44,0.00909840517131943
3.41487571725385,25.1415014610661,100,0.0345311846624583
-0.0205451601876194,28.827830942304,83,0.115797991683504
4.30966313270429,18.5177905922807,53,0.00892266304096579
0.331908759945517,8.83484615552479,37,0.00272691576347361
-0.726393786640849,6.69271091679834,15,0.00221712238791253
2.39187551464486,18.5473403134783,47,0.0101967236728852
0.0988485544857789,8.81372318551315,72,0.00269600999448204
5.23488425580374,24.5094871280805,100,0.0206018916596407
9.92965598278422,20.5593852968731,100,0.00617985524023228
1.12261604651702,19.0007556573086,45,0.0117413096774796
3.45444846920992,18.3893461216735,50,0.00929792247293591
4.73547416492717,18.5995598007409,65,0.0086501929942195
0.131949946456142,28.5470897026347,87,0.116430613402404
-0.957126776915673,27.7763246910839,75,0.127806934942942
-1.06880432925903,7.86256201004559,26,0.00247163615604179
11.5042477587644,23.7617712860024,100,0.00628716004504624
2.45106336829664,18.5406636544584,53,0.0100926733507852
-0.457523347924116,27.5215548959988,96,0.107230433360986
0.833390982884759,27.3237551509321,76,0.125243819441088
-0.672590399380504,8.70145244413115,39,0.00268564036132631
5.25626429377831,18.7514757285159,67,0.0084590172616804
1.76347068246893,5.83239646565732,28,0.00203218745357061
4.05106383114409,18.3811918371283,68,0.00877321110472222
2.93819215638218,18.8936721227189,41,0.0106325098609357
0.853377492812775,28.3430111362641,67,0.141615766162859
-0.0372179049169877,18.8360086922163,44,0.0115264329825568
0.767659728952454,27.2710522381994,68,0.140083135616118
-1.12987186039638,18.3500992677119,58,0.0101585415370392
5.15344101390886,38.0471200472423,78,0.00719366533168581
0.769394175085235,27.2381478713443,72,0.131905136417535
0.144526892506685,28.0252286541979,72,0.150403494391737
2.22965796839059,18.3298958612897,52,0.00981173104358134
5.10812955208482,20.6101770665334,65,0.0116182017693065
2.9682508011536,18.6026463656651,36,0.0100976452021724
-0.298877040710496,6.67840463580523,10,0.0022187576968785
0.925862451268749,27.8698195669507,67,0.143713367381767
4.11552767086193,18.6409300339098,50,0.00927191321749393
2.62149685214308,21.1518347547835,90,0.0161840298792411
-0.00605380652134613,18.1891421313258,48,0.0100755229176741
-0.730266818356927,23.0980276189376,100,0.030191011215702
2.74783981141911,18.2640239350939,48,0.00949143933944886
-3.83215184388483,18.4333535614865,46,0.00916831042839434
-0.55820876146687,6.35813319731504,26,0.00214502047210095
-4.52572934848216,18.1843623865054,44,0.00837344882453326
0.222353420399772,18.969227569895,43,0.0118598285905985
0.690343933840144,28.2320857772167,88,0.113441650281651
5.50035461440071,18.7235897851359,65,0.00825412981144849
0.460603207169656,28.6142092373582,88,0.111357032298752
5.78719978505589,18.5236731173827,59,0.00784419807172205
-0.280733820905035,27.224339543003,75,0.135401395254617
0.888318939576604,27.6135454485881,96,0.101507786221242
-1.08848488614094,18.201826556479,44,0.0100210456510036
4.86658559424605,18.505104450008,54,0.00850905609084275
-0.280733820905035,27.224339543003,75,0.135401395254617
4.75574386439616,18.6625147393217,62,0.00874626122865838
-0.403454760623468,27.4972824688917,75,0.138961501274433
-1.49720960478216,18.7441582173798,44,0.0110297678610192
0.290959522016714,18.3531547062146,58,0.0102892024469291
0.182204850473228,27.5823922830229,71,0.151241260665025
-0.229951484188858,28.6304732373051,72,0.138014719300442
5.04341258887412,21.0711809645591,90,0.0122786987642254
-0.588606499175318,29.6370223705017,100,0.0746219890562615
-0.69845604791526,8.48108241100303,34,0.0026289556327628
2.55653943372414,18.7041463848007,44,0.0104505023808153
0.817126661541961,18.2277134840194,53,0.0100327622466034
-4.05481770137979,18.9525397364466,39,0.00993962558065439
-2.57727076948534,18.9664133749459,49,0.0109216579818884
-3.52189598412802,18.327613639871,42,0.00922554314308135
4.77795369292533,24.2778596092241,100,0.0219440563797243
0.138142758766596,27.1243383806505,76,0.132220894297785
2.5316488553281,18.3718562043268,41,0.00985623981828152
4.57957079021884,18.4186951989654,44,0.00866288080911947
-7.74385875125199,12.3286456133845,100,0.00321409362079428
-0.828022223496373,28.1113574410644,90,0.10929939280954
-0.549776599886074,27.0511341141082,74,0.128873967840146
1.99968840356955,18.7676372808862,41,0.0109059237911635
-0.704304496561347,28.5175407332827,72,0.132841270778088
-0.425415930542347,8.88589574270177,27,0.00274841925922689
6.35632839627389,25.2524067247974,100,0.0175100990696659
4.15484361995258,18.356114035961,60,0.00873278058029345
2.3645924801038,18.307845611652,57,0.00966561225809461
5.67665033424006,20.7465470663485,42,0.0113708524353834
0.370375199530321,27.9090561744646,71,0.150591873183055
-1.71354121544902,18.515839490779,42,0.0104850757903151
-0.569937963025853,7.72883489109516,33,0.00243998018423865
-4.26736540877944,20.9849585331039,94,0.0131935527413694
8.4947929367842,24.3479700402228,100,0.0105925983553006
3.71008863462154,18.4524755406594,42,0.00931180833605407
-6.36071062939956,18.672940282801,71,0.00752533705019523
4.45691111182612,18.5018860510895,52,0.00880572499177059
0.853377492812775,28.3430111362641,67,0.141615766162859
-7.59342662646952,18.2258900905073,89,0.00623826371768557
-0.520644851868959,27.1692969928784,75,0.13070442611602
4.10938443492274,20.6095453922863,88,0.0126302408967921
-0.671134223628358,27.6061164934218,76,0.13304052027421
0.065696416186617,28.3358991660887,86,0.12149750973743
0.769931654218657,27.3263188389506,72,0.133691075267824
2.46955250090799,27.5377946889745,100,0.062095202615324
0.370375199530321,27.9090561744646,71,0.150591873183055
-3.36955886896622,18.7519606519782,46,0.0100166456680325
-0.280733820905035,27.224339543003,75,0.135401395254617
-0.591441573173356,7.56950226520696,47,0.00239403262682349
-0.498884913022301,8.90478868923313,33,0.00274878744931096
0.55265210498915,27.3809204256353,71,0.142103443082577
0.624202851558214,27.7146803577407,89,0.114782786911366
-2.41496463055951,18.5295511914155,46,0.0101612188094812
3.40148801615705,18.5301119103354,52,0.00954736031632876
0.1960235862431,27.0301138541481,71,0.138308973458483
1.74866885697563,6.31934996845668,21,0.00212715409855873
1.17088890490504,18.8713561615676,47,0.0113908298996429
5.86823957168427,19.5123287057522,48,0.009104028439017
0.40784957577088,28.101700790056,75,0.140347632791746
0.252555757064225,28.4149520261315,71,0.145531044711216
-1.81218566463513,18.1865737961956,44,0.00978625823909647
5.60300169548054,19.5948983225317,56,0.00941380583121721
3.38800269009025,18.3815382265279,52,0.00930715426068606
0.445164093659656,6.19201597109759,32,0.00211035352045358
0.970458595159662,27.7636040872076,68,0.139814737651117
0.958502382347844,18.1948716242774,45,0.0100242263103572
-1.16030551983697,6.56399144163036,42,0.00217381888691738
-1.37986518728254,18.5434980095917,47,0.0106016135047434
-0.863635247282417,6.83221054823635,43,0.00223131225547042
0.46992649844356,18.2042110244788,40,0.0101646719933498
-3.5496610877939,18.45701209761,42,0.00942147290173754
1.17720987216985,6.08919668215255,40,0.00208199518027203
-0.555455531869544,6.48211695275346,26,0.00216977984043763
1.79060729119866,21.1809456910567,93,0.0172314118725483
-0.184741602774751,27.2195743869972,78,0.130772651799118
-0.533668748727868,28.6644302050516,88,0.10951794561785
0.557757682608841,27.5243426169621,72,0.142336787595621
-0.259100237290925,6.12253371950698,24,0.00210110827479159
-4.0736362825108,18.3153045715171,47,0.00882454308272899
1.30464015747502,18.4765198898098,60,0.0103438312388166
-2.66744164353521,18.1542906042748,43,0.0093860553815911
-0.0853298930987386,27.6791903109477,95,0.1118390374112
0.643962582804122,18.2663521159545,34,0.0103329824336007
-6.56498494718498,18.1844584343613,47,0.00702542975726515
0.742938212795345,28.0400959337411,71,0.141144293336056
-4.31214924214218,18.3715087508288,76,0.00853602481588122
0.14391691459165,28.3681448008179,72,0.145376964788774
-0.0652181098032949,18.6260262751326,44,0.0110382162514047
-0.50410869254589,6.60462651986851,21,0.002197326213977
4.93045965794681,18.5682460793235,58,0.00852005824716013
0.958502382347844,18.1948716242774,45,0.0100242263103572
0.144526892506685,28.0252286541979,72,0.150403494391737
6.16835848877655,24.2877152182075,100,0.0164691207984603
0.183469392959828,18.269413456811,60,0.0101073689546264
7.06993838189988,6.33947738895589,50,0.00192651830703743
-1.96111893261546,18.9736341831865,40,0.0113977714939004
0.44923405148632,28.2439703454859,84,0.122709971222776
-7.65445841168595,19.0159050505779,38,0.00706555947262941
0.345989070863789,27.6897288140493,75,0.141841495558589
5.19827965465937,18.53961550458,50,0.0083461505496932
0.465457999812637,27.4644963599181,81,0.126983267529664
-0.658865116086048,24.48474915292,100,0.0460071222805532
3.40465685132401,18.7200956943176,48,0.00991540867908901
0.343471921618454,27.1972975923117,70,0.143682561209445
0.12408547963371,27.0511192579635,74,0.133820691328462
0.304035799860943,18.6178562285236,47,0.0109729130138822
0.400790616217614,27.7822775952739,89,0.118093486803844
0.290334187258409,27.4286420866078,75,0.139422738064163
5.49917920634931,18.5585648283615,51,0.00814453895811878
-0.664047149467366,8.53944556599289,34,0.00264498809833827
3.84852424015151,19.0080738335278,41,0.0101842727133671
0.970458595159662,27.7636040872076,68,0.139814737651117
-1.24072720748571,7.26039534728801,34,0.00232431097210049
-0.520644851868959,27.1692969928784,75,0.13070442611602
5.62293013495807,19.8318275454347,69,0.00962558963270736
9.08841693470071,23.0787627468808,100,0.00866758649224403
-8.79854686405134,18.1793022238757,53,0.00563840045161614
0.776557961795351,18.6205388953976,41,0.0109896726900606
0.277768791357402,27.8205009149135,71,0.151979960834573
0.53725901485451,25.3293469824956,100,0.0602405718452206
5.28022620621545,18.4799708379729,52,0.00819739858473426
-2.52489327240165,19.1201069505974,37,0.011443818666008
4.44183376937623,18.1928905589513,61,0.0083189286832102
-1.65038980578459,18.8565223038876,94,0.0106259027668822
-1.05733217849255,6.68927144630144,34,0.00220424040046378
5.39227865278585,18.5339481655828,59,0.00813828820802129
0.580056900918954,27.4352918937792,75,0.134790977627311
0.897191364851051,27.7085630706142,88,0.110751031269579
-4.36018910694242,18.2727528693432,53,0.00853597356404407
-0.394560088838976,18.8291585712321,48,0.0114370549810576
4.94110615928054,18.6362214981,52,0.00864929060878772
-4.56806732970988,18.4987098105134,45,0.00877769451728395
5.14361977771335,21.2483988841313,60,0.0129722825483476
0.0438600032649873,28.0035505416848,71,0.153299530234763
-3.62852859089787,18.2787102448817,60,0.0089371882382524
0.785728823595587,27.3494735675422,68,0.141237545205948
3.96613492600296,28.8394331310817,100,0.0376108160132325
0.970458595159662,27.7636040872076,68,0.139814737651117
4.5406893044984,23.3790979276564,100,0.0197595582285163
-1.28101720449792,24.346839956272,100,0.0418532923582886
5.25356374956001,19.0890996060832,59,0.00898058628295443
5.57283244361007,18.481132126502,50,0.00800359805968147
6.44312040581507,24.0662997517294,100,0.0151937953726847
4.09774322928761,18.4615971681659,52,0.00898911106892405
-0.741871696382679,28.0345061963698,76,0.131901824663742
-1.20114492273232,18.2679991689998,37,0.0101963888331628
-0.945946878228812,8.29520496954185,36,0.00257582337726681
4.80145255813081,24.6942374292409,100,0.0232640239436264
1.83502785199018,18.7941225961872,61,0.0108013676928568
0.796915552826533,19.0248103915698,79,0.0114261572234389
2.50074779089534,18.5743993114059,54,0.0101214502462289
5.2414471913481,18.5202746610187,60,0.00822183680679098
0.672803466907719,28.0202106688683,71,0.143288286519342
-9.49333316384316,12.6747592598512,100,0.00302431449349793
0.118561031541302,27.4308943599122,77,0.13698160200908
-2.2232259558254,18.6937759861962,42,0.0106285679467351
-1.10407696161741,8.03202899350296,33,0.00250867105300192
5.74752645013385,20.0395162811053,58,0.00990939288370942
5.502165281545,18.8861772488169,60,0.00849426438967007
0.279601338376722,28.1772006163715,72,0.147514149818882
3.32367969764162,18.6193603829454,53,0.00974088209506295
4.929237703293,18.4079707902351,56,0.00832205674563566
-1.92344158340755,18.4278112007715,50,0.010143003527882
0.40784957577088,28.101700790056,75,0.140347632791746
0.108969963771544,18.2560255425602,39,0.0103015322625277
-0.737029944176527,18.3599643674196,42,0.0104255314976924
4.47346381003193,18.2556643009966,60,0.00839067791931847
-0.38451943415025,27.3673220389971,76,0.135266637017591
-0.853886615059525,27.704969148124,69,0.141752654673767
-3.0403999355195,18.8239407631622,80,0.0100182600220242
0.4239571036864,18.6509196659041,45,0.0110606423646052
-1.37889929880727,28.3793386263705,100,0.0828445926396578
1.50101672324009,18.4503235259322,56,0.0102754519596678
-0.830440728435068,8.17716350797942,32,0.00254937286186049
-6.33940183915394,20.8942526361003,93,0.010108374970518
0.427967445097809,20.387090162674,80,0.015397167979944
0.370375199530321,27.9090561744646,71,0.150591873183055
-0.836651585246741,6.67459575776321,15,0.00221251322059674
-1.01263926546436,7.31913767702064,39,0.00233751778384138
-1.91009286881363,18.2402524971266,52,0.00977395064178009
1.37033350238645,18.6547603515463,47,0.0108415182889605
5.34229914031406,19.1793611299209,44,0.00915615860979796
0.465457999812637,27.4644963599181,81,0.126983267529664
3.17266974303679,18.4081254320519,47,0.00952125890167905
-2.09887784419948,18.7490912263099,48,0.0107368177492148
-0.999226664937364,7.67470697626088,33,0.00242309462221515
0.176916177784536,28.7094780713833,84,0.116934250259358
3.848420842337,26.5498273489508,100,0.0378341679287939
1.25041069157335,6.52316584642148,45,0.00216320164734497
-0.999959807841719,6.63990768013599,11,0.00220582225226643
-0.549776599886074,27.0511341141082,74,0.128873967840146
-3.09416240019959,18.6677920607572,39,0.0101118115603713
-0.0693059984388333,28.1710375472305,87,0.121924745936675
3.84432458725121,5.93224502600871,49,0.00199417514968353
-0.766675524533275,28.3905299394302,72,0.133887741228046
-0.619301308175504,6.0888816025807,10,0.00209942922154105
-1.67260933495379,18.2588710288797,44,0.00996968911552155
0.484806969559134,27.640230890292,72,0.145245793984683
0.195908547764273,28.0553485811147,70,0.154391036702362
-8.33718080730319,18.7338459646444,80,0.00618357188674029
-2.43976894980931,18.5113860314089,46,0.0101139679893625
-0.56166470333649,19.0274078121816,41,0.0119971710540267
0.0970170978210467,18.2334329894744,52,0.0101209454523711
-0.428724657625457,28.0035124963679,89,0.117577238662283
-4.72923522894119,18.3331425853084,46,0.00842806297957114
5.70467024700459,18.39416946275,53,0.00779000593944498
5.67937128493329,20.3616622940153,60,0.0104821956386957
-5.04408901907801,18.3615897685645,53,0.00820431312782498
1.76542142010006,18.5733317886777,46,0.0105393098773609
-3.0854917138392,21.1942388935111,84,0.0158052524053113
0.34027338509836,6.7456394087036,22,0.00222674897931379
-2.09930917073285,25.1706029904133,100,0.0464088728625263
0.188248323628629,27.6792352352655,71,0.152217158094899
0.400790616217614,27.7822775952739,89,0.118093486803844
-1.7743178766294,20.3230829122948,94,0.0142302261089275
0.484806969559134,27.640230890292,72,0.145245793984683
0.717463884587121,28.457525631079,74,0.130355729716648
-10.3282698287683,18.7776056862981,68,0.00507906857929209
-0.44429612255702,6.11532390703164,19,0.00210135648713774
5.53064479615554,8.69622650142664,47,0.00247839698032422
0.419673221800743,18.2826181099255,44,0.0102852044330392
-3.06613296763097,18.2480274737109,45,0.00932697091759074
5.27839067270499,18.2433279983999,43,0.00796390390656362
0.652855021636302,27.6873347143898,72,0.141694012086566
-2.16333737640842,18.7135917474942,48,0.0106314643791744
-0.237656656634278,28.8055323334878,71,0.134243022980774
0.391373082851938,27.270160450836,72,0.140774823601247
0.894716566859448,27.7726713430761,67,0.144731176074749
-1.14439748666578,6.54340387423787,10,0.00218502531341354
1.683500595394,21.0837538332372,91,0.0170156475293985
0.732441042727797,27.6814734364156,72,0.13947420841481
0.756977812540921,27.5558082163371,78,0.127108388270673
-2.13766202260291,18.1806491726957,48,0.00961683124868899
0.815059236550161,27.7084946105436,70,0.141070556460274
3.73247764555787,18.357311538695,61,0.00898820132697464
0.904345058143995,6.21502362997339,19,0.00211784835135397
5.02032968748748,20.7555558953936,59,0.0121218885243785
-0.280733820905035,27.224339543003,75,0.135401395254617
-1.03101505834328,8.69273420193134,28,0.00268676045392242
-1.37346956738824,18.4852757305352,42,0.0105378469562585
-0.906291452178866,7.68541327687811,33,0.00242667688410766
-0.325156563770744,19.1451987984106,62,0.0120226949410988
5.72691506162375,19.1218546021304,61,0.00860767876885235
0.737501659467321,27.8143383114623,72,0.139916731417806
4.71225727737372,18.3886222339868,52,0.00847193592539072
0.911531734642307,8.63501757445197,58,0.0026512585716047
-0.338448133038646,27.9931524456267,77,0.138256191092878
0.867232748342615,27.4139203400064,69,0.137870490826349
-0.18467279446185,27.4804422766145,76,0.139273676584699
-4.71370318493069,21.0143684394972,91,0.0126422905925944
3.62413692474409,25.4362788814545,100,0.0345831878347271
0.277768791357402,27.8205009149135,71,0.151979960834573
2.13269182233506,18.5199438746131,52,0.0102135543427896
-3.04625480972086,18.2692728637817,60,0.0092433042429583
-0.520644851868959,27.1692969928784,75,0.13070442611602
0.298389086270366,31.1039467855315,100,0.0487680915466449
7.43771550888246,24.5743725767719,100,0.0131537268112446
0.491243927952714,18.368273414682,45,0.0104429203143583
-0.0652181098032949,18.6260262751326,44,0.0110382162514047
1.9251589870096,18.8518433491904,47,0.0110526073626319
-3.24448252599432,18.7365206954458,56,0.00997127357417228
-0.971003655464626,26.5858205894118,100,0.0801890411583371
-0.46455024052318,23.0819825195695,100,0.030341583930735
0.685729050854776,27.7274986354814,88,0.11508658606462
0.215418151937594,27.4506877312941,96,0.108507478236055
2.66824401197926,18.686140196248,42,0.0103731314246309
3.33756970276646,18.824839380529,50,0.010132037570622
0.407971926769073,18.3084130037848,45,0.0103280323882598
3.51473333938591,18.8085781539109,59,0.0098907115782439
5.74411284129604,20.9438200519995,59,0.0114094723122616
-2.56222505354307,19.0057817134752,48,0.0110271742738166
5.61675171871049,19.6063707083685,58,0.00939922972810579
1.54332054105878,18.2445382429207,44,0.00998365581712809
-0.520644851868959,27.1692969928784,75,0.13070442611602
5.42309430748923,18.3779411032077,59,0.00792745871804698
-9.96252822815342,18.8134192968833,39,0.0053787746148955
-2.84781967938352,18.6520427544074,70,0.00991863616660151
2.60467736409379,18.8318326989165,35,0.0107856872974102
-3.28347769543638,18.2262854187563,48,0.00914791776464934
0.317526177231823,27.6302227137573,75,0.141739629147488
-0.0951722863386066,27.1073631402516,70,0.143299699646966
-11.7349438545913,18.259832407252,45,0.00424995058272231
-0.280733820905035,27.224339543003,75,0.135401395254617
0.132388109334139,27.0597349377542,75,0.132258859237314
0.277768791357402,27.8205009149135,71,0.151979960834573
-0.0372179049169877,18.8360086922163,44,0.0115264329825568
-0.468613291515522,27.5041843527366,77,0.134262715544149
4.62369594963143,18.7463027336747,59,0.00898782944952161
2.84030646130561,18.6622676474748,47,0.0101740417257472
4.28393825968064,18.1678489395357,59,0.00839525709706476
-0.0167732678031325,27.6351030956129,75,0.143834863966898
0.370375199530321,27.9090561744646,71,0.150591873183055
3.36517187621331,18.2510954545156,57,0.00906781267804414
3.906011938298,20.2750087328304,91,0.0120760156569901
-2.1013449294306,18.8308296813074,51,0.0108737156163996
0.847032005849261,27.4654569471328,73,0.132011387379978
5.72048720878425,18.3775298997123,42,0.00782682978055518
3.43520023114213,18.1637226811888,66,0.00882274881809702
5.64286367468552,20.3543612864687,60,0.0105156811383769
4.2838386054247,23.7903951172023,100,0.0223094687420812
0.62161085948257,28.4399088982738,68,0.144461435318879
-0.739303318325187,18.3831776859298,44,0.0104513789378699
-0.205947672241644,6.70502278340052,24,0.0022176451903547
8.71507864022502,22.7712840115522,100,0.00894764873509098
-0.114362688835563,26.931725215269,75,0.128566620049506
-1.05967164252603,6.4262354639419,20,0.00215757577829246
-0.675891169790447,6.87974831483668,27,0.00225082954435786
5.39526960723426,20.4322878332739,71,0.01083432992616
-1.65379273531264,23.5168129684685,100,0.0317359167640132
0.369069850840665,27.3228936793765,72,0.142307738442328
-14.9030680994554,18.8872176232761,84,0.00320579155462594
0.465457999812637,27.4644963599181,81,0.126983267529664
0.796493917986689,28.0704738829427,72,0.137378051743982
-1.63347191048019,27.2655103195047,100,0.0773747114414041
-5.21552118633155,18.2954270232091,40,0.008090133274749
-0.412849818581948,27.3399872212965,75,0.136181431608304
0.474406766108463,27.0036362690912,74,0.128840432715461
-4.25251240831727,18.6206643597756,47,0.0091681699628367
-0.245785507586308,28.013122128942,72,0.149600268413354
0.370375199530321,27.9090561744646,71,0.150591873183055
-3.00314410053277,18.4833870415481,54,0.00968392435486801
-4.38912049678417,18.5663259174022,33,0.00910243379080065
3.84793071034668,18.6503066265335,93,0.00910342329998241
5.44589894935347,20.2737126055363,63,0.0105899308458499
3.12664417836337,18.5122957433078,39,0.0098058843581332
-0.923746136774038,18.5384968524908,46,0.0107218176800153
0.594141040292198,28.0982737988487,75,0.136795338668652
-1.24926382899451,18.648359266988,50,0.0108296891997134
-1.29075202897647,18.2635422826107,42,0.0101129862407896
0.42754948949832,27.8017304160759,71,0.149536300230572
-0.280733820905035,27.224339543003,75,0.135401395254617
0.853377492812775,28.3430111362641,67,0.141615766162859
0.279601338376722,28.1772006163715,72,0.147514149818882
3.35162989402156,18.4181126362817,52,0.00938905448319991
-0.144091143662376,27.6384682892363,75,0.143443465912607
3.70100468515242,20.670239358709,89,0.0132963049145132
-4.64956184611536,18.4945740258866,45,0.00871431008970166
-1.1847718453491,18.6191514442768,42,0.0108789297532368
-0.300664362823427,28.549202541647,71,0.141548880287365
5.20322504988026,18.3413164663551,60,0.00802546227189581
-0.453432621221596,27.0573941759337,76,0.127343722502885
5.6222169474563,19.3491031870112,59,0.00901983896562035
-0.145798206600393,28.1945188945439,88,0.119999979372083
3.99436548539825,27.7267710437402,100,0.038648782312488
-1.87720965665106,18.3245848871759,41,0.0100530170042997
0.414739028565696,28.2034231197372,86,0.120625797197883
0.315264972298207,27.5940919539368,75,0.141407557519759
-3.96073901659753,18.1596373354659,45,0.00867984236793166
-0.725190166205323,18.6351486556533,54,0.0108757615635903
-1.05475586991613,8.49555096113828,73,0.00260184088099889
0.279601338376722,28.1772006163715,72,0.147514149818882
0.941050564483635,19.0077586311646,56,0.011659002157909
3.74611944553723,18.368997364159,52,0.00907136437167016
0.546110651616129,27.9640070533277,71,0.146847217059946
5.21549374741705,18.361458832533,51,0.00810056779273288
-0.503683892608782,8.90604215863682,44,0.00274082189155472
0.40784957577088,28.101700790056,75,0.140347632791746
-6.68082322833632,18.3716895922502,29,0.00722095249457931
5.93453521629143,19.6632695193927,63,0.00912189378487972
3.26934864089833,21.1680207496661,94,0.0152001631146414
0.349908286465063,27.5906401496188,82,0.128260086131402
6.27865944187111,25.6975136400273,100,0.0185170584851793
-0.635514988637288,27.4544081492617,100,0.100296999430476
1.09243616948042,6.1465999931838,17,0.00210384661270575
5.46802247109785,20.4471577198805,59,0.0109088343047096
2.82022752723122,18.510004816313,38,0.0099899896867556
0.460603207169656,28.6142092373582,88,0.111357032298752
0.405894778058245,28.013215905717,88,0.119205871426544
-0.12169385089114,27.088489048893,71,0.140588706509634
0.332976738196424,27.0076041686332,71,0.136229381081718
0.370375199530321,27.9090561744646,71,0.150591873183055
2.5809182921166,18.5529663551839,49,0.0100902045605649
-3.74557008479038,18.9814157841285,49,0.0101336118714382
0.349908286465063,27.5906401496188,82,0.128260086131402
-1.89537080691591,18.7529434063253,39,0.0109463778463475
-5.39004582408917,18.2101653282719,44,0.00784333691028773
-5.41648994895679,18.5111342591676,28,0.00830125166486596
4.08045412628875,18.509188570689,41,0.00916490381822896
5.86039103743921,6.44555660578436,54,0.00200289820699194
-4.06771618809798,18.9520146569591,45,0.00986957011510913
0.652855021636302,27.6873347143898,72,0.141694012086566
3.03132095056371,18.9612013227898,54,0.0105596041454679
-0.642716632040589,27.807726024125,83,0.123199015791738
-0.304022695520933,27.1381296156422,75,0.133043966374726
-12.0850938405666,16.7342764221893,100,0.00357449603532573
-0.450428637269641,18.195075874675,47,0.0100767309956517
0.0560102129808024,28.5106091024967,71,0.144387174891404
-0.345142371296541,27.1233861393683,70,0.141551926577367
6.79894552955948,24.3344123401772,100,0.014584670074102
0.394747753335139,6.125544434061,10,0.00210749442595864
1.97866846332809,18.4101090543651,49,0.0100969381929734
-1.21970321675161,8.04934467628968,12,0.00252461688161427
4.71081043935669,18.4486700797851,54,0.00854050260735537
-11.5189560248922,5.65836776440687,100,0.00157342870371878
-1.19018774798908,18.7181358778537,51,0.0109873420838664
-1.15510993824693,7.54415493838941,37,0.00238823620558034
-0.783351805558206,27.6347363151792,75,0.132171247613543
-5.10984770559006,18.5394606206599,28,0.00856846373893644
-1.05172625373974,18.6847184749545,45,0.0110234626327945
-3.95530444071685,18.6839309752351,53,0.00942788249814187
-0.286579605744531,28.2128683918882,77,0.136859315061393
4.76143945664301,18.2036596670957,54,0.00818055588528747
-1.47090692585354,18.5395817493314,42,0.0106204689689733
3.82171692086169,18.6223814668071,50,0.00944617555906023
0.408158817589343,18.347057016187,62,0.0102262882512499
-0.537830913271198,27.4342837819477,69,0.147654869725595
0.246374347925241,27.8404148012263,70,0.154747646220751
5.54589513419747,19.6303086832577,62,0.00946914878513771
5.2196264320739,18.6086799683867,51,0.00841359278671411
-1.42389814020498,18.2578741657533,40,0.0100854194896378
0.0452563755410567,18.9876528353225,44,0.0118985970102227
1.25794561311117,18.9424711652119,43,0.0115837554878796
2.73332311670176,18.3041253120904,46,0.00958677037852192
1.34248224233113,18.2901475168156,86,0.00971732413877933
4.95881206012867,19.0874604680403,57,0.00924471168722308
3.05020154095177,18.4044848726185,50,0.0095570437559282
2.22382379214401,18.9191012473598,52,0.0109880254629128
-5.91278721386607,18.2673754687137,40,0.00758125927860716
3.88820250147723,18.9817073405958,54,0.00997355575356821
4.83044301170799,18.8458298932568,54,0.00901617950312365
-0.625834338593631,8.56057887648171,52,0.00263846656228823
0.751088603440212,27.3406507017212,69,0.140131723144828
-0.338423513302048,18.9762599152825,46,0.011826156510384
1.1211641719954,18.3940181905589,41,0.0104290274999696
-1.91642865090186,18.4927681818563,41,0.0103689389259296
1.39365709277738,5.85224513286822,11,0.00204775802375038
-3.64206005245998,18.2059568512214,60,0.00881911890274213
-3.88519912767055,18.7976666474606,66,0.00954708100729968
-1.12500066561914,6.57939785948165,33,0.00218158058378002
0.516574318200501,28.6984091558623,71,0.133891960521999
5.53804653014632,18.518872638281,49,0.00808076184645321
-0.888038572655502,6.60416210743376,11,0.0021994806059217
0.887457628875463,24.0958513580037,100,0.0402144221302439
0.645165264788343,28.3082733728045,67,0.148874194416102
0.643962582804122,18.2663521159545,34,0.0103329824336007
0.711470134472671,27.9321139200071,76,0.133116558058735
-7.87370915773528,18.9106713824715,62,0.00670201314880847
-3.74621869901766,18.3063648394463,47,0.00901463602437161
-1.0071791531588,7.09705462769852,21,0.00229797033121443
-2.03991220211884,19.0411693157771,54,0.011330698300998
0.879817995343747,20.9636194034786,93,0.0170787801695493
-2.4305421196711,18.4529791582542,47,0.00999761784247071
-0.833726637963841,7.36318297686489,37,0.00235036259121071
-1.84923140023455,18.7692600744239,90,0.0104183294091192
0.225993281919829,27.8139873712229,70,0.154935340384519
0.279601338376722,28.1772006163715,72,0.147514149818882
4.97456783129595,18.3579200330602,41,0.00832914551633795
3.12263810278595,18.3464326206857,56,0.00936475605675715
-1.06250405543407,18.3473175975012,51,0.0102412265989655
-0.687707375773269,18.1669696491227,37,0.0100956322052691
3.76340354371595,26.5381493854737,100,0.038737522775499
-6.86896307426724,18.8196684261838,46,0.00743861689378121
-0.765775781335675,28.1609730770341,83,0.11937084392387
-0.450672878838339,5.8220000226812,22,0.00204485588565676
4.5522711882318,18.1653111266271,52,0.00827573919275921
5.94782645090341,20.4758203404902,56,0.0103710770985053
0.121032970774107,27.7563109469917,71,0.153217767800426
-0.998764229524593,6.74885272780675,11,0.0022285053831096
0.297265714879591,18.8703513275823,59,0.0113992110012342
0.338647270977084,27.6245331864187,89,0.118039922323661
0.178210787961944,27.9909012904341,71,0.15268172700465
-4.81840216120048,18.4304765459384,43,0.00852099266644108
2.85371392137766,18.7417502377136,64,0.010140990257661
-1.21129743156427,18.8258904194871,61,0.0110980761909315
0.462049466109361,5.99326670496543,22,0.00207674589434014
0.709054193408542,28.5216370927596,84,0.114417945189297
4.18967684774959,25.6593467166366,100,0.0309571574401493
-0.234336730404611,18.4114873170791,61,0.010378433026523
-2.75301883857605,18.4773882844915,34,0.0100063333945732
0.973826183082456,23.6537855426655,100,0.035023847164139
0.970458595159662,27.7636040872076,68,0.139814737651117
-3.9706536764998,19.032742739185,94,0.00961451749586636
-0.563520750539909,27.92000555234,96,0.107273007748235
5.50211120386166,18.4785878289623,62,0.00797395324954139
-5.35845669843962,18.157855485675,42,0.00781435304514121
-1.75701780015455,18.6241152291522,41,0.0107052045783032
3.12664417836337,18.5122957433078,39,0.0098058843581332
0.856672198291101,27.8720080512622,69,0.142146344172831
0.810244177978206,6.18198666386645,81,0.00208486511442144
1.6201785515639,24.4874326419805,100,0.0418260832838337
2.852651934633,21.0502959262213,93,0.0154493781178797
-5.79742945980696,19.1157395848786,52,0.0086062303228559
-2.25875348102847,27.0239012385198,100,0.0636776529763817
1.10272807827828,26.2860699437387,100,0.0735393798190531
5.23564836368241,18.2101066092201,50,0.00790780713769022
0.277768791357402,27.8205009149135,71,0.151979960834573
0.847032005849261,27.4654569471328,73,0.132011387379978
-1.89664906321455,18.6830404052575,55,0.0106114815734326
-2.39429280183626,18.4156678474259,44,0.00997482442259854
-1.74507194681822,18.160074714057,41,0.0097886817705951
-3.66235492066034,19.1221348821201,42,0.010538992789768
1.60202690235805,21.1839131331292,87,0.0176198638160888
0.315264972298207,27.5940919539368,75,0.141407557519759
5.21183067681154,25.7517677987822,100,0.0240882396095409
-0.971003655464626,26.5858205894118,100,0.0801890411583371
12.2832711737968,6.11489090983307,40,0.00159062608417147
0.674924582598559,28.4002473666128,66,0.148212775376113