-0.0840408246325443,28.2898072630896,67,0.158938635895884
1.35482286686306,18.2585562481635,42,0.0100859322661005
14.569906608076,8.84218469453847,53,0.00172352138006632
5.62697410260472,19.131586453543,62,0.00869787470487461
3.58113653315814,18.4036183313803,45,0.0092874599204185
-0.00853939009647342,27.1814490420165,77,0.13221946541292
1.89030772802344,20.9619323140023,93,0.0162933715858226
0.213313128654767,27.9277751070399,71,0.152650082308906
0.470560507018629,28.331106733309,71,0.144025686546326
-0.736908199667034,28.1854645384388,96,0.103635985685407
0.680290633213177,21.1067037348039,91,0.0178292851706836
0.547091912287349,28.3604052271812,75,0.134237562584936
-0.00196748947287662,28.5473869736488,86,0.118038566905301
5.49476905183246,18.8896535270974,60,0.00850464706949866
3.1057216989003,18.8398058723737,42,0.010402287188382
-0.957694952594946,27.6746357736365,76,0.125738727968915
-0.0238519679442807,20.8812547897332,94,0.0169429200632275
-0.662115463071467,27.3808354913169,76,0.130375014680711
-1.07427473259132,7.67932859271685,30,0.0024250393477343
0.398443135349682,27.3219226819634,75,0.136043028829216
0.0611525730920141,28.6371918990253,89,0.112273168730775
0.511807680685123,27.5807473462526,66,0.157688392830719
5.31115369012268,19.3258120083346,70,0.00917744302475143
5.61172924777587,20.6070976514945,67,0.0109033389229391
5.65241138373076,20.2407534548492,64,0.010275115710314
0.17676175842943,27.3003254017884,69,0.150446861461736
-0.324336050537449,27.2046088702608,76,0.132672575367181
0.707004139845,27.5964348295145,80,0.125455176695669
2.84329209761962,18.4128052572793,45,0.0097315883053196
-0.534924212687088,28.5406537073188,93,0.105834075217921
0.478910337890664,28.345736959123,84,0.120990722486583
-0.0398332015226833,27.052810760135,70,0.141720591053516
-0.424349522509318,8.89618490339681,37,0.0027438287922498
-0.781586076820057,28.3920106547555,72,0.133447229903727
-0.235318014646491,8.8321746181035,37,0.00272656722216067
-1.65136492261363,29.0084433552052,100,0.0717149631998208
0.768712514340917,28.239210651443,75,0.130979475860263
5.3769547855081,18.6353128660996,63,0.00824876316520048
5.43685292071423,21.1409563985173,60,0.0122515201272127
-0.560993117605164,27.0828231699752,75,0.127850434450259
0.78603336638883,27.8514352433763,71,0.14047026206684
0.741698509779219,27.9162045238817,71,0.141760760184799
0.0185533551089323,8.68820778372953,47,0.00267948284067982
8.96355380288655,23.1486975920788,100,0.00889250021249919
3.10835659684828,18.2072888937758,45,0.00923688796136975
0.885434379339832,27.5806305400932,72,0.133981206985763
0.949288597899963,28.1240808494699,69,0.137528192895284
-1.13372566104725,22.9577779941747,100,0.0283847123755785
3.65145720027439,31.1184485007093,100,0.0295477062864399
-0.383646999263387,27.1663081009726,75,0.132782560668748
2.56678531813825,20.4996792003948,88,0.0141880393983812
5.90572320273635,18.8608006185744,60,0.00814422449120208
0.838966838773404,28.1575483302303,70,0.139030497306388
0.0672647918754302,27.1420113362958,71,0.142393178653294
0.518633751651739,27.7593449430142,71,0.147484735443749
-0.629506542049752,7.19243993426601,32,0.002316442763013
-0.370401876711742,6.27475164354839,11,0.00213622951826647
0.278835726187339,28.1773860432843,89,0.1179426040522
-0.245194467444782,28.7752984190376,71,0.135196688464944
5.32323362457138,18.4836544178028,42,0.00823880349744458
5.59553767555713,20.9808222594178,60,0.0116889160785825
3.91086594422856,19.0596494315217,53,0.010104705534234
0.616357164218346,27.9518997012414,88,0.116426415459425
-0.933884667739017,6.42040322792934,15,0.00215990913093751
-0.224390963743447,27.0322156160607,79,0.12439937337248
-0.42157250824793,27.0989878670539,76,0.128870210381352
0.616469643069055,27.6278710414856,79,0.129274227525794
-0.0914438584560532,28.1263608304491,82,0.130214211911031
0.26968162166409,27.2449367854501,73,0.139790682440511
5.15687329955383,19.1118985138605,57,0.00911201214258634
-0.270259607550114,28.3162042190197,72,0.145326941940608
-1.22280434559565,8.05914857077379,36,0.00251181237883557
-0.366638364957988,27.0201494784284,74,0.130841246838471
-0.279166610007625,28.3575695383341,87,0.118690400263818
4.24885419142759,18.1733524159363,45,0.00852450635665891
-0.572487789100657,7.16704570283749,34,0.00231011840651029
-0.340233052729336,8.62303548227228,37,0.00266791092057363
0.537656449352083,27.0830379084078,75,0.12827639805553
5.73033620327676,20.2135262432062,58,0.0102014569609273
5.60507937392893,20.8254505016275,94,0.0109624855123166
0.130237393933993,28.3210911389178,91,0.114555033172764
-0.332137930027629,28.5300060697611,88,0.11417389780091
-1.05324147831587,6.70289483040101,37,0.00220562752945851
0.608660897662218,27.9982585582805,72,0.143056536365347
0.137178734372835,27.1197912352158,74,0.135693348483773
0.925862451268749,27.8698195669507,67,0.143713367381767
0.215600054727366,28.3259077785606,87,0.119568546896782
1.31126006616967,18.1826454846236,56,0.00981397486492294
-2.69825862775131,29.5750531254591,100,0.049704828893634
-0.900828331500335,21.1405075915351,90,0.017895272961743
0.0610545688535807,28.9784593898321,100,0.0896626472259737
-0.13701759653502,28.1711708984684,72,0.148901842669342
0.450960002823596,27.8149898736033,79,0.133217813843272
5.67626239294773,20.3310925713883,63,0.0104032279532396
-0.410301240661854,20.5352480931468,88,0.0157382558381103
0.881889016676587,27.7418585090803,90,0.108778664892723
2.82416114735067,21.0759061600026,87,0.0157189245169152
-0.179616774759338,27.6226387702414,77,0.139078369480163
0.291337333477358,27.1658536713288,75,0.13387895811569
5.6709209587304,20.833275238927,60,0.0113054935483912
2.96647649418411,22.9063596549292,100,0.0231204357411736
-0.408341084342856,28.0763304007387,77,0.136723938502525
4.31781415144737,18.5356712235028,52,0.00895169614199604
0.150732430432807,28.0882028464332,72,0.149807475119711
7.60249022632337,23.6919638701082,100,0.0117534107549805
1.7388939940411,20.6289709356165,92,0.0152834140738219
0.235383825008241,27.5444174830466,79,0.134106153754544
5.72786782656548,19.1522159181752,52,0.00871410361258714
5.56351696249664,18.9309786205956,42,0.00863533894633469
-0.461111846468704,28.3290750179924,72,0.14219698911622
0.0611525730920141,28.6371918990253,89,0.112273168730775
0.207857242916139,28.1313123898949,71,0.151122552976382
-0.217384554608121,27.7024333707928,77,0.139402466104486
-0.122353295596874,28.8377200123673,84,0.114031693024551
-0.520331470773068,27.6793538054565,76,0.136895802286979
11.2008117747367,20.4120391131112,100,0.00523972487781463
4.0014420313588,20.5552118840286,91,0.012595961833836
-0.929521216500186,8.68700374454211,42,0.00267654359060726
5.25956756506871,18.8114502531453,61,0.00857907605805355
0.804872658238212,27.2869899531701,69,0.137389469055961
0.684651321544166,18.166219137226,45,0.0100137092968895
6.29565870752579,24.1168983734087,100,0.0157340613803189
5.15776727952784,18.3875948081294,62,0.00810022005912311
3.77099538943682,8.83594522465195,48,0.00261860248944182
-0.514775842488513,20.7944667430902,72,0.01715112344974
0.661948040176088,27.4717849897107,69,0.145120038821619
5.41807345496927,19.0159852371263,60,0.00873400762543136
-0.932572362693044,27.8099023788459,91,0.10668571274037
-0.237812233182983,6.15308859066874,41,0.00209951178572793
0.443020146443458,28.1097886373497,75,0.139683427942845
-0.507232698899696,8.60926460626864,37,0.00266313940416916
5.42800989653302,18.8917877698036,53,0.00861213033660487
0.585238326735076,28.3920294372427,75,0.132886024296312
-0.391289736302374,27.3019973333349,96,0.105631698284936
0.508028152897249,27.1105683800829,74,0.131188934453679
0.988407417035612,27.7517921823799,73,0.130040244153548
-0.808771891356813,27.4104245691117,76,0.127253294757561
5.82757890375035,20.429812300488,60,0.0104071559905154
-3.88646567647198,21.8381909531801,100,0.0163178231071662
5.01236844920936,19.6647669146696,67,0.0100093147705907
0.633968873683148,27.4112894562977,92,0.10863226515683
5.52821451045748,20.2290866575814,63,0.0104153804136114
0.486290563934176,28.099910437167,72,0.145044326032212
-0.944852791923415,6.41952946674631,40,0.00214804075414719
5.4314093106933,18.2563703494033,57,0.00779091389583111
0.17746901868133,27.2536505100616,71,0.144892781142839
0.0672647918754302,27.1420113362958,71,0.142393178653294
-0.334281305665964,26.9966454390185,74,0.130543864860628
0.619192434365453,27.6764369646638,70,0.14665874999857
5.3326848984518,18.7973040653542,56,0.00854019201654864
0.880108176811923,28.143150332731,87,0.111668632515857
4.16310424055296,19.0495740909845,52,0.00989336747876092
0.365666573084148,28.0061123018193,75,0.14172935669909
-1.17568363019409,7.27448325255572,26,0.0023326465437414
0.276593224023561,28.5881584648493,85,0.117565172155536
0.0248836961615152,21.0863143346945,83,0.0181484318326851
5.95631572424715,19.560494697411,63,0.00896209934880509
0.0619691120746897,27.5755415415495,76,0.141114154117389
0.352994241373618,27.7849724501595,68,0.157942426477787
-0.176528111381752,28.8126919534312,83,0.115775164221162
5.67484135148637,20.5482008181622,64,0.0107543875499563
2.40017816284498,18.5537399513771,65,0.0100209102915149
5.29134218313569,20.5467456525281,92,0.0109169033298422
0.0493726720696466,27.3649666531434,77,0.136059592298561
4.35244202415407,18.6580192906908,54,0.00909554410355524
3.14296049355151,21.1251929049515,92,0.0153014054030702
-0.412849818581948,27.3399872212965,75,0.136181431608304
2.67385169810351,18.4699195831138,40,0.00997533076668051
0.354653965710488,28.2086340586281,70,0.150433285146071
0.774398498916768,27.2694965278339,72,0.132435450078426
0.139673911040896,26.885448734378,74,0.128655933352949
2.9092729139337,19.0128454900768,42,0.0108862638906995
2.42241066393938,18.5006817419896,62,0.00994144045000137
3.2681277068653,18.2333427205199,60,0.00906799319557504
2.40216657291817,21.0478430515236,94,0.0160016067089513
9.28936971064544,28.1117087638113,100,0.0103889491292256
1.09104271211073,8.7690405337955,44,0.00269539386761095
-0.0451177865388556,26.8773788036236,74,0.12868339948895
-0.837651912463214,27.5710294384389,74,0.131806479436926
-0.806581909173847,27.4973389700548,69,0.14116327931813
-0.151103136565843,27.0655760122688,74,0.134103865722332
3.76517904796835,18.4018475535608,44,0.00917788216699427
0.511497976822045,28.0752858294179,69,0.15132146890426
2.50915875685323,18.8110702528317,57,0.0105482591278741
0.147341605819378,27.2959616908801,74,0.140012012352442
0.597508924553815,27.9658789434566,70,0.14773302685469
6.80472969316516,23.9759335648444,100,0.0140250646044283
0.66230627247138,28.1150986731459,72,0.14076386398743
0.395813226291623,20.8853435346292,99,0.0167726866993722
0.233362203155467,27.9137757936163,82,0.130578673951849
0.645165264788343,28.3082733728045,67,0.148874194416102
3.15086708039411,18.1714243068458,54,0.00908088632459789
0.516327485353609,28.4101310471689,70,0.143495078722215
0.569254717712312,27.8201373954155,89,0.11591864353706
-0.128151146724806,27.3100231517044,75,0.138480025569352
0.383824886332122,28.122603971348,72,0.146699950446914
0.79101889642717,27.7102366528295,90,0.110503200780708
3.59526693896087,18.6731450815138,54,0.0096480437396992
0.79050132285194,28.1307198676169,76,0.129895197509186
-0.143874392413768,18.6889176280666,42,0.0112040901546645
4.96536626981497,18.6097156703387,42,0.00866953154369263
5.17987452499052,18.8119313817145,56,0.00867889738906742
1.017289659318,8.42255606183141,38,0.00260689476438589
5.42474332343402,19.1455157037536,59,0.00891324254564608
0.501090936994911,27.2866935038308,77,0.130171198447676
-0.354041459694465,28.7069881481426,77,0.125918537010839
0.27362965878725,27.2236100152775,71,0.143216415996727
4.30646701354032,8.71711289214859,48,0.00255921971423434
-0.289977164259237,28.7999088456429,72,0.132166847760985
5.8788772389594,19.0705105686503,51,0.00848615145699956
-0.253632896317746,27.2454310507559,96,0.105881224674054
4.26860950508205,18.2171992109086,61,0.00845812821960257
-0.86253604803206,7.17402463768231,41,0.00230571113927856
0.17676175842943,27.3003254017884,69,0.150446861461736
0.248575234466042,28.5918105486376,72,0.138955873895828
5.23246117966406,19.2693702540575,60,0.00925071067385121
-0.97681650879917,7.62303517434449,20,0.00241873103992333
-0.427938245380962,8.73469279724408,32,0.00270190836508329
0.66428435772155,28.5882664762332,70,0.135669611574964
0.711293764828081,27.4394261392573,67,0.147386929055144
-0.541400404107441,27.197810223502,77,0.127644672554864
0.128465924390956,27.8836389255186,89,0.120221129037287
1.94945848114536,18.5659610204238,59,0.010308904166437
0.690442221741571,28.2439026629769,69,0.14442217538326
5.55992072228527,20.0710257847707,60,0.0101521719332497
4.04219754628247,18.6788746679562,64,0.00926302311715978
-0.695029391657131,18.2085705004191,45,0.0100950945347299
1.7074139222889,5.86879422800517,35,0.00203672729814605
-0.558990520681925,27.1022255056078,74,0.130046334780245
0.0262739854680559,27.843746110229,72,0.151469338693176
5.58619862919392,18.8951153823827,51,0.00850355106038322
0.202493042930975,28.7547929500362,91,0.10706124717973
0.500005043004628,27.707094563674,72,0.145459527026148
-0.338829679520221,8.69348889411538,38,0.0026865952902854
0.547047809113092,27.833799983795,71,0.147036897145382
5.32823096220547,18.5227774109216,58,0.0081767586602918
0.257442188299035,27.7048018718856,87,0.12207406709427
0.249634905427477,27.2119144436463,75,0.135410792057214
0.386724788790581,27.1397640043567,67,0.147686980688759
0.67013279734058,28.4171888475229,84,0.116833870299868
-3.79867254727418,20.5195630314708,89,0.0127990053142185
0.545258207554039,27.593219159603,75,0.137548944192104
4.07909439560998,18.2595937063615,56,0.00867065496326015
6.57057978858297,24.570272915392,100,0.015648483681229
-0.167103772679132,28.4484728905171,87,0.118011211989253
0.542835260095889,28.5804033190692,72,0.134900479400876
-1.10750136569687,7.90952494639216,37,0.00247587063762921
2.71818218469223,20.5054724107284,92,0.0139671107581725
0.826700223074987,28.2038035989603,70,0.138854445577753
5.04206159611316,18.1851048946105,50,0.00800314404257277
-0.889320639399882,27.5301045147169,75,0.128179835689889
-1.2312144708331,6.46262340099278,38,0.00215462679217343
4.45281795900718,20.7737246004096,100,0.0123515647324064
-0.231848970566481,27.3044585029655,76,0.135781844658774
5.82242369005602,20.9335600997484,64,0.011211477797673
0.28409110947735,8.33675083885757,37,0.00259143073523076
-0.106854545672804,27.5276410421865,75,0.14237503396783
5.24410648583058,20.6761680186572,60,0.0116242775987448
-0.692736519245355,28.5752944475246,81,0.117775035997508
-7.59400216634012,25.4771088773654,100,0.0136511447445004
3.57254420089524,22.9872113580365,100,0.0215423523216212
0.569400141037143,27.7156393639805,72,0.143959153660033
4.07035465905913,18.8637225271047,58,0.00959471617603846
0.748584144600895,28.4383496850202,72,0.133432274151931
5.5851299820564,19.7911603372089,66,0.00963198179611038
-0.0127184576360215,8.71722918904988,37,0.00269473394262279
-1.58092006878287,20.7588532722714,88,0.015963183727687
0.992290082490559,18.5373340918304,66,0.010479897356913
5.58190286038894,18.7654152706397,51,0.00834079905119909
0.518633751651739,27.7593449430142,71,0.147484735443749
5.7175039699146,19.7395215165716,59,0.00948288915260539
5.76173635666815,19.5062673721634,58,0.00911542938213063
0.00715063661313092,5.98709041482898,11,0.00208125517555509
0.7919474368643,8.29853877356235,33,0.00258046340299269
-0.153548337307398,27.618591905954,75,0.143195634198798
-0.0193875216167208,27.6378167122062,76,0.141817982807232
0.59770500685968,28.3375337985905,84,0.119259004237988
0.181425743329658,27.4835918052159,71,0.149778397114809
0.328580995600615,27.5286298051982,75,0.140457483124886
3.71079383821081,18.2716811545675,50,0.00895812135864377
0.867374831264211,27.770866840048,72,0.135841775989042
-2.80658858625168,20.5235076620307,94,0.0138849947052019
8.75886295446693,26.1786594645622,100,0.0111794619389438
4.24256990238901,18.5838387450088,51,0.0090850868120694
0.596313362309601,18.8813422818132,69,0.011261885677213
5.74110933728938,18.9454288309364,62,0.00836449458931897
5.36106487164151,19.2946408458878,58,0.00918876400160116
-0.93634097770455,8.73678466586516,34,0.00269598195471553
0.529483448446011,28.4964647506421,70,0.141145878238978
0.573107642097264,27.6589877170419,74,0.13946307697772
0.825740457771635,27.7974358502962,76,0.130091154202406
0.257591618892079,27.8446969659893,71,0.152261997216377
0.673457612138983,27.5327143272845,72,0.139616611659768
4.25176928337988,18.1602244979378,51,0.00846108431817244
0.787831358005569,27.6800686383765,71,0.139772175774587
0.0719809605308598,28.5887511085407,86,0.117158304106096
4.53305392014768,18.8051065076593,56,0.00916900779433762
0.158628492649628,27.2564773124057,75,0.137138548137701
0.595250832657471,27.3168685926698,68,0.145950050333554
-0.875410903465204,5.92063588512596,13,0.00206459171364288
0.341441239222303,27.883740565597,88,0.120219926686147
5.95359415575137,18.8375859971385,60,0.00807933660433019
3.45084465095353,18.6340617566221,61,0.00961075769484267
4.55264284626973,18.982325441145,57,0.00941951261546833
4.13557947262341,18.2789267363801,63,0.00861143505211454
-2.68123400198643,22.8687500838842,100,0.023801063673543
1.42222932429473,18.3844951721255,42,0.0103164734641027
5.77586540852629,28.5505469545726,100,0.022864056350726
4.67951655587477,18.4857485359722,54,0.00861336563194607
3.45781075012542,20.7592507187521,92,0.0137939317142662
-1.09097457203084,7.57972997173073,34,0.00239905552545492
5.42017971642963,19.0433869753822,58,0.00878473663590548
-0.661793166185515,27.3128238029361,79,0.124382350398909
4.68871898697634,18.2243747472251,65,0.00817967969377346
-7.46913313473848,21.0001831099667,87,0.0088918138427364
5.36248593085346,18.6217616728277,59,0.00826957923698864
2.135448202954,6.28094350266804,41,0.00210406648503548
-0.1309700903706,27.2309632329721,76,0.134854553452922
0.993893591251774,27.7810604502093,71,0.133417785888317
-3.25962455783704,21.2424851704489,87,0.0156167007960259
0.236376367653372,27.3936667862763,75,0.139363216804838
0.849806020120699,27.3663444839568,70,0.135720426808297
4.90155907421408,18.3730491296478,52,0.00832279342668688
-0.10063335542048,28.4367892286789,72,0.144042637027433
2.31861470604914,18.5468362684134,42,0.0102843613557388
5.7690500533534,19.0283548088733,58,0.00847438061438901
0.624800781219626,28.5533093788916,91,0.10671969169986
-1.13021505734936,6.71263672076247,33,0.00220876530812485
-3.01500961549058,21.4987497282897,100,0.0168144908521714
5.36060034762848,19.6197001579473,59,0.00966557636028024
-1.13900772174471,7.85978630663425,40,0.00246150017565123
-0.653830269240989,27.277516421564,74,0.132113969217889
-0.479910103871062,27.591134904409,69,0.151417230928604
0.379983332169379,28.5773299725933,70,0.141679618125423
2.56028714004386,18.9559448339638,62,0.0107572829557742
0.168474279355111,18.2254866376923,41,0.0102169002246409
5.8429416019447,19.6153900077351,58,0.00918822587546467
5.66805617132181,18.732249327385,66,0.00813231246219183
4.93840800213085,18.1829042437577,53,0.00804770845717614
-5.35157277026832,28.5808713825458,100,0.0256028140667298
0.900298488150835,27.9243907344475,82,0.1188279864686
5.58884779920846,18.7127380523557,59,0.00821481882656695
0.172392526176102,27.3287458338693,68,0.153509267063512
5.66533677373756,19.8391253093133,58,0.0096944976053818
2.17229540245894,20.709110665487,91,0.0151807817064056
2.5266840502636,18.6295272352336,64,0.010110244681247
-0.727956892355547,28.2904703177514,88,0.112168441449803
0.00632400142022382,27.272631539659,76,0.136100808638527
2.47266890284748,18.8246847856933,69,0.0104630588902903
-0.558990520681925,27.1022255056078,74,0.130046334780245
5.83260397092988,19.165702611013,68,0.00852278302428042
5.78476974781287,18.4766243203045,59,0.00779207666992183
0.493221960793741,28.2862526692735,70,0.146522137137405
-0.815276469360089,21.2257565023376,97,0.0180847325376045
8.31092515722437,24.6077234111009,100,0.0111659708205611
0.511541387709445,28.6601379589202,94,0.103083013815744
-0.481274164932734,28.5503624358661,82,0.120372861206984
5.36635991754749,5.84963961041765,50,0.00192600599391709
-0.276853237488556,28.1037242662217,91,0.115788337366227
-1.10923554411125,25.7413866535212,100,0.0639993294093154
-0.000260827358628035,27.1788837440778,74,0.137615859246735
2.46687320831659,8.73127890937473,47,0.00264801256579067
0.194747772242104,27.4708980472004,77,0.137149937710199
5.71187251562253,19.2361786083499,60,0.00877823641161277
0.522102772705379,28.6687275253592,87,0.110795537612367
0.478396347665637,27.6464358371171,69,0.152068078613678
3.49628070059168,18.9993508261075,53,0.0103137458726603
0.128608035511856,27.4142204169032,71,0.148867946893292
3.23738921687241,23.6378414556873,100,0.026165168730749
0.575398309552438,28.0754040042663,69,0.149746525879497
-0.506736369576498,27.0778625651916,84,0.11532089648798
0.529317832700479,27.4093306696768,87,0.116476869469261
1.01993139526312,20.390852274954,88,0.0150267725751129
0.511413023098516,18.5262453433975,42,0.0108102744657622
5.40581798015522,18.6723168194857,61,0.00828774388371926
0.696731174167905,25.5294092566795,100,0.0631957490027774
1.80672296249454,20.8452919490002,95,0.0159011039360935
-0.694354847312511,28.528722731839,86,0.111998794722611
0.118544077656924,27.2780706135395,76,0.135959448366539
-0.0505428446610793,28.8160671952418,71,0.134857080760022
5.76635173648854,18.531877502406,54,0.00789959689327306
4.71139897073382,8.76334627062099,48,0.00254694229125781
-0.968709110474254,28.0448850759405,76,0.125421346546419
0.640770802776413,27.7555821837213,71,0.144451267850191
-0.255031396729958,27.074722317676,76,0.130129638689978
-0.660337462950276,30.3309210794819,100,0.0608406061215842
0.345157262296505,27.910482925297,70,0.153314063962642
3.03419026829418,22.0675700962205,100,0.0189847443261728
0.523369060090204,28.2161792247088,80,0.128190336399894
0.000955198281210379,28.4487100937798,71,0.146067988363775
0.833390982884759,27.3237551509321,76,0.125243819441088
0.741698509779219,27.9162045238817,71,0.141760760184799
0.214731713182931,28.3171323689323,87,0.119689504913371
5.73056423316341,19.0265515035035,56,0.00851846714503035
-0.610417831028288,28.3432938475645,77,0.129769180744469
0.213313128654767,27.9277751070399,71,0.152650082308906
0.482033676058186,27.276011250771,76,0.131998490863141
-0.642370344691475,6.32887019613883,47,0.00212921613851355
0.236635777535482,27.0787690328185,76,0.130390835205587
5.45889792790929,19.6301714969064,63,0.00954644956851865
4.06916933112457,20.6983767590632,90,0.0128591416670798
3.41996472102703,20.7466158351631,72,0.0142015245348053
0.424685170871075,27.7512685743148,77,0.137109318931964
5.95752715315322,19.2695145424652,56,0.00863477302696907
-0.260517493005803,28.1751139823834,82,0.12874339271679
0.245557074456665,27.8813039842643,74,0.145736457835971
0.21649693731921,27.1910349659233,71,0.14291757603965
-6.55971580615814,20.7882988001105,92,0.00969393262432955
-0.00650583079037548,27.3569758459424,71,0.148031468971608
1.17712466371004,20.8070541906506,94,0.0162738961648489
1.18035490906491,21.1283776641607,86,0.0177854877219855
0.853377492812775,28.3430111362641,67,0.141615766162859
-0.439031657150781,6.29411119756269,29,0.00213158436269132
5.90959990412033,19.2046535362725,60,0.00856451919719265
1.52967539221855,18.326971296666,49,0.0100966139299023
1.27314985478634,37.9671808654843,79,0.00888477921977786
0.672385856037666,27.5457072697675,87,0.115571383631102
-0.0360123418657748,28.6035727336291,72,0.139794425268756
1.72483075433222,19.0799652282745,57,0.0115357879080826
0.0490105486515832,28.1511695967617,90,0.117820828404585
-0.137969615452103,27.7204966899753,78,0.138124540291939
0.416261440973242,27.5688575994463,74,0.141647903304154
4.17183203253215,18.2520587734202,41,0.00871524519415774
3.67454759329009,18.4125611000728,57,0.00914237627970056
-0.37720781039205,27.254777983473,76,0.133136703468008
0.189225326084649,28.4496501173966,73,0.141182363404493
-0.735944516776779,28.3683665217661,80,0.121954254346227
0.763633425872451,27.9771294135,89,0.112390270378999
5.51629494375212,20.3596860421809,63,0.0106492010622091
7.57027380260044,21.9657027095859,100,0.00980706027240287
5.28863426274101,18.1537882423654,62,0.0077336416485574
4.05346826194795,18.1667547351672,39,0.00867945802135309
5.73862749105303,20.1595755976303,67,0.0100151815415434
-1.88579881353615,18.8785488157075,42,0.0111924551545225
0.74106512820695,25.2504498095892,100,0.0579160167878156
0.413762876640015,28.2609544090693,72,0.144259037391662
0.308006773257656,27.0723268687138,71,0.138537822334186
4.65127560407205,21.1308494706915,70,0.0133630055614848
-0.2947882786595,27.0495587446484,96,0.102598620906953
0.0262739854680559,27.843746110229,72,0.151469338693176
3.0582863974841,18.5107652426893,51,0.00972900682768322
1.29705296862143,8.89001289411382,43,0.00272635089816816
0.366940754529373,27.8331286531473,70,0.152988581607577
0.195908547764273,28.0553485811147,70,0.154391036702362
4.5453329849309,18.5497517352995,49,0.00883667110178304
4.54694510783862,18.1579627194647,51,0.00827614397268131
5.40725214845951,20.7513582931191,59,0.011548713237538
0.151826383244742,28.7424650625475,86,0.113628405296747
7.85804164209711,25.7604586545797,100,0.0131469822417827
0.123622673070671,27.8629976230783,71,0.15346165756454
0.545995952765956,27.8858319231816,70,0.149260045895244
-0.474806900185211,8.28018213461873,37,0.00257569913688065
5.45489661192186,18.2219099675765,52,0.00776557296110164
5.30403485813422,20.5328379591675,63,0.0112310083545908
3.11774722996923,18.5266355781207,52,0.0097128768398893
1.89391325402229,18.7407130893125,61,0.0106641822053855
0.274810782076592,28.4333935777731,84,0.121893460799487
0.30377300795208,27.2851771727473,76,0.134677930232507
5.41109339039863,19.2889647039897,60,0.00911869934585788
-0.729332549145479,28.3005510724078,72,0.136501554202961
-0.814054588312633,27.9936053067582,98,0.101202215833616
0.266580075060196,27.627439469401,76,0.140316893106929
0.501090936994911,27.2866935038308,77,0.130171198447676
0.359426226643016,27.3228160930324,78,0.131232167254907
5.3936259282036,20.2861095671795,58,0.0107325228616553
0.216574638318429,27.5939440045921,69,0.15577902510321
2.86472497622898,18.2837256441827,58,0.00937766538050831
-0.793749563383589,7.88685137156964,38,0.00247336758168958
-0.485487562118082,26.9917785238671,74,0.128325984040721
5.58892901216886,20.4351708387691,63,0.0106856366414657
5.76490112891711,20.7246441553671,65,0.0109210812949905
-0.998509536061677,8.19005808976637,21,0.00255785057281051
4.07028165176556,18.770160674029,58,0.00944145852249289
0.150780083350208,27.4965920477703,71,0.150224593218745
0.985899602463408,20.4312044116758,89,0.0151564837590379
-5.37548782956361,20.7063230081,94,0.0110632140480151
0.0257818682874481,27.0413692093401,71,0.139395244765122
0.335381869331353,27.2285259970442,71,0.142576010654404
0.700000910778109,28.2998408386116,70,0.14117562636328
1.07893001920265,18.4785734445812,45,0.0105708868676128
5.47007294685256,18.4720498360488,67,0.00795674646865083
0.561285007207263,28.2315714346683,71,0.143818893236817
0.845790116015043,27.5792466274095,71,0.13706368056944
-0.65993753672448,18.2039200417147,59,0.00995022257814418
0.503510048615169,27.5364655460859,72,0.143678200969436
0.511599858408982,27.3303415837954,71,0.141953043117499
0.657536908508872,28.2195827540168,75,0.134016507402301
0.12078268363158,28.7205857572204,90,0.109241015657178
0.845790116015043,27.5792466274095,71,0.13706368056944
0.263950460136649,27.9034293692835,71,0.152150260215882
2.25675525370132,18.8343644281241,49,0.0108250471767501
0.608810944949947,28.1097149633574,79,0.129309352457276
8.05329689512306,26.1649528509521,100,0.0128809597655404
3.48925469867861,18.5635396258552,64,0.00944081560808196
0.189225326084649,28.4496501173966,73,0.141182363404493
4.94087274411485,18.204767188709,54,0.00806707881144797
0.397607822707247,27.8233211713511,76,0.139654476736033
0.0611525730920141,28.6371918990253,89,0.112273168730775
0.122463730029656,27.720270287824,79,0.136316508727307
4.99487657729736,18.986409978224,56,0.00907339540431083
-0.461111846468704,28.3290750179924,72,0.14219698911622
0.565955997750163,27.9618351845706,89,0.115855705592152
-0.749946724716719,8.42213988785123,32,0.00261409294698426
4.59868581204054,27.006592852884,100,0.0314669986905998
-0.189190656454527,28.496246359818,89,0.114416062709414
4.90531502012319,19.0800970568639,59,0.00926170226101791
-0.604339388248888,27.7612635485521,94,0.108977328493307
2.03185415262143,6.01176989938185,41,0.00205537767219244
0.944349088624596,28.046767431284,74,0.129412694603439
3.53251758963984,20.4021804176682,90,0.0128176884759674
-1.6854355774699,21.1325144351633,85,0.0173860480971521
0.327386309385702,27.3616073217653,75,0.137782602323791
-0.523663283827618,27.3900238990991,69,0.147118020115561
0.14549852527931,27.5956578064622,79,0.135268548869596
0.430709112617647,27.8370411285519,82,0.128417581596705
4.63177180739982,25.5874521948902,100,0.0273789563015902
-1.17085221929365,7.78074595893018,34,0.00244559788590264
4.66217555426806,21.2383211834424,94,0.0131752516804133
0.206657900589667,28.4246635894994,88,0.11680662268687
4.87044878277509,8.74388843634041,48,0.00253231717872201
0.283938363555206,27.6624008050594,75,0.142426681955434
5.45353996561383,26.1919356989661,100,0.0235689738982564
5.41715396252942,19.3737416847495,97,0.00892983813364705
5.71395364317578,27.1925888738438,100,0.0232572446024968
-0.842841358444309,6.3619540192487,27,0.00214348259488592
4.39809017981683,8.81872863228911,48,0.00257957156104053
0.14391691459165,28.3681448008179,72,0.145376964788774
5.59339326320442,18.6831809720831,60,0.00816835049711504
0.919998262147712,28.1366314630446,76,0.126211000920489
5.58887042494269,21.0401508160225,66,0.0117283242866256
4.40830933492136,26.1886993731929,100,0.0311220406091677
2.98442163396034,21.1806036360125,90,0.015763268980564
-3.47886832728132,26.9997041822317,100,0.0439642348399813
4.94792947003838,21.1325038521825,94,0.0124908131462979
0.230717017999742,27.7076135400176,71,0.152025817097669
0.0929480907189592,28.7789269844743,82,0.118318039957328
4.53867914067322,20.8616123902622,91,0.0125635502629912
-1.00907702732003,6.00542703773574,26,0.0020738471620155
2.23805543294703,26.4657666625434,100,0.0593217408937776
5.58424106015661,19.1603143475339,59,0.00879578788862753
5.11931108645759,21.2303849996082,89,0.0125036686097469
-0.889250947608676,8.12694384664658,33,0.00253527811282978
0.623844732594118,27.8275449024854,71,0.14511013685201
4.13062403742555,30.1427124217678,100,0.0310866100369909
0.608660897662218,27.9982585582805,72,0.143056536365347
-0.334168625900378,28.3176112665151,82,0.126247526375205
5.47431384412075,18.4571029493928,59,0.00798678500451152
2.56082646688549,18.387259723901,68,0.00961399298089574
0.399415953856209,27.858530499231,88,0.119609492861745
0.0303580787804647,27.2583610138631,75,0.137639057983887
0.518633751651739,27.7593449430142,71,0.147484735443749
0.439802044577233,27.0470661045002,74,0.130594367837934
-0.0451177865388556,26.8773788036236,74,0.12868339948895
5.61196537251654,21.0669265264627,61,0.0118122615913308
1.58098409691313,18.4614991162184,59,0.0102400723880437
7.61987983896415,6.38628449869669,58,0.00190136805198818
-0.0725658444061561,20.6016378029227,91,0.0159469214302743
0.0866702059054651,28.2480058947402,89,0.118229822480361
-0.00558352884438962,28.0073154309326,72,0.151003331522943
-0.535806860727816,7.83019028928662,34,0.00246408065533273
13.0399011590633,6.17997916969229,56,0.00154651074739443
-1.21287511113585,7.1490702583296,32,0.00230114714208987
1.26600728993556,22.0971954391557,100,0.0223573924028388
-0.100343072089636,28.4023283652231,80,0.129805228247569
0.741993074345888,27.8940712556643,81,0.124183001704344
0.924374711611177,28.1684896874231,72,0.132452548884765
0.393292135993552,27.7893965961622,75,0.141626217415097
0.69264671294305,27.6040475161879,75,0.134283969643978
0.032661203190949,21.0517344043909,93,0.017676784276901
-1.06150116205744,18.2552209661128,40,0.0101725979704567
1.17364946153212,18.4496547816021,52,0.010410560271964
0.432243557618925,28.4813296486706,79,0.127026857597208
-1.13148362062611,8.46353807879417,29,0.00262224973872015
0.885434379339832,27.5806305400932,72,0.133981206985763
-0.0558847794206062,27.2134150283711,78,0.131168273192484
-0.493398819954632,28.5164318528669,89,0.111436452091148
5.5133692517504,18.2598926002286,59,0.00772892908550559
-0.766291763589249,27.2551375092466,75,0.127298402011654
4.12492169157019,18.3908253052734,58,0.00881798032568755
4.48308309680469,18.2833132726626,60,0.00842207156412918
5.94872213154565,20.2583854513694,61,0.00998087387189884
-0.389329605362529,27.9724134769786,77,0.137647423326216
2.04890214348629,8.45441622643087,39,0.00259320198506694
6.63113472160088,23.3926210409815,100,0.013542526511809
0.257407517609713,27.0474892851046,65,0.150842258983468
0.871491089971161,27.8800537676589,75,0.130533803780929
-0.0193320583577843,28.1455276918026,72,0.149651410269522
0.813730365516187,28.0831640790928,75,0.131364455360393
-4.51928322963089,21.1986554481533,89,0.0134021493852941
0.519115987865254,27.1244386896217,67,0.144647646608998
-0.28574320541494,27.8262004255622,76,0.141165642605619
-0.548869307071319,27.5786110121801,76,0.135462179948207
5.68524196852264,18.7330083287383,52,0.00821372019452567
-2.73786427662791,18.1559422945063,44,0.00934670093348237
0.464084748326607,27.3953518775042,81,0.126049004327567
4.31773227577955,18.6362503099699,61,0.00902982083181325
5.13699544030885,20.0846122522515,60,0.0106648925619041
5.3898646532622,19.1087075241151,65,0.00884498697498534
-0.0561032112048425,18.2488417228675,42,0.0102561718223666
1.46888837558221,21.1769213954453,89,0.017655775096288
5.8748085286889,19.9227547994185,60,0.0095754389054831
5.58334989891484,20.0837706644008,58,0.0101663458805168
0.608139221736652,20.7613541077268,89,0.0165073289128479
-0.783117698569017,27.2676525402001,84,0.114069121573556
5.56123932008799,19.5866446306837,58,0.00942531577221403
5.28747159721625,18.3811736683861,61,0.00801089910871259
5.56868044123161,20.4875994674093,65,0.0107779858420803
-1.96885818680963,22.3113746180034,100,0.0224324082855292
2.92499314219407,23.9930494125111,100,0.029922694280292
1.94893840424313,21.2385335389445,66,0.0181292283912539
-1.23025558921662,8.22954503901254,36,0.00255481476874425
2.48800361867504,18.5997736036832,53,0.0101868426621569
5.62867560502833,20.9455970098167,58,0.011599710458728
3.68702955184169,6.60204128260359,41,0.00212517927918015
2.95320499188119,20.9362509245364,91,0.0149974876191079
-0.398516912317554,28.4102840632366,72,0.14161758897794
4.56760855184079,18.5991266141705,57,0.00882996642996482
0.386292269962837,23.233084304484,100,0.0317762872110346
5.52594836325828,19.012044359415,52,0.00869979072254952
0.569254717712312,27.8201373954155,89,0.11591864353706
3.94869822134302,20.9754174256708,67,0.0141627589272224
0.925862451268749,27.8698195669507,67,0.143713367381767
0.763101273032824,28.0656675710208,72,0.138406083892284
5.18139789404375,20.1108847663921,65,0.0106026746184752
5.92553585684365,18.7628109888511,52,0.00806488630214516
2.12367586078808,18.713340573101,50,0.0106275588954173
0.410889000794543,27.3527088952349,78,0.131088583929552
0.473795762275539,28.2408481575806,84,0.122405193537001
0.959055917280368,18.4183493006333,41,0.010516475367564
0.272571957770788,27.9809839274584,70,0.154091868831818
2.36097268271493,8.87439315542887,48,0.00268979615898261
-0.901387500886824,27.8617817791532,77,0.126366340401111
5.62936179794522,26.8938557675943,100,0.0235147284495718
-0.411748321491787,5.81593637678562,10,0.00204890422329156
-2.01954035896238,28.0518018259088,100,0.0713477513075721
0.821651554603318,27.7134243234133,66,0.14929920080439
2.06193526732866,18.9707653506262,54,0.011161581161911
3.00527506244973,18.7817651148718,62,0.01014512959215
3.93713956918343,23.7223553257282,100,0.0235114881419146
4.26255628062823,18.8381535120533,54,0.00944408353556898
0.663506624707345,27.8558591789424,74,0.13809732368672
1.98051186561972,18.3229254992009,52,0.00990071661844875
-0.877912903907292,8.80948459854461,41,0.00271193093953038
-7.35803462113386,27.9073046274564,100,0.0156143149714174
-0.686193373545104,28.522985098238,83,0.116147073553815
0.706216412360615,28.437711426147,72,0.13455209153033
7.84615534276021,21.1507377959459,100,0.00858413776253781
5.26631140536839,18.3225087323064,59,0.00796670877484024
0.711997174041837,27.8191623313097,72,0.140652710029825
-0.985163509874588,8.61153557396156,34,0.00266083054757094
5.95052837785449,18.7619603673865,57,0.00801239674057633
-0.639186244637605,7.60463728326905,29,0.00241231627852244
1.78146985687433,20.8955006623472,88,0.0162876794361624
0.489373922457584,28.2931056170075,75,0.136481536360425
-0.389329605362529,27.9724134769786,77,0.137647423326216
-0.527204692107249,27.4274345558681,74,0.13760593768817
2.54875124749882,18.4441020735816,49,0.00990299621454747
-0.137393157022351,18.3890592698616,44,0.0105216636291147
0.383824886332122,28.122603971348,72,0.146699950446914
0.282182871335779,28.4701699080109,90,0.112976121281089
0.410355866706941,20.9975105369979,93,0.0173973205368904
4.71175501620554,16.6111511372384,100,0.00630254592790227
0.147822133127339,28.4551635862173,87,0.117985724386161
0.430479839139461,27.8572672383448,79,0.133576823560169
-0.710656352582383,28.4954856540086,75,0.128068761549417
5.54502216523113,20.1880986734,66,0.0102959781185539
-0.862952664705051,7.51041522466303,37,0.00238378122718058
-0.530605319236821,29.8311501816001,100,0.071108052697807
1.70277876512609,18.7363670790543,52,0.0108385006678452
0.33119101159637,27.1460039653732,82,0.121621299429728
0.944349088624596,28.046767431284,74,0.129412694603439
1.55763677413164,21.1595160284048,94,0.0173489789759261
-0.695358114130773,5.98193797322842,13,0.0020773255585841
3.10267336289601,18.3542356110776,58,0.00937113729337731
7.1773697255226,25.3434340376433,100,0.0147590667188107
1.16153778259577,19.0045843757573,69,0.0114167705671011
5.36973207599758,19.4118228871003,65,0.00929129698998859
-0.539673093975951,7.5309623189238,20,0.0024008896822714
-0.53231380065773,28.5766604394866,91,0.107570945827059
-0.948992977947303,27.9120433875573,90,0.107478700205265
5.10169527331797,20.8681741288344,60,0.0122202770012848
3.27541333628477,22.8361772606038,100,0.0217957304259014
-1.08583645395301,28.8444181462034,100,0.0830103648221867
-0.156218549435214,28.0905436728635,85,0.125344912303646
-0.443416482673906,6.18822630254527,11,0.00211901688432998
5.23272821252572,19.2128198752102,60,0.00916779002501707
-0.0809761015102791,8.42088032665551,37,0.00261414004359387
-2.32138528107066,23.9629333076757,100,0.0328013053222222
0.812318392475823,27.5865719482009,72,0.13630846775231
0.528930105902791,27.4289598785507,75,0.135728866511094
4.03738420316668,19.0058512403777,57,0.00986978728759065
-0.987467682020744,27.7752573806159,91,0.105446471540765
-2.6932581288574,18.7099354905173,41,0.01041656511132
0.991864660930341,27.8084291408904,75,0.126781533402716
0.333656344922329,28.6955725408589,83,0.117530296995954
0.149824034915687,29.0692328422311,100,0.0878525860639849
-0.237541944862104,28.5385723414908,77,0.131298883011431
4.80293945521536,18.7556532930291,49,0.00894607542792779
-0.0551608807658107,28.5742909862088,71,0.142602689126477
-0.248649029457731,27.6151387254358,69,0.155681032299512
0.511030496217156,28.4260892366726,84,0.119314491192151
-0.812395232758816,5.93031021821703,11,0.00206771142430744
-0.493973870429067,8.54406778916085,34,0.0026476180184755
3.90467737816138,18.862875475065,54,0.00975438524118958
-0.0940524953611808,27.236352023135,76,0.13512919027996
-1.03422174677476,6.90599143573592,34,0.00224975482552725
0.760072741447706,27.6646506836522,78,0.127920484398652
4.17559458880246,28.358535007724,100,0.036253035979388
5.72890290095546,19.6932732557604,60,0.00939523440819491
4.65766122688574,23.7910573063201,100,0.02076361916322
2.7283995904635,18.8655392220232,52,0.0105856264414182
0.116380378676663,27.8965162850411,72,0.151153548527784
0.633802862637772,27.6862560409552,75,0.136363810471052
0.267212962637331,27.6887354667327,68,0.158675777819515
0.223633596770874,27.5098697178014,71,0.149824628471067
5.29359132352119,19.5416418206359,61,0.00959336117384815
0.825874615813854,28.0157501676827,78,0.126471118633266
-0.567938263868577,28.4886650030349,72,0.1366638994652
-0.489340915180759,7.79313593683527,33,0.00245598213833359
6.18469374286519,25.0732310718632,100,0.0178812804061955
3.32195457896219,18.6466492962049,42,0.00989658211277883
5.25824749758297,18.2427393242357,54,0.00790728609624628
3.15620390579035,18.2062781361902,42,0.00923524507525033
-0.407767860478444,27.0594029904521,77,0.126418887414889
0.501090936994911,27.2866935038308,77,0.130171198447676
2.53579927671362,24.1937541021746,100,0.033577667192986
5.66391594584224,18.3699898594619,65,0.00771815206953503
5.74531636082056,18.614904041629,50,0.00803830669175087
2.88183582480324,21.0386603421951,90,0.0154431775694412
-0.112412736839581,8.35522609730715,33,0.00259944130528755
10.2924957247447,26.5064171419244,100,0.0084981982571716
-0.121194808220667,28.2460597939972,87,0.121010031235283
3.52257705932074,18.5036342438056,54,0.00940961663463346
0.619799205816535,27.2743631450327,70,0.140260903121907
0.354811605258661,27.6152422247984,70,0.151804866644614
-0.706942247329634,7.09290333846335,21,0.00229977895133188
-0.599512495520192,6.53676374007766,29,0.00217915475344266
3.02881771526653,8.68840732007918,48,0.00261456988307854
0.11713090473338,27.5815571790537,68,0.158908242994897
-0.965237788661218,27.6658101150076,69,0.137535025221935
0.257809745556769,27.3622815329506,69,0.151139108617423
5.5106859766408,19.8314496088215,58,0.00984774155249685
0.631276347953793,28.1009582299658,75,0.135925400069311
-0.000260827358628035,27.1788837440778,74,0.137615859246735
3.14030708749721,18.2276183500844,61,0.009118337632817
4.82493868752155,18.9301460038543,52,0.00916209040880624
5.21201992737118,25.3303023336301,100,0.0230034311535923
0.650122824131973,27.9177900626288,69,0.148657811527396
5.93685235688148,20.3564289849393,61,0.0101451424322579
1.8503521775005,18.5492804223969,42,0.0105000859820305
5.78494629606517,20.4320109342908,67,0.0103885326657669
0.239196490295455,27.9484695092628,75,0.143558020012714
-5.54363508091506,18.1875182798289,41,0.00773313269823621
-0.176528111381752,28.8126919534312,83,0.115775164221162
0.14391691459165,28.3681448008179,72,0.145376964788774
4.4145093356874,18.7359383646313,52,0.00918611522495192
-3.44507691501903,20.5254013117798,94,0.013160661596258
0.762788489790643,28.4822456425732,72,0.132126585007057
-0.33089448862595,28.4455660823694,83,0.122670290464637
-0.0119196951424929,27.2992233832966,69,0.151125888115833
-0.145781458125695,20.2911335349391,90,0.0148745997075809
-0.381269952721115,27.2810180710577,75,0.135445940708588
0.311753711996889,27.528985915056,71,0.149062834460312
-0.167993134085509,27.0330310895661,71,0.138597359608352
2.82061486551438,18.1567602516624,43,0.00931673722341932
-0.92714880738443,28.1326711487129,84,0.114491378982279
5.5692419266082,23.3095963542166,100,0.0162245801441948
-0.124784604020988,27.5849415165498,88,0.120584937676744
4.45969377652434,20.724664822407,91,0.0123730963723645
0.679056030779743,28.0881650723519,84,0.120284631837204
0.658689883395042,27.8695229717806,89,0.114482741826866
0.828158272165152,28.143135849591,76,0.128761215123186
0.881439568754264,28.2229878946646,86,0.1122485591689
0.0687095646180884,27.6470724849038,97,0.109270666346004
-3.12987694395043,18.5267616128603,42,0.00980108336133276
0.346076195057874,28.503642104592,71,0.142177642465615
0.492703885999226,27.511133086265,87,0.118114946862521
0.346159999130422,26.9820429711376,75,0.128307005574266
-3.82658546571299,21.0793037999852,93,0.0141166457901514
2.52804069812419,18.2296247971893,51,0.00950932641384463
-0.821802448483066,27.5416700938777,75,0.130234083760204
-6.92388078725502,21.0914532705344,90,0.00964589159415414
-9.17413888155392,25.0603577536998,100,0.00981250830072505
-0.39126806664164,27.7715071054774,76,0.13962303590376
-1.52751948165507,18.4257995060882,51,0.0102709715402369
0.896668030475307,27.9204703145605,70,0.138724687229623
5.56296934353545,20.3966350078527,64,0.0106419328528
-0.193550009538173,27.0924177629284,76,0.131069454246459
5.23017313772476,24.2820124566387,100,0.0199734151866211
0.684700414516867,27.5716790876835,80,0.125728317058109
0.568302756060789,27.1600269566008,67,0.144599320787513
-0.0017162082956842,27.9592712598006,84,0.128030909244418
9.15071980430745,24.8494166204341,100,0.00973636575121256
-1.16317299248549,6.91617016848699,36,0.00224946704737125
0.407567933767909,27.5430835592132,74,0.141476084795022
4.60682383004298,21.230230593615,67,0.0137373855036871
4.3860601976474,20.465637514309,88,0.0119569457959375
0.525019447076001,27.5453377967746,72,0.143339645769113
-1.08287550845157,8.25249868929395,37,0.00256228801207396
-0.987973690898178,6.58133393506028,35,0.00218239919062882
-0.722007498694914,7.55182241182722,34,0.00239638874579725
-0.302224932451826,27.2643849751719,85,0.119780981424044
0.687584522520719,27.8421036654082,74,0.137473323922611
5.88210829621478,19.0316289159658,51,0.00843439460073926
1.58635668251518,18.3416474911762,70,0.00989706181766574
5.56243290563035,18.9913622099615,50,0.00865678572052511
-0.287571811593659,28.5842252727192,81,0.123359147786463
-2.8076407587428,20.5605514177377,89,0.0140877137881814
-0.847672677561078,8.58708138495831,37,0.00265383924069495
3.30294630357123,18.2708244658883,42,0.00926042169551631
0.60857531486845,27.9513681636091,76,0.135510760629617
-0.584464308057248,27.3784753453371,76,0.132001767372394
0.936228509616866,18.190400330501,42,0.0100499904921164
-0.520203926562288,27.4217279454776,85,0.119548881203045
5.43267159989435,18.2702022640269,45,0.00788004403109562
10.6350898485812,23.2882048471749,100,0.00694836506893018
1.77959071852555,22.9163705586665,100,0.0266527113284376
0.794949269115959,27.3259218872369,87,0.110870825929009
-0.106854545672804,27.5276410421865,75,0.14237503396783
-2.50964574035921,22.918937878205,100,0.0246150028452984
5.56645657829982,19.6577999841992,67,0.00944440480524711
-6.1365561242458,25.7672922244065,100,0.0192519016767368
0.813978722396958,27.8984671315833,89,0.111545549599989
5.86424897158058,20.2248376812731,64,0.00999950086547876
-0.4638706663214,28.3553719900609,84,0.12106029530742
-0.315880908043434,26.9759722339293,71,0.135419291363761
5.11578295250473,25.3702712396166,100,0.023653445170985
-0.217975193925352,28.2555888784974,77,0.136910764729647
3.45373058097489,23.811427125699,100,0.02615732777068
1.24183928960101,20.7750696569019,89,0.0162451286357007
0.569563023942016,27.7457580659726,72,0.144118444097481
0.436306181560092,21.0658646488967,93,0.0176777041840444
5.46902869875216,20.1333949517662,58,0.0103808959977034
-0.287694448200589,28.8177434019618,72,0.131601891681161
3.49804788053649,18.3481939020473,44,0.00925623347051053
0.140668949599995,27.2951668586285,67,0.155250050127552
2.90827691785474,18.1595101576,63,0.00910891540725632
-0.270275179830829,24.6907355229443,100,0.0499347841322584
-2.37442692799803,28.0005366229286,100,0.0642743415354589
-1.19607367162837,8.30599049280504,34,0.00257639520870874
-0.605876933668285,27.3664260955702,75,0.133103978119236
3.98853702148214,18.9569298416344,61,0.00978511003680816
0.540869045222062,27.9417907028631,78,0.133332828034931
0.621889414215234,28.1633606599005,68,0.149722431839173
-1.11208726055069,31.96038659278,100,0.0357899871134119
5.70317524367502,18.4370209950736,50,0.00785897652793345
5.12479385595564,18.6264576640933,63,0.0084213619335772
5.93177574288034,20.0154144131558,63,0.00962057639211874
4.3967828702513,18.1826726309162,53,0.0083887491429545
4.45180803371059,28.8357069979558,100,0.0326060138441513
4.29205232165464,18.7234218836649,54,0.00924023502339419
-0.52350537853417,25.927389399437,100,0.0718658255861135
6.36408039423437,29.4041720602397,100,0.0189454321875169
0.591181087530923,27.2966136013202,69,0.143486572151837
0.822273628869009,27.5248901059391,82,0.119185784903136
0.359426226643016,27.3228160930324,78,0.131232167254907
0.132544972230278,27.7415658391008,71,0.153071633534188
0.145938633770088,28.7498162068273,78,0.124814754652914
0.333427951401172,26.9392459520847,73,0.130510148215148
1.09685618455088,18.2690071551599,39,0.0102025259485737
0.46035795482343,18.4346478584901,50,0.0105292541293559
-0.377850003616164,28.761465772242,83,0.115551035057657
4.02329614049222,29.7708470648855,100,0.0336309366580333
-0.247377419202893,28.7937086185594,73,0.131032383327268
0.802926797819381,28.3859178457636,76,0.126246961192735
-0.244322038468142,28.7812367697863,84,0.114848865930789
-3.99198192966371,20.9281553712931,90,0.0135309715053627
0.664130886020345,28.237824870934,87,0.115155776142602
1.14437730901716,25.4899652241046,100,0.0594052699404752
0.277668552528699,8.82145459119459,37,0.00272337557640117
0.26968162166409,27.2449367854501,73,0.139790682440511
0.343245699531591,27.2098162721025,73,0.138061193672822
-0.39126806664164,27.7715071054774,76,0.13962303590376
2.38874008676084,18.9057395295496,56,0.0108215748372605
0.369936945501795,26.937268720736,70,0.13528928391896
5.89394790910284,20.1083376358573,60,0.00982829465487762
0.874543878911638,27.9600136742039,74,0.132003023185204
-0.0626820023306106,27.5057619828457,94,0.111965900614611
0.64900294079094,27.7534604633641,72,0.142170250715204
0.90536583828729,27.7713802128138,86,0.113266172198935
-0.952380919720771,7.88243880123694,34,0.00247304163726227
6.45795124674328,31.4731301257067,100,0.0154674458833231
0.088794506714802,28.3359209572871,72,0.146322680527819
0.66428435772155,28.5882664762332,70,0.135669611574964
0.181425743329658,27.4835918052159,71,0.149778397114809
-0.106854545672804,27.5276410421865,75,0.14237503396783
-0.421221756977435,20.7019290643114,98,0.0160942219849092
5.24603682366632,18.9455851258769,52,0.0088408943408672
4.02790106909721,18.6998176394489,59,0.00934958936688151
0.625593463697424,28.5565893587338,75,0.128602744624352
0.667310748446736,28.2392123918492,82,0.122112497801288
3.58110923949667,24.6529686540347,100,0.0302862157643192
-0.697329984578299,27.3656391620177,76,0.129317840348962
-1.5696833769894,24.6559800633008,100,0.0441724013964359
-1.05822665194373,7.31639805580234,33,0.0023396672812712
0.919998262147712,28.1366314630446,76,0.126211000920489
0.887976165092101,18.6240665736667,42,0.0109631336302243
0.494925377474385,28.4371127239806,72,0.139322619385938
-0.784232771396113,6.03504123937324,33,0.00207814322161281
5.37550256496858,18.525673176773,61,0.00812679381165517
0.609790752326353,28.1402591153855,79,0.12902062464408
0.580780404744144,27.2950227526035,75,0.132294328137234
0.281391252575242,27.5502569279751,75,0.141305030835194
7.26268199206498,27.7555278478593,100,0.0159594696168948
5.6057383110828,18.3210916839407,51,0.00778575768779681
4.85368099366477,18.2503576707559,44,0.00824890600001645
5.56903961168451,18.8935940377697,62,0.00843641221389468
-0.515539894595838,28.2854623411609,81,0.125837613276996
4.69821927147452,27.8422092748364,100,0.0312747986381876
3.11388130038865,22.4008092070694,100,0.0202373784277969
0.00721653519860149,28.257759013078,89,0.118227307742546
5.90719988014455,18.7352310559069,62,0.00798212181880609
-0.79202837528418,6.56937534142086,46,0.00217641294250975
0.254160998852768,27.5439220702159,71,0.150008570212332
4.68861116351186,20.5033549616644,88,0.0116519581815737
3.05045042979523,20.8269216705173,90,0.0145586213598919
0.689710450996332,28.4071439312016,70,0.13937833450881
5.8229239517902,20.3360523191277,64,0.0102212043251012
5.44677462372894,24.409430046318,100,0.0194237680950706
1.27949105195603,18.5276240153712,41,0.0106661654395733
-0.18467279446185,27.4804422766145,76,0.139273676584699
0.0567211776407318,18.7093528105946,42,0.0112535081537877
5.79369546027588,20.8270911022153,71,0.010983326437847
0.627344974484363,27.7533614294308,79,0.129765667027157
2.95931298580809,18.6048520912577,59,0.00987759955764739
-3.93872510442305,21.0457450696224,92,0.0138762713537267
0.849806020120699,27.3663444839568,70,0.135720426808297
0.323353531853115,28.3065674910801,71,0.146975007603
5.65554289183576,18.7845471502797,62,0.00823231992145214
-0.395509618531082,8.70326397321505,30,0.00269479812576866
6.32321864900012,8.76978779434467,48,0.00243802848860521
4.70541698338796,18.3681880822703,42,0.00852079775958378
0.257407517609713,27.0474892851046,65,0.150842258983468
4.40007113958091,18.3873728209311,58,0.00863440757072383
2.45178496747924,18.2041739575423,45,0.00955373617893
0.856248829940427,27.7097583705337,71,0.137795947739522
3.93970418003803,21.2066599967013,92,0.0143049958679389
1.73564532467315,18.7990778086804,44,0.011057522499196
5.65926164760339,21.0178371166838,60,0.0116604005313143
2.64700552348473,20.9670202816332,91,0.0154947844264153
4.23241777915357,18.554258342433,52,0.00903879723005459
0.57687421625953,27.6935587591533,74,0.139627763378702
-0.886611903171406,6.98694137280937,33,0.00226899762455503
5.37576308769785,19.7983185825641,63,0.00989017336711586
-1.11056639935033,25.7138093239511,100,0.0635090072148997
0.348975108617232,27.6620017425302,89,0.118168699679183
5.7233328592299,18.4836795548646,52,0.00788667794176205
5.82630437764654,20.9221554582714,64,0.0111859753498998
-0.285665295151433,27.8360511360565,77,0.13921296650345
5.05195485270745,20.718702187387,87,0.0116091388264863
5.63442424912734,21.0522397112937,63,0.0117219327167556
-3.58072655808677,24.0220645178212,100,0.0266938313779821
-0.690130569374391,27.291425529112,76,0.128172856575691
0.638748465126497,27.6096519350996,74,0.137508191636603
0.856834744192781,27.9693649916611,70,0.139921632777381
5.69269181728083,19.3551990956914,64,0.00892375898595055
0.213848683041244,27.3485233339205,77,0.134959955479845
4.64961535951542,18.3206291383134,56,0.00839326842709857
0.448734809374602,27.6893929880459,74,0.142209220039103
-0.165892065244027,28.2754492414905,83,0.126580788564039
0.388971062484216,27.6931566071742,75,0.141231984623373
0.830964650747868,27.8857314078269,84,0.117756471381268
0.13209870815159,20.6025708099908,94,0.0158713363069335
-0.33712400562582,27.3325398712768,79,0.129968501909771
0.37540437964567,28.5963018987682,80,0.1237279119067
0.877581164547523,28.2009223943803,91,0.106535577213111
4.85725766776591,5.83644916611116,41,0.00194671765074375
1.13168323370212,18.9221069236124,62,0.0113263454949855
0.933394860184539,28.0454466075347,67,0.142731547212417
0.295700062551409,28.2520541521884,88,0.118466883892139
-0.577262825355866,20.5859550855633,88,0.0158821061756368
1.12480534823834,18.2512899696127,44,0.0101094606771526
-0.806576871261323,29.2741525776699,100,0.0796946090646628
-3.40241335213449,18.2893772183443,42,0.00923379002699533
5.00666706634069,18.2697582254834,51,0.0081258428889556
3.85897216743875,18.4518260671676,59,0.00907196872300619
2.4238365021996,18.1903809265053,58,0.00942494485296564
4.37500030290247,18.2921884892697,53,0.00855371310153004
-2.23597081568743,21.7537294466579,100,0.0191562811963199
5.3929956275977,20.0911776858467,65,0.0103242640419651
0.884106266178321,28.1844933129877,87,0.111270111941582
-1.1909499478886,7.77212944371652,34,0.00244324611510543
0.684140897737465,28.5260692999655,72,0.133137135246663
-1.25610792251004,18.502338249888,39,0.0106419467366824
0.88656956295602,18.8608573568098,42,0.0115082986908253
-1.58019537678815,18.3576465902492,44,0.0101919942906473
-3.52509082607279,18.4087525206433,42,0.00935657590552764
2.12732034479937,18.2316130255536,56,0.00963798515046214
5.31931893651103,18.6419795690838,52,0.00837585204560048
2.22405767809257,25.1883649785271,100,0.0454717611421743
0.289495274462362,27.5560556085022,71,0.14974672353081
0.670040691471417,27.4807252928512,77,0.129958860671533
-0.25675297600058,5.97485814401645,39,0.00206662617975272
0.711114955222273,28.1514922526119,82,0.122086209460946
-0.322539842350857,28.4777233855488,90,0.112548113617938
0.0327875164268441,18.5224406978278,41,0.0108442029597956
0.547102948643713,27.3470759746833,98,0.10240988986881
0.702860665395726,18.1933639581745,44,0.0100742717360134
-0.119865696694295,26.9331301391618,74,0.130263494735423
4.79152748287628,18.4533041482414,54,0.00849120515937354