-0.0840408246325443,28.2898072630896,67,0.158938635895884
-0.696188335721113,8.57419496569048,40,0.00264987970880138
0.298389086270366,31.1039467855315,100,0.0487680915466449
1.15696799059433,18.8716274623243,52,0.0113311067841088
0.847032005849261,27.4654569471328,73,0.132011387379978
5.93370301399629,19.2219673814518,61,0.00855821545343182
0.343471921618454,27.1972975923117,70,0.143682561209445
0.224048329826144,28.2831514685024,86,0.121518339762273
1.23308225725513,21.2230171503078,94,0.0178931085987316
1.54856678305013,18.4083411514316,62,0.0101156956865067
5.1367106558401,23.2842265637522,100,0.0174715795618646
0.184289413108262,27.335831416093,77,0.134934332593675
0.742938212795345,28.0400959337411,71,0.141144293336056
5.67937128493329,20.3616622940153,60,0.0104821956386957
4.19746513417129,24.6658171602122,100,0.0265038176198081
-0.390018824417242,27.9863782786798,90,0.116702791361574
4.24632696419542,18.7133863150085,54,0.00925793553499985
0.965946979951194,30.3835245101474,100,0.0581530787532441
0.732043828516403,27.8297447139226,70,0.144136252172579
0.186060471407337,28.409923459163,84,0.122900299208927
3.82895617315868,18.1957711818277,60,0.00869692942322214
0.0492844031958493,28.5175848659546,83,0.12293737057664
3.73247764555787,18.357311538695,61,0.00898820132697464
0.749555442189122,28.3952096719829,79,0.122730084064776
0.309264792354694,28.3190892173401,88,0.117560278570245
-1.44662125310078,18.3919691307438,32,0.0104318010892168
2.32075900099958,24.9969382842044,100,0.0425692729616781
0.601910807612285,27.5111727135395,71,0.143146692712069
0.317526177231823,27.6302227137573,75,0.141739629147488
0.150780083350208,27.4965920477703,71,0.150224593218745
0.279601338376722,28.1772006163715,72,0.147514149818882
0.182204850473228,27.5823922830229,71,0.151241260665025
0.803024054889676,27.5481930172384,71,0.138048263343245
5.71094117604856,19.5029764298907,60,0.00914274445238962
0.645165264788343,28.3082733728045,67,0.148874194416102
-3.8008471608434,18.6581916280805,57,0.00945684958821734
0.277768791357402,27.8205009149135,71,0.151979960834573
-0.790416966111706,27.6406208299645,76,0.130302838062443
0.79022365164951,27.9447465517644,82,0.121470854541318
4.82104842481116,26.9543081939821,100,0.0294411837900521
0.0454990965258795,27.2164253815413,75,0.136633476486883
0.853377492812775,28.3430111362641,67,0.141615766162859
4.59964324100385,23.9909224632924,100,0.0217216384019489
2.2773607546502,21.162232349105,91,0.0166489026522219
0.74976544978295,28.3083373911601,89,0.110338154339171
5.68841821199084,19.7628803952506,53,0.00960223128104345
4.7738370738449,18.2807033844688,56,0.00825919869855584
0.310268525853468,27.3544726658006,67,0.154940861321754
0.0499696455690483,27.6866387090422,69,0.157878589307002
5.88646774014468,20.5109544414836,60,0.0104626436759012
5.16821342284722,20.8737479841276,89,0.0117183267604602
-1.01046313209194,6.18569362142341,39,0.00210238106929469
-2.76899083447637,29.8473609389876,100,0.0464835140851928
-0.97211004973416,7.71499262324208,20,0.00244070841706246
-1.1847718453491,18.6191514442768,42,0.0108789297532368
-0.922962057320679,27.85969008939,76,0.127342118450945
0.159399793323621,5.86894031837353,22,0.00205428460622273
0.77848656136465,27.9984846823539,74,0.134664199990892
0.939232470093499,27.8843744640502,76,0.126844106672888
5.19865658959542,25.1037481447073,100,0.0224563832760866
5.83356170117685,19.9376533570568,58,0.00966047299732441
3.71370484604089,18.6304573839534,54,0.00949668760957821
-0.475397021402122,27.6372557566758,96,0.107791499778292
0.484806969559134,27.640230890292,72,0.145245793984683
-0.852925248349182,6.94107305152693,32,0.0022599805245889
1.54016570879524,18.9832213825541,42,0.0115885262445502
-0.655194308283585,27.8352100157297,76,0.134572170266301
4.04132995648218,23.4490025492325,100,0.0218812875900362
5.39816515199576,18.3445588185137,52,0.00794859946031277
6.15163516907462,27.8782007706023,100,0.0209450827394213
0.208313165750338,28.7168113214662,86,0.113941884310498
-0.625300439558504,8.1191073271145,37,0.00253328973468408
3.16454249204977,25.2555988398582,100,0.0374466297493119
0.574930719794516,27.04783901544,76,0.125106972808382
-4.24400957939449,18.3304738420748,44,0.00876055339932445
-0.542109765370366,8.34382223628394,44,0.0025871593709093
-0.878234391851125,27.5200325324389,76,0.126763352894522
2.72951379933178,18.4457542152103,49,0.00981329824508989
1.16952946693998,18.4562238411372,41,0.010545959210458
0.277768791357402,27.8205009149135,71,0.151979960834573
-2.27613492171935,25.7302545978987,100,0.0509609427526871
-0.502647273265391,8.1101339195775,37,0.00253190402809939
1.8415048622155,20.8358115878279,94,0.0158607489846473
0.14391691459165,28.3681448008179,72,0.145376964788774
-0.229951484188858,28.6304732373051,72,0.138014719300442
2.99094535716323,21.2632441749372,100,0.016030715603609
5.920600580749,20.4277126684007,59,0.0102974122530266
5.33574595984542,23.7681724496643,100,0.0181408027509774
5.29182389136975,19.0736345428459,60,0.00891851140962054
3.97820667939882,21.222471791022,94,0.0142449502442535
1.17720987216985,6.08919668215255,40,0.00208199518027203
-0.408256694859642,7.25732865397951,29,0.00233378404109727
-0.278322337023698,8.19943892883259,40,0.00255385624470634
1.66590408697193,21.6558662577881,100,0.0195377955174546
4.60686584149875,24.3691331367195,100,0.0230845621478553
0.484806969559134,27.640230890292,72,0.145245793984683
-0.0162247957034525,27.2995077634355,76,0.136671739483728
5.34229914031406,19.1793611299209,44,0.00915615860979796
-0.283475186919832,25.615904684592,100,0.066565177788786
5.91200157788943,18.9754706608085,51,0.00833961695476945
0.910713269286712,27.8341557269733,70,0.13829093450418
-1.87749005742514,18.5218446783346,63,0.0102092701646256
5.93391353242973,19.4438142822407,60,0.00885227476945236
-0.109204633910114,26.9712299662978,71,0.136891865443897
0.459602701893406,27.4323617104812,82,0.125059910064963
3.96613492600296,28.8394331310817,100,0.0376108160132325
1.441998600458,18.3515426073878,44,0.0102234201925537
2.60007921876257,26.9590798104984,100,0.0572236330477443
1.62714693794485,21.1273055388442,88,0.0173326977158331
5.57871776702161,19.8719327093231,60,0.00981816222235279
-0.81446566497747,28.0504426416789,76,0.129867539871617
0.701727938494168,20.4419856677348,89,0.0153048666669933
-0.78167905699233,6.40117864523338,21,0.00215449415000358
1.52453000570109,18.5725571654287,54,0.0105368813151983
0.744430751700385,27.3610487774187,87,0.112291870609807
3.77989949645042,18.4736257293194,57,0.00917297702592639
0.706672114038869,27.5634758592151,78,0.128385420272603
-0.729181020413619,8.86211230068783,34,0.00273373878650123
5.36114246253179,20.6260361019811,58,0.0113906941066712
-0.453432621221596,27.0573941759337,76,0.127343722502885
-0.89938969189479,28.0624354723504,87,0.111727060624276
-0.13542489559731,18.3325228351908,41,0.0104367018861973
0.888919916224963,27.8622210812125,72,0.135296401345728
-1.03101505834328,8.69273420193134,28,0.00268676045392242
5.14875158555291,18.1961124681534,50,0.00794753033434408
0.934632578519335,27.7465690336891,74,0.130078144848926
-0.300664362823427,28.549202541647,71,0.141548880287365
-0.198422400196692,26.9275940237106,75,0.128007236602326
-4.10873588434821,21.0953812240579,92,0.0137439100797616
0.40784957577088,28.101700790056,75,0.140347632791746
7.56744874733037,23.0018589745381,100,0.0110155423134397
0.903577473343042,28.068384305649,71,0.135862868600758
3.92935673417921,25.8513693091463,100,0.0340362876310399
0.315264972298207,27.5940919539368,75,0.141407557519759
0.0560102129808024,28.5106091024967,71,0.144387174891404
0.405125817036363,27.2068310492768,74,0.135256272643998
0.785728823595587,27.3494735675422,68,0.141237545205948
0.0560102129808024,28.5106091024967,71,0.144387174891404
-0.954462134908593,6.74490823253386,37,0.00221527469666995
-0.0416501834308944,28.0095963762164,72,0.150949192432226
4.78525514432903,33.2638311361865,100,0.0161322317449908
5.30001824805624,19.9102445195737,60,0.0101823189922978
-0.546450394081039,27.0494679021294,74,0.128889646480235
-0.130323115839069,8.76366401877452,37,0.0027075673196215
-0.47080667716942,27.1315528499743,75,0.130631933329314
5.61027282578216,18.5589596704019,58,0.00801869950469092
0.646614038569638,28.5552766200656,70,0.136971245182574
5.81894171727631,19.1862035195781,60,0.00861940662267529
-0.237656656634278,28.8055323334878,71,0.134243022980774
5.51832252343689,19.3204035972275,52,0.00913252872425667
-0.829517013087955,18.2487976177443,44,0.01016383435404
-0.437544639202757,28.3894463363556,77,0.132075067794934
0.852324764991594,27.5420239804028,75,0.12937692379385
0.767659728952454,27.2710522381994,68,0.140083135616118
5.44965856206261,18.3256237050798,49,0.0079096605600942
5.69895540055429,23.6200678867361,100,0.0165654524221967
3.32367969764162,18.6193603829454,53,0.00974088209506295
4.08065402635249,18.954396538466,62,0.00970077737093432
0.785728823595587,27.3494735675422,68,0.141237545205948
-0.649465993092722,27.4883466810205,75,0.134014981052651
0.27630258105962,28.6074246864411,71,0.140171044480931
-0.286051513894347,28.7503791951165,83,0.116639818830977
5.90388867229402,26.5393022259626,100,0.0215033371251667
0.581435175446319,27.1514702819761,75,0.129151679291424
5.58659490393103,19.1446925275046,51,0.00883476761152357
-0.0856006284240329,8.82882589699918,33,0.00272895262632592
-0.490237925067034,25.1949811691604,100,0.0579701852392368
-0.461800694560405,28.6193594407587,77,0.126758594887041
0.185252034091058,27.5902350944654,75,0.142678597387108
0.27362965878725,27.2236100152775,71,0.143216415996727
5.05195497468613,21.0923111726627,60,0.0127809265035801
-0.412849818581948,27.3399872212965,75,0.136181431608304
0.338647270977084,27.6245331864187,89,0.118039922323661
-0.48106586385799,28.6052388109026,90,0.108861726566945
-0.497502106028563,27.4002364253203,76,0.134029774726313
-6.21198107276577,18.1545522922575,37,0.00727752182255699
5.09660820238101,18.9314379681446,58,0.00889539606918572
0.557757682608841,27.5243426169621,72,0.142336787595621
4.61405959055607,23.4129395636095,100,0.0196163493469116
0.891239702233841,27.7182786189088,76,0.127946856802686
5.1638159162379,18.6929203937566,64,0.00847285287539546
3.7517192389886,25.4219818687598,100,0.0334153604839352
0.644064027208699,27.2119057085016,74,0.130933788612304
3.39899097480622,18.2970854593908,41,0.00925693554639784
4.79473913686701,25.5900903819857,100,0.0262821588841731
7.55647370005468,6.25226823072369,50,0.00188697484000135
5.54321047890768,18.2607514998201,52,0.00775208939575924
1.42301067761745,18.1947247836735,44,0.0099238450270715
5.9499853294027,19.9597479962722,63,0.00952046971795842
-0.706124826894383,6.76634066252566,13,0.00223366747788812
-0.600474143512796,27.4127520682622,76,0.132227788825016
-1.13489450193253,18.4561767253907,42,0.0105436160936493
-0.798977832411548,28.201583079219,97,0.101469255794209
-2.89109403161413,18.1591966924233,46,0.00926020356516863
0.150780083350208,27.4965920477703,71,0.150224593218745
-0.165141579673598,27.6904469526683,77,0.139714747466248
5.52936441262934,20.5401598822341,60,0.010980199946447
1.76039718486309,26.6280124899669,100,0.0688665494627617
-0.18467279446185,27.4804422766145,76,0.139273676584699
0.930472506588211,20.874224846222,93,0.0166986444110673
5.84444755777288,18.741522082633,51,0.00810847552383596
0.12032832471015,28.7074887997126,87,0.113229469478118
0.967107531013273,27.8712761768008,69,0.138190302619861
-0.25377288314852,26.9801909603374,71,0.136209336955027
-6.3489615201824,2.80971758433224,100,0.00147538567918091
4.76550888657022,18.6282150369777,61,0.00869869697565367
-0.745037188098902,23.6878103556385,100,0.0358762927960434
5.40541805639372,18.7259715874867,52,0.00841945057226007
-1.37889929880727,28.3793386263705,100,0.0828445926396578
4.10418428826757,18.4107487615427,61,0.00883727658943974
-5.07208485847154,26.9944395821427,100,0.027488854324355
1.92780061868693,8.1211693929194,37,0.00251264087423121
5.48011671468126,23.3469532307788,100,0.0165806061505999
-0.38943543116121,28.601679150455,77,0.128190067979835
2.97763627644021,18.1653042089322,59,0.00911756500432875
3.92796399211757,18.4087336443222,54,0.00900254523492417
-7.30375349683346,18.4959377155228,39,0.00685614197437281
-0.871986638969708,22.9412000771192,100,0.0286794996416087
-6.12460691715415,18.6482441635546,36,0.00788077807503991
-0.656566289019611,21.0899447101173,100,0.0174878794884497
0.624779672636871,27.6236021905018,74,0.13797253372874
0.446385289945757,27.4728547072429,78,0.132431042359535
4.55898346101919,19.0283824229703,64,0.0094246595699366
-3.21991342064277,18.154171092901,41,0.00912442502360866
0.484806969559134,27.640230890292,72,0.145245793984683
5.08747664755513,20.9601170188387,63,0.0123902136470309
-1.95607546011018,22.6003727870403,100,0.0241523080814811
0.729590957709108,28.4946013767428,75,0.127641297777463
5.39773604263693,19.2077652792227,59,0.00902371476009987
0.529175090218078,27.3791440585913,71,0.142583409532498
-1.14881691524048,6.22592201805887,13,0.00212040696627995
5.89947424341297,20.2406406761719,58,0.010042352037314
-2.38414908258446,20.4823708919652,94,0.014197927774922
0.677436132374556,27.4817305888438,70,0.142776700684724
0.183246886277422,28.6325188146935,86,0.11588214681397
-0.240341200626735,23.5713286002987,100,0.0352583607099896
-0.498884913022301,8.90478868923313,33,0.00274878744931096
-1.17751886093974,8.38486529887878,38,0.00259459533321377
-1.83720539807117,24.2546577889595,100,0.0380463527714021
-0.259706401471478,27.7099253351547,75,0.143034050248043
3.33820325563529,18.649596996134,61,0.00970884252502129
5.86860811426062,18.74471458444,54,0.0080741191532558
5.83937884589685,25.019404301591,100,0.0192029429347685
0.691667309397501,28.0024443689402,70,0.144941325853937
0.246374347925241,27.8404148012263,70,0.154747646220751
-0.25377288314852,26.9801909603374,71,0.136209336955027
-3.43528379256636,18.5820427172522,66,0.00948716213155269
1.18178446491561,20.3801893286031,94,0.0147789795754792
5.74482631154339,20.1371155163301,60,0.0100435828355981
-0.976021613107877,6.55894111694383,12,0.00218894359031385
0.885877689509081,28.1320496369161,71,0.135885822820268
0.704618227412985,28.1917592697571,69,0.144786261815303
-2.60469355502042,18.204072486574,42,0.00951056438940471
-0.605834800226216,27.9606794797904,77,0.133726938806239
4.54298870479223,18.1855405579728,62,0.00824002711267692
5.63338116252643,24.300605816673,100,0.0184114359348006
-1.77041243308054,18.2754673517481,49,0.00991843907555407
2.41275278156033,18.8562070564961,59,0.0106708874541208
4.63403735763888,26.1583976090913,100,0.029175818152523
5.84194099739366,18.7557629949519,52,0.00812091002934181
-0.307060225774443,8.28051511879674,45,0.00257135572068443
-0.81239662222896,6.712336073218,38,0.00220927612839141
5.92336815860065,19.0080307516482,62,0.00829417589061731
-0.324651973234583,6.71069870608869,33,0.00221409591695983
5.14963542314282,18.6758272522958,60,0.00848957876578335
5.19066135755486,19.1447971563991,59,0.00911408644200989
-0.338333146817556,6.68657542126073,21,0.00221492915101908
-0.242506242239022,27.2809859975636,74,0.13895645525756
2.98064858140505,18.1584896982846,45,0.00922266346806196
5.673355666543,18.6917038368832,50,0.00818543077240096
-9.06575063713933,18.7120035889407,74,0.00574061763519557
-0.830231996339286,28.3130178795656,72,0.133433101215579
-3.52189598412802,18.327613639871,42,0.00922554314308135
-2.92114372962049,20.9154363586761,92,0.0149525533073757
4.34721501744657,18.4233573575782,43,0.0088360432929284
0.60424795802294,27.8225390112553,81,0.127103353431707
-3.95480259113607,18.2827995599571,42,0.00888984476101802
0.384059485933167,18.9741581987876,42,0.011872444934271
0.647987714463426,27.3414893665746,97,0.102134358997327
-0.0652181098032949,18.6260262751326,44,0.0110382162514047
0.284913922599424,27.0364245533646,69,0.141593131517978
-0.600883831490251,27.9294463758367,96,0.106761025565492
4.10964888455064,20.3601515001343,89,0.0120545135472465
2.57769770512676,18.3515646847908,56,0.00965443220884355
-1.09524117608644,7.48279838819331,38,0.0023742746606087
5.72217607996943,26.8685048564218,100,0.0229201070188999
5.57800346666397,19.4367919735262,57,0.00920078522268
5.80716007521846,20.1473317505246,63,0.00995734044509602
-0.543562469795669,28.0421504673284,95,0.108351867122649
0.782816588585814,28.0629315227127,88,0.112937141652159
-0.952176361750469,29.6125227367777,100,0.0720739114283853
0.794311935317484,27.9991850032284,70,0.141824630277888
0.239196490295455,27.9484695092628,75,0.143558020012714
-0.25377288314852,26.9801909603374,71,0.136209336955027
4.23989463875983,20.9205777534868,91,0.0131319004698602
-0.280733820905035,27.224339543003,75,0.135401395254617
-0.417881732200788,27.6382642233913,75,0.140344151555155
-1.69181946987925,25.1087665030757,100,0.0491658035151727
-0.918579165433187,28.0974045339906,72,0.133323318553327
1.23763619774291,18.5027751152804,44,0.0105917023855193
0.200516229395477,26.9531858045064,76,0.127133272843551
4.64366420770143,18.1917850371707,49,0.00827383792124965
0.557757682608841,27.5243426169621,72,0.142336787595621
3.81828222488478,25.4608620507963,100,0.0330665162131796
-1.87720965665106,18.3245848871759,41,0.0100530170042997
0.580056900918954,27.4352918937792,75,0.134790977627311
0.620498816697589,27.2434909271892,74,0.132141811358227
-0.191827393073697,8.68967748072516,37,0.00268682541949874
11.9403025066289,19.1001644096729,100,0.00436246509482842
-0.0585293351435768,27.2991184385923,69,0.151048239336058
0.704618227412985,28.1917592697571,69,0.144786261815303
5.27067850450163,20.693457527393,59,0.0116335754136436
1.78969644719475,18.9352363345157,54,0.0112135935014779
0.106870229325321,27.0853290522808,76,0.131329206519433
-3.89055064670643,18.4035675380367,45,0.0090921594692526
0.613991252779647,27.2781095838579,87,0.11340412495226
-0.563520750539909,27.92000555234,96,0.107273007748235
0.277768791357402,27.8205009149135,71,0.151979960834573
0.298389086270366,31.1039467855315,100,0.0487680915466449
-0.106854545672804,27.5276410421865,75,0.14237503396783
0.674924582598559,28.4002473666128,66,0.148212775376113
-3.6115639945396,24.1561022448085,100,0.0272684569028469
5.27862386916674,24.2591282858171,100,0.0197082981892602
5.92240753567168,19.1172408002789,59,0.00845070240325574
-0.779049476040184,28.3178568250043,85,0.114725988252539
0.576011289586649,26.4762772287789,100,0.0822984364293463
0.717463884587121,28.457525631079,74,0.130355729716648
-0.193610333914843,27.2562089130751,70,0.146960652839319
0.91185927828385,27.9640594256438,74,0.130837647940563
3.06092566907334,25.3400887295978,100,0.0390221847589496
0.182204850473228,27.5823922830229,71,0.151241260665025
-8.10799615643861,22.9668752920849,100,0.0100406277890381
2.1593483842733,8.77495261395614,37,0.00267701787585451
0.181116049361284,27.0031753417911,75,0.130376894665975
0.10806666721987,27.0560337641662,76,0.130530773982657
0.620207804132558,27.3717247777042,74,0.134675079229527
-0.577353164328033,27.1470648097488,91,0.107016232245565
-0.658154439988767,27.482795707177,75,0.13373660913614
0.366948390294007,28.6518544936891,79,0.124058256629202
0.141627266690774,27.4932050999635,75,0.141713216599467
0.331908759945517,8.83484615552479,37,0.00272691576347361
-0.554327683203321,27.6139290612565,75,0.137562182213508
5.0110351289247,18.849381441294,65,0.00879314202260887
-5.85150371754292,21.2036864179385,93,0.0112658210035771
0.150780083350208,27.4965920477703,71,0.150224593218745
5.28960146688929,19.9033450316799,60,0.0101823756652087
3.69778007782998,18.5940015481808,50,0.00948260917526502
-0.108826819475117,18.2239152610297,44,0.0101842545883529
0.8237217366432,28.3277695468423,82,0.117686223759064
0.243222630986791,27.4284879450689,71,0.14820462139305
2.39215574104838,5.91848877823953,11,0.00204412215543414
5.32025271981573,19.2597799589247,61,0.00914987329711156
0.0377911564361897,27.4111033366239,77,0.136891651693096
0.970458595159662,27.7636040872076,68,0.139814737651117
4.31029686116814,18.1990100366604,59,0.00842188489600851
11.4426569927406,24.637635842924,100,0.00661257599476746
0.301014147032771,27.3311551464715,74,0.139419555113722
0.535272741466135,27.0412935183351,69,0.137744420527841
-0.550093866712311,38.2956555945946,78,0.0084831514016352
-0.765106311037847,5.92706094130162,21,0.00206315561733238
-0.41964408630445,27.0426284383497,75,0.129078574725685
1.59780638300609,21.1212013688666,94,0.0171579417745863
-7.17050594837818,21.2208578123557,94,0.00945074403742821
0.246374347925241,27.8404148012263,70,0.154747646220751
-0.316141339868193,6.91612790436615,30,0.00225887376233776
-0.133478862461567,27.0752666225273,74,0.134470702864603
6.68685351179513,22.3598490983345,100,0.011781301568078
-0.671134223628358,27.6061164934218,76,0.13304052027421
-0.111566388647217,28.5206097820628,88,0.115630715411058
-0.392657916821193,8.22681824166917,40,0.0025603897923369
4.88960547364974,19.0470669448355,56,0.00925079533285197
-0.313252093212768,27.1817426112957,75,0.134033204491863
0.709054193408542,28.5216370927596,84,0.114417945189297
5.01109630167637,19.7738204871103,67,0.0101917712296767
5.63007087308406,18.8350857400354,50,0.00839841529958245
-2.30523005589188,29.007913993833,100,0.0604962266414382
0.780210437072004,27.886203482992,74,0.134946361343957
-0.265449562314029,27.5680480204113,75,0.14169478973118
0.52555187807659,27.0321439902995,72,0.132194732407154
0.252555757064225,28.4149520261315,71,0.145531044711216
0.651176834985079,27.7609175575685,87,0.117163312020643
0.317598962998807,27.3850922703777,79,0.131085965434677
0.896060604451963,27.9889236785792,74,0.131229655263504
0.861718243632933,20.8729104304558,91,0.0167840855495096
5.01382259460055,18.2165878845813,54,0.0080347971236959
0.211448557097078,28.5353674958927,71,0.142853794125927
-1.17819888395357,7.94612791549496,38,0.00248323399245909
5.93823309105108,18.9708821209394,51,0.00831241375564559
4.29893980617443,18.5755493454877,56,0.00899233223327752
-0.406675398187668,28.6045541885725,81,0.121670677081494
0.770011899574487,27.3625976299249,96,0.101599601306074
5.75455008171997,18.4634300512924,51,0.00784716246438419
-0.18467279446185,27.4804422766145,76,0.139273676584699
5.06381954170004,18.3256830846565,51,0.00815860104081389
0.182204850473228,27.5823922830229,71,0.151241260665025
0.268248701219877,21.0209047594439,94,0.0174938072449253
0.498022035288204,27.8098123463403,74,0.141810373335239
-0.240511066845563,5.91385140570819,28,0.0020599591251913
-0.0840408246325443,28.2898072630896,67,0.158938635895884
0.380304647064099,28.7825508380699,86,0.111179633584446
5.32213619785581,19.7804563136545,60,0.00994776130667024
5.80017192210448,18.9579263181461,52,0.0084025201522571
0.486136185924127,28.3614549282063,86,0.117819663118865
4.21365117268613,18.707481359107,61,0.00921259271652165
-0.765023805853459,28.0116355984335,77,0.129720504253528
0.394754432573718,27.9093363843914,70,0.152458901399653
4.93247820253384,25.1029163682402,100,0.0239013350534713
-3.2827747548645,18.2772944210207,36,0.00933449340478035
3.18248632988836,25.1920925484816,100,0.0368276042954798
0.274581635988271,28.7638460117879,71,0.135297851934407
4.68126035343668,18.7334722190393,39,0.00908832588062192
-1.58757796870746,26.5014946664624,100,0.0700756133327489
0.557590653671137,27.3701095205826,89,0.112954627029507
1.15287559956249,18.465350134906,64,0.0103185556043491
6.43206523730155,23.7624148861136,100,0.0146901561604028
-0.20110582547322,28.8200043946655,87,0.110366981959889
0.888318939576604,27.6135454485881,96,0.101507786221242
2.79508479614921,18.3191134438949,52,0.00952693097426458
-0.186433074411911,18.4216319520752,61,0.0104012947109582
1.10272807827828,26.2860699437387,100,0.0735393798190531
-0.413424336582857,8.6311930634479,21,0.00268120622789465
-0.300353384667685,28.5698998537579,81,0.123557207726357
5.63807262333245,19.7139023483529,63,0.00949055600734008
3.36257255272611,18.7306350046959,59,0.00985456977755284
5.86331462706977,20.0687860060488,64,0.0097654598683352
-0.563520750539909,27.92000555234,96,0.107273007748235
0.874989479594384,27.8395783299445,69,0.141501244905866
-0.488223580866723,6.73428970484546,37,0.00221637487456649
-3.29000815761917,18.2810188409359,42,0.00928455883404653
-0.0095612929619518,27.019359734744,74,0.133158511163181
-0.327980863038264,28.3105176457585,88,0.117502935794627
-2.58956544092482,25.8865780337563,100,0.0487659239148181
-0.642626358714567,8.4420235967941,34,0.00261903672772394
0.150780083350208,27.4965920477703,71,0.150224593218745
0.781707938166415,27.4133851448918,75,0.129657332338119
-0.520644851868959,27.1692969928784,75,0.13070442611602
5.3535215911563,18.5722802354731,54,0.00824770237884167
8.22007646900436,22.9001040368903,100,0.00979590380236735
0.474786545715759,28.1744024317018,69,0.150954888639573
5.69994669002879,19.15848779689,62,0.00867090508265105
0.854304224162572,25.7546361520757,100,0.0663631763179129
5.30376363731156,20.9028503819902,67,0.0118835362441587
5.66304122478439,19.9367130937203,63,0.00979728483236314
-3.67130452055289,21.0910903540316,93,0.0143855198551664
-0.209936935164304,27.0674332362473,74,0.133775757212142
-0.25377288314852,26.9801909603374,71,0.136209336955027
1.64179687139144,18.8237131786472,38,0.0112267073589846
2.60270874306978,18.2504692996586,44,0.00957469907424744
5.36575823886943,18.7604890863897,58,0.00845194572325377
0.438425368452349,28.645546941792,69,0.140679408808454
0.370375199530321,27.9090561744646,71,0.150591873183055
-0.581630462558064,8.45987538664476,34,0.0026243132028882
0.00384014476020877,27.0317183634299,71,0.139099201947803
3.05248203710537,18.8030741761907,59,0.0101865215415883
4.19398099521951,21.2126169237541,90,0.0139480501250841
0.821651554603318,27.7134243234133,66,0.14929920080439
0.786425263077605,27.6282719853368,87,0.113976521201721
-0.245785507586308,28.013122128942,72,0.149600268413354
0.279601338376722,28.1772006163715,72,0.147514149818882
4.84619160171652,19.1010173246444,53,0.00939602359846912
1.90515491361977,18.1864952028024,46,0.00973413923605904
0.742938212795345,28.0400959337411,71,0.141144293336056
0.131949946456142,28.5470897026347,87,0.116430613402404
4.78512988273765,18.1831374908863,51,0.00815899904398159
-2.74802700907626,24.5279145569311,100,0.0350094912958409
-0.623301055135599,27.2929184111257,75,0.131363083035198
0.874554994427897,21.1907374735988,93,0.0180305602033793
3.36701785911778,21.139949832267,91,0.0150345432691263
-9.96183776462117,18.4884086397263,54,0.00517092225359207
-0.6917707199174,5.94843792633602,22,0.00206718237045467
0.636859916735015,27.7299544877482,90,0.113329532612101
0.652855021636302,27.6873347143898,72,0.141694012086566
-0.524867737337967,8.35092146448071,36,0.00259451257999806
0.279601338376722,28.1772006163715,72,0.147514149818882
0.12408547963371,27.0511192579635,74,0.133820691328462
-0.978993268438409,18.4090064344163,64,0.0102454747080544
6.04091208384229,20.985483389082,100,0.0106758234542367
4.63786513442764,20.951525935215,69,0.0129777629016204
-0.242506242239022,27.2809859975636,74,0.13895645525756
0.704618227412985,28.1917592697571,69,0.144786261815303
2.72601945915033,26.1220054696464,100,0.049122900566503
0.131949946456142,28.5470897026347,87,0.116430613402404
8.98748496036439,21.890444069472,100,0.00791601179209203
3.14821206287919,5.87253444148312,41,0.00200635925677979
3.95335992582301,18.2475425851698,51,0.00876784192334117
0.576599484745588,28.1120825058102,70,0.147136913060756
5.56923209502551,21.0618271916046,63,0.0118414239623288
4.90884450070396,18.2949764810892,58,0.00817587478129947
3.94776167924421,23.9452388549552,100,0.0244972826731616
2.99954510298162,18.3418965774193,44,0.00953142656161856
-0.237656656634278,28.8055323334878,71,0.134243022980774
7.56757704648576,22.6777940932515,100,0.0106340793272567
5.84170890564836,18.6505375118073,61,0.00793880608668399
-0.108859061825491,18.3642852466303,42,0.0104926378106715
5.72074837719949,18.3624892733421,42,0.00780919653999625
-4.23936877873872,18.5558035324495,47,0.00907734946547775
0.326113022507686,28.0779259241605,89,0.118282943315866
0.14391691459165,28.3681448008179,72,0.145376964788774
-0.0017162082956842,27.9592712598006,84,0.128030909244418
0.882856368196941,18.5371632177653,49,0.010693041225477
4.94837874260198,18.3678630067087,52,0.00828420946344677
0.370375199530321,27.9090561744646,71,0.150591873183055
-0.153548337307398,27.618591905954,75,0.143195634198798
0.419997273184538,28.4189144321887,94,0.107661131532833
0.171841164485168,27.889544432512,97,0.109513062831085
0.277768791357402,27.8205009149135,71,0.151979960834573
0.853377492812775,28.3430111362641,67,0.141615766162859
0.226240070772061,28.6001899948961,89,0.112381800477239
5.21218904213718,18.272203575992,60,0.00793540876853294
-0.765775781335675,28.1609730770341,83,0.11937084392387
0.569563023942016,27.7457580659726,72,0.144118444097481
-0.948992977947303,27.9120433875573,90,0.107478700205265
-0.492126285537207,7.71078502078255,36,0.00243437027082973
-0.811879695080668,6.22231996908288,13,0.00212267884323868
4.19456997159378,18.5138212886767,56,0.00897105783648026
0.0797760970816712,28.679717348559,81,0.122290107188443
5.59438131860936,20.7682437364352,60,0.0112983322391601
2.34603406938335,21.1471189587166,94,0.0164246116203596
0.453230610755683,27.3045843801213,71,0.142525694395696
-0.413726220583454,18.6427294513009,43,0.0110676977076166
5.53487072592053,19.3560832868222,63,0.00907660003567821
-0.300664362823427,28.549202541647,71,0.141548880287365
-0.298807752703987,28.0026570657996,72,0.149024943373808
0.645165264788343,28.3082733728045,67,0.148874194416102
2.57699482692146,25.1526645730715,100,0.0418790980347023
5.47232593058974,18.6289543529347,62,0.00817779367115188
-0.299683333575869,27.459894926046,96,0.108086087008549
0.171332137936074,6.59085911488398,11,0.00220041717714346
-0.803350298389581,8.00237345926499,21,0.00251243161513517
-0.634932110484724,8.86986050532712,38,0.0027339101182997
0.366109541758333,28.3781807077479,87,0.117615672359991
0.130329808504486,28.1829837099673,81,0.131207636606096
0.455277551405996,27.148532686229,76,0.129597078620654
0.652855021636302,27.6873347143898,72,0.141694012086566
1.83502785199018,18.7941225961872,61,0.0108013676928568
-1.05809442295547,8.14933944797624,33,0.00253884805682623
-1.10475693273493,6.71867136291369,30,0.00221175561907795
0.344965536729803,28.143615295514,88,0.119051312126144
0.0460965597360068,27.0152128624524,74,0.132998538180246
0.519519143368496,28.3731606583801,67,0.150762089317787
2.49303853242615,18.2832054517333,46,0.00966604718659758
3.31999971846321,23.3822840734312,100,0.0243995238580559
1.50023028388921,24.0880575785226,100,0.0378952026990611
-0.0196061425491313,28.3452580715358,67,0.157836702769814
-1.1104154014563,6.1327455675974,36,0.00209265739357537
4.62509316225805,21.2192391994543,91,0.0132435236929736
-0.671163046009437,19.0964643807307,42,0.0121399477925989
-1.22739745117727,8.34034027163651,34,0.0025848284803104
-3.20772657613579,28.2891518895762,100,0.0490830741768734
4.21142241742481,28.4365837548968,100,0.0357550156637242
0.370375199530321,27.9090561744646,71,0.150591873183055
0.0472209834429482,27.8926573297811,74,0.146967679007104
3.86596358234562,21.1796994816968,93,0.0143287822167481
-1.17771062868216,7.97224566557052,34,0.00249215016782622
3.63285644290851,18.3332218985681,65,0.00897813602614791
5.71960263439688,24.151487699082,100,0.0177377031947565
-1.10662348443338,8.18381312341571,32,0.00254759819678825
0.0560102129808024,28.5106091024967,71,0.144387174891404
-1.54848517754472,28.0587386726038,100,0.0810516369086227
2.45845374318898,20.4973198023445,91,0.0142303677066504
-0.267319408046315,28.0987731990778,89,0.118639672274764
0.415522582564579,28.0209146319532,72,0.147077070619087
2.03089965535534,24.9029777690194,100,0.0439042393806175
5.11601847851477,19.2019860623967,60,0.00925435356313194
-3.00305643491557,25.8538346034323,100,0.0435748694838815
4.86046514815927,18.2811855219984,52,0.00823028441197423
0.345377875547137,26.9930959798326,76,0.127001019293753
5.26100700853148,18.5832606500013,56,0.00831531564796755
-2.52424050769618,20.916053828942,94,0.0154063401789131
0.655389935760231,27.5777709166188,89,0.113495934542997
5.30066179424263,20.2273805943756,59,0.0107326354402111
5.46921769801894,20.9756697254522,58,0.0119013102664119
0.55265210498915,27.3809204256353,71,0.142103443082577
-0.425998677535451,27.6625117057669,76,0.138466448478557
4.5406893044984,23.3790979276564,100,0.0197595582285163
0.505294388764621,27.899274802344,72,0.145820009888986
7.16053013512923,25.0615835298382,100,0.0144901822631757
3.92723927146519,8.78123661935612,48,0.0025962523197567
0.583619195407228,27.7751823896495,88,0.116972518937071
3.81813139721879,18.698635364186,59,0.00949375740977092
-0.0196061425491313,28.3452580715358,67,0.157836702769814
0.0513301791457089,28.5112173487814,72,0.142326248565599
0.22016899630489,28.7320057276717,84,0.116174853815724
0.754307397750421,28.428210815561,85,0.113747003722823
0.628105462541408,27.8669016939391,76,0.135216473784525
-1.98405156161278,18.182890031827,48,0.00967980777522433
3.91693272061025,27.7709180624747,100,0.0396015776765445
0.611427560483765,27.3945024003597,72,0.139030164983693
0.0885639197057643,27.95330400824,71,0.153437299377435
4.83629377794329,24.8316529235755,100,0.0235465261222089
-0.0244952897240686,18.2534277197622,41,0.0102762697718878
-2.20418516699172,18.2338734652378,42,0.00974226478288234
2.70735605361031,21.1875374592385,90,0.0161893438856083
-0.779042596600486,8.73372728623149,48,0.00268694783690294
-0.122434179501504,27.244825082751,70,0.147146413525456
0.0156298260885364,27.978499287199,84,0.127959134534636
5.6058538166266,20.3924735305971,66,0.0105586579334389
-0.907832082957759,7.24420725081471,38,0.00232241090707446
-0.446831693316412,27.3826778634663,76,0.134595367314701
5.52903069688018,25.6821139901488,100,0.0221142300197266
5.50060531435558,23.416051064437,100,0.0166896634127049
-0.300353384667685,28.5698998537579,81,0.123557207726357
0.527314902384271,27.0293666955366,68,0.139449259070586
-0.971003655464626,26.5858205894118,100,0.0801890411583371
-0.655228963365158,28.5328010810843,72,0.13366616248877
-0.495560648995056,27.3382811584533,97,0.103949435404726
0.40784957577088,28.101700790056,75,0.140347632791746
0.290334187258409,27.4286420866078,75,0.139422738064163
5.45701550535899,26.4198712969548,100,0.0239477652856915
0.793799578067903,27.5957000702148,89,0.111091028668829
0.278835726187339,28.1773860432843,89,0.1179426040522
-1.37346956738824,18.4852757305352,42,0.0105378469562585
0.113218453674006,28.4380995881147,72,0.14395551736356
2.72686536674921,18.4165287058807,41,0.00983871531355342
5.27711433533653,18.5536196180652,59,0.00824533812798368
4.77505541022559,18.3647825262323,51,0.00840443639462034
0.448591612377239,27.6336645456309,89,0.116904056639749
0.384857423905165,28.6560658744225,84,0.11653829769325
-0.834133786787163,27.6212110252217,91,0.10805681269991
0.178210787961944,27.9909012904341,71,0.15268172700465
0.651460468855663,25.8905347581016,100,0.0703776165715959
0.277768791357402,27.8205009149135,71,0.151979960834573
6.25583873449475,25.0887251964903,100,0.0176294294702634
0.384779473150416,28.1158853311429,71,0.148944690056032
4.8157871787297,18.4631634903071,59,0.00845190164491673
-0.403454760623468,27.4972824688917,75,0.138961501274433
5.65514195969038,20.1201507005432,60,0.0101208399487414
-0.231679748113852,28.4528510069124,88,0.116215771254992
-5.91278721386607,18.2673754687137,40,0.00758125927860716
4.51127099434351,18.2847621527401,56,0.0084344474072686
-1.18841786644162,7.64811512592852,38,0.00241147718801095
-0.0524813601207434,6.13126664204907,34,0.00209865653369043
0.859711047423812,27.4217744834502,76,0.126052073187634
1.63190536839177,22.6727377560107,100,0.025326312663053
0.756977812540921,27.5558082163371,78,0.127108388270673
0.663313916643663,27.4195307337048,78,0.127614686448545
4.45544344439628,18.2378066385813,56,0.00840601988522006
-0.286579605744531,28.2128683918882,77,0.136859315061393
5.86823957168427,19.5123287057522,48,0.009104028439017
0.369069850840665,27.3228936793765,72,0.142307738442328
4.10917014950618,18.2812566860483,59,0.00866083723901344
0.226240070772061,28.6001899948961,89,0.112381800477239
-0.858522477860868,7.4511310798868,16,0.00238202750432276
3.15870363992252,19.0477528815902,54,0.0106432923951105
0.277768791357402,27.8205009149135,71,0.151979960834573
-3.38427001665285,18.6214488855798,43,0.00980123631792089
-0.59267486906629,28.6535890864945,88,0.108931425994785
0.18505186728634,27.3381650364974,81,0.128059875900323
0.690343933840144,28.2320857772167,88,0.113441650281651
0.346076195057874,28.503642104592,71,0.142177642465615
-0.357741544489976,8.20489515290241,31,0.00256081483888881
0.198709297962306,28.2889422248051,71,0.14873386859144
3.9574424783032,18.3983516285854,51,0.00899211622302125
3.45023794510774,22.6317084883226,100,0.0203445978782423
5.91470910109703,19.7018204432642,64,0.00918603954635127
2.64625704967339,18.585089951763,66,0.00994524571372029
-0.0372179049169877,18.8360086922163,44,0.0115264329825568
0.744353756613117,24.7212631494767,100,0.0492259453902762
0.474406766108463,27.0036362690912,74,0.128840432715461
0.748061108216149,22.6105715392777,100,0.0262949817256239
0.370375199530321,27.9090561744646,71,0.150591873183055
0.286565109008024,20.9895996463266,100,0.0171813918375857
4.85407144519534,18.6989377457719,59,0.00874808634209325
-4.28026020756651,25.5999182930257,100,0.0299983343808113
5.11034045020852,19.7433147394209,62,0.0100890641202991
4.24121597230197,20.6476942076727,88,0.0125432594080011
-0.412849818581948,27.3399872212965,75,0.136181431608304
2.72778228068853,18.5748852373179,61,0.00993264650820572
-2.80805290503013,21.1096110547283,92,0.0157305427844862
-0.468613291515522,27.5041843527366,77,0.134262715544149
-5.96156628841611,19.1053769525768,48,0.00848130841466337
4.54070181139271,20.5499279997757,95,0.0118379347783118
1.02452572636146,18.916421931203,47,0.0115393029264573
5.11442261885319,18.5542466348713,60,0.00835572910553027
5.5065191368105,20.6401809220289,60,0.0111898896806833
-0.845774049702294,7.0698943373986,30,0.00228887313032109
3.32876557369875,24.5996770247298,100,0.0316261079358835
0.221836787878428,28.0794053392205,86,0.123490185430785
4.31599426291958,26.1368252327066,100,0.0317436150603001
3.56004670476316,21.1998743573389,94,0.0148481035465615
-0.356540464088095,27.0080170586126,70,0.137815017954227
2.83292432127921,18.8896110551823,42,0.0106818765163444
-0.17237358363753,28.235711302673,83,0.127049554107963
0.914278230014596,27.7810678400846,69,0.139990701708016
-0.786440651420334,6.52542478033329,11,0.00218418670278916
0.388073942827187,26.9832537742475,96,0.100781522919684
-4.68227777986565,18.6078832237723,28,0.00898882396993581
3.29469997302997,18.5007595568539,45,0.00962699600986146
-3.00847488856463,7.20630543144381,100,0.00224427563177779
-0.48761767114273,8.51263913527603,30,0.00264195932876331
0.926352485230978,28.0782070857718,71,0.135021908613408
7.40234312528267,24.5512589097845,100,0.013218485756495
-0.925837274702216,27.9026764528597,94,0.103520826215869
-14.5776044531616,18.6497301598199,75,0.00327054554188438
2.22169091920958,20.853764004146,98,0.0154460261878129
0.279601338376722,28.1772006163715,72,0.147514149818882
-0.338448133038646,27.9931524456267,77,0.138256191092878
0.484806969559134,27.640230890292,72,0.145245793984683
-0.520644851868959,27.1692969928784,75,0.13070442611602
0.195908547764273,28.0553485811147,70,0.154391036702362
1.08551189481302,23.1492402043843,100,0.0300460562394269
-0.0205451601876194,28.827830942304,83,0.115797991683504
-0.559433818489633,21.6963557735267,100,0.0207384069796808
-0.11561535506915,28.5207886915504,87,0.116967587477322
-4.12560457025712,22.2961988672769,100,0.0172737680212948
2.88573570642248,8.80253896494272,48,0.00265067500978032
0.919998262147712,28.1366314630446,76,0.126211000920489
-0.465126126453305,28.6041932880354,88,0.111491070148295
-0.0172603982245229,27.0205250476651,70,0.140684721135111
-0.627896846963915,8.44626505782616,32,0.0026216694387096
0.524742887306853,27.0233783866655,95,0.101231377736817
0.084348544114126,28.4476708017549,89,0.115579935648899
4.51458909053288,18.6129829201836,50,0.00894352826442803
5.49429610547869,20.407091070824,66,0.0107235658821536
0.159311841718063,28.6729856660471,82,0.120695425189211
-7.21055297946575,21.1804941775564,95,0.00934357792635734
-0.51142689129105,27.9822805456223,91,0.113931429134174
0.821651554603318,27.7134243234133,66,0.14929920080439
-0.457523347924116,27.5215548959988,96,0.107230433360986
0.392632223486787,27.7834521346517,72,0.14790251263992
5.75177787579348,18.7692855435401,92,0.00794612480067301
0.516574318200501,28.6984091558623,71,0.133891960521999
0.585184058829989,27.5097587764271,67,0.152277080231084
6.5004564068618,26.5177279088034,100,0.0185315775016629
0.712080233635111,28.3785738746288,69,0.141328833335095
0.40784957577088,28.101700790056,75,0.140347632791746
0.982767301567777,27.873613209682,70,0.135740744846871
-0.337908085823768,27.6017505704447,76,0.139227008693478
0.176916177784536,28.7094780713833,84,0.116934250259358
3.51053212517717,18.9338626388699,52,0.0101913085309426
0.925862451268749,27.8698195669507,67,0.143713367381767
-0.747391402559013,27.9313839748025,76,0.13219618735472
-0.881021617590673,6.92588249019391,37,0.00225394669445426
0.182204850473228,27.5823922830229,71,0.151241260665025
-0.103637328546239,28.3109579804126,83,0.12635849961334
-0.757440793273076,6.41790155867601,33,0.00215242946641544
0.592209399558577,28.0349920567952,72,0.143227422079457
-0.496127288541627,8.0401725092005,15,0.00252830634506001
-1.62247015589738,26.5984321327382,100,0.0707810141111688
4.64431889592276,21.1729735798407,93,0.0130712890234183
-4.82877256613692,21.2187226499208,92,0.0128963990530246
3.58918645867192,26.2887525358122,100,0.0395946099200238
0.0144035517808953,27.6984531145991,75,0.144347934267381
-0.419701380022258,28.4526051078933,87,0.115916937762272
5.21185121735983,25.3413814746682,100,0.0230340131607407
-0.174681555825329,8.84306412062395,37,0.00272983604759114
5.4483751221884,18.8595390450891,51,0.00856778100815363
4.64745934021375,21.4326534159385,100,0.0137312561180688
-0.303984638871981,27.1986471809256,75,0.134545493441312
4.10120946910339,21.0088006866186,98,0.0134270026957949
0.315822910794076,27.8670080278194,70,0.15382775533485
-0.113728154270776,6.34762141130651,34,0.00214064217587721
-0.337999267615172,27.061178439203,76,0.128943491384337
0.730861565355755,28.4573566190134,70,0.137164451535282
2.05731599352652,18.4033046094255,59,0.00995163399222074
-0.889515004762727,8.67569620022099,34,0.00267969236480725
-0.990236674188233,18.4404909317512,42,0.0105449635294663
0.369069850840665,27.3228936793765,72,0.142307738442328
-0.515055769972688,27.4896523019515,96,0.106333695189676
4.64106741610125,18.4127601103628,61,0.00848794126596797
-4.80893289054791,18.9773338212203,34,0.00940286634851224
0.474406766108463,27.0036362690912,74,0.128840432715461
2.74783981141911,18.2640239350939,48,0.00949143933944886
0.48872307431506,27.9192463793925,70,0.150529514462853
3.37356762533397,18.3173772409068,63,0.00911849719317274
0.670797926496051,27.9133760088595,73,0.139788027539402
-0.961866889492908,8.14320963934528,37,0.00253596800221886
-4.70058592087436,20.9338346941927,93,0.0124555657802981
0.428035803737114,27.8172079668936,71,0.14956283316951
0.897310822941079,27.5052495738456,68,0.140195572441215
-3.36206782349147,20.5832539813716,91,0.0134637488055821
0.627491324648425,18.5351754859777,56,0.0106530142670876
-2.76238659306344,18.882191920236,49,0.0106320760788304
4.38586440017018,18.7119440426242,55,0.00914525305796514
0.0427940422594241,24.9362290579674,100,0.0541755961896049
0.676118876648578,28.0689332169065,70,0.14490076172965
5.70795082199888,20.8866061162484,60,0.0113472394436819
0.957853729162169,27.6854021347971,73,0.130729186503994
-0.114362688835563,26.931725215269,75,0.128566620049506
4.77022719143114,6.42178299791096,41,0.00205167680597457
5.44534329757641,20.8275950694304,89,0.0112454486191654
0.686154811355131,27.4261219794168,75,0.132255321514658
0.474406766108463,27.0036362690912,74,0.128840432715461
-0.291954363165044,28.0859384043813,72,0.148440000337726
0.643597343577598,27.7053753560857,76,0.134417454810094
0.0798404774873541,27.8695371615417,72,0.15134446671294
4.56861568430612,18.58428661443,60,0.00878464176431233
0.941069812565365,27.9401089764269,70,0.137120916981939
0.450679341026786,18.3039101819949,34,0.0104333400087182
-2.5041177256096,22.6677204150168,100,0.0231780826383491
-0.782314980404024,8.53755980238508,40,0.00263909711566182
4.40168095222322,18.8652844995876,52,0.00939823705968923
-0.781176788547957,27.7011031122682,75,0.132680903484096
0.214518380261188,28.6164098017428,84,0.118802857284281
-3.64458171412479,18.7572286410857,54,0.0097592470399847
5.81770186782361,18.6531884653123,54,0.00800417561986004
6.01420040400527,26.2576580360199,100,0.0205579138175037
5.49917920634931,18.5585648283615,51,0.00814453895811878
-0.18467279446185,27.4804422766145,76,0.139273676584699
1.8184625827475,18.5655521381013,50,0.0104583322117098
0.767659728952454,27.2710522381994,68,0.140083135616118
6.94607652264401,28.8542001928821,100,0.016910471293475
0.299250912697865,27.3458239484756,71,0.145853378757625
2.17187045508107,24.0775972907348,100,0.0345614857185603
0.347765518236677,26.9870656680897,74,0.13010475431905
-0.0852254352436869,27.0917968752545,95,0.105259838665969
0.0767741629588882,28.6906944452305,86,0.115010001466636
0.343471921618454,27.1972975923117,70,0.143682561209445
2.73325548658403,23.8430920969374,100,0.029835459790475
0.768159952323899,27.3160905134632,90,0.107662872077256
0.516574318200501,28.6984091558623,71,0.133891960521999
-0.145798206600393,28.1945188945439,88,0.119999979372083
0.10510354654439,26.4253505942013,100,0.0835155854946009
0.308006773257656,27.0723268687138,71,0.138537822334186
5.5633503908089,20.9563443347369,60,0.0116918870020307
4.97379877182223,18.4350624641855,61,0.00829239535325167
5.51255534771017,20.5014323451032,61,0.0109222803277153
3.83129362594142,18.6306947610795,50,0.00945334179739213
-2.66352177356572,26.0910447551588,100,0.0496797533147052
5.53465172553077,18.6561055111643,51,0.0082394182067119
3.96127839471505,24.8646002866646,100,0.0289246810136762
0.633929392932404,27.5113202951574,76,0.13288493868012
0.398750081367294,27.742288540573,72,0.147619995122037
0.849806020120699,27.3663444839568,70,0.135720426808297
0.853377492812775,28.3430111362641,67,0.141615766162859
0.376681329778614,27.5307913481782,75,0.139819419507342
3.04240619887658,20.6549399563178,92,0.0140276191850225
-0.853886615059525,27.704969148124,69,0.141752654673767
-3.40887636743808,18.4404324547546,39,0.009508146168192
-0.789852297620195,27.9547420773152,76,0.130999617354455
6.17804021136588,26.5663263862831,100,0.0201021304273397
-0.331574123633284,21.0623972842969,92,0.0177194544697853
-0.678983132671904,8.29986002022201,37,0.00257925110856114
0.182204850473228,27.5823922830229,71,0.151241260665025
3.96583591506189,18.5607802678082,50,0.00924835588959194
-0.0896396859824697,27.7469418997548,69,0.158175330901919
-1.06403605483752,6.53846006701769,37,0.00217205293552184
5.83426853291493,19.4803928236709,52,0.00905975854324086
0.641231049789807,28.5754579669613,87,0.110836598139411
4.27752868121156,18.8075117255015,46,0.0094546402327232
-2.83596463663358,23.9511912454394,100,0.0300913481422345
0.489283916955569,26.9928659755335,71,0.133431809009031
4.23590152505276,18.2612237745423,52,0.00860554894687598
0.117224261492529,23.3478380784726,100,0.0330191013916773
-0.727433074507091,21.1253161542636,92,0.0178562590385005
4.65294627385447,18.4439746801212,54,0.00857370315683605
2.8227217899452,18.8955689691926,63,0.0104655123436976
0.55265210498915,27.3809204256353,71,0.142103443082577
-4.48102454458667,23.8902374470529,100,0.0218582060731801
0.116205894731032,27.0405725902545,74,0.133547153978153
-0.51186335225461,8.22550549796832,19,0.00257317527030041
0.575809468003602,28.3531341727857,87,0.115280145943413
3.51924953762378,27.3286097841072,100,0.0443069791142342
-0.533410068287143,27.2755568741908,75,0.13282777212233
0.0351721378207371,27.0862284689631,77,0.129821684833074
-0.0840408246325443,28.2898072630896,67,0.158938635895884
-0.950748823094571,6.8607566708965,30,0.00224303235247249
-1.21808367054177,7.5476805066031,40,0.00238649100154553
0.751088603440212,27.3406507017212,69,0.140131723144828
-0.134894449245851,27.3443627197751,69,0.151829063842297
5.7676003600006,20.991125819013,91,0.0110540446677678
-0.482242529313156,28.595135282273,83,0.118033565035533
-0.27608283229387,8.41024356347022,45,0.00260539935233559
-0.502631081830634,27.7978465806102,76,0.137785529309277
4.98186028829139,21.1490650756341,67,0.0129076948321696
0.767399821386625,18.5152070496611,79,0.0103371828710356
0.110678479141251,28.0435562295771,70,0.155123164009057
2.0960196289424,18.3510316186246,74,0.00969572102285312
0.257259604932287,18.6822471592254,40,0.0112081218629684
5.69716809036837,18.4905042729435,57,0.00788212547303861
0.741443645632836,6.41978005215701,41,0.00214921223377584
-1.12987186039638,18.3500992677119,58,0.0101585415370392
0.206304438470111,28.1375168623603,83,0.127878991368785
1.1539623208476,21.073646253783,92,0.0173900945046447
4.90847531430955,19.0240979023623,54,0.00921751285342159
0.261857883434287,28.2324608495669,89,0.117545034996903
6.72995130207584,6.55418774010988,42,0.00198261822823321
-0.495663722122435,6.64163020947027,12,0.00220936693634802
0.333925349147576,27.6152929384385,71,0.149857769776332
-1.17309108225497,7.73665092138204,34,0.00243500925268987
3.49386993131012,25.1345405653729,100,0.0338489730486198
6.35449047035788,23.2682408815522,100,0.0140102819345827
-0.0251699809064551,28.5234196269233,88,0.115739119809598
0.925862451268749,27.8698195669507,67,0.143713367381767
4.45896754236553,18.2051273218705,52,0.0083875855167109
-0.212831210956225,28.4604823431041,71,0.144814337728209
5.95294165061366,19.0674305536855,61,0.00834936939132256
-0.237656656634278,28.8055323334878,71,0.134243022980774
5.84232148444586,8.86309441006969,53,0.00249213050590914
1.53186349610812,18.8876938065771,56,0.0111891791411775
-1.00310507539548,6.07888428808914,19,0.002090833958965
4.16460247768933,5.81711271525504,43,0.00196661368622524
-0.490612736696307,28.3198020821667,88,0.115580427335368
-8.25180291017716,18.5457328518653,49,0.00622386576702048
0.195908547764273,28.0553485811147,70,0.154391036702362
0.290334187258409,27.4286420866078,75,0.139422738064163
5.43411895374396,19.161812907795,66,0.00887227945032161
0.279601338376722,28.1772006163715,72,0.147514149818882
4.45691111182612,18.5018860510895,52,0.00880572499177059
0.0630114398657804,28.1021347474124,72,0.150082483132087
-3.52189598412802,18.327613639871,42,0.00922554314308135
0.370375199530321,27.9090561744646,71,0.150591873183055
0.460100181978884,27.9120509970261,97,0.107350568616421
4.33792669487712,18.3582658482287,65,0.00858184606514257
0.419862204207996,28.6998996376677,71,0.135489580037052
-0.251633491309007,27.7732114391469,76,0.141401361407111
0.914533438890631,18.3109420775096,61,0.0100963718070211
4.51363143475204,18.1685870321987,52,0.00830417818997401
5.69228880047104,19.9764469909252,72,0.00973965458228201
0.970458595159662,27.7636040872076,68,0.139814737651117
0.689646892810183,18.2997879927513,47,0.0102566315667839
-0.113759536446466,28.3677268377042,75,0.139460785699234
0.706216412360615,28.437711426147,72,0.13455209153033
6.24534386378303,23.4888287546869,100,0.0147008531513485
0.81357915827375,28.432718318135,73,0.130047410453459
4.87110271782089,18.9975460686103,54,0.00920864270922527
0.144526892506685,28.0252286541979,72,0.150403494391737
-0.509178643884569,28.3662580592269,89,0.113439000199771
4.60396129196395,21.0020059471988,90,0.0127964795255938
0.0917182237595467,27.6363381332346,71,0.152439229476458
-0.186647953504282,27.8620715761134,76,0.142129477350956
-0.98866313568674,28.0870658896295,100,0.09149587856579
4.48100723355956,18.3594315905724,61,0.00852044890425841
5.20134873033151,18.1795722011047,59,0.00783762707401978
0.349908286465063,27.5906401496188,82,0.128260086131402
-0.593384623636738,27.606342106864,76,0.134805842985931
0.371841223922133,27.0633489978052,74,0.131997706990525
4.40442738725075,18.4428145896872,60,0.00869515028057957
4.78276505364178,24.6717402721927,100,0.023283579342761
3.86398329492923,18.2298732027733,51,0.00879549932600855
-0.883730193945966,8.25343091037668,33,0.00256773696522519
0.49124873382423,28.5702958708121,88,0.111793154171622
0.630660123692393,28.5954215124714,86,0.111884845627156
-0.010999540921192,28.1168463708383,72,0.150004700208716
-0.58163342426179,28.147899653618,89,0.114659522294031
0.516574318200501,28.6984091558623,71,0.133891960521999
2.52882894242375,19.0305396624537,41,0.0111885396142511
5.50005192504005,19.1066834114302,58,0.00880330061987852
-3.13942061750877,18.5567568322449,42,0.0098492775009317
5.34970853866583,20.1112233951124,60,0.0104621034641895
-3.52426838449653,18.7594807785211,75,0.00964660517021498
-0.0606714444599236,28.5270180040456,71,0.143927407151582
0.672803466907719,28.0202106688683,71,0.143288286519342
-0.286579605744531,28.2128683918882,77,0.136859315061393
-1.08993422427487,8.18663832441249,34,0.002547259685908
0.925862451268749,27.8698195669507,67,0.143713367381767
0.765110986116455,27.7856359058086,76,0.131715686295826
3.48967225799748,27.2810797290225,100,0.0446121992277587
5.95611370467254,19.6645049498528,58,0.0091438865741728
0.516887006711399,27.7027037693119,87,0.11914258463321
0.592209399558577,28.0349920567952,72,0.143227422079457
0.709054193408542,28.5216370927596,84,0.114417945189297
0.732043828516403,27.8297447139226,70,0.144136252172579
5.7819317269871,20.0755520444795,58,0.00992569570693279
-0.423935766770938,28.0448138931762,83,0.126351607373837
-0.895725049438105,28.0582899376468,77,0.125910431357317
-0.845386503651135,6.44275651541904,34,0.0021562555073182
-0.453941625970443,20.8939287916125,91,0.0170211521977918
5.69764586968657,18.7440678475591,54,0.00820432583569927
-0.1200887482711,18.3704522501503,42,0.0105052618172289
4.18967684774959,25.6593467166366,100,0.0309571574401493
-2.44029063091033,18.3246216810619,80,0.00945152547888947
1.72479374092223,20.9315928027386,93,0.0163409733800386
-0.381216947672946,27.1230483328023,75,0.131730662323914
-0.635514988637288,27.4544081492617,100,0.100296999430476
0.914278230014596,27.7810678400846,69,0.139990701708016
-0.0606334512572033,27.3156867710426,77,0.135093144660337
0.279601338376722,28.1772006163715,72,0.147514149818882
1.55536742057714,6.69640250976149,42,0.00219553267201501
2.46955250090799,27.5377946889745,100,0.062095202615324
0.877777443850027,27.471721389027,79,0.121606943064548
0.849133968273988,27.7637888104669,70,0.140222474661019
5.73392329382407,20.8356524404121,62,0.0111934830450894
5.84958846076881,18.5418552018645,52,0.0078635183151856
3.38674122445737,18.969973358994,56,0.0103065621805733
-0.468613291515522,27.5041843527366,77,0.134262715544149
0.608660897662218,27.9982585582805,72,0.143056536365347
5.53616897143875,18.3425079784864,51,0.00785815431537338
-1.10711998403869,6.41785549562749,10,0.00216008254324639
-3.06817708518619,18.9303996228013,37,0.0106638747552247
0.833390982884759,27.3237551509321,76,0.125243819441088
4.41713989962089,18.2239211511542,60,0.00838293531995189
-0.0840408246325443,28.2898072630896,67,0.158938635895884
2.36662811330436,18.5592622606964,45,0.010253398430487
0.113444977179774,25.608617280756,100,0.0667193314861851
-0.0017162082956842,27.9592712598006,84,0.128030909244418
2.19860469323892,20.3104370309896,100,0.0137458132963476
0.53405381729136,24.6817631629643,100,0.0492725900697489
0.573823388224214,27.4429898220373,74,0.136888736375199
0.514903359890885,28.4379769372725,87,0.114958968431895
0.767659728952454,27.2710522381994,68,0.140083135616118
5.78996452737067,18.590339497659,52,0.00796341881204418
5.33707974480769,18.8994666851065,62,0.00862822260472585
0.644859042238524,27.9905073826551,81,0.126046908800335
5.04448626739745,8.85330436984254,86,0.00252366378090414
-7.30375349683346,18.4959377155228,39,0.00685614197437281
-1.11745550916566,6.81056147228799,37,0.00222726775224381
-1.18243242463518,7.25419675858465,40,0.00232045910177749
0.758912987521509,27.2212104255695,70,0.135380625041183
0.0694882688846435,28.5208287830349,94,0.10821466647547