2.54875124749882,18.4441020735816,49,0.00990299621454747
5.52710306833304,18.2148571781205,62,0.00765096376486287
1.04843702291183,21.0250335294858,94,0.0172016727760291
-0.0017162082956842,27.9592712598006,84,0.128030909244418
-0.248649029457731,27.6151387254358,69,0.155681032299512
-0.360954519769133,5.97202415820198,35,0.00206753019793569
4.02123706206177,29.747583490165,100,0.0337499707893641
5.2181100326934,20.768330907578,60,0.0118428728085317
-0.0161352229358983,27.474110632865,75,0.141821316263193
0.42736071295146,27.8256413855934,76,0.139180701752383
0.254160998852768,27.5439220702159,71,0.150008570212332
0.299250912697865,27.3458239484756,71,0.145853378757625
4.14992403051044,20.5766173170823,96,0.0123779939361175
5.20741095083534,19.9995979586338,60,0.0104358558458723
-0.627330707992054,8.24387511055755,37,0.00256518531824814
-0.245194467444782,28.7752984190376,71,0.135196688464944
5.17661058587709,18.9293777872975,53,0.00886710466101543
0.319800795004879,28.0044503655974,81,0.131168476811275
0.52919503662138,28.0258416465778,82,0.12645194517855
7.34148668551831,22.7593225102953,100,0.0111323930868602
0.134324412753033,25.6733113403269,100,0.0679991956438992
0.605416311672522,28.4752148618894,88,0.111800557199033
4.44553569722192,26.9484224688671,100,0.0327900935824151
5.88869457319005,18.8768868569145,52,0.00823070677940717
5.73734924608782,20.4792453349716,60,0.0106031092002319
0.575398309552438,28.0754040042663,69,0.149746525879497
2.91798148753729,18.9818553600951,62,0.0105866023419854
-0.982438699300148,8.10357781069014,32,0.00252888471012345
0.938791446779513,27.771731991236,72,0.133505282710056
5.50766605520808,18.9472596717734,52,0.00862854795271869
1.84135950804697,18.5821464345287,42,0.010571595209263
7.86272363328197,25.0019683154664,100,0.0125158273205946
4.55823203433127,21.010269737577,91,0.0128676588173737
0.804872658238212,27.2869899531701,69,0.137389469055961
0.523369060090204,28.2161792247088,80,0.128190336399894
1.30437801440895,25.3530830084284,100,0.0558870520198625
0.366948390294007,28.6518544936891,79,0.124058256629202
-0.0840408246325443,28.2898072630896,67,0.158938635895884
0.655841595983308,27.7408479366225,79,0.129105199559081
0.215600054727366,28.3259077785606,87,0.119568546896782
0.652855021636302,27.6873347143898,72,0.141694012086566
4.35242070855833,19.0360073977056,53,0.0097059842250688
5.71638001881588,18.9554662034736,59,0.00841816515580757
0.853377492812775,28.3430111362641,67,0.141615766162859
3.88181194574473,26.0379507356122,100,0.0353433918362494
-5.25085432931309,21.1497664631288,94,0.0120603561066191
-0.412849818581948,27.3399872212965,75,0.136181431608304
1.92523856467367,20.3212912331384,89,0.0142129628039186
5.81670739373903,20.8537462787751,60,0.0111309001556527
-0.760994009559022,27.5566337418451,75,0.13204990908333
4.81741894903392,18.8258331742341,52,0.0090133106163698
4.43966338147788,18.4551696434131,55,0.00872709318130197
-1.10403531730822,6.18892567082215,32,0.00210522363058032
0.925862451268749,27.8698195669507,67,0.143713367381767
0.312971996108579,27.516783059005,76,0.138550227248442
-2.07841116933419,18.2138817561096,39,0.00978547956258185
5.80744897025345,20.3021522894552,70,0.0101248181061937
6.2331834342041,25.0907044714053,100,0.0177212527037633
-0.0923683151729654,28.2713033192336,82,0.128572924076173
-0.646727384493514,5.93208006313871,14,0.00206779417963083
-1.4224801903933,21.0451439351298,91,0.0170988229925316
-0.356973917486399,27.6929547174992,75,0.141708315837908
0.277421042201759,27.3892303573165,75,0.138874393230056
0.191801842802443,28.4198311656945,75,0.137934520404754
0.685666300177837,28.3039951092964,68,0.145620306523061
-0.745009917163258,24.2326820805742,100,0.0423326266689948
-0.37720781039205,27.254777983473,76,0.133136703468008
7.1525236271929,25.8769626590785,100,0.015385341106282
4.8276124766981,18.3525250453299,49,0.00836663101517689
0.12047350057673,27.7210863015264,97,0.10946720877559
3.50222613813923,23.0592422961328,100,0.0221113074155524
0.00926838792418483,27.2224721495925,77,0.133171665575888
-0.000260827358628035,27.1788837440778,74,0.137615859246735
0.569563023942016,27.7457580659726,72,0.144118444097481
0.78603336638883,27.8514352433763,71,0.14047026206684
-1.3005798887726,18.3391823366511,68,0.00999380290124705
0.323353531853115,28.3065674910801,71,0.146975007603
8.25887099751825,25.7584272665252,100,0.0121165485413519
-0.613698176712568,7.84728816187487,19,0.00247686776502959
-0.689597161670641,7.51388449978619,33,0.00238839480403295
0.181425743329658,27.4835918052159,71,0.149778397114809
5.04191291612705,18.5377741649684,54,0.00842823370390357
3.49776648584677,20.8105954510921,90,0.0139184851685533
-0.153548337307398,27.618591905954,75,0.143195634198798
0.845790116015043,27.5792466274095,71,0.13706368056944
-0.668120547800913,28.4548679255065,85,0.114945379696632
-1.10800353935479,18.2501222299163,70,0.00985200562443284
-1.32053518586835,20.5355956251206,94,0.0152184262967851
-0.0822151509204161,27.351009440273,75,0.139507172531918
5.90682495539771,20.2662474428526,64,0.0100124726805634
0.501090936994911,27.2866935038308,77,0.130171198447676
3.48553369539696,19.0857371958464,57,0.0104428477382727
2.61976610527672,23.6156228536133,100,0.0287443848619949
-0.90484538817695,7.17374761640252,37,0.00230738039882114
9.50604344943155,23.1855960299473,100,0.00818816609180579
0.23974233419158,27.4937008965521,95,0.109967954373729
0.476715965384391,28.4318550572065,75,0.134158596600962
0.201900441857744,27.1876470122752,71,0.142949333180624
1.29126780473754,26.44721218034,100,0.0737037252852902
-1.11124376346561,6.66478207707202,37,0.00219719610309115
0.465656572256601,28.7366419916654,85,0.112559728346215
0.833390982884759,27.3237551509321,76,0.125243819441088
5.42616089865493,23.8879950233186,100,0.0181386600310907
-0.237541944862104,28.5385723414908,77,0.131298883011431
-1.30837397247836,20.7672712364614,92,0.0160934255302976
1.00332856356204,5.82173853891796,34,0.00203646450205944
0.561285007207263,28.2315714346683,71,0.143818893236817
-1.12075124321346,8.11435692630762,41,0.00252400131558032
-8.31128507849507,29.6519571261329,100,0.0121676493765327
0.257417555561481,28.0728283445471,89,0.118877295898199
5.51230807819102,19.8244968138257,60,0.00981588220054028
0.880108176811923,28.143150332731,87,0.111668632515857
0.821651554603318,27.7134243234133,66,0.14929920080439
0.17676175842943,27.3003254017884,69,0.150446861461736
0.763633425872451,27.9771294135,89,0.112390270378999
2.99039753389914,25.1493508335918,100,0.0381711481390729
6.03094424023092,26.0007428674139,100,0.0201066770906184
0.436847994630701,28.5499678270362,71,0.139544203339678
-0.0840408246325443,28.2898072630896,67,0.158938635895884
4.68835517499877,25.2192320671639,100,0.0257321717964199
-0.896264039691481,8.4926146983762,43,0.00262365433065222
0.145938633770088,28.7498162068273,78,0.124814754652914
-0.150109179295652,27.2801379080391,77,0.134026563798831
-0.0665763471384977,8.81593107474619,31,0.00272680870197327
5.85595071165486,20.8586373050415,63,0.0110461177380356
5.31914632904358,20.7438036749714,59,0.0116615142222752
4.9729025827144,23.3835851932963,100,0.0182881840287227
-3.3064140209345,20.5075756296231,89,0.013367252117359
0.459251698250987,27.6700118339831,82,0.127413227039242
-0.844078009442956,27.5736726327291,85,0.11499328125399
-1.11666401524922,18.553815169667,42,0.0107554618622345
-1.65136492261363,29.0084433552052,100,0.0717149631998208
-0.761128853432703,28.0120386728453,88,0.113596880323231
2.48129265361661,25.6164333881006,100,0.0474002145632213
5.67582481695682,23.7273713768004,100,0.0168905160911778
0.316150203336143,18.2733907852727,44,0.0102745649192896
0.888919916224963,27.8622210812125,72,0.135296401345728
-0.980939075349627,26.4138027452902,100,0.0771705939023438
3.69497022359836,21.0609300211367,92,0.0142861299968482
5.36746355836455,21.2309437678732,66,0.0124577313952592
0.0349453538579284,27.4182606324421,77,0.137015428596721
3.45559555384502,18.4447374243634,52,0.00937096625220491
-0.114362688835563,26.931725215269,75,0.128566620049506
-0.471578326834506,27.3042879681412,70,0.144225701371678
1.95946096990541,18.3073999070516,42,0.0099784199935071
-0.1729128696409,28.6649536636137,81,0.122296313885941
8.42755000982754,14.5002975138534,100,0.00385446659718004
0.714979743085601,28.2006365171793,69,0.14435453433858
5.67059423830201,19.4624313136167,59,0.00913270740724689
2.11358528754403,18.3741286932176,44,0.0100227071209579
1.06475795145542,20.3833212560063,98,0.014759294764417
-0.493398819954632,28.5164318528669,89,0.111436452091148
0.186722514379355,27.1075112369833,70,0.142776250898022
5.87971036522716,19.2056892954633,60,0.00859176809337325
0.210822102473828,28.1857064103811,90,0.116949118005631
0.195908547764273,28.0553485811147,70,0.154391036702362
0.509697919791033,27.1861906201354,75,0.131294282218901
5.71127784165672,20.5631545250458,59,0.0107896183353572
-0.925058107438012,7.04437858168241,30,0.00228259287141483
-0.540814173873056,28.1277758388133,77,0.133967022623986
-0.697313813843468,8.86741552410343,32,0.00273708302765386
5.5587228084675,18.876867056698,59,0.00844457083380987
-0.171581721094659,28.0923707496388,82,0.130142860779117
4.88941145523768,18.2329837672063,63,0.0080768541238551
-1.19831570462364,18.6458288043023,69,0.0106201435437236
-4.14183831699292,23.7210636877845,100,0.022626047176273
2.38286556426731,18.3240167081563,45,0.00980030933685267
5.81083011333888,20.9073734372586,63,0.0111953313762743
0.821651554603318,27.7134243234133,66,0.14929920080439
0.407567933767909,27.5430835592132,74,0.141476084795022
4.16051826513368,18.6465152675321,61,0.00915566578653557
0.447234818096469,28.3680199485463,71,0.143722574544226
5.80282307254009,19.8366381030066,58,0.0095449062078846
0.685331058619239,8.63764653286533,46,0.00266299484858946
0.714465509486186,27.1710952830259,89,0.107668647290394
-0.122353295596874,28.8377200123673,84,0.114031693024551
3.20670367576498,18.7473209231959,59,0.00998528248354459
0.304732485067841,27.3175905025822,95,0.107649439429751
0.150780083350208,27.4965920477703,71,0.150224593218745
2.7283995904635,18.8655392220232,52,0.0105856264414182
2.88699677780066,6.06049854295668,42,0.0020462120895272
0.0495558131529631,6.33615325381898,13,0.00214807712703307
0.944349088624596,28.046767431284,74,0.129412694603439
0.945447650110371,27.69445700546,72,0.132931235637212
-0.601286671104436,6.36023844888881,11,0.00215213238316468
4.36880778829919,18.2665775767528,51,0.00853643306539455
0.0672647918754302,27.1420113362958,71,0.142393178653294
5.59155514610371,19.6720146309166,58,0.00952110447572914
0.492703885999226,27.511133086265,87,0.118114946862521
0.620690656740371,27.3957349106687,81,0.123411875351338
0.881343220154469,27.4234163176894,70,0.135695304892893
5.86199324142216,19.3818164500596,58,0.00885233726800336
-2.53475510757209,18.2148496327471,40,0.00958049422942947
1.25319839910833,25.741815326518,100,0.0626431034913651
5.50943074118163,18.6292126025784,65,0.00813106769563401
0.867374831264211,27.770866840048,72,0.135841775989042
1.68826135828758,21.2462360224072,95,0.0175409521832992
-0.719071978694455,27.8492167786955,76,0.133010402406564
0.0262739854680559,27.843746110229,72,0.151469338693176
-0.0633844874376872,27.3194822054928,76,0.137014182715683
-0.39126806664164,27.7715071054774,76,0.13962303590376
0.69264671294305,27.6040475161879,75,0.134283969643978
0.137717061088149,27.281104345499,78,0.13233607609713
0.428035803737114,27.8172079668936,71,0.14956283316951
0.058335404694566,28.1002582135936,89,0.119595269227708
4.16629739764504,18.5687150427357,50,0.0091232572367938
0.182204850473228,27.5823922830229,71,0.151241260665025
5.22534902166812,18.2625520716253,54,0.00795291866306558
5.45275175278431,19.648939607214,59,0.00961766790951408
0.398443135349682,27.3219226819634,75,0.136043028829216
-1.82735712394584,24.3297638131322,100,0.0388930597125824
-0.0944551948829258,5.87274394097781,21,0.00205548285025827
0.925862451268749,27.8698195669507,67,0.143713367381767
5.82659041536798,24.3039467250443,100,0.0176977176650656
-1.09596122375238,6.70725424840768,13,0.00221782076109935
4.29709172145422,25.6390229901545,100,0.030026218728752
6.53677154407372,24.3411452654254,100,0.0153795473981471
-1.17376528921848,8.19248527677544,39,0.00254428020446537
-0.694354847312511,28.528722731839,86,0.111998794722611
0.529317832700479,27.4093306696768,87,0.116476869469261
0.327386309385702,27.3616073217653,75,0.137782602323791
0.0610545688535807,28.9784593898321,100,0.0896626472259737
0.111548124139744,28.6260016732992,71,0.140878605712337
2.66419985866912,8.6734077302192,48,0.00262486684971945
-0.0471956693909121,27.8469577763087,77,0.140777035617761
-1.08949581820371,6.2910976548587,10,0.00213511494636238
-0.525792404598354,27.4680510539436,75,0.136387469492047
5.66283772931008,19.6285554602327,63,0.0093417995909138
5.43213362273392,18.4483526962554,44,0.00810297630234798
-1.13075956551739,8.1386433651317,32,0.00253575241060953
0.0656158761294937,27.2729812555297,75,0.137905378310343
0.741698509779219,27.9162045238817,71,0.141760760184799
4.68655783814845,18.3563660560912,51,0.00845255861457912
2.7090317510173,18.9611005796514,64,0.010655044515806
-3.01473004045099,26.1806163008044,100,0.045841953767243
0.0672647918754302,27.1420113362958,71,0.142393178653294
0.739831833745568,27.5917021069356,66,0.151034597606611
-0.287603697192845,26.9655434032993,71,0.135391634920835
-0.124784604020988,27.5849415165498,88,0.120584937676744
-0.389329605362529,27.9724134769786,77,0.137647423326216
0.249634905427477,27.2119144436463,75,0.135410792057214
7.62411637930804,30.3042143770443,100,0.0135141901186156
1.87364760356506,18.6556218784904,52,0.0105982857076877
5.16497849912181,18.3119098671404,63,0.00799567415634683
0.580430030883764,28.2937064054009,79,0.127796672325891
4.96631175993172,18.2715528218945,46,0.00818817934095882
0.526224240217475,27.4983186706924,72,0.142661070223947
0.331777192027305,26.9406910223024,76,0.125652154843477
-0.248649029457731,27.6151387254358,69,0.155681032299512
0.657700404138785,28.0338906306861,67,0.152360532552276
-0.906905613799341,27.9237584709942,89,0.109560382718174
0.416238362965897,27.859413281861,75,0.1413575873174
-0.481274164932734,28.5503624358661,82,0.120372861206984
-0.294319166959748,18.6561806631263,61,0.0108907947998751
9.02772073079823,6.24248485075143,54,0.00180124639346754
0.111559956560256,28.064965599514,72,0.150264055899205
-0.18467279446185,27.4804422766145,76,0.139273676584699
5.79818453403098,20.8510491975059,62,0.0111280926410136
5.74110933728938,18.9454288309364,62,0.00836449458931897
0.77924880666519,28.0414551461744,71,0.140042141165429
2.98632497213461,20.7299382043322,92,0.0143113640026329
-0.366794013853566,6.99053755357172,30,0.0022746835967297
4.90895891447752,18.4527688834956,53,0.00841622426591236
-0.458310385433102,6.0967487303171,13,0.0021003816762786
4.6766932867515,21.1381024692131,91,0.012974715429785
2.14343607143827,21.1500072659675,88,0.0168532018168042
0.194747772242104,27.4708980472004,77,0.137149937710199
-0.00142693922311088,27.3377780722292,70,0.149812509970559
-0.278110862986679,28.1818360595409,83,0.12688535450752
4.8786985589539,18.6135941017775,51,0.00867140422523366
4.9891520856337,18.5415194423794,51,0.00849258697926693
5.86728290502386,20.2747377146735,64,0.0100724246355524
4.4615357764628,26.7020185455221,100,0.0321026400694056
0.919998262147712,28.1366314630446,76,0.126211000920489
0.516574318200501,28.6984091558623,71,0.133891960521999
-0.412002937305564,27.6062209613822,90,0.115797312994091
9.69555861157061,21.4142919691849,100,0.00687436690887
5.77499223551652,20.9065868090631,60,0.0112843029272056
5.00735647577843,18.413872268361,60,0.00824896730956999
0.842949924261412,27.4648973817906,66,0.145589044666049
-5.28095732545108,26.4851782729705,100,0.025199679439606
-0.734416121548922,22.0437430954518,100,0.022581729414402
-0.520203926562288,27.4217279454776,85,0.119548881203045
5.02262080937649,24.4975358187648,100,0.0215321423810585
9.81245802586372,30.232801824997,100,0.0089437711986576
2.42414410131967,18.567966248133,51,0.0101789113851004
5.4699107809244,20.190173608435,62,0.0104312140311008
-0.770545865585461,27.7941731368912,76,0.131592135563654
7.0050591670571,23.9516759096987,100,0.0134668323505989
0.662575804393915,27.3838743649285,77,0.128735243488945
-0.484893153077617,18.1654434999061,44,0.0100457575323454
5.35767046184122,21.0068920736205,65,0.0120354815439501
-0.102722209243116,27.07285776709,75,0.132747620572151
0.859555849785495,28.2527555050802,85,0.113725224767954
6.2630895588054,26.8211059482797,100,0.01991668419062
-0.134281549291387,27.7882107021601,75,0.144417591576571
-0.905030567330888,27.7195735798615,85,0.114414531964179
4.8740854509127,23.9378744658385,100,0.0203871633156813
0.150780083350208,27.4965920477703,71,0.150224593218745
-0.882809086641348,8.6493036598578,37,0.00267037894311935
-0.143874392413768,18.6889176280666,42,0.0112040901546645
5.8677380254513,20.5097454271752,65,0.0104301650791983
4.50138190535227,18.2078000780267,45,0.00841380722800043
4.92338332254189,27.5684351613901,100,0.0292171821139083
0.388971062484216,27.6931566071742,75,0.141231984623373
0.516327485353609,28.4101310471689,70,0.143495078722215
-0.0708575395473632,5.91385671586111,23,0.0020623086652092
0.429192705063319,28.723719361228,67,0.142266040808711
-0.78180859365279,6.45818376623626,38,0.00215794956810726
5.83259683463314,20.5084281856349,57,0.010561450395435
0.304129858534954,27.0169186499397,71,0.136866939325133
5.34470836963923,19.3082469241041,60,0.00920636311476863
5.41449454424854,18.3254160122944,56,0.00788957066393589
5.15230952588893,20.5948157973266,60,0.0115944512547191
0.322806279585741,27.9225371454328,76,0.140667517223848
1.63029055064847,18.2230779533491,45,0.00990560619424497
2.92499314219407,23.9930494125111,100,0.029922694280292
5.1499398934724,18.297320145962,52,0.00805857859757433
-0.352768506807578,8.34347196424685,36,0.00259357253648394
0.654672562793458,28.0139723968178,79,0.128983583069374
0.290334187258409,27.4286420866078,75,0.139422738064163
0.728479425352837,28.3004934792812,86,0.114618046121578
0.128465924390956,27.8836389255186,89,0.120221129037287
0.542835260095889,28.5804033190692,72,0.134900479400876
4.61957935996589,18.2739330016721,58,0.00833625883125757
8.31092515722437,24.6077234111009,100,0.0111659708205611
2.66594533043871,18.5071337939754,54,0.00991006732158834
8.49815971114648,28.5157024859176,100,0.0121141572510723
-3.74110870200885,37.9194709116895,79,0.00806679378062111
-3.17762942770778,30.0244232934788,100,0.0405224000452039
0.772879587547404,27.8915153317985,82,0.12196223018191
5.36030210450248,20.3912292856061,72,0.010795075050897
5.52721994680742,21.1188932644034,58,0.0120903863771533
3.09840624215064,21.184012018539,94,0.0155071365272334
-0.558990520681925,27.1022255056078,74,0.130046334780245
0.419862204207996,28.6998996376677,71,0.135489580037052
5.72017479056463,20.9687267331758,60,0.0114773560552783
-0.303423897222611,27.6160306046803,83,0.127336762842405
-0.710778227804738,7.85082274327341,37,0.002465952381373
0.248575234466042,28.5918105486376,72,0.138955873895828
-0.624581855071278,27.1821078251077,75,0.128993689058339
4.85516858877914,5.98958818897845,40,0.00197299899798109
5.18012189765339,18.931539900548,59,0.00882035426661479
-0.850888769572768,27.7193672186508,85,0.115671948319899
-0.106854545672804,27.5276410421865,75,0.14237503396783
0.346076195057874,28.503642104592,71,0.142177642465615
-0.520644851868959,27.1692969928784,75,0.13070442611602
-0.0446133655242829,27.0773541322258,71,0.140499545305472
-0.317492128357124,28.6182768039055,71,0.13937452400884
5.24105039695469,20.0509419969713,63,0.0104525649224724
5.46255743241831,18.8007827183269,52,0.0084722540841102
0.569254717712312,27.8201373954155,89,0.11591864353706
-0.796175568864955,8.2150938458671,34,0.00255816115226173
3.74445508998472,26.1768326455291,100,0.0373703839513692
0.088794506714802,28.3359209572871,72,0.146322680527819
5.90487049125713,20.6087665080503,67,0.0105189186924063
5.05445097829719,21.046565432704,60,0.0126761660123942
0.27362965878725,27.2236100152775,71,0.143216415996727
2.71349090924918,25.8085567910361,100,0.046560302137801
0.308006773257656,27.0723268687138,71,0.138537822334186
-0.9617803373364,6.72939224757079,10,0.0022252840568837
-0.905865793738968,8.80036248115187,32,0.00271563143547835
0.576891976587873,28.0245490686911,71,0.145762489333274
0.392145371486724,5.84496830801335,44,0.00204010516068041
0.56897583461338,28.4984342978769,70,0.140237595153635
0.883635277143042,28.080114827173,78,0.124537353853445
2.25180529275269,18.4926383985693,42,0.0102100989681566
5.06381954170004,18.3256830846565,51,0.00815860104081389
1.84276051226066,21.1466003006093,95,0.0169828027750488
0.176474215765542,27.7206422836551,81,0.132416838014291
5.71267410245908,19.2666241945035,59,0.00882589215475207
0.229310111590023,26.9317961295177,74,0.129576627849972
-1.69457754236004,18.348403710476,45,0.010124883695107
0.477104014139838,28.1631586810562,81,0.127880742446613
-0.806581909173847,27.4973389700548,69,0.14116327931813
2.40361774461224,18.2075498392006,51,0.00952634715303112
-0.352830377409925,28.7692486239175,81,0.118343522440448
5.59319940143098,20.073175299761,63,0.010086871643485
0.123622673070671,27.8629976230783,71,0.15346165756454
0.677117800010546,27.7030552289021,72,0.141153030648925
0.383824886332122,28.122603971348,72,0.146699950446914
0.644859042238524,27.9905073826551,81,0.126046908800335
3.59842257427736,18.7487459625895,64,0.00968174972321085
0.249634905427477,27.2119144436463,75,0.135410792057214
9.23638888136805,26.527903350929,100,0.0103103779600945
0.0748944519382513,27.0652883704702,68,0.146195807673773
-0.193550009538173,27.0924177629284,76,0.131069454246459
-1.01007638105874,8.53035406398606,37,0.00263640605851262
-2.39183395672826,25.7381272155573,100,0.0496784325947175
0.181425743329658,27.4835918052159,71,0.149778397114809
0.233425970646996,27.9123599074931,87,0.122577540481523
4.37423652502855,18.1852040926427,50,0.00842740182012008
0.298023996248259,27.2674163312065,77,0.132583093082186
6.05048289980012,21.5608691919454,100,0.0116003948606738
0.67583562806436,28.5804186995918,92,0.104438883364001
4.62094163428495,18.8318812302284,52,0.00917571397700993
4.80655175938083,18.3788884355845,56,0.00836688100035755
0.0493726720696466,27.3649666531434,77,0.136059592298561
-0.592579316096332,27.4955437167778,76,0.133584812705861
-0.0606714444599236,28.5270180040456,71,0.143927407151582
0.903577473343042,28.068384305649,71,0.135862868600758
2.88738887333877,18.2239951534612,59,0.00925802305729635
-0.379165377160843,28.7059878317062,72,0.134077509123107
-0.115879072051423,28.6384384324237,82,0.121677120198088
-0.312386063562397,28.6925642106061,72,0.135323636425309
0.324473209040484,27.1613822908331,71,0.140922920619002
-0.39126806664164,27.7715071054774,76,0.13962303590376
0.501090936994911,27.2866935038308,77,0.130171198447676
-0.0626820023306106,27.5057619828457,94,0.111965900614611
4.30685118609205,8.39387413166112,53,0.00247691431734799
3.57886599981182,24.0319957839562,100,0.0267577424390318
0.630733938677018,27.9590904888456,70,0.14687736842801
5.41430584045959,19.0336311764424,59,0.00876867538522944
1.17364946153212,18.4496547816021,52,0.010410560271964
4.65300819205973,27.9965129651529,100,0.0316758569941048
-0.462278031741646,8.07067328278962,35,0.00252346147882117
-0.322591431405184,18.5891499149832,52,0.0108487355130263
5.58161491044975,20.7992155088569,60,0.0113729990539638
-0.156218549435214,28.0905436728635,85,0.125344912303646
1.56137509541681,18.2507451104111,41,0.010019997642223
5.82886855788569,18.8474456059894,53,0.00823552809337368
2.29917119444498,20.5978422859258,90,0.0147179872657604
4.28232388915691,18.2434400410978,57,0.00851489267500226
4.00554595976828,18.168939641685,52,0.00861430300709171
5.69367150990439,19.1072884134271,51,0.00869183612659788
5.5295912269072,20.8409805645359,92,0.0111158832678831
0.625593463697424,28.5565893587338,75,0.128602744624352
4.39233600420879,18.2816538606448,54,0.00852064516753506
0.936475117748655,27.5561070504677,74,0.128682090441835
1.02450221500978,21.0355552607425,94,0.0172590790774359
0.278835726187339,28.1773860432843,89,0.1179426040522
-1.20872572178976,7.22330191505255,12,0.00232836280776184
1.46822269753036,18.7088785266191,52,0.0108669287127631
4.88584921740013,24.3647128717548,100,0.0217399835530377
5.67556233679435,27.5427122140111,100,0.0236885626273788
-0.176528111381752,28.8126919534312,83,0.115775164221162
0.863643168423455,28.326070707269,71,0.133995251079067
0.128328604303148,27.6984008850039,97,0.109361528049093
2.1980933072972,18.3057607119263,45,0.00984836302580563
-0.412849818581948,27.3399872212965,75,0.136181431608304
5.88248212525703,19.8502507267426,62,0.00944461176488409
2.04676130892963,19.0099128191026,42,0.0114108162463519
0.486290563934176,28.099910437167,72,0.145044326032212
1.17443991754888,20.6591767658887,88,0.0158856328849375
5.25654843033895,20.8212669376712,64,0.0118352351958661
0.853377492812775,28.3430111362641,67,0.141615766162859
4.92087603826274,19.1164378616122,57,0.00932074934381173
6.96401878407831,23.6063902925851,100,0.0130715079676209
3.08536400389491,18.3026574561051,60,0.00927756611356919
1.76070882629028,20.7275202946149,88,0.0157008074504444
-0.0360123418657748,28.6035727336291,72,0.139794425268756
5.44671009711382,18.6595776732093,52,0.00830301608783953
5.8102019166219,20.5600080833635,63,0.0106081243180981
5.29371054011844,19.0747891166243,59,0.00892649794075428
-0.799908614982916,7.17158316031877,12,0.00232124887380078
0.691616420364805,28.5684183918775,68,0.139286618929618
-0.42205180415916,6.25195886896146,12,0.00213110572925638
5.01512957593506,27.273473597788,100,0.0282501923882638
0.569400141037143,27.7156393639805,72,0.143959153660033
0.830964650747868,27.8857314078269,84,0.117756471381268
0.210215302535249,27.315588049394,71,0.146136404187989
0.406883859115874,27.0136596613012,71,0.135410719457084
-0.237620515994519,28.0852020942815,77,0.138741968289861
4.19752915032219,24.8004622417991,100,0.0271086566959361
0.263950460136649,27.9034293692835,71,0.152150260215882
-2.30381859083331,20.6486251623895,88,0.0149186192949234
0.235383825008241,27.5444174830466,79,0.134106153754544
4.56718482117436,22.6280616134741,100,0.0171980021467498
-1.05003870179897,7.87677873210015,48,0.00246194992433691
5.64168767023351,25.9796876870556,100,0.0220897510096102
5.31634219124139,19.2482460324662,59,0.00915347841533307
0.195908547764273,28.0553485811147,70,0.154391036702362
-1.94188802672198,25.8800185150362,100,0.0568273811571025
0.147899376229195,27.7565355634084,71,0.153049440705673
0.518633751651739,27.7593449430142,71,0.147484735443749
5.22369469370477,21.1612023799753,65,0.0125662187063613
3.0140560924311,6.48599943259799,42,0.00212275347514574
-0.106854545672804,27.5276410421865,75,0.14237503396783
5.82260238050721,20.4234017173057,62,0.0103815129491192
-0.0713054382556202,18.1721053621091,68,0.0098439408261418
-0.543623468101412,27.6019647462901,76,0.135800411573137
-0.566423299778686,28.5623215525234,100,0.0979110036734741
0.464084748326607,27.3953518775042,81,0.126049004327567
3.39082794319751,20.3145668427062,88,0.0127957537154482
1.54417732558919,8.81725405803818,48,0.00269717187753182
5.7963583586809,25.948187679574,100,0.0212050745588465
0.0619691120746897,27.5755415415495,76,0.141114154117389
0.812676751824363,27.4060397831739,89,0.109067348018566
5.31220756518271,19.2684212195023,67,0.00911934395838282
0.352994241373618,27.7849724501595,68,0.157942426477787
3.4894448321925,19.0127364325625,41,0.0104741473078587
0.607939487328183,28.2385615114029,87,0.116104034240626
0.239196490295455,27.9484695092628,75,0.143558020012714
-0.281852226437803,27.700542092706,97,0.108621705211649
0.335381869331353,27.2285259970442,71,0.142576010654404
5.16544965755076,18.5065460627066,50,0.00832687379782893
0.462379039926366,28.4368511375794,67,0.150463560749568
-0.425911539639844,28.369955346818,77,0.132604956247713
0.655238398767476,18.8203398806718,42,0.0114589362170941
0.672385856037666,27.5457072697675,87,0.115571383631102
5.86738803528902,19.583155680418,59,0.00911129751295407
-1.02258333532132,7.4615927596272,32,0.00237364995335391
4.28469761031142,18.3378265266027,51,0.00869149861935348
0.674075735030213,27.7321571086887,71,0.143430055889329
0.272571957770788,27.9809839274584,70,0.154091868831818
-0.354863967415852,27.9044214854689,90,0.117249879101346
0.678293465718688,27.7025856495223,72,0.14111832553395
-0.241482582245796,27.0132621599999,97,0.101231244639036
4.55502105007563,18.5313333543967,62,0.00870350079139082
-0.0217389683243626,28.3179162709039,72,0.146842238285758
4.57771980257262,18.697916323832,61,0.00893471870231729
-0.276051302631956,8.34205821779258,40,0.00259083804510725
5.32869391340573,18.8600883123957,52,0.00865676192172147
0.0211450788383093,28.6955598195473,67,0.147111962247514
0.311988704576759,18.1535870467793,43,0.0100465375247369
0.150732430432807,28.0882028464332,72,0.149807475119711
5.23652119082453,18.5018736989467,52,0.00825628756064961
0.585238326735076,28.3920294372427,75,0.132886024296312
0.084348544114126,28.4476708017549,89,0.115579935648899
0.484806969559134,27.640230890292,72,0.145245793984683
4.22407269578862,18.8248650793527,56,0.00943398138220095
0.385124539516618,27.5930935673878,89,0.117354072017961
0.647270252390402,20.5334575288861,89,0.0156454631506114
-0.0840408246325443,28.2898072630896,67,0.158938635895884
0.479973819928608,27.2412865027165,82,0.121717996734116
-1.16482787235684,7.71511437036731,40,0.00242645399172114
2.10132966189816,18.5004206440892,52,0.0101893750421164
3.9380877105005,18.2669541959285,50,0.00881369642297053
0.648285813270579,28.1936669773575,71,0.142211401292884
-0.658759397983518,28.365982628192,77,0.128374099018019
-0.0781695208973241,28.8340573082902,72,0.132389094738403
-0.281852226437803,27.700542092706,97,0.108621705211649
-0.389067032322211,8.21879813959303,31,0.00256424899739714
2.8729820706624,18.7163324301341,52,0.0102057184150181
0.0235030700793532,27.9948609377506,87,0.123161687378899
-0.081387020723021,28.5061487730576,95,0.107255437312692
5.12353162239993,18.6638289994246,50,0.00856576043320077
4.36465278833161,19.1424390356355,57,0.00983587753851674
5.14109634468771,19.3307498311051,60,0.00942497636874523
-1.20314213671995,6.74118387927057,19,0.00222071636737341
0.223633596770874,27.5098697178014,71,0.149824628471067
0.359426226643016,27.3228160930324,78,0.131232167254907
-0.591815068316897,28.2303731419822,90,0.112517486136015
0.369936945501795,26.937268720736,70,0.13528928391896
0.608660897662218,27.9982585582805,72,0.143056536365347
0.645165264788343,28.3082733728045,67,0.148874194416102
0.457028474389012,8.69485334266956,47,0.00267981498281918
0.399576326868316,28.558735939483,70,0.141900978719397
5.78943366505092,20.513500154145,60,0.0105923495363914
-5.20875557188222,20.9039251401114,92,0.0116772902851314
6.25765326405485,26.5402730170707,100,0.0196834248110639
0.0760408900875698,26.8741137849464,75,0.126884359502236
0.885434379339832,27.5806305400932,72,0.133981206985763
4.47268356672104,18.6788861715763,54,0.00903983875000259
3.05254923115004,22.8608325148284,100,0.0226126218993629
0.430709112617647,27.8370411285519,82,0.128417581596705
4.45251522811554,18.520873807562,52,0.00883640041664137
0.997699119098228,27.8947838333353,68,0.138936571040613
2.98351145231075,18.281995995023,42,0.0094549974005607
0.939122451171094,27.7431986885079,70,0.137044803953458
1.88360866670666,18.294171777393,60,0.00980606594108831
5.16205447896451,18.320186105722,45,0.00812483418247207
-0.169437059363624,27.8693536292847,83,0.129369874761692
0.239196490295455,27.9484695092628,75,0.143558020012714
5.61304480269597,25.0333875030941,100,0.0202412769472082
5.1634254999453,23.7643568332297,100,0.0187454144656535
2.54372062787953,22.402371837439,100,0.0216587529469029
-0.606866240912465,6.39948656694734,38,0.00214741596124877
0.601503295448392,27.4432021874012,89,0.113153426343003
0.110678479141251,28.0435562295771,70,0.155123164009057
5.38122664895733,19.9706228537313,54,0.010254267665554
0.813730365516187,28.0831640790928,75,0.131364455360393
-0.337466511420086,7.91189439203659,31,0.00248699856464387
-1.10988042968801,6.51002715295512,40,0.00216446963427976
6.85895134307017,22.1563282851265,100,0.0111741603416406
0.661022901244565,28.1183107780162,87,0.116224486942215
3.65479361670052,18.2764223988075,59,0.00892640649440718
0.991864660930341,27.8084291408904,75,0.126781533402716
-1.0332780400806,7.25687712071395,32,0.00232716030118933
0.669061932842637,28.3950292435688,68,0.144225651549352
0.595863752194725,28.3493087067449,71,0.140958853719565
-0.59592675722241,27.1833098971934,76,0.127947393380915
-1.78108982009896,21.8568745920963,100,0.0203559714005623
-1.05822665194373,7.31639805580234,33,0.0023396672812712
0.891114646212823,27.6737219137761,74,0.131057360548681
5.32227689270649,18.7610955574836,57,0.00849327709975851
-0.436824063053895,27.9068321169605,82,0.128305563662448
0.580780404744144,27.2950227526035,75,0.132294328137234
-0.684512745860142,28.3186855830897,82,0.120790189494986
0.204730558962134,27.6886216598633,76,0.141388515526292
7.28071809742113,6.62946671375236,52,0.00196117703833889
2.37001179583551,21.1524296510525,89,0.0165491579092142
4.95571937613229,18.9712138784262,56,0.00908325904108534
-0.0451177865388556,26.8773788036236,74,0.12868339948895
0.97038848425248,27.8625219601801,71,0.134360646511853
5.69919922298409,24.7729997565137,100,0.019260744361581
-0.875181007721804,27.4588912888893,77,0.12455125942861
0.123910555410944,28.6363798226974,86,0.116046946915541
-0.862872689986866,28.3287744397612,94,0.10241555591563
1.55538948366938,18.4197095055272,42,0.0103452569752402
-0.918579165433187,28.0974045339906,72,0.133323318553327
4.31781415144737,18.5356712235028,52,0.00895169614199604
0.485142547328097,20.9384390238356,92,0.0171639998793721
-0.878636814085666,8.70057856592569,34,0.00268670023177613
0.317319405476966,28.2912139807226,87,0.119238217410541
-0.714320193680775,28.1968526916019,89,0.112058728717034
0.0544778630838905,18.293885547363,41,0.010358598317541
6.13530793225282,25.6329712496649,100,0.0190446567347556
0.503411912726903,8.62978355826639,38,0.00266806702987013
-0.396990490351055,18.4637262261213,42,0.0106869819798632
-0.764603080012311,27.306690917175,75,0.128318017609935
4.8845111605863,18.4230201186085,62,0.00833060063649731
-0.77194850466791,28.156660323633,82,0.120712005264808
5.67671207801313,19.4559881573743,58,0.00912623198491211
-0.467054008737294,8.54855992041624,33,0.00264971844938415
-1.24301254954102,6.74404721399992,10,0.00222527959704998
3.83539805480002,20.6642750265434,95,0.0130026293109955
0.704579572831119,27.7563210869183,67,0.151321655533811
1.45541895575793,20.7954925165494,97,0.0159632279005549
0.881343220154469,27.4234163176894,70,0.135695304892893
0.815559053333418,28.1181580265573,79,0.12449973483394
5.02136342946635,23.1524435269204,100,0.0174557189955478
-0.335709484911928,27.6832092924788,97,0.108161963635267
0.356207587639525,23.338882932669,100,0.0328088737243762
5.86768758911016,19.8716227022974,58,0.00952701473539123
0.342882143660403,26.5574844186062,100,0.0853363501299126
6.49143466771071,27.7467215203079,100,0.0192112485496309
-0.520644851868959,27.1692969928784,75,0.13070442611602
0.921685302133127,18.338195655314,65,0.0101072585713217
0.88684165487605,27.6786943803001,75,0.129520098010927
0.488477793037607,27.213436983928,83,0.119627902577756
0.0403062084808179,28.2733978600814,71,0.149868815589685
0.851071977843803,25.6098136942312,100,0.0637177057984771
0.265968113725445,27.9429754032222,87,0.122273000191967
3.08807550320885,18.295932004804,60,0.00926507170081193
-0.792631761811984,28.279516085855,89,0.109839130748074
-0.0551608807658107,28.5742909862088,71,0.142602689126477
0.76958864332409,27.4837016812214,72,0.136317808929296
-0.589103596894191,7.92405559407727,36,0.00248546502565796
4.79715619278109,18.8514107655178,62,0.00898548049256965
0.78856963479363,27.9257153784176,79,0.126151133981126
1.13355964125159,18.6202496530484,56,0.0107317115231396
-4.09864476037741,18.2114784785814,42,0.00869431367049871
-1.02960805553941,6.396029621009,28,0.00214815310466913
-0.960713125448878,27.674581426362,88,0.109184495499974
-1.20549031076553,25.7133640482832,100,0.0626269770851725
2.74174819311951,23.964438458377,100,0.0306718242725452
4.34695578325574,18.3696665179386,51,0.00869664198564592
3.93481958593601,18.7449658342416,63,0.0094526729826501
-2.15372871255814,27.0946616810116,100,0.0661061605366909
0.17746901868133,27.2536505100616,71,0.144892781142839
2.16883902717531,8.61015853848234,47,0.00262530008033665
3.13440958995974,20.4912087300076,91,0.0134874823302985
0.181425743329658,27.4835918052159,71,0.149778397114809
0.945732512703781,27.5433303448044,67,0.140915054839889
5.24203852860208,18.9026737635265,57,0.00874616691942313
0.17746901868133,27.2536505100616,71,0.144892781142839
0.12408547963371,27.0511192579635,74,0.133820691328462
4.88764339250965,25.8525022408525,100,0.026437493586825
8.48806119142129,21.9571843066417,100,0.00856120358339283
5.14986666759186,21.1926752911428,60,0.0128383176906816
-0.285665102343543,23.959641670833,100,0.0396746032260558
-0.127110624862534,27.5167876069794,94,0.111909377611995
-0.13701759653502,28.1711708984684,72,0.148901842669342
-0.6909141645443,27.2597691238373,100,0.0976550627341151
2.75077125873749,20.8131747275939,90,0.0148936060034422
0.76958864332409,27.4837016812214,72,0.136317808929296
0.982767301567777,27.873613209682,70,0.135740744846871
0.452334725695682,28.2998451911736,71,0.144969872928679
-0.0111328101139112,27.2654392718692,76,0.135941647667891
-0.0858366007745281,28.2601107809355,84,0.12551036900167
-0.265036653057455,26.7027858321975,100,0.0883919246665139
0.127948606538938,27.360878240784,76,0.137594573212002
5.11442544567768,20.884503137178,60,0.0122349383634989
5.79743459140904,18.7104874944522,52,0.0081006134008809
4.73246734006666,20.5934037100078,94,0.0116933585374936
-0.56381798400364,27.0576327118794,77,0.123997656025837
0.263486649076636,28.616789338075,83,0.119885584662167
-0.250535440116699,28.1224465547543,77,0.138274353742597
5.16920784480135,20.5992072176603,70,0.0114470478441631
-0.227114536844522,27.9099881855878,91,0.116891283624797
-2.68420622148698,19.0068589371092,42,0.0110246348632444
-0.515539894595838,28.2854623411609,81,0.125837613276996
-0.00558352884438962,28.0073154309326,72,0.151003331522943
1.58527212894546,20.9757417971548,94,0.0166046442207176
-4.36703866418076,23.8766070220006,100,0.0222968955848449
0.287218790769448,6.63109095681807,41,0.00219393247252171
-0.237656656634278,28.8055323334878,71,0.134243022980774
0.529327595560825,24.6155046252625,100,0.048271964341469
0.108241989039821,27.6919707540723,97,0.109392829681987
0.533082561816179,28.6611908884668,75,0.12779380863288
5.31388061774645,19.0175782053773,64,0.00879131651777272
-3.96338158487393,24.4054118406306,100,0.0266296602880469
-1.69516145263704,18.3785747648642,44,0.0101941546199656
9.68575326285285,26.7243733698683,100,0.00952314994504603
0.655389935760231,27.5777709166188,89,0.113495934542997
4.96047542646341,6.02094942087589,34,0.00197665404050647
-0.0606714444599236,28.5270180040456,71,0.143927407151582
0.631104949099433,18.8482850202197,41,0.0115430022269334
5.43493668435516,20.7510191971746,60,0.0114949509854932
-0.826104151395156,6.27252556906573,13,0.00213239687237131
0.154187567847106,27.687281536358,75,0.143780751843444
11.9330131989559,29.1836585228312,100,0.0064915419179573
4.61646644173082,20.6919814904768,100,0.0119601531947624
4.62018292856701,20.837435947032,90,0.0124098957668954
0.0611525730920141,28.6371918990253,89,0.112273168730775
-0.865496582482721,28.327911749116,89,0.107899648151486
5.71450017341061,18.4431801050133,58,0.00780906617522423
5.83132930581426,19.950007190179,60,0.00966249495193797
-0.59267486906629,28.6535890864945,88,0.108931425994785
5.02315551966744,18.3762374413523,45,0.00829199191807611
5.64623191889296,18.5976701663703,59,0.00803247804870148
0.608810944949947,28.1097149633574,79,0.129309352457276
-0.0221480577455473,28.0715193591696,72,0.150473018044937
0.729395154106648,27.7010482014583,78,0.128887947729863
-0.734898628602779,6.23637861349289,13,0.00212596096542002
0.494925377474385,28.4371127239806,72,0.139322619385938
0.324013302478084,28.5330837690443,80,0.125669751134732
0.706216412360615,28.437711426147,72,0.13455209153033
-0.948992977947303,27.9120433875573,90,0.107478700205265
-0.0709396087299907,26.9679786659126,74,0.131510757975842
6.0425464019328,29.1180873419847,100,0.020836353335958
-0.541400404107441,27.197810223502,77,0.127644672554864
3.90624073260553,18.7181918472634,57,0.00948272056833097
2.27104308945898,18.4018441787584,60,0.00984845921975986
0.1790560654898,27.0077965766866,71,0.137714120276296
0.557757682608841,27.5243426169621,72,0.142336787595621
5.78265457090666,18.7482015772573,42,0.00822453061518702
0.372200234932053,18.1523152677929,45,0.0100197720051256
-0.377119380116024,8.48589317041626,31,0.00263471898165531
5.90892509767576,19.4406560137243,59,0.00887921574908557
0.569563023942016,27.7457580659726,72,0.144118444097481
0.311753711996889,27.528985915056,71,0.149062834460312
0.501620219068072,27.3780996450581,75,0.135390486197629
-4.6526736917268,21.2515122787035,90,0.0132913650576132
2.04890214348629,8.45441622643087,39,0.00259320198506694
1.66349947703578,21.7585096846576,100,0.0200354643578022
5.00282807442219,18.4720791281626,51,0.00839027878675814
3.91072205271601,26.4677065245793,100,0.0368505042891566
5.72595447654559,20.9522056373592,65,0.011373685029595
-0.542656574012534,8.41424149678041,37,0.00261041356325949
0.689710450996332,28.4071439312016,70,0.13937833450881
0.93007149744266,27.8319692041449,75,0.128751670436966
5.47139209176683,19.6617852536465,59,0.0096183330040923
0.915051213873307,27.7008935682217,80,0.121006361379345
-0.710656352582383,28.4954856540086,75,0.128068761549417
0.981874322745911,27.9897536727077,78,0.122225570606156
-0.558904049091074,28.6613471470851,72,0.132388047892955
0.657700404138785,28.0338906306861,67,0.152360532552276
9.3559742577076,22.6230101005112,100,0.00800805531214296
0.623204919292736,27.4804502561868,89,0.113194109488814
-0.90115411306876,7.30483895683197,37,0.00233656581838289
5.24028494713931,18.5335291198662,61,0.00823264144198857
0.164893051705078,28.2394044721556,75,0.141418686635047
3.36674800961938,25.3874381259903,100,0.0365554970433463
0.585184058829989,27.5097587764271,67,0.152277080231084
0.803024054889676,27.5481930172384,71,0.138048263343245
0.482033676058186,27.276011250771,76,0.131998490863141
1.1850066453468,18.2322931136442,62,0.00987929700101109
5.66192814974569,20.4472185507773,62,0.0106240479127016
5.52521098885865,30.8896676472893,100,0.0201611455458338
-0.72287545684804,22.7693122615523,100,0.0275093826201617
0.692565977785946,27.5889234147791,76,0.132366148952868
5.27689293695758,18.3453945257738,54,0.00801938552145522
-0.225146625244384,28.7289841852387,71,0.136898567485179
0.126262625673307,27.8274008496486,70,0.155809666018075
0.257407517609713,27.0474892851046,65,0.150842258983468
5.5992865107299,19.6004813827842,60,0.00939028218966563
5.70966312857959,18.7307321918962,57,0.00815877974745749
1.31061714927874,30.4835757409642,100,0.0540675437727175
-0.540814173873056,28.1277758388133,77,0.133967022623986
0.214067096288853,28.7614172693671,80,0.121107140049357
-1.97548329045568,30.2186348501817,100,0.0516505856046053
-0.757184579230099,28.3911095981541,88,0.11043506722681
-0.0505428446610793,28.8160671952418,71,0.134857080760022
0.849806020120699,27.3663444839568,70,0.135720426808297
-0.030106169698357,28.1208824410009,82,0.130389609164979
0.578002497439813,27.6580137528501,76,0.135567741496441
2.33678932674399,21.2132899122019,91,0.0167625573417368
1.84447712419107,6.20265796640594,40,0.00209469229175697
-1.00013352669224,8.40736698129871,39,0.00260244337832974
0.175784914706307,18.2528586009002,51,0.0101674774751078
5.24471321301115,18.6983765391042,60,0.00844837158752725
0.523832731110829,28.5986103218245,89,0.109659680234533
3.10102720108483,18.4514420282356,59,0.00952729490338202
2.65239632143511,18.9987556977102,64,0.0107666084621007
0.341441239222303,27.883740565597,88,0.120219926686147
5.82757890375035,20.429812300488,60,0.0104071559905154
-0.145781458125695,20.2911335349391,90,0.0148745997075809
-1.01602819241692,7.92824695414481,38,0.00248103647088562
5.71401546684309,18.475141966857,58,0.00784623085938367
3.01537782552546,21.7508215621929,100,0.0177523201361651
5.44799207092223,19.5688866007379,59,0.00950166863069918
5.83097032934276,19.9390730449267,63,0.00961891058967628
0.102369889000708,27.8830632680114,76,0.142613558199993
3.92498822878296,18.8464827138604,42,0.00982585586021759
0.657536908508872,28.2195827540168,75,0.134016507402301
0.788946058107996,18.3837674498327,41,0.0104771458355751
0.409047735306975,26.1934149057886,100,0.0778213360006526
0.380358579259023,26.2903818425484,100,0.0799152599423187
5.40397286102176,21.2271167070515,67,0.0123738703138109
0.519519143368496,28.3731606583801,67,0.150762089317787
0.596126397096138,28.0626517135049,81,0.126631407167127
0.295584667759864,28.1228833473496,79,0.134105247490546
-0.857519560821811,6.07471896607719,33,0.00208512022166306
0.249634905427477,27.2119144436463,75,0.135410792057214
4.79036438688105,18.8674483879438,59,0.00903858372515618
0.0748413593667466,28.3340715138368,91,0.11454524264126
0.66428435772155,28.5882664762332,70,0.135669611574964
5.36078358333618,26.1206838539515,100,0.0239989316291457
4.39740832540953,18.8701595270934,52,0.00940931591223343
0.59770500685968,28.3375337985905,84,0.119259004237988
0.14391691459165,28.3681448008179,72,0.145376964788774
0.644672303169167,28.0123323674566,71,0.144104001417744
5.92622426372479,19.0650933194037,52,0.00843218269858045
0.222760279892089,28.5964002963046,71,0.14102206224805
-1.73327537772905,18.7693013494438,42,0.0110170360486299
0.640770802776413,27.7555821837213,71,0.144451267850191
-0.912181542292656,7.30404803334987,39,0.00233518802035666
-0.398516912317554,28.4102840632366,72,0.14161758897794
4.37349203516289,18.7569727425181,54,0.00923224318149589
-0.209932354300499,6.38212059201775,40,0.00214455382226351
4.48992318207273,5.92290320813858,42,0.00197413548775309
-0.783117698569017,27.2676525402001,84,0.114069121573556
0.751362001695372,27.3777149090265,80,0.121961076503749
0.46367093928125,27.2979259071574,70,0.144231281074185
-1.21371061616103,6.57405722330554,40,0.00217619301512427
-0.0840408246325443,28.2898072630896,67,0.158938635895884
-0.932883154599757,8.70801419231909,41,0.00268299957077135
2.37863447484669,20.584548665173,90,0.0145966059318484
2.26215018307807,18.207944272295,63,0.00947828127957489
5.04556243914071,26.8851518110611,100,0.0275395300902589
0.746597247003206,28.2690541223335,70,0.140356328590961
0.257442188299035,27.7048018718856,87,0.12207406709427
4.34921609398073,21.0530284410454,90,0.0133034683755086
0.652855021636302,27.6873347143898,72,0.141694012086566
-0.481274164932734,28.5503624358661,82,0.120372861206984
-0.741502930827696,27.4666648941525,78,0.126478009955048
0.54326493236536,28.6831619800369,72,0.132070745800988
5.73757299604256,20.8912089741386,64,0.0112610054462876
-1.07646948385558,8.64579285670741,31,0.00267098987773916
0.652855021636302,27.6873347143898,72,0.141694012086566
2.72419842102033,20.8372427609189,98,0.014823877218224
0.63678523871124,28.6194593100643,85,0.11259488152561
5.65295015544202,19.8178787448695,63,0.00962904698234844
5.88679118058923,18.6232752134947,52,0.00793051439142616
-0.900828331500335,21.1405075915351,90,0.017895272961743
2.83149040725141,24.4943420558568,100,0.0341829959870287
0.692565977785946,27.5889234147791,76,0.132366148952868
5.61242537911323,19.4706912669399,60,0.00919104506730269
5.11182140356003,19.3653070664741,60,0.00950457205257718
3.33965535335634,18.4967939363258,65,0.00941202438741387
3.11777342325238,18.3301243286961,54,0.0093577236355952
1.87518442676655,18.211237549638,64,0.00962095532750817
0.690442221741571,28.2439026629769,69,0.14442217538326
-2.12134719569608,20.3580628422746,90,0.0141445281050848
-0.310575906660211,28.7292520042593,77,0.125771773384549
5.45132192512814,21.1494849177169,60,0.0122450713773888
2.99517045138309,21.0430350303016,87,0.0153704492212835
-0.106854545672804,27.5276410421865,75,0.14237503396783
5.32823096220547,18.5227774109216,58,0.0081767586602918
0.473547364550018,28.2053054340509,71,0.146121261209056
4.26266484317922,18.67751289993,63,0.00911476681837929
0.0854101725645948,26.9583588105146,77,0.126207144824798
0.820579617728,23.6133159464671,100,0.0349416098674092
0.257809745556769,27.3622815329506,69,0.151139108617423
1.8676583042567,18.5537087796548,66,0.0102438858186138
0.216574638318429,27.5939440045921,69,0.15577902510321
0.691616420364805,28.5684183918775,68,0.139286618929618
0.308006773257656,27.0723268687138,71,0.138537822334186
5.26002249500143,18.6559954250394,52,0.00843844212938489
-1.74891249048919,21.2186803670307,94,0.0173963759124019
5.37790093735206,24.8277614664048,100,0.0208225816051662
3.79482793674961,25.2905517229289,100,0.0323518478474574
0.106167416352424,27.1725935000695,68,0.149555080804876
-0.534992645995447,28.3388502000754,90,0.112166313385143
-5.5757035724619,21.2421089174741,95,0.0117230118919912
4.29117715326116,29.1773837250084,100,0.0332806978790172
5.65329453556034,18.9240149234394,52,0.0084792718217195
-0.10063335542048,28.4367892286789,72,0.144042637027433
0.603188474524808,28.0806761259878,71,0.144655198487453
5.84163066744579,20.5971672636699,66,0.0105940799910882
5.02002760977353,18.224705519962,50,0.00806683259541765
0.106870229325321,27.0853290522808,76,0.131329206519433
4.10419439754992,18.7096627890794,63,0.00927672187499215
-0.121036874687545,27.9511702334368,88,0.121599202650445
1.10776746126642,20.6448893651257,92,0.0157719243427163
5.58100578782561,20.6561285128765,61,0.0111034378922767
-0.909108581635351,6.46936120393467,31,0.0021624437456703
-0.286579605744531,28.2128683918882,77,0.136859315061393
-1.12115472045137,26.7144255329172,100,0.0801721353427296
5.75044660602528,21.3669344576459,100,0.0117447280233192
5.65541880480834,19.5330903306089,57,0.00926416857158781
5.58039972567595,20.0841980513668,59,0.0101601053174333
5.6109625303465,18.6616785398696,53,0.00817556178247476
-0.0385377079710937,6.40804800501367,35,0.00215219575108693
0.692565977785946,27.5889234147791,76,0.132366148952868
5.89556011938967,18.6759441055853,58,0.00794734332735761
0.76958864332409,27.4837016812214,72,0.136317808929296
0.189225326084649,28.4496501173966,73,0.141182363404493
0.900157481752955,28.0674482293054,86,0.112945763502682
-0.290440955843866,18.3469300058627,44,0.0104267273829818
4.10314543738585,5.86501592061775,57,0.00197133486065224
0.79050132285194,28.1307198676169,76,0.129895197509186
4.60004129546111,20.9429702295618,91,0.0126544190523907
2.1436015507237,18.3949679654138,46,0.0100294611873514
1.7074139222889,5.86879422800517,35,0.00203672729814605
4.66064623609637,18.5000886166746,60,0.00860187682046041
-2.05727477301311,24.8699988339599,100,0.0433259084576881
0.14391691459165,28.3681448008179,72,0.145376964788774
0.213313128654767,27.9277751070399,71,0.152650082308906
0.214518380261188,28.6164098017428,84,0.118802857284281
-0.898240844579926,7.00315947105339,33,0.00227238030593621
-3.45098562490882,26.5616563233772,100,0.0425546247807552
4.3821573513771,18.1556672044398,47,0.00840319440981731
0.581435175446319,27.1514702819761,75,0.129151679291424
3.79877644998198,18.81094761691,61,0.0096768495479896
-1.87580093587433,20.9503187832528,86,0.0164526715420437
1.43424384641475,28.3438242900256,100,0.082028081301112
4.92899430783998,18.9246635978949,52,0.00906961142796683
0.925862451268749,27.8698195669507,67,0.143713367381767
0.131574484639926,28.4908383784003,94,0.108522119359815
0.491764211390496,28.6667012302476,70,0.137143985658184
5.73734924608782,20.4792453349716,60,0.0106031092002319
-0.225146625244384,28.7289841852387,71,0.136898567485179
0.792263765401031,27.5533307983563,71,0.138437288410322
-2.35765572104002,18.4304593990273,39,0.0100705864279937
0.657536908508872,28.2195827540168,75,0.134016507402301
0.223633596770874,27.5098697178014,71,0.149824628471067
0.50388802324929,28.0190619288011,73,0.143270329575306
-2.95699569426024,20.6066332928328,91,0.0140106883816543
-0.592947207896858,6.20883488548808,32,0.0021129183725587
-0.100343072089636,28.4023283652231,80,0.129805228247569
0.58092042611131,20.5481012574911,88,0.0157429727282608
-0.518674586629732,6.27479650029023,11,0.00213563693646495
5.86653680251503,20.1524559449866,60,0.00992629327528202
-0.187434415814301,27.7151227221705,78,0.137788861472145
0.424924911498172,28.0872200032778,70,0.150769753635969
1.00042348383422,31.0862166711533,100,0.0469431797592234
5.6739844514063,19.3297242328322,60,0.00893800513649574
5.62936179794522,26.8938557675943,100,0.0235147284495718
0.512684922395341,28.3630865546595,71,0.14253745067378
0.494925377474385,28.4371127239806,72,0.139322619385938
0.806130824255303,5.84376833524248,39,0.00203990162365437
-0.224390963743447,27.0322156160607,79,0.12439937337248
-0.743867633294879,7.8704951186394,32,0.00247350841332082
5.11908127140224,18.8077391353554,49,0.00877410070884314
-0.105157176177804,28.1300953640125,89,0.119269922291686
2.11309414966328,20.6579083024927,89,0.0151162225912167
5.66977052900951,20.3123573616872,66,0.010348446377103
2.12496049152517,25.572793846628,100,0.0508817204950422
9.47469724235425,21.7313809681894,100,0.00728618644433042
0.581114109024641,28.1641016951509,83,0.122994855107284
5.06903142770157,18.8642745718367,57,0.0088306934253751
4.72584968095139,8.60328202768132,48,0.00250687235802703
0.711293764828081,27.4394261392573,67,0.147386929055144
-0.25377288314852,26.9801909603374,71,0.136209336955027
2.06928656102767,18.5783413961366,64,0.0102296479640215
0.757176006498927,21.0674861691113,93,0.0175656320997361
1.2326390806881,18.76469197785,57,0.0110050338519416
0.581435175446319,27.1514702819761,75,0.129151679291424
0.955321379285608,27.6863682062368,73,0.130817835456393
5.80308960850814,19.2504303407816,63,0.00869392707606844
2.26452458497513,20.7872397820185,94,0.0152740569033521
0.833390982884759,27.3237551509321,76,0.125243819441088
0.527600150411106,28.3643686489885,72,0.140203203879395
0.430476183693673,28.4881858022961,85,0.117933204984892
0.368319146481954,27.6565178093214,75,0.141271502783843
-1.35412342451732,18.4964353634605,42,0.0105670113872548
5.75130811498636,20.2307972774235,65,0.0101314929544505
5.68524196852264,18.7330083287383,52,0.00821372019452567
1.05649381340927,21.13537209734,95,0.0176197726882489
0.594305453551946,27.8848627147667,70,0.148043811142827
0.430458766332179,27.3378286514978,75,0.135864954869806
0.295584667759864,28.1228833473496,79,0.134105247490546
5.94489293403824,20.5553845487088,60,0.0104582585184181
0.714979743085601,28.2006365171793,69,0.14435453433858
0.613976829835482,27.5217919240495,89,0.113724375133012
0.257986316162063,28.6681096579973,87,0.11339665304643
-3.46144460991465,18.5375704712141,63,0.0094238864246747
0.26968162166409,27.2449367854501,73,0.139790682440511
0.597616668166724,27.3216830475579,71,0.139874561417635
3.49046492275005,22.4102281776477,100,0.019305828426706
4.18200728876539,20.7389175289628,87,0.0128505630506607
0.344181815263348,27.4156484764172,79,0.131267891726753
-1.88436157611239,26.926750909234,100,0.0698076357187579
0.110753729443746,27.6331474156541,70,0.154672086590286
-4.66489990405163,22.1543337851861,100,0.0155688011894411
1.17828508057884,18.609276061724,41,0.0108709697039445
5.11865475598929,18.794299622288,61,0.00866468853955354
-0.113224229788997,27.8128826018056,85,0.126323910043126
-0.1309700903706,27.2309632329721,76,0.134854553452922
5.61631112284648,20.6652070211638,63,0.0110464549562354
0.128608035511856,27.4142204169032,71,0.148867946893292
5.91803925397118,20.5556857265492,60,0.0104937024799452
5.09152203758999,19.0322539466146,67,0.00897057965241239
-0.429355026126417,27.0411439950535,75,0.128900924838911
5.84836842832826,19.0231625683344,55,0.00842346788007794
0.343245699531591,27.2098162721025,73,0.138061193672822
-0.461111846468704,28.3290750179924,72,0.14219698911622