4.16554533250928,18.4937550249309,60,0.0089283750672383
-0.247178780137363,27.3375000339567,76,0.136306701206347
-1.01195512440232,6.77578711779158,10,0.00223453102437925
0.278038994611673,27.9413149742179,75,0.143169695323999
-0.705622444881274,27.4077671497623,74,0.133252727624519
0.638445553689872,27.1714224621654,75,0.128461142883135
0.645180779026561,24.3154499974368,100,0.0436874765842676
0.710576749192347,8.87610669323442,36,0.00273641949596006
5.33752284445517,19.0234204022281,61,0.00880303927219328
-3.2278334279964,18.5321489312701,42,0.00975117253686722
-4.00697461844044,21.1779674278338,91,0.0141396874368804
0.497727740140057,27.8182801285188,70,0.150362868693504
0.130926965925649,28.8198972186219,83,0.115778614477564
1.23718106864864,20.9292412734639,92,0.0167548629985402
5.1984035234292,19.9078858065703,61,0.0102795868078701
0.654051265191705,27.6593062476469,71,0.143481109718221
5.83240248402641,19.3316188748177,58,0.0088127247842888
4.19621778756576,18.9724889483638,64,0.0096228734709176
-0.184156682006857,27.3325574454884,75,0.138611388078255
1.50771294697523,20.8710427570492,92,0.0163299974966209
0.647047620005444,27.8785096799637,71,0.144509317660565
-0.474742533733231,27.2108910419241,75,0.132462108433705
-0.353365426390067,28.7954547687873,72,0.131602630928116
0.374736280183974,28.0500899463883,78,0.1355547469798
5.50587784849567,21.1905099424805,60,0.0122377640228447
0.915684401038561,27.4959533315424,78,0.122355452476221
-0.97283167075848,27.8707360399967,87,0.110527871315356
-0.388794967839393,27.5903708033065,75,0.140340450617184
0.376007205436348,26.9737199527926,78,0.123000235663608
5.56605942424154,18.2662432049957,61,0.00768959269730753
-0.495537674230927,27.3898489210772,77,0.132121983723185
0.250032532281687,27.8652291136638,73,0.147851739053973
-0.0780970639726019,27.8599768656833,76,0.142712376722667
2.84208409140211,18.2831163935432,41,0.00954027216733305
0.533848132463871,28.5841666855256,76,0.128063553063839
0.402134191816215,28.0467616514982,84,0.125044832242343
0.948959336878587,28.0263789481144,70,0.136448058710235
-0.827015574388928,18.5521353468392,35,0.0108998590969195
-0.667269997333467,28.5083205239399,72,0.13395904813425
-0.91626493475462,8.58291428733719,37,0.00265185713940187
0.584687282190114,27.5858467051536,74,0.138529129726956
0.596309988335306,28.1196006164134,71,0.144438997447641
3.89532631092848,18.2432184095275,52,0.00878882713159195
1.39873382610795,21.1328843944285,88,0.0175659963810841
0.406676312217696,27.4226242884291,72,0.143703646749206
5.72147777735481,19.646085996716,58,0.00935235034072032
7.23871939626653,25.0783831474917,100,0.0142766736530156
4.74120023301231,18.174074739147,59,0.00812208677279069
-1.18757296759834,26.1849491622898,100,0.0708151789176219
-0.112370645740321,27.9210852031806,83,0.129580523827004
-0.0990471783441262,27.1528978535056,74,0.136751146885689
0.576874897769507,18.7324449343617,39,0.0113034446783209
3.75319467436347,18.3085955138699,44,0.00903828932842878
3.81197735441374,18.3988554323197,51,0.00908522563907076
-1.57607185368583,18.8111033676088,42,0.0111744455366282
-3.14493272449495,18.9835005972604,42,0.0106603235257716
5.52466068111724,18.304582169628,58,0.00777892279880364
0.103974630507803,27.5578919451592,72,0.1491685006282
5.23167527585487,18.3697180615199,61,0.00803468836035776
-0.379343774095816,6.68570944668033,31,0.00220971124823449
4.3529507449446,18.3814238336072,60,0.00864184621190969
1.20520214186212,18.6297896117793,43,0.0108845776335784
0.621377410009776,6.57437777874612,13,0.00219434221428972
0.419462358804227,28.1888226225718,72,0.145258856442312
8.70896892043472,23.5289997599251,100,0.00956796720471439
1.18876348414267,6.06832569326164,13,0.0020896672552609
-0.863535737571958,19.0093808052743,41,0.0118903194015139
-1.16289045364057,7.85858678267519,24,0.00247060425486912
5.50067779339039,18.5584065176831,50,0.00814988697922082
4.31082834262779,18.6950046620073,54,0.00918239635150361
2.69165694436793,18.2561420399368,52,0.00946935241006595
0.943591629441179,27.9770559551205,70,0.136896671910137
5.16473839153201,18.4882386947327,58,0.00824887879562067
-0.112972888097771,27.4645465358544,76,0.139448129871633
-0.330818528811581,27.9575477358611,84,0.126267139739078
0.176633944722698,28.3106813289334,86,0.121444693375761
6.22378750025878,24.0527439159694,100,0.0158375345258262
5.49522227325717,23.0049863920346,100,0.015703116689523
2.43894891499507,22.2005484061394,100,0.0208799421008114
-1.75143782462868,18.1900729534598,44,0.00981354996433547
3.36207674159617,19.0331677074924,52,0.0104888490103164
0.338988997331954,27.8020865304652,78,0.136622993291105
3.29630014904178,18.4763330909667,61,0.00943903861906666
3.58351925234779,18.4749398208117,51,0.00935058664144666
1.78272462409224,20.8447179955523,75,0.0164444937172039
0.104043836464552,28.7839039977099,83,0.116779567990968
0.746993370489378,27.4558184180814,77,0.127822278922746
-1.22892462696627,18.5211283776063,40,0.0106781863937947
0.603648277176699,29.7496751017371,100,0.072298244974044
-0.325823489587178,28.52346233245,84,0.119822112356138
2.65097865193365,20.4512365614043,89,0.0139398514536249
3.49920925281954,29.29844472198,100,0.0413034800044615
-0.595754138685845,6.64720086690489,21,0.00220560081752457
-0.809292245964022,29.4140557170072,100,0.0771176283090997
-0.480317718532878,6.30305044328651,39,0.00212862398064557
-2.53515329148964,20.5655805332399,91,0.0143565562248929
0.361698848275986,28.3330676728252,85,0.121146754649025
0.376007205436348,26.9737199527926,78,0.123000235663608
0.216020448411975,27.801930308719,82,0.130698760512435
1.97020105149284,22.8650262713981,100,0.0258099141896106
0.398116305776395,27.4963098151917,70,0.149417253205738
0.540437161347785,27.8753454071825,70,0.149403772701001
0.776790943176152,27.3943490198109,71,0.136567480781677
0.42440134110657,27.3600469411501,74,0.138268471938034
7.00256792625433,26.9661905809048,100,0.0167397458597399
0.355440327708166,27.0038261407432,78,0.124031175754978
-0.129694059653668,28.2883022880919,84,0.124996775554769
5.60418633025872,21.1478012491725,70,0.0118514153917726
-0.348343319708688,27.1945274162004,75,0.133925407164721
0.239368582187821,28.2274546954219,78,0.135273815878583
0.365794159724482,27.5080111257852,82,0.127233375009899
0.662974983420884,28.0801407507515,71,0.143093139743625
5.21035809485003,20.109754876654,64,0.010578172514536
0.324009795132556,28.168739983715,70,0.151502728386115
-1.52108279784502,27.2880947227013,100,0.079724576940352
-0.495537674230927,27.3898489210772,77,0.132121983723185
0.28558378301055,27.1189770678831,79,0.126047675809944
-0.517356459813748,8.1439629409173,33,0.0025429795000494
-3.90868839310379,18.1597311073033,41,0.00874140870139932
0.106393076029418,26.9049666278584,73,0.131117102267479
5.04876783721871,18.3068786484921,52,0.00813823300097218
5.79294857104888,19.8807739895108,60,0.00960181068399553
6.0881519597166,8.69051940316732,51,0.00243556137921363
0.494925377474385,28.4371127239806,72,0.139322619385938
0.645755611898422,28.5194430402591,73,0.132428631491719
0.484007159721012,28.6343713790504,85,0.114508166114144
-0.76774162562843,27.6300910268518,94,0.10588896064133
5.1892827481641,18.6746714670709,59,0.00846577911273031
0.0636823125252203,27.7042372112483,75,0.144306308433366
5.42975206006077,19.2489167254091,59,0.00905344047596215
-1.18385495084296,18.4307789730303,42,0.0104782232016249
0.591778928842361,27.9347250745144,75,0.137805527287307
3.54041705015435,18.4603972216192,52,0.00934480593167765
0.287116842081222,28.0244347335352,72,0.149029742166229
-7.42161376432111,21.0114271915795,91,0.00892847351270968
-0.655884075294967,6.32619432781584,29,0.00213680147795947
-0.809104179514089,27.3489851370546,77,0.124718599412393
-1.11129873488121,7.01492870597059,33,0.00227270401570315
4.63077146878105,18.9135537993812,56,0.00925874001219786
-4.740817028807,29.0401084230698,100,0.0296155134632076
5.5141002660141,18.4516144994644,52,0.00799697560895805
-0.419801059553284,7.24859345057062,21,0.00233613062322321
0.47716201104108,28.3207194540628,72,0.142049311440903
0.0500802016801323,28.2093425859003,82,0.129455093647364
-0.0535018047342938,27.3595360549301,78,0.134127996364747
3.36802668050688,20.5449024609655,94,0.0133025889854437
0.438611543621677,28.0410900327344,71,0.148682797253983
0.3470106125194,27.1482792245627,70,0.142253108025515
0.452946870457041,27.6852519782475,76,0.138176299160236
2.28969894906262,25.4968620432035,100,0.0482299968719841
-0.523663283827618,27.3900238990991,69,0.147118020115561
-0.834168003134782,8.67364578538715,35,0.00267909448421486
0.688272523221871,28.1902384153005,72,0.139218337203675
4.53853028486214,20.7101950080724,90,0.0122494015950679
0.686683574507658,27.3367083432425,66,0.148199450607928
0.379762325179093,28.6252394618886,79,0.124549735852742
-0.00444816796547709,28.2558458042709,83,0.127279303861416
-2.01074908887062,28.1582921666353,100,0.0712638785283781
0.516015818604314,28.0891323420683,75,0.138519327444772
-0.0754659461272218,27.3448571759669,74,0.141375888107491
-0.232803295005658,21.1490304327177,94,0.0180476429118608
0.384047541489127,27.2262361234905,72,0.139826560940404
3.58678597252832,23.9654135263214,100,0.0263549998339407
1.70937869054579,18.2498689283352,44,0.0099402246725042
0.592859278098152,27.3018181871747,70,0.141534199588734
4.3529657035502,8.77396710384517,47,0.00257153274348762
-2.20527910004145,18.98135056273,41,0.0112718454989368
0.309911445409179,27.3677910138148,81,0.127542352407992
5.89701054202046,18.8583323161519,52,0.00820156132677942
5.53615633580403,20.2687824076904,63,0.0104717113418518
-0.15884273768776,26.9994899002728,74,0.132120695424918
5.69714075855094,19.800190620159,59,0.00959335112816078
0.503278239931063,28.1320743130709,78,0.132843715512039
-0.483877796257735,28.6887606916664,84,0.114679750806649
0.8865316876419,27.9777885178208,91,0.107520835362541
5.5345519016694,18.4486910883605,51,0.00798541786552646
0.183063996437976,27.3322650388936,70,0.148935355368888
1.86746780095176,18.6059821743624,43,0.0105990414028026
0.0529332442617062,27.7731922398731,96,0.110968657076309
0.78122419931252,27.3173886103249,73,0.131456468509176
-9.88040925770624,19.0331020561286,35,0.00555680794379039
0.0168826830122206,23.4861173543222,100,0.0344317686436568
0.818286883171183,27.8605728773459,79,0.125461166036144
0.451875647457982,27.6578505404102,74,0.141913274672969
-1.01631852639722,20.6874323913012,98,0.0158234462656968
0.540437161347785,27.8753454071825,70,0.149403772701001
-0.773107154790835,27.6801244490011,86,0.115854772151703
-0.853351556814732,6.54093445804693,10,0.00218730095906629
0.698071526002661,27.8242075418753,71,0.143068169546842
-0.548625471097345,27.1433079463048,75,0.129577146668474
0.319155545542886,6.44002103345417,42,0.00215484129011455
4.76331289339391,21.1025918944533,98,0.0126471149400722
5.52922543429034,20.3029412346908,68,0.0104820539362248
-0.900692146655569,28.6179428710207,100,0.0886143655448543
2.09411811892634,24.996203217222,100,0.0444548327317058
-0.861697525137564,28.2199197321613,78,0.123882321035761
5.76045504329317,19.9607333963124,64,0.00971800488933251
5.54177726360478,19.0787676478537,63,0.0086923232897003
2.01145603671101,20.3557757397565,90,0.0142290247371542
0.705853788117986,27.6281376831778,74,0.135988475999807
-1.09909958243732,6.67879430051931,35,0.00220116516206572
0.208239842264256,27.30431807407,75,0.137845073551049
-0.737956869341555,6.71842789743897,24,0.00221796420121259
0.382688902116073,28.4421585090453,82,0.123687030661509
-0.0763664058119584,27.0912004988035,75,0.133337135591225
0.478168330168378,27.6190942625178,74,0.141077999020342
1.85418847504358,24.8379474862399,100,0.0444853969533441
-1.28582646109936,18.375871996567,44,0.0103170985640212
0.0243071638140864,27.761500420433,71,0.153573549552474
0.730160861236862,27.8032550366581,82,0.122887915452627
0.451024051592749,28.1530814847215,69,0.151754357240034
5.76770201402539,18.7046885560102,57,0.00808343768391465
5.35599767663556,20.240135806047,65,0.0106192199243978
8.64351719499431,26.5367254615939,100,0.011578668416432
5.29206242629101,21.2200093938961,62,0.0126242203797518
1.01281745524279,21.0442444380065,93,0.0173315722562164
0.424396786007007,27.0239220380761,82,0.117893846729108
-0.47205153050157,28.6344047240314,72,0.134741418947684
0.975854744873633,27.7169947163606,83,0.115285762791537
6.54183700151366,26.691188749018,100,0.0184960350949084
3.65942504512712,19.0005431364646,54,0.0101828570877005
0.00520142087321307,28.6237018676841,82,0.122213805972567
-1.24295819400306,7.40831383420115,38,0.00235533552570204
12.3678073459803,18.8602141965715,100,0.00410034280673318
-3.23228381308736,20.9840839749324,88,0.0148271432434204
0.602437663768548,27.669876335566,67,0.153833147431806
0.1925202632616,27.0669336010935,77,0.128717026429392
0.948955091283036,28.1733224731812,77,0.123473346485213
-0.649746831174808,27.5689969896575,75,0.134978734133524
5.67061518167747,18.4277392584308,58,0.00782180472386191
5.17841194651422,20.7920855740813,70,0.0118077925705801
4.95733817401135,21.214471697124,91,0.0126974977918688
4.76057959835657,18.481223970643,59,0.00851435278373774
5.34960283116935,18.3027645094463,52,0.007931244166777
0.730628721364643,28.4145845666602,75,0.129182055375842
0.466271593852926,27.7965587562995,71,0.148752141036481
-0.712587347171191,27.8603498633205,95,0.106283688138334
5.86374800048506,19.1079019795401,53,0.00853203061402071
0.913792551111439,27.5005563913352,70,0.135756930636717
0.727535651745284,27.7374867633218,71,0.141932111706817
3.41546377426798,18.5037682287918,52,0.00949409829812578
5.157556816253,20.4867364952218,67,0.0112886398108305
5.83731959292749,20.4884205242329,63,0.0104565645045352
5.46586278433562,19.0604443975393,63,0.00873129220352505
-0.0252859706633086,26.9089716965279,71,0.134981070222112
0.393800624696482,28.6373826377061,88,0.111626043162834
0.946430600298672,27.867370736441,72,0.133390806645211
5.64141625887456,19.435106201438,58,0.00913023244443329
-0.936528628826409,22.8719236068361,100,0.0280337244208273
0.332469580404319,27.0363356842984,70,0.139043455884417
-3.37989267769849,18.1916404855157,68,0.00887896439637825
4.47613541154064,6.43537238459267,41,0.00206567009160645
0.221921494974801,28.0158499402058,70,0.154460319082845
7.79148224373252,23.7167420134477,100,0.0113914646818237
5.40879857127355,20.3194722755832,63,0.010714174927803
5.47618830370003,18.2787660173981,59,0.00777524172947
0.712494679282366,27.4482671861694,75,0.131940190761571
5.30898594560966,20.9529221233333,59,0.0120902714236593
2.35559938016861,18.2888456524372,69,0.00952557848884893
0.6453742987467,27.3857651088461,80,0.124322746799365
-0.314930740130287,6.45836459391146,32,0.00216317674837692
2.66377207858466,20.4861501322356,90,0.0140078447357312
0.256523647770211,27.397563507814,81,0.128505033616523
5.95710061423148,19.0306827013783,61,0.00830104813444369
0.841343672175203,27.4003801301196,78,0.12313379823875
-1.53283930086641,24.4979020446234,100,0.0424401201858863
5.88066646606038,18.616376487073,53,0.00792075060689196
7.93064953448668,22.4665697933198,100,0.00981367531176754
0.389599225586463,27.8118209630976,76,0.139757923483695
2.7534803797842,18.2487479853966,60,0.00935606198067571
-0.601836355360977,28.1257265858364,90,0.113209737931358
-7.19226773226942,20.3755477058944,89,0.00850591546950345
-3.88095755770635,20.9572435274943,99,0.0136002721693479
5.94329803087194,19.431357230873,56,0.00885844391528471
4.21319752086361,26.121952792521,100,0.0325975643788469
-4.87666650705737,18.73306103621,70,0.00869516449000122
3.51121242130292,18.3505807479677,52,0.00918424005668724
5.62411976820267,20.6697071334893,53,0.0111669698912287
3.08956307109698,26.06592463847,100,0.0441120513388339
0.494925377474385,28.4371127239806,72,0.139322619385938
0.280556448275724,27.7830058794702,74,0.145225736557981
0.229391459808286,27.9423894978219,72,0.150145497640739
0.350032854280667,6.70603679443648,28,0.00221549712399001
-0.59997001832133,27.1681983749052,76,0.127530445746868
5.13064857912591,18.6279887417459,61,0.00843330984808188
0.930234410221057,27.6017002636083,73,0.130998164745969
-0.705200479102295,28.154207177394,94,0.106562775428288
4.54701859552434,20.5399404322488,72,0.012139201186965
0.189093234892863,28.0018828756816,71,0.15251951882021
0.692923234265475,28.0860360446148,73,0.138280497390096
0.646614143554453,27.7899584380046,75,0.136533863550227
-1.43687402606202,26.325265913441,100,0.0698089522197498
5.376107241222,24.4567981676239,100,0.0198437407101572
5.73873946788022,20.9817869060368,64,0.0114206165196911
-0.167877216974132,18.2845176948583,50,0.0102414197977947
0.278038994611673,27.9413149742179,75,0.143169695323999
-1.10104599356782,27.1710202604017,100,0.0862835124894306
5.81053923894588,20.5726007101039,66,0.0105946156952285
0.294449593783281,18.4524848246561,42,0.0106709584182213
1.89733252973219,6.01536419420018,24,0.00206550554560454
1.49848314715374,18.4906002705378,45,0.0104761119243728
-1.21583494678893,7.79408104971505,26,0.00245296469195007
5.67072366352702,18.8299694993467,63,0.0082698021556291
0.119620911009877,27.6519603800169,71,0.15245981687902
-0.274147740772219,6.00517432056683,35,0.00207398493885119
1.8828294095448,8.5795988745575,38,0.002631388050489
-0.531920735418657,21.6449780253734,100,0.0204809752752784
0.585489878582643,28.670039245007,69,0.137024565428523
0.0898068145164801,27.7367110807332,74,0.146529342781066
-1.02162087276026,6.96771383324801,12,0.00227436084456084
3.99552672349693,18.6764204212434,69,0.00924846368367391
1.52002534421085,24.4231751768611,100,0.0416116394174097
-0.495080138513479,8.47157360462127,31,0.00263015933420158
2.96002767228489,18.6353445078618,44,0.0100826949173609
5.67942418941517,19.7153478057779,60,0.0094775635573376
4.64865114533934,22.8678058557731,100,0.0177162670044431
-2.9800257769801,25.9622057639811,100,0.0446670480353987
-5.00925505689723,21.0635412389924,93,0.0122695943481135
-0.428288133280174,6.52981179036506,18,0.00218381579722391
5.89745335482441,20.4441002461353,56,0.0103847707863802
-2.03067741029859,28.6037746678087,100,0.0686058580023227
0.022901970602125,28.696751284496,82,0.12048757909423
0.691445806933741,28.2949569660416,72,0.137604363814481
0.715313260857859,22.4203158069947,100,0.0249898272787388
16.4486751521019,21.5903666572267,100,0.00312711360098956
8.24482373335854,21.6429245552036,100,0.00858033893851542
-0.14310273810278,27.1361424682374,75,0.134277957761216
5.20576375606756,19.466606762812,63,0.00954464664561032
4.34592067277832,23.0586310018117,100,0.019285272770623
-0.0252859706633086,26.9089716965279,71,0.134981070222112
0.249445700462999,28.6043299351279,80,0.124759648776942
-2.20676415890597,29.1615609578148,100,0.0607472383770789
0.74491637631419,27.2501009299331,74,0.129376379428815
0.914842915033605,27.6052276939262,70,0.136921072765234
0.0434797852100374,27.8559636302985,75,0.14486626647094
3.43547301169341,18.3618679898032,64,0.00914566143730268
5.76540447205035,29.0031956899071,100,0.0224997383898175
-0.75174730904552,27.983558037516,76,0.131907209626493
-0.387208931906335,27.2541416545101,74,0.136621465760161
-0.15884273768776,26.9994899002728,74,0.132120695424918
0.548120349367957,27.6338420033872,74,0.139798670731679
9.07507319071729,24.9469875497961,100,0.00992547989015933
-0.809812303295141,8.8520303939132,37,0.00272771894817636
0.450674904040697,27.2450833444432,68,0.147411056472418
4.67623185115712,23.8019374856015,100,0.0207270868071162
-0.116230180307469,28.4672348580828,72,0.143230681035003
4.99225670544037,18.6022910844418,51,0.00857252951763309
0.653213344799758,27.7580628732416,72,0.142079111188315
-0.000174826770009712,27.5620852260381,68,0.158970100841595
0.0462444328167833,27.2031680432588,76,0.134477437510649
0.589063074020369,27.560274720167,89,0.114435162006858
5.93593540672039,20.1101106463176,58,0.00980235802935796
0.355440327708166,27.0038261407432,78,0.124031175754978
0.193492284651727,27.375525579579,71,0.147615559037726
-5.53960317533437,18.4217570459666,40,0.00801976315338944
-2.82939038359545,20.8720857419106,92,0.0149354784574314
-0.738520569398569,8.16487797129837,40,0.00254198777422121
4.59104641702395,21.1354440079127,73,0.0134201200192555
5.17778604806693,19.2631632232614,67,0.00923042957817855
5.01037009005458,23.7848004694971,100,0.0193715358095148
3.54271334332805,19.0245455154918,61,0.010241818314147
4.93412048560573,18.4804444607361,57,0.0084071911847802
5.10235290270729,18.294314582436,51,0.00809316947783159
1.83853806830935,18.1793713913306,42,0.00978284817686481
8.37112022973558,22.6836148328725,100,0.00936466266932203
2.05954185588651,18.6647775695603,56,0.0104912467677229
-5.56041065928784,18.3847664597607,77,0.00773259827250213
2.42598741090115,20.5702971325027,91,0.0144834755998765
5.46609734634222,21.1179840730724,58,0.0121875918784125
-0.640297048924117,28.5027278431122,82,0.118729700408784
0.202264196642478,28.8291581974596,79,0.120790676639275
5.86562090208035,20.4466830330675,62,0.0103646167828103
-0.596651088976329,28.0325526903283,77,0.133576584966133
0.938809065553219,27.7462298958624,74,0.129944572753182
2.57893613555266,21.1497472303613,91,0.0162085088894691
6.62298090877399,25.0726008220178,100,0.0162492344163159
-3.69724144217199,20.6548897483744,100,0.0130715507632114
-0.71665001375687,28.09932943132,83,0.120900332600849
3.48897394719051,19.0992569537416,42,0.0106330704988957
2.24742770346734,18.8869303054244,57,0.0108471529187907
-0.718062176700292,27.9864765923629,76,0.132761598940226
0.18415830051236,27.4073360928241,76,0.1381036319038
-0.553819567955416,20.9041499502755,85,0.0172091095427592
-0.757317627863312,8.69518805984175,32,0.00268808594928143
-0.525142692361228,8.77561423785357,37,0.00270901600096868
1.4053021602718,8.5002197953141,37,0.00262174867801586
5.86149645495628,19.2936806818697,57,0.00874422897527509
-1.03151893317663,27.7469972251612,100,0.0910905951140302
0.202263748672112,20.5768927282618,92,0.0158218925740451
0.859165313268875,27.3561751775253,81,0.117726680480456
1.45123176729627,31.0887066978806,100,0.044595788066333
-1.82053124866064,21.0348161025094,94,0.0166070640944087
4.59636958441436,18.2122828269769,45,0.00835911381340241
-0.0375981128647689,28.4505816039185,84,0.122703268689679
5.79963408914096,18.5663982731824,60,0.00787831101273951
0.724596014542366,28.2836290359823,71,0.138802995567862
-3.00091811591836,20.804597163651,87,0.0146193149829633
0.604411791763881,27.1140222170079,68,0.140357935658764
0.776790943176152,27.3943490198109,71,0.136567480781677
-0.42691646818808,28.684692453648,77,0.125607017901271
0.0508985835902928,27.921263235426,82,0.13145451591727
-1.0152258282162,8.13091385023793,39,0.00253089407934391
-0.788034770778682,27.779909310703,77,0.129389326006349
-0.512999919745902,27.5439181427717,77,0.133960996205039
12.9443007618296,23.9129931878392,100,0.0051801516461599
0.618494903247471,28.1872652783535,79,0.128372486540801
-0.0368294997235402,25.9638909653114,100,0.0740616005850675
-0.834291875879687,27.6360821033549,100,0.0985441374654782
-1.11541673239539,6.23827215133689,10,0.00212450576986735
-1.14336784255597,8.48674911778449,32,0.00262619509114427
5.52948017917646,24.0870713761281,100,0.0182746975588603
-0.506807082162938,20.853768761606,94,0.0167609618459977
-0.312497334756172,28.2229376373726,83,0.126111629346805
2.98088294748195,18.1697925888142,35,0.00932742426078674
0.666260048147781,27.2803440145346,72,0.135458447541695
4.16607446019477,18.5142696464059,52,0.00902340158587029
3.00699550333969,18.4186152322076,54,0.00956881902851551
-0.510393060321689,6.26060573534709,20,0.00212879771817479
-0.381732251457722,27.9681778610416,80,0.132307401891164
5.53366747102756,19.3810193527403,59,0.00914607271653523
0.251113386883368,27.5754500677399,75,0.141929906785302
0.724387298177435,27.6723794577,72,0.139637429680224
2.94982279115988,20.817024201264,88,0.0147008298156271
0.389397518552607,27.1491133274223,77,0.128870151315438
-3.58282951380337,20.9328282622033,85,0.014236801160256
7.11540504933553,8.67456581343625,48,0.00235594407611398
0.740393213275959,27.2674955657309,68,0.140811166132889
3.06521761924941,18.3783091921897,48,0.00952177319602051
-0.0421518570350677,26.9628740107746,75,0.129704535772553
0.700117040324688,28.2510013495109,75,0.132571821591956
0.0581732451820814,27.3249915463085,71,0.147233295383921
-0.0759702450636122,27.840477764395,90,0.118945632054309
-0.837380901393118,8.16765195323494,39,0.00254233334676779
-4.65673971664682,29.2006961452165,100,0.0299577186499306
1.03585636137826,8.44644015552418,45,0.00260818567222622
-0.331976719156746,26.9718266102868,76,0.126546121931867
3.33559747844287,21.1795751487501,91,0.0152040846467174
5.92437471078522,20.102099733475,64,0.00974626499936718
1.18914189051064,20.8760916904236,89,0.0166646402221496
2.99042399841991,18.2928187643421,61,0.00930247792879751
-0.561942306454528,18.4208049988477,44,0.0105553694902917
-1.04155681440899,6.29563739467515,36,0.00212467204423426
-0.820623918267388,27.3102235608605,96,0.100220102816891
0.00633745620799536,26.8872977596749,76,0.125792565669271
-0.818520449351665,6.56387485070138,36,0.00217984336724539
3.73883099334811,18.6893610202116,56,0.00955994215266273
0.908951606208875,27.5192189413721,73,0.130818675261874
-0.121021046245696,27.5115034286931,75,0.142086651679292
4.83257090964921,18.6229903470737,56,0.00868056159289461
-0.245229977511974,8.88012443398702,32,0.00274390785682495
5.71394771617142,20.1857341645788,58,0.010176716315663
5.43221482279101,18.7369102039802,59,0.00836377225751379
-4.05300138108648,20.7464947465228,93,0.0129454262486265
-1.01030777892118,7.48200884322725,21,0.00238473041013753
4.28682037276769,18.8405919713986,56,0.00941177859174031
5.31375437940686,18.6770301302153,57,0.00839020362788531
5.94349455443796,19.3386487218068,58,0.00872139033789036
5.26884527897714,19.2832826364739,63,0.00921293777363372
5.0817622708053,21.1376121634082,86,0.0124173590567794
5.83921405230329,19.311440912894,62,0.00874918098312662
5.67602285746564,22.9188045986581,100,0.0150272305631666
5.90984578793048,18.6710111156416,57,0.00793729497454552
3.72078826766242,18.7015321248403,53,0.00962043201305805
1.51485324169246,20.956550743596,90,0.0167027291118783
-0.234752354123411,27.1835554088096,75,0.134855231728187
4.65927039935609,18.7135868949284,56,0.00893740666269892
6.81799214978464,22.1091080874308,100,0.0111765573428137
2.97206283528539,26.8029053723158,100,0.0503671241974225
5.23641597594102,21.1841925311939,60,0.0126736353739656
3.23588555945401,28.0231103913188,100,0.0490240326210204
0.547953007675189,28.0549108180052,75,0.138145158958963
0.195182521548705,28.1250277094785,79,0.134976767074429
-0.0500169455635172,28.0281532072847,85,0.126081731937534
0.0429001323530684,27.4870540869418,69,0.155210758605434
0.873370690255735,28.1528278640477,70,0.137953824100138
-0.00554200712989728,8.65804651837266,37,0.00267835495264526
-1.38442057643493,23.5835624722124,100,0.0332048206313008
3.64158665576847,18.9528195422713,63,0.0100178284434916
-3.88318485861828,25.5449279297187,100,0.0329539166522242
1.79874577049381,27.5755861303164,100,0.0756539409947681
4.46418111829361,18.9181219048782,49,0.00945991469626548
0.0462444328167833,27.2031680432588,76,0.134477437510649
0.288736837197976,27.4354291537512,75,0.139554092352692
0.862260566870532,27.5440125714961,74,0.130802328583703
-1.20578048213926,8.2968273101337,30,0.00257651618934003
2.6249721832125,5.91436202865394,39,0.00202693083487777
4.96909365298453,18.9674177595248,54,0.00908323868140175
0.659441388753379,28.1377117425138,69,0.146793259090035
0.629612854923729,28.0243041340827,75,0.136537343351046
3.53341135919926,18.6102460708083,50,0.00961845456389924
0.148219615338055,28.7271311443419,84,0.116648766689238
-0.883141914240071,28.2042118657855,76,0.12660515954519
-0.166307149270958,27.163063084136,77,0.131300742671056
-0.603714305453468,28.5470158602955,85,0.114471939714472
3.11417841385223,18.5743421317663,62,0.00970445090618221
5.14055544524222,19.1107065527586,59,0.00910762807422268
0.643740380112755,28.3192404058962,74,0.134677052361606
0.360305371458248,28.2566467402533,69,0.151810265952174
-0.0341193920536914,20.2759302653915,90,0.0148282099482391
0.283608290205985,27.2873592008939,76,0.134938781599701
0.469299687935503,27.1072923862556,77,0.126747968469193
1.74321925994361,18.1643961618514,42,0.009787751478592
-1.20625090471884,6.41995018660509,39,0.0021459928911831
0.623844732594118,27.8275449024854,71,0.14511013685201
3.75101899953049,18.3662062386065,44,0.00913019139757603
-0.314816463645984,27.73477107683,76,0.140526358196068
4.54615038072491,18.1639630501235,42,0.00834685654411996
4.68229720293928,22.4328338510136,100,0.016315222001607
6.07061855184804,22.6770301656991,100,0.0135815318013769
-0.543916298687271,27.3313899164349,76,0.131968226612656
4.27871447508672,18.7615761027413,52,0.00932729641026394
-1.09906464043173,7.52221699043568,34,0.00238558366486392
3.69136121775721,24.1913222749962,100,0.0270303783437252
8.40881514190383,29.1936528854202,100,0.0121382045053919
0.217509531534429,27.8622793851045,87,0.122724812592624
5.08031011884407,18.2163820343016,52,0.00800424197517012
4.66220276859107,18.8823754561156,64,0.0091193392956348
0.510438066982383,27.6402956170113,74,0.14063982410317
-1.28819111871001,30.1647709252511,100,0.0592883830381085
-0.488792037377521,27.3855200426736,84,0.120974233109291
-0.504850062713217,28.1780718798131,82,0.125687215058863
5.88426014396127,18.6928069195344,64,0.00793741476619129
5.77160919019472,20.8824329308142,53,0.0113357913380982
0.196098749178141,28.4457973297317,82,0.125294960782563
-0.287175810321065,28.0652588523175,84,0.126181446841711
-0.467231707824625,27.3836831457727,100,0.101550039836141
2.92225066974395,22.6807202525051,100,0.0220856397746038
0.284518266658087,28.0774834333168,71,0.150858831006608
-0.0826655408588559,27.1213373012252,75,0.134133064734266
-0.701414537046343,7.99866838221114,36,0.00250303765439667
0.838186173685841,27.9154453258105,97,0.101973235760623
-0.14310273810278,27.1361424682374,75,0.134277957761216
-0.539248358169699,6.00847377694271,12,0.00208361551124483
2.14960311397193,19.0344976699139,53,0.0112697517968446
-1.77534621274601,27.5770206088029,100,0.0761403979898396
0.788418817875544,28.0717789991476,70,0.141504107095524
-0.880960094315989,7.72322550716023,13,0.00244788125706919
5.19204053096494,18.8278917514766,61,0.00865354411671993
5.87613626873498,18.7468713580734,51,0.00809050911626751
0.675682497345977,28.3519517627878,81,0.121975777786605
-0.167877216974132,18.2845176948583,50,0.0102414197977947
1.97358793699249,18.7093290450858,63,0.010542579567754
0.909842232528106,28.0448818564874,68,0.14159214292736
-2.69031037830645,20.6252744668281,82,0.0145564844974636
0.317090044776642,28.0215256130196,89,0.118662827509246
5.91794885577988,19.6232643411688,53,0.00916697063536152
5.6373455872945,20.37830174126,59,0.0105736225354478
0.587667826471475,27.8584436390685,74,0.139931352780873
5.94844261536705,18.9449483264345,59,0.00821792955674325
6.34929154319632,23.2833538055162,100,0.0140505667552446
4.09941111382491,20.9992832787094,89,0.0135698902985251
5.1717519150798,18.1939017856826,45,0.00796144342925941
-4.24540821784341,18.3812849813726,62,0.00869610908467661
-0.884809009973023,8.52332323507957,21,0.00264733233210574
0.115020471717147,28.1891090833182,87,0.121628893657934
5.83547438329561,19.9094034026601,65,0.00955243050761069
-0.717664654694895,8.81644341442253,40,0.00271650432150575
-0.0500169455635172,28.0281532072847,85,0.126081731937534
0.376007205436348,26.9737199527926,78,0.123000235663608
-0.0375981128647689,28.4505816039185,84,0.122703268689679
-3.78689094321478,18.7269231293068,66,0.00949873194661936
-0.334394982059971,27.1989654076694,77,0.130694660048436
4.17297054015211,18.2606308190235,41,0.00872704690308728
-0.822178839697876,28.2501724639453,89,0.109550025616019
-1.20077579281062,7.73338969387443,24,0.0024397798311426
0.166586743949013,27.5116125839999,82,0.129015818828961
-0.544236402646024,7.12677976752407,30,0.00230353783201078
0.0669532742667051,27.0833155340666,74,0.134941064054801
3.27139513250941,8.7656975531506,48,0.00262437844393032
0.326868394187095,27.3567736192645,75,0.137696949724684
0.124895763697102,27.7384136851253,82,0.131032675360414
5.80383142574131,19.6083064344476,64,0.00916621356464245
0.122161736765087,28.0035267501023,71,0.152994791585715
-2.96813785368636,26.2383525459515,100,0.0468502742406699
-0.298393242974852,27.1924675252958,75,0.134457587413868
-0.325823489587178,28.52346233245,84,0.119822112356138
-0.311722886836142,26.9260536192033,74,0.128654813199558
0.898703645205467,28.1615412352056,68,0.140867854880382
0.137388983040401,28.5975804562146,91,0.110349950910289
0.966116579151094,27.6778221270552,88,0.10907478421209
-0.121153187496811,20.7832452672357,89,0.0166906936186126
-0.727525566851304,27.9134915677267,91,0.110704896468007
3.5577327410567,23.748154935991,100,0.0253319138654756
0.376211004768039,27.8664064891701,76,0.140005795691257
0.4025751035187,28.3175102730144,84,0.122380249646103
-4.7154949373341,20.8610003898423,92,0.0122940458834054
3.09860006360406,18.9651916163907,64,0.0104121196362891
-0.503334298065062,27.0673053030675,75,0.128457580558011
0.612686835105576,27.7366570228836,78,0.131719245362126
0.60060619306978,28.6151982319597,67,0.142243722684664
-0.576175781061086,27.1002490457034,70,0.136760004633013
5.78895510552539,18.4520498773358,58,0.00776724486626637
0.508337908969619,27.4905523183741,78,0.131634135976373
-3.66747877711303,26.3024553234168,100,0.0387879584884057
5.50364306778448,18.3040137953354,54,0.00781667834003239
0.0216467347161524,26.0104903567252,100,0.0750371783522263
3.00699550333969,18.4186152322076,54,0.00956881902851551
0.390960090190302,27.3757760290769,72,0.1430713218318
0.503489373420791,18.300928946609,61,0.0101364397339965
0.655113518127392,27.397784915489,73,0.136147772729992
0.00980357572641877,28.6042505412296,71,0.141780279556141
5.08364876673047,19.1129020656006,61,0.009142620819331
0.404679119699698,30.8416490174182,100,0.0527770536627132
5.44226597177996,20.2098531051091,71,0.0103990191611178
5.46707754977032,18.3830175501469,59,0.00790347908788768
5.73435189693966,20.6819547955321,72,0.0108077885064635
-0.323914444339252,26.9312207478585,77,0.12390271005338
-3.23587413366342,20.5116478354949,89,0.0134610655554878
5.56481887393117,18.5726849110843,52,0.0081073158297984
11.1634163010284,28.4678573849546,100,0.00741340109783733
0.57564220518915,28.480751568655,70,0.140525152296883
0.775665687545958,28.2791613681908,70,0.139327789342826
-0.363394324489098,6.12790370316756,29,0.00209964593021913
-0.302634826249598,28.6895876489557,83,0.117941848333495
0.566638508611342,28.2602919360773,71,0.143239284143244
0.818355218184603,27.776673255223,71,0.139317365637081
5.42210478764091,21.2133380053632,63,0.0123770395480629
-0.0774677665849847,27.7460105592777,76,0.142444499428256
-3.0898642055442,27.4073280484893,100,0.0508794693906989
0.666376909912429,8.6750629608356,38,0.00267913870169231
5.29206519799479,18.5857214868864,61,0.0082615870223132
0.261120243640303,23.8922106879305,100,0.0388767061070697
-1.00619974575102,6.66280978395976,37,0.00219786643479202
0.394957536663234,28.1771229782292,71,0.147999574305598
-3.43908706126928,21.0038794150708,91,0.0145239789495843
5.71555428819885,18.3447446258398,54,0.00772009026029176
0.914842915033605,27.6052276939262,70,0.136921072765234
0.853111985452224,28.2685904761067,78,0.123537044581324
11.4374507247927,22.8549675498065,100,0.00603212709226983
-0.644292534318888,26.3484623540987,100,0.0793361390350708
-0.0292076764318282,27.338744948334,78,0.133781953543496
0.207298313593308,27.3959811278732,79,0.132267531053865
5.04506671859675,18.626948378913,56,0.00853054811775129
0.60060619306978,28.6151982319597,67,0.142243722684664
0.730725991302219,27.3080705705315,74,0.130873741110623
0.654319008188254,27.4133515517188,75,0.132806822859503
-0.385255822276258,27.8490762964294,77,0.137939217586709
0.389733592089207,28.7095273717393,79,0.122361714205136
3.94137191909399,24.6650534591826,100,0.0280497088789432
0.627727488995674,18.7902865648554,66,0.0110892823425727
0.674137670880714,27.4084239419899,65,0.152427403184218
4.54353411289032,18.5587710941804,50,0.00884325368576647
4.92938585643747,18.4308398987399,56,0.00835197138434987
0.515429247773229,27.8379024668482,70,0.149987736583619
5.75483224447899,19.2818330822347,70,0.00872408172262573
5.42565360797602,20.8794053142271,63,0.0117117037504987
4.71687661073712,18.7503214090357,58,0.00893186623102088
4.20590593352957,18.4761757569681,63,0.00885190790312919
3.05519628916386,18.7561973533247,63,0.010056623949389
0.248098791946236,27.8084080680535,87,0.122468817909127
4.08775513869763,18.4449832682647,54,0.00895443110336181
0.370445643830025,27.305611577734,75,0.136110936413391
0.939681793424832,27.745971383693,73,0.131625921386595
3.80250441108749,20.9448167810493,68,0.0142863487490337
0.00520142087321307,28.6237018676841,82,0.122213805972567
-0.765655247614326,27.5050613550458,76,0.129632949320459
-0.527115321583136,28.1420021181869,77,0.134089952679626
2.07548195176612,28.3102958509811,100,0.0693949027545859
5.39023780380494,20.8286594710635,67,0.0116126764357799
-2.87077778960114,26.1936226400345,100,0.0477936112120154
2.81842732849048,18.659194083975,51,0.0101397147662105
0.724851513792413,27.2155974687197,72,0.132568703243987
-0.440123206640534,28.3449178921624,77,0.132825817512009
0.905213771591603,28.0211325327665,80,0.121271228798688
8.19335259738985,20.5937445949713,100,0.00770128534147073
-0.0210018272377146,27.4918022933037,78,0.13627836026745
3.6399269595484,18.2646960256142,57,0.00893306642672543
3.60513403532537,18.3438266496003,52,0.00911751004325304
-0.490576617259854,28.341990259325,84,0.12087819983737
0.229936461274069,27.2393420133848,75,0.136228226625538
0.31544618024376,27.7822915050344,89,0.118952195486177
-7.09516740627362,21.1539825135745,100,0.00941356798097543
-0.693745069400281,27.1925388439837,75,0.127723091681436
2.7518496686765,28.8088619712292,100,0.0544316270140099
0.279093910060976,27.4365742646062,75,0.1396798103919
-0.458417175999872,6.87650010293506,31,0.00224936315379997
0.647705967379569,28.1919285878045,74,0.136427867207376
0.399481654634083,28.6387642401437,88,0.11154320305421
-0.738510657277657,8.13093228097289,37,0.00253529592524199
5.58050712331171,18.3682081580389,65,0.00777238521544848
-1.06216312602911,8.36220492322305,41,0.00258838430330346
6.07766729127109,31.2983942233997,100,0.0170493977951851
0.408157398722445,27.9004307279882,77,0.137568069049546
1.54954868726202,5.88746376506865,35,0.00204228027991211
1.33193387391926,18.4205076586669,61,0.0102142547281844
3.04520948079476,18.3268695845188,45,0.00947163083981323
1.19538951981812,6.79158324605504,34,0.00222390145018334
5.11492227834094,20.0969475764819,60,0.0107126481077303
-0.579038341250792,6.54349837047008,41,0.00217494277133858
5.53881616564062,18.3927978776733,58,0.00787210658121453
-0.765294669113793,6.00287029365797,22,0.00207695182647939
5.72874050761506,18.3467970758549,59,0.00768379574597204
1.95264769160295,5.8416336950634,24,0.00203261655208405
3.04267885239483,26.5968825862731,100,0.0481753964989717
5.80685823235335,18.9811099394513,41,0.0085050476157457
-0.0252859706633086,26.9089716965279,71,0.134981070222112
5.41238078858507,20.5934186267467,69,0.0111214872534576
0.76025990627331,28.2823189037116,82,0.119670101024641
0.713110975425267,27.579806899869,91,0.110026379789392
-0.301811942891901,27.8601225911794,77,0.139041608947589
5.05602395655204,18.3010148606882,56,0.00809964495127069
0.281441339690235,21.1906242331694,73,0.0189475516680313
-3.39875515420556,20.5965703493354,88,0.0135084204547125
-3.56850086957614,24.5950076997284,100,0.0300269243732059
-0.987586518046834,7.57565735618328,39,0.00239646654478047
3.24384778769521,21.0433289254826,72,0.0153592367144661
-5.80521021051843,30.7145908103393,100,0.0193262480915638
0.623844732594118,27.8275449024854,71,0.14511013685201
0.483819154478731,28.6121372579763,72,0.135154604043053
0.654453965848517,28.4999953086755,81,0.119942565410842
1.47906613702242,20.4913062755515,93,0.0149914929526408
0.896668030475307,27.9204703145605,70,0.138724687229623
-0.697858354890524,8.06101124527861,36,0.00251865760440034
8.05239693572572,28.0450708851977,100,0.0133732942049306
5.28386056242922,18.6011793042668,57,0.00831470645226895
-0.203134128105828,28.4495317699072,72,0.143095178189342
2.48124058178915,24.6072920754954,100,0.037529501495277
0.331668909723449,28.1268066078934,72,0.147459302573572
5.63155793207319,18.7139488094264,63,0.00815738511194971
5.61224327071578,21.1344907004289,60,0.0119549479785532
-0.728399256015567,27.8982343136996,76,0.132750393270626
10.5824700614683,18.26051821106,100,0.0046715121141524
0.0332356049778565,27.2782831664848,78,0.132591908903245
0.550532273326238,28.1577366670999,72,0.143020624159268
4.86419783546362,18.6499856665479,59,0.00867238387847703
0.290407018027974,27.6922136515637,82,0.129636032302272
0.747728573007599,27.5277220556371,69,0.143444663327215
0.463946754604428,28.4174760850729,75,0.134668347490168
0.615424954124215,27.4343382609751,78,0.128832951866499
5.44020286106895,18.6412282863096,59,0.00823686963994508
5.48934955810217,18.7249980446069,57,0.00831913547138308
0.814748315853364,28.0395175595339,81,0.12200181725489
4.57348240005925,20.8279103414488,92,0.0124246124702034
-2.29445754906274,24.0515985300945,100,0.0336940037699101
8.04318069254425,23.1476767003837,100,0.0103293626090686
0.79460858261429,27.3831045783111,74,0.130531053942718
16.628296590963,6.51860864144075,52,0.0013548134860868
-0.0582769882447255,27.6812579972536,76,0.142110288288959
2.42612665099502,20.686923399013,87,0.0149347690304173
5.45829493348263,18.6833472435837,49,0.00834532130582224
0.905389160363,20.7773869022815,91,0.0163930007780291
5.86026925442783,20.4902572434215,63,0.0104302390147555
5.58656614460079,18.4675440378082,60,0.00791438751039772
-0.0197115361700653,26.9191458653264,69,0.139102915891572
3.63217544173523,21.0989149990158,94,0.0144461322917653
-6.06430026762404,24.5956312645397,100,0.0174395556716507
0.0269959262081256,28.3492210228624,85,0.122852259962088
0.363476595670375,20.2994152451414,90,0.0148777986614286
0.297903449075099,26.9540543495041,76,0.126378719577107
-1.06313260921271,7.09868851663359,31,0.00229244953433102
-0.768340463552409,28.0239181060928,80,0.124722296232594
0.657400635749456,27.4593208757841,71,0.140950064943385
-3.11212877395823,20.7815294857433,92,0.0143043945142536
4.58724811529492,18.6369793929944,62,0.00883152317917928
-0.882943964472985,8.10426228842326,37,0.00252704832018871
0.277927033988075,27.4782549800091,92,0.113315504181718
0.196279520286102,27.7704777219282,75,0.143931226110121
-0.53961809811625,27.7915564941262,86,0.120524868082915
5.70493646218553,20.8786223133767,64,0.0112861479086244
-0.398543064954987,8.250221073717,31,0.00257233579614332
3.06372716130278,21.205487697627,94,0.0156283194627346
5.62362202871406,20.1999583331435,60,0.0102858122232304
0.646822037051717,27.3194678373475,70,0.140589806303332
5.78285871323643,25.9803804893562,100,0.021331025514019
5.50280724469954,18.4108029117381,53,0.00794959520599465
8.78277863822718,18.6526058660512,100,0.00581946624492797
0.262101566825475,26.9193362882685,69,0.137800421667787
0.60060619306978,28.6151982319597,67,0.142243722684664
-0.134782358222904,28.8467589816222,72,0.131744975377925
-0.0557968751923722,20.6790082390283,92,0.0162104754036128
-1.22308421709336,6.64732782464538,35,0.00219333442461541
4.90819554560562,18.8360300554056,58,0.00890902554382166
1.74728399960537,18.353822299131,41,0.0101579652929745
-0.495537674230927,27.3898489210772,77,0.132121983723185
5.28299942669922,20.8858925215691,67,0.011881212180221
-1.08069857108727,6.67614910999749,12,0.00221201350606628
-0.316764315747522,28.3880267175175,78,0.131946168377305
0.980284266027938,27.7855867082743,73,0.130417544453944
0.879674658076379,28.0237082025484,91,0.107512722420422
0.544874658160751,27.6122487192324,70,0.147931555775458
-0.852791770753916,27.9195675228524,86,0.11452580751054
0.175271422038852,26.9292699787346,75,0.128200521434227
0.826851577830182,28.1564093500489,78,0.12544201090492
-0.114287682999381,21.0573094714946,91,0.0177596315093625
4.5723041783447,31.0663107781007,100,0.0243430591093439
5.47353010652591,18.3742229032221,51,0.00793877964079486
-0.137866213230848,28.7494061284057,71,0.136820360786635
0.793047375960229,27.7930111920211,68,0.146314797036407
-0.245052347058971,27.3550164841382,76,0.136662269390795
3.14147688058712,8.09374210749926,37,0.0024677728470587
-0.741852101989579,6.34688858543691,36,0.00213712440362214
4.64788600932799,26.6441741080929,100,0.0303167340027931
4.30607718824312,22.2637315387407,100,0.0167293027819648
0.747007143978668,27.6064970778231,68,0.146543519007269
0.468625657732143,27.5585670783349,68,0.153557505023101
4.57411781677893,18.8463037778077,59,0.00917493881751128
0.724387298177435,27.6723794577,72,0.139637429680224
-1.09656848585731,8.42773716188798,40,0.00260576588661548
-0.762651129309346,28.4506982335937,80,0.120046538375327
0.851906932706114,27.920688061351,71,0.138307230181118
4.45629021123715,22.2170298057091,100,0.0162293971314272
5.73981538990496,19.6670120171784,67,0.00928575948994162
0.788418817875544,28.0717789991476,70,0.141504107095524
0.418902205531225,8.70728857401592,37,0.00269070237516059
0.584845282339096,27.7877565867731,71,0.146018587265121
-0.015084795719021,28.7280620564338,85,0.115571992497767
0.494925377474385,28.4371127239806,72,0.139322619385938
0.548120349367957,27.6338420033872,74,0.139798670731679
8.38797736888126,23.5339046518077,100,0.0101025449890688
-0.737971558550492,6.52415990067083,13,0.00218332789422581
4.62129370751413,18.6883645876722,63,0.00887319941225288
0.199991059171775,27.3402094202339,76,0.136752793747115
-0.673537062560887,8.26093892473768,32,0.00257250417709109
5.88378143000325,18.5587505382903,58,0.00782129191497301
0.0535923375348354,28.4230689241485,88,0.117377385734184
-0.284914766852956,6.46314533619606,11,0.00217409996812758
0.253783800357807,27.7508340807901,78,0.137408035849684
3.60301126146099,8.4463414594296,46,0.00252895136700709
0.276974328989526,6.05870572306217,24,0.00208886870168552
-5.68688358047594,18.9814058370378,42,0.00859896804722562
0.871598512402195,27.4437242513603,78,0.12292563263211
0.0392294057718015,6.80665184268289,11,0.00224568694189812
0.0838922633425695,26.8890683747372,77,0.124175053372422
-1.48193697829431,18.2177107479877,48,0.00991132222695498
-0.924672321805313,29.4616081832991,100,0.0750907990387191
-0.19857391979005,8.52244183751486,36,0.00264180285009631
2.41086448395488,21.1350353850481,91,0.0163786644966801
0.0672555987297672,20.9253953836629,93,0.0171493038050909
4.40428951352535,37.9396298335641,96,0.00760613641247486
0.529830539555849,27.9759869186868,73,0.142961540942862
1.12189245396571,20.8625961718834,94,0.0165178412633617
5.19216325660088,20.8013000496883,70,0.011806061613986
1.61913885028279,18.3799534249079,60,0.010058608969078
0.87959921211563,27.552650292167,72,0.133870246481391
0.510829006147277,27.9555928302068,72,0.145542410084843
0.197457964663067,28.5772648742034,70,0.143829277912016
-0.467064134335364,28.2418514037496,84,0.122488718306728
3.91538860085299,20.4788761736347,72,0.0128319462597122
2.64365394036077,8.6870846565717,48,0.00262924046882241
5.69599444872334,18.5198853235627,52,0.0079487350651034
0.455853654471909,27.7651665210981,72,0.146669892662455
4.38613359550467,26.4885741176223,100,0.0322337666010521
-0.802265953569202,6.60696742659405,31,0.0021911154288619
5.48239308509639,8.57920676133068,46,0.00245486560092399
4.18563331541886,18.9146132636464,58,0.00959116872962473
3.88640366384071,18.2203431592026,51,0.00876793475744817
5.88608869004817,20.3791886686556,67,0.0101803895059216
1.56457003579541,18.5277927930004,44,0.010541624782294
-0.658553813184942,6.27697519974247,37,0.0021235254905582
-4.44450668702859,22.4231171219545,100,0.0168839706869077
5.06839664831288,18.773597716864,67,0.00863000338097308
-0.969912332821281,27.9295604752973,78,0.122753636075007
0.411452878667583,28.5769301139254,71,0.139227058229877
0.275998293668788,28.0583152840189,73,0.146713283594982
0.818877273227622,28.1585127336981,85,0.11547432665263
1.50549483858352,18.2852927785922,62,0.00989450492080422
0.696251955375457,27.155400746751,75,0.126839653008944
0.352981582986993,28.7742369152972,71,0.134063225185542
-0.602027001417409,28.3052179542176,79,0.127217452668281
-5.63105194542871,21.3055365904624,100,0.0118221563334364
-0.782141229470892,27.5175867384215,76,0.129352057211336
0.635771582796483,27.8634708613389,69,0.149137748893129
0.494925377474385,28.4371127239806,72,0.139322619385938
0.511289384561128,27.5756038814481,75,0.13804523304069
0.508993933737548,28.5064737454611,79,0.125369732824659
-0.00385190747664099,27.3760170076322,70,0.150682923487437
6.08040282596078,21.9828926563103,100,0.0122809061545556
2.41942025151528,6.26061542945855,35,0.00209713337554165
0.615424954124215,27.4343382609751,78,0.128832951866499
0.293938014046189,27.2002981866438,77,0.131160647932082
4.1524753784362,26.1637852761827,100,0.0333051461796481
-1.31156703412688,26.6892961861711,100,0.0769547441189429
-0.595349422453159,28.6068952702441,86,0.112215195896259
0.575494931065058,27.353255031901,72,0.139077438601149
0.643368885422856,27.1166161766674,71,0.133879887363792
1.42347127324093,18.679426762065,52,0.0108186602561319
-0.573283696677939,27.7510250215005,90,0.114392908894346
0.150622019300643,26.9799540059803,81,0.120476926902313
-0.751686926904351,24.7917209246011,100,0.0502816917350269
0.820492675499312,28.1067617734548,71,0.138226720416277
-0.603178983112918,6.87902112677959,24,0.00225266749529639
2.00969461561638,5.91744178971617,41,0.00203844521457887
5.83038671845595,18.7300363026283,69,0.00798892972158737
-0.000174826770009712,27.5620852260381,68,0.158970100841595
0.659543958239742,27.9791059942936,71,0.143887135786974
0.32236982829805,21.1912283304772,89,0.0183844071972962
0.41984302828201,22.2145965298092,100,0.0238311972920605
0.48017377588144,25.3178250221174,100,0.0602391311744806
0.0931556655188272,27.2062618118426,76,0.134432654595339
-0.650592209230489,28.3686184979895,81,0.122223876131784
-0.020945121754049,27.3577393802704,76,0.137836976412194
0.615424954124215,27.4343382609751,78,0.128832951866499
-4.08542751108346,27.5703857662907,100,0.0374864416231915
1.26762176294863,18.3085157408157,62,0.0100037689529735
-0.918744490014041,7.35684245147949,11,0.00236252895085245
3.11144815296396,5.85572231961095,19,0.00201318745967883
6.83833045634745,26.8200564594457,100,0.017316671672421
5.94881941631609,19.0269986463714,52,0.00836587674718319
-0.603139659620006,8.27903988044149,40,0.00257249832229409
-0.490576617259854,28.341990259325,84,0.12087819983737
0.376211004768039,27.8664064891701,76,0.140005795691257
0.273878390692633,27.7343977587352,76,0.141002014580272
-0.0574160093830521,27.2134004610428,69,0.148721283162225
0.355440327708166,27.0038261407432,78,0.124031175754978
-0.820827209284632,27.4767877322025,69,0.140399005136129
0.939681793424832,27.745971383693,73,0.131625921386595
-0.304920078396216,27.2664086027983,75,0.136095239242629
0.1925202632616,27.0669336010935,77,0.128717026429392
0.712140598419924,28.051774902996,71,0.141955736150754
1.42402044257707,18.2908180673156,42,0.0101294822333976
3.60402115019228,25.97305837757,100,0.0377997773625868
0.276163983518732,28.0574028628584,73,0.146719037802369
-0.268467292135859,27.3316505939594,72,0.143811741914085
-0.0478768973099839,26.9468529311308,74,0.130900535496964
-0.697986390825492,27.2146642032255,76,0.126482376970335
0.578634578153525,27.248311584661,74,0.133129307913661
2.34471369309024,18.1810554573349,42,0.00958730735930358
-0.749607672586362,20.3210452444339,91,0.0148329693472455
0.530064888600276,28.0118123423004,81,0.128128873559069
0.198741363457698,28.5703425614815,98,0.102634308772449
0.360427415920994,28.678125356626,89,0.109911650910578
0.116613409239709,8.60554476910123,31,0.00266811645593345
7.88727303140217,27.1597685065338,100,0.0137737001656632
-0.188551980097576,5.84629800803276,40,0.00204250854066493
-0.312232465243572,27.1639268191462,70,0.14316947997858
0.179874874017733,6.35282692826912,34,0.0021415798187846
-0.535168409687676,28.5187433010048,77,0.127881793923555
-4.15944055406232,20.8870266461379,92,0.0131507071027109
2.8408299199314,26.8561944993829,100,0.0526830903478218
-1.18758785704527,8.41633055538363,39,0.00260202742556724
0.138600078030929,27.6176100381451,76,0.141251646910091
-0.566606331377505,27.1278194569897,94,0.103520288079235
5.11644117751641,18.2597009738398,40,0.00811237649789911
4.85649982583783,18.7064350250371,61,0.00874149049562895
7.23496810627688,23.1747888201782,100,0.0118752789229581
0.59895732098817,27.9610403631422,75,0.137557053255859
0.539326972320536,28.0227882819725,69,0.151103673297274
-0.517096095034092,6.51649229697184,11,0.00218404291078277
-0.170342263547225,6.0384662795374,35,0.0020804584681908
5.11161837514829,23.7626031851269,100,0.0189292010720619
2.31442863745859,20.6180798429905,90,0.0147664928268512
5.78086368642286,19.7976881312661,57,0.00952016599331102
-0.805222727777955,8.30389438058586,34,0.00258105156592277
-3.38607955189643,18.5200781566423,41,0.00964099256798957
-0.07867748307553,20.9952292581401,89,0.0175594982586781
-0.612808876300067,28.0445411764139,91,0.112231737589765
0.249445700462999,28.6043299351279,80,0.124759648776942
3.040946944221,18.4381760373181,58,0.00954723089736827
4.07361329858891,18.7333825199061,41,0.00953170449379822
5.80364815051224,19.6852356156656,57,0.00933442644031457
0.816777791541281,27.3993352248048,71,0.135474222284571
5.66934775384042,19.9738134915896,60,0.00987615948130055
0.557970949486702,27.4985132867804,73,0.139979579208808
0.776790943176152,27.3943490198109,71,0.136567480781677
0.233574338871321,28.3429986485723,70,0.149529301480899
5.01999100780706,19.7516425491873,60,0.0102179685046765
0.143326675499763,28.3031508705869,81,0.129586864727233
-0.644395751516696,27.9544047734279,79,0.12945107237309
12.2843326854099,29.2413237793761,100,0.0061458859089528
0.534432677115386,27.5533008105324,75,0.137335430260468
3.48384606392856,18.8148390364047,61,0.00990339465789658
0.911467985325138,27.6213435655377,73,0.131764073247198
0.17383283467328,18.1609278115771,62,0.00987876853110305
5.54987462408544,19.9722277982389,60,0.0100061482838241
-0.879546493397358,8.32444868060872,39,0.00258224014365291
-1.89607034030808,23.9694853163264,100,0.0349140016334069
5.19293145874751,19.9069232210479,65,0.0102418484405727
5.67437363901517,19.3581926012264,60,0.00897655922217672
1.33443538852589,20.9473034716362,88,0.0168679071317172
3.44621510599046,18.7184229216935,58,0.00978775975819018
-0.59835710299932,28.3178422490881,100,0.100325851242012
-3.79347191851484,18.3373356823391,35,0.00913274521229874
1.67014602265773,6.12254758234937,41,0.00208176788137421
4.81982594825177,18.548675648174,58,0.00857224920658757
1.9169402426979,18.33549728897,60,0.0098701723637061
0.911833405804183,18.6048562064776,42,0.0109154811210036
2.05077012573343,18.3930224144929,66,0.00986643588328135
0.858874948309277,27.8509608490704,78,0.125964069936238
-0.416748919193228,28.3108774616267,72,0.143331009038228
2.53107378152085,18.5520942517416,59,0.0100132725847893
-1.18044932943606,8.21550281340476,37,0.00255135049844866
-0.606214668705836,6.63944815686482,22,0.00220345483316254
0.140668949599995,27.2951668586285,67,0.155250050127552
4.88245726974142,21.1819852095188,71,0.0130801407203578
0.619063984642378,27.8216604267217,70,0.147366420071794
0.408206559420403,28.2022667315869,92,0.112562736168574
-0.102813602137363,27.0167912597735,80,0.123082116790926
-0.240836978188336,28.7322193284579,84,0.116041389620829
0.965334918564652,27.7439841815694,76,0.125839674076684
5.02436679208254,18.1828465215513,58,0.0079607389168307
-1.15431880996815,21.1958706414649,100,0.0176489657242217
0.450099329806385,18.2103798249678,60,0.00997579775136863
4.78172006025,18.2975697662524,54,0.00828984247467897
-0.718774554564726,28.0301870261665,84,0.11981527277391
0.432337883969594,28.5767145418101,89,0.111113260099578
-1.03148366910227,6.17309286727724,35,0.00210154452737376
5.49662167955837,20.4023720310795,59,0.0107934831289321
0.498104995755886,27.4130909158347,77,0.132451341847231
0.654453965848517,28.4999953086755,81,0.119942565410842
4.71692852817693,18.2245192830151,59,0.00820232045957046