0.277768791357402,27.8205009149135,71,0.151979960834573
4.96964703852292,18.2500955597172,78,0.00795086950324957
2.45150762557098,18.6803723345457,65,0.0102355043335744
0.277768791357402,27.8205009149135,71,0.151979960834573
-4.47814065176295,18.8404717577841,40,0.00940477845110971
-0.726393786640849,6.69271091679834,15,0.00221712238791253
-11.4021089499445,18.6218729170762,85,0.00444889503556392
-0.280733820905035,27.224339543003,75,0.135401395254617
-2.50234813404936,18.7514702201014,41,0.0106100149194224
-1.04038400851776,8.3049126905072,34,0.0025784282398393
-4.42713497752114,19.0163575977009,56,0.00958475084956528
3.38151675169717,18.7949243406352,62,0.00992716850751809
0.651176834985079,27.7609175575685,87,0.117163312020643
1.93055134032237,18.6031527452425,39,0.0106111908450553
-5.2918017589327,18.4678190182748,48,0.00820072461544171
5.47816049018336,19.1770141687178,57,0.00892642374883681
3.31742672880843,18.1685355339767,83,0.00876003786236639
-9.21477045758354,18.4920969920567,37,0.00564035656770894
0.685729050854776,27.7274986354814,88,0.11508658606462
-1.86794839106554,18.3806751566354,71,0.0098647288679186
1.31010307245662,5.98800731130479,22,0.00206929877668303
-8.006790560463,18.6517997260896,32,0.00653494794594011
-0.923746136774038,18.5384968524908,46,0.0107218176800153
-0.307627874556719,18.1528468142437,43,0.0100453597413573
0.370375199530321,27.9090561744646,71,0.150591873183055
-4.27713392213215,18.5898585442648,48,0.00909476940412518
-3.94297918089417,18.4814786549483,39,0.00923122981440142
0.430612740261042,18.1700138148388,81,0.00969873685684703
2.14156621506706,19.142103755899,46,0.0116129763712448
0.27362965878725,27.2236100152775,71,0.143216415996727
1.07387764921165,18.3285969123543,44,0.0102748083201502
1.70405528464477,19.0098105501531,44,0.0115536769357569
1.25389086005969,18.2797661132405,78,0.00979644910120757
2.79282997022819,22.0197871050296,100,0.0192962943947698
0.1888977193291,18.7813003490735,37,0.0114834413603666
-3.39839191092646,18.917937804014,46,0.0103058098736022
-0.145798206600393,28.1945188945439,88,0.119999979372083
0.101765469522231,18.2875299757348,52,0.0102283793957382
-0.280733820905035,27.224339543003,75,0.135401395254617
-10.7991817848594,18.171931633379,63,0.00459335189666902
3.15775340587575,18.6493907147483,43,0.0099969513614857
-1.0339533097088,18.7592542956838,59,0.0110233984203153
-3.02075179704091,18.5939035153636,51,0.0099000698508811
-4.2668070557848,18.3059269193498,53,0.00864225286112099
5.48603020299006,21.1531985394183,53,0.0123008355236432
5.48603020299006,21.1531985394183,53,0.0123008355236432
-6.50326806855852,13.40066385964,100,0.0038269948030898
-2.65790502421215,18.2464700537578,47,0.00951391698241812
-5.1283458256807,18.7905607979775,51,0.00872767323693565
-1.61700859325087,18.5439219566192,55,0.0104353575580823
-2.39524048658321,18.4028023903278,47,0.00992062126319957
0.776557961795351,18.6205388953976,41,0.0109896726900606
5.83486426361167,20.5082523072408,59,0.0105359637812211
-3.40608287353927,18.5134840057975,44,0.00958930324380546
-0.808031848608639,18.3331033189496,82,0.00994636687689841
5.72207514875374,19.9003949696753,59,0.00971646102871001
-1.3084321966663,18.1573101850707,37,0.00995231187069982
1.5936242041152,18.9932523751408,79,0.0111133625065613
1.97136189782331,18.2950982882566,61,0.00976579153044135
2.57516689688538,18.3676835966004,48,0.00975990466675984
0.652855021636302,27.6873347143898,72,0.141694012086566
2.17390186659687,18.796646049922,47,0.0108115546562651
1.39325231500773,18.1753256211709,45,0.00988542718700969
-2.16333737640842,18.7135917474942,48,0.0106314643791744
-0.667684681385154,18.2063440751941,54,0.0100036276905491
4.2037693323372,18.2022375746595,44,0.00860075055631245
-3.52328446187643,19.0156210114916,33,0.0105419140880936
-0.560978359864552,8.88623623632782,35,0.00274148129958431
-0.652305583053623,8.15067920649212,35,0.00254237799522168
0.419673221800743,18.2826181099255,44,0.0102852044330392
-2.43976894980931,18.5113860314089,46,0.0101139679893625
0.28606087693426,18.8614257926827,45,0.0115634461099643
5.48605066740788,21.0760246983281,52,0.01216000015511
-5.22273711200527,18.1732090966218,49,0.00787799546680529
-1.10669725351306,18.228843427949,39,0.0101205600768362
-0.62312539204619,18.4712042031759,36,0.0107455270450184
1.76542142010006,18.5733317886777,46,0.0105393098773609
2.42047377778375,18.4536512425071,43,0.0100439584150919
0.484806969559134,27.640230890292,72,0.145245793984683
0.210544861302982,18.7878377019692,44,0.0114061656221112
4.9019864238559,18.5582305764074,39,0.00866728555634667
-1.10141909368877,18.3605462911294,39,0.0103866725125347
4.22080304878536,18.4240040943593,59,0.00879681401599808
1.53987106440028,18.7533885285585,43,0.0110466619324168
4.55974862402129,18.9341460646179,52,0.00938216229138615
2.97387958084039,6.48155745816697,12,0.00213658959165169
-0.549776599886074,27.0511341141082,74,0.128873967840146
0.0672085556780169,6.06729767073028,9,0.00209739789651795
-0.0404813459888697,18.9723766438762,52,0.011748885648619
-5.67969019329538,18.7749441516619,71,0.00814195824298871
-5.64044310456187,18.3631255114093,45,0.00784746433556909
3.0349217416294,18.5574035970279,48,0.00985483406973865
-2.94982566199391,18.7294953469173,38,0.0103315226107267
2.10408989559042,18.6691222356728,46,0.0105906236947472
1.54952236729167,18.5287227289669,42,0.0105710682385143
4.38362721254039,18.6432159633568,71,0.00891352377039136
-5.79742945980696,19.1157395848786,52,0.0086062303228559
0.150780083350208,27.4965920477703,71,0.150224593218745
-1.18570948539488,8.44297742077163,32,0.00261386202647119
0.279601338376722,28.1772006163715,72,0.147514149818882
3.29013784245985,18.3666410430955,48,0.00937441387954329
3.46891394195818,18.6505629742588,46,0.00976840507713035
1.22784354365477,18.1749710363197,59,0.0097912194737823
0.853377492812775,28.3430111362641,67,0.141615766162859
4.55248310911974,18.6358257305184,57,0.0088940836153566
2.32448792451705,18.7883065173588,47,0.0107155536942795
-1.98405156161278,18.182890031827,48,0.00967980777522433
-0.737029944176527,18.3599643674196,42,0.0104255314976924
-2.29188498847863,19.042637320813,53,0.0112080714893202
-0.821134439884377,8.04105044263424,16,0.00252515682612511
0.370375199530321,27.9090561744646,71,0.150591873183055
2.852651934633,21.0502959262213,93,0.0154493781178797
0.460603207169656,28.6142092373582,88,0.111357032298752
-1.0135836520208,8.48147548596155,32,0.00262671634214831
5.30466817303196,18.357872334882,45,0.00807399520860876
-0.152171576519154,18.9801088943514,38,0.0119619270190228
-1.86186402865025,18.2222289929553,66,0.00962667845987141
-3.44186161394611,18.2299346632883,44,0.00909840517131943
5.86823957168427,19.5123287057522,48,0.009104028439017
-2.91173397391525,19.1091810958905,33,0.0112010109788148
4.11899206545723,18.3004271112428,58,0.00868989737442294
-0.478656390361622,18.3018759630026,72,0.0100289363255499
0.997655347985272,8.01019829882934,95,0.00246633450674172
0.776266896768156,18.6839898090957,45,0.0110833493516227
-1.01560910579141,7.86923489248653,64,0.00245090493983527
11.9513491578678,29.5878281517872,100,0.0064219118515198
3.0084729409935,18.644091176302,45,0.0100595865844187
0.693581469699528,18.9568948258067,57,0.0115781823588432
4.11687664347699,18.9620752260195,49,0.00980923668619295
-0.214444105291326,5.99442108048791,13,0.00208157886402269
-4.15890406786845,18.3624617638404,51,0.00880869527509125
-1.95529495547752,18.2538602357527,37,0.00992793877146235
0.688166376385348,18.4048898688535,57,0.010363011038597
5.80328368375472,19.1888606715045,55,0.00867384001837837
-0.125066326135158,18.3936756013152,46,0.0105095738264508
-1.17891610554672,7.11866368063215,21,0.00230072744157631
1.99129904310412,18.7816330329016,47,0.0108689204619804
0.0924662965737711,18.6662549031815,73,0.0107808315972141
1.3277177361955,18.4115167784244,41,0.010410049433169
0.87850364050511,18.6453936473119,49,0.0109284225576441
0.897645109798492,18.6647235281719,44,0.0110274733685549
1.19392995004664,18.2645911595092,54,0.0100178260919394
1.74183451169236,19.0147209807241,58,0.011364177301149
-3.25013648422712,18.897657791934,57,0.0102553461061008
-6.15026914274043,18.854746019311,39,0.00808122158140511
2.45565992499664,18.347825771674,52,0.00974314770625114
-1.74095267784267,18.5636593274795,73,0.0102378410475484
-11.1710998458596,18.5664149084256,69,0.00456645679278077
-2.22023880084129,18.482796413425,47,0.0101537702314556
-0.0652181098032949,18.6260262751326,44,0.0110382162514047
-3.90752796539048,18.1982537196359,25,0.00892514507466349
5.80328368375472,19.1888606715045,55,0.00867384001837837
5.92934138685745,18.746592824331,57,0.00801058646429946
1.40845826398367,18.6540916733144,47,0.010827636737474
-4.71377242806929,18.2349373325497,75,0.00811120317517373
-7.38116690394384,18.4260402028307,47,0.00670665891924266
1.18706894059358,18.7196302433991,38,0.0111508721397642
5.72962482609693,27.4385348063538,100,0.0233055269498493
-0.792950449287812,27.945067094691,88,0.113163160206153
5.91229546153765,19.1879587046558,53,0.0085923960448199
5.22648828641622,21.2274174739476,56,0.0128493869018051
-1.99701001355052,18.3857958625856,41,0.0101242231842755
3.2380051888741,26.5289008225572,100,0.0451247369878329
-0.605543897063962,6.98139854610939,33,0.00226996572824239
-0.44429612255702,6.11532390703164,19,0.00210135648713774
-0.214381489073057,18.3568295262062,39,0.0105063319441978
-0.827389777723793,6.00198074896034,20,0.00207722023250873
2.12480329237442,21.1211552349661,72,0.0172281687224001
1.30896214386209,18.5138984800995,43,0.0106059051712176
3.56531735295481,26.1287440200407,100,0.0390411258207622
-2.43464794376705,18.627004406307,49,0.0103093273170916
-2.10239833550576,18.2859083747517,43,0.00987089137955565
-4.9493268735156,18.2335248369373,39,0.00819741647323317
-2.13253428175238,18.9204481521871,43,0.0111499643408025
-1.75701780015455,18.6241152291522,41,0.0107052045783032
-0.298053031442499,18.5114610891051,45,0.0107633216419906
-1.18429408681989,6.69775457630155,33,0.00220508874037116
-0.291422963970755,6.13572301685256,12,0.00210888675264248
-0.329312557338938,7.72960892269456,38,0.00243847813655049
1.2792816453841,18.342748846907,54,0.0101482502454567
-3.00314410053277,18.4833870415481,54,0.00968392435486801
4.44183376937623,18.1928905589513,61,0.0083189286832102
3.48629440306128,18.5694944208599,52,0.00956098758336033
-3.44333466685171,18.6940324375781,28,0.0100406475177192
-0.730477145122089,18.533715708153,76,0.0104126288282903
0.0883044274777298,18.4891037180094,71,0.0104334409600686
0.972270658981956,18.5034141326938,43,0.0106706349119486
4.9401878425628,18.653746657007,56,0.00864421447697801
2.5809182921166,18.5529663551839,49,0.0100902045605649
-0.206360338638918,8.74203340414125,38,0.0027006043823232
-0.886640044665146,18.2722729249659,76,0.00987797356079398
-0.506275967444865,7.89408246676573,31,0.00248173119535803
-11.0611499975031,18.3255731457496,38,0.004587599977087
-0.0312036902309418,27.7319754186056,77,0.140475443802626
-4.88270053487895,18.5094892369376,40,0.0086060795355968
0.965924862503083,5.96663287764709,62,0.00205167072757183
-9.96252822815342,18.8134192968833,39,0.0053787746148955
1.63505283473191,18.6666260503697,51,0.0107278588936572
0.329492615756167,18.5950767854111,41,0.0109924817747572
-2.63690473394619,18.9817139238295,43,0.0109889899060824
-1.90341753608224,18.3721673158123,45,0.0100942379658297
-0.300346912509669,18.7190523140907,54,0.011114726311833
0.0445659604749605,18.3000472073419,34,0.0104472125056858
-0.917492918226867,7.72499491038546,23,0.00244193691372706
-2.25002846189527,18.3689389977874,74,0.00966488687677113
-0.616453518667883,6.46836509170678,52,0.00215454123394442
-1.13229223408197,8.5196062985801,28,0.00263795366049519
-4.30635023447514,18.2010456238204,33,0.00861586731116839
4.80145255813081,24.6942374292409,100,0.0232640239436264
0.613991252779647,27.2781095838579,87,0.11340412495226
-5.76599057750717,18.7118703967958,50,0.00813944272789684
2.41318293242378,18.3821320876074,78,0.0095805759630209
0.80621270089994,8.18270000309355,51,0.00253874281221284
-0.987104069298938,6.12747225616481,16,0.00210158273163196
-4.10223262941747,18.8804100755873,49,0.00968199089493683
0.743574259639274,18.2784231784578,51,0.0101642337268197
4.96912391208992,18.2005870859965,42,0.00812206982142465
0.264741584450399,6.09392751445706,9,0.00210222358027218
-0.809009727430634,18.4584834654299,45,0.0105856794526381
0.868940922443542,18.4457913917308,44,0.0105589205189618
-1.39996343781656,18.7258697020747,43,0.0110356017702387
0.377123867265825,18.95009445544,59,0.0115805530538474
3.90547766023331,18.3775813538503,69,0.00885006999434225
-2.87828989754685,18.3968262069037,43,0.00970302900741304
0.941050564483635,19.0077586311646,56,0.011659002157909
5.3115060011991,18.7460994765442,52,0.00851797423542098
4.26344185178369,28.4132194653615,100,0.0352328260803951
3.70040487443626,18.8857521647619,30,0.0101881442587098
-1.52676621575111,18.9272046210231,68,0.0111297934039041
4.17591626726497,18.3922348364864,52,0.00883382431434557
2.98209544841858,25.7794781732767,100,0.0432383670640989
-1.00854832885126,18.6670976374451,45,0.0109950104562872
0.182204850473228,27.5823922830229,71,0.151241260665025
4.88335953909827,18.3581739001346,51,0.0083224873934303
5.40985581540777,19.1136872177006,47,0.00897769662968786
0.501534424332187,18.2893722883398,41,0.0103227823515368
4.73222548766731,18.6783499405778,67,0.00874734900570869
1.12988642526246,23.844448299665,100,0.0366136411979646
-2.50234813404936,18.7514702201014,41,0.0106100149194224
-3.95288036963865,18.312043314691,70,0.00871738198856005
2.25297603096156,18.3831563640968,42,0.00999891111833407
0.242835111295981,18.4284148901448,46,0.0105777483174457
-4.33211932034762,18.3716630459319,43,0.00877037207780214
-1.08550581148795,8.38213959802629,40,0.00259393608752347
-2.73155563231582,18.5666026332375,38,0.0101468656208302
1.66860869491409,18.7761420568783,29,0.011220299266241
-6.73168783211049,18.488076338671,66,0.00710869789062646
-0.381058283360357,7.27740534646905,55,0.00232428260868058
0.853377492812775,28.3430111362641,67,0.141615766162859
-3.44177906425793,18.6932791192998,28,0.0100403348297605
-2.64124119722359,18.7638544598611,44,0.0105219407051136
-2.24052909852194,18.5545765682598,46,0.0102949634771621
0.817126661541961,18.2277134840194,53,0.0100327622466034
0.0127911588350509,19.1179596118099,42,0.0122630109683394
1.2792816453841,18.342748846907,54,0.0101482502454567
-3.36027827038968,18.5251122367486,54,0.00954602243911129
-0.199100648295407,18.5479350804669,49,0.0108016777776921
2.5428727256512,18.4270922510746,56,0.00980678039728057
0.39863423045383,18.8415824405529,46,0.0114923962273624
5.57673840580861,20.0851190533545,58,0.0101761489077484
-9.17210847269247,12.0255004138317,100,0.00290023969190931
-0.418210265109936,6.30561716131117,41,0.00212847204878294
-0.110973160101764,18.1904516099133,80,0.00976206136230544
0.222353420399772,18.969227569895,43,0.0118598285905985
0.550179152070114,18.7262069801127,60,0.0110311417217503
2.68717585404211,18.289285327625,49,0.00955619600709466
5.23751460250893,18.492235178951,44,0.00829801621079005
-4.42937314568383,18.5399821857722,59,0.00882564902397905
-2.70906474216855,18.7061984753914,44,0.0103675569068707
-1.13513501066445,7.01525338306879,15,0.00228183119479324
0.00450230138245045,18.6350536904347,44,0.0110590774361818
-5.51877194221665,18.955722300221,50,0.00864558194722308
-1.69315176815,18.4553748341988,47,0.0103158738483781
1.57145542816132,18.4395435218947,51,0.0102839652961572
-8.79899209051936,18.5236514911522,30,0.0059342341435425
-0.723915466799785,8.32773124267106,13,0.00260224986383455
0.00450230138245045,18.6350536904347,44,0.0110590774361818
0.861981760408798,18.2249866289548,50,0.0100501189541228
0.190100190156945,18.5466478868705,43,0.0108697205480179
-7.38304375140627,18.4692445114402,67,0.00665248203957508
-0.772884895366622,6.86972305226707,10,0.00225661322461648
-3.04230014131793,18.6480829606355,54,0.00995631421947802
3.0084729409935,18.644091176302,45,0.0100595865844187
-0.433697359539277,18.4384169814501,46,0.0105844066783646
-0.234336730404611,18.4114873170791,61,0.010378433026523
-10.4522522333579,18.6488524664123,50,0.00499953547641461
0.550554104449613,18.1870089750416,47,0.0100507791818462
2.32842735842137,19.0384199600778,53,0.0111775988751461
-2.24052909852194,18.5545765682598,46,0.0102949634771621
-2.43930203047475,18.5677868935552,48,0.0102020634770104
-0.240501920067949,18.2157908034468,42,0.01018397871283
-2.75301883857605,18.4773882844915,34,0.0100063333945732
3.33424682307733,18.9055853656132,39,0.0104034590596224
-0.764310633298676,18.8151578073267,45,0.0113873560914551
0.370375199530321,27.9090561744646,71,0.150591873183055
-1.29642548580826,18.5380016525663,44,0.0106491267615666
0.465457999812637,27.4644963599181,81,0.126983267529664
2.90862602736576,18.3505421811532,46,0.00957722327698943
0.224024897938968,18.493473396186,37,0.0108217895067374
-1.91379175538921,21.2530818463721,91,0.017442479974587
0.602350371844127,18.5978701019344,41,0.010968066891873
-1.11453828287888,8.09158040573562,28,0.00252664046532304
-0.112165538974762,18.6008099511366,47,0.0109446230566855
6.68524573081369,25.3852667527419,100,0.0164679715330725
-7.22198015734461,18.5826684420373,74,0.00682361859031023
5.63675238701442,18.7704957995258,38,0.00839521090172668
-0.337979928460114,6.26329305972638,15,0.00213225817824869
-5.9364848480168,18.1765518516999,62,0.0073455980238226
-2.74200280169563,18.6077966504595,72,0.00987696124282512
-2.61340940104583,18.3525062239914,54,0.00965746459764804
-2.29389896784076,18.8232180770227,44,0.0108402569231654
3.15775340587575,18.6493907147483,43,0.0099969513614857
-0.0796697687776745,6.22039463329752,64,0.00210245979608475
0.516574318200501,28.6984091558623,71,0.133891960521999
1.68077328474552,5.86465977172482,10,0.00204676718107414
5.4939633577013,18.7917595791087,43,0.0085005077512695
-0.520644851868959,27.1692969928784,75,0.13070442611602
0.973826183082456,23.6537855426655,100,0.035023847164139
-0.380313532203346,18.4170049186486,40,0.0106113028827411
-10.6270164333417,18.7697809199953,82,0.00488545968072575
3.99436548539825,27.7267710437402,100,0.038648782312488
-0.533668748727868,28.6644302050516,88,0.10951794561785
0.516574318200501,28.6984091558623,71,0.133891960521999
5.51165235121279,18.9388774053302,57,0.00857722749602848
1.67958749899459,18.683189197558,44,0.0108273675716601
-0.21084938546889,6.24344075614767,20,0.0021264175736571
0.283500904294824,18.7287842151843,69,0.0109549370473372
-0.481959825029934,18.5081253427718,46,0.0107280068670798
-0.299683333575869,27.459894926046,96,0.108086087008549
-2.64124119722359,18.7638544598611,44,0.0105219407051136
2.56586988376113,8.59692157364372,77,0.00258867178559931
-2.4618465775991,18.5133102634893,53,0.0100355862257209
0.16229537019475,19.0979066157689,41,0.0122214610701863
2.84231540748923,18.4963991853347,45,0.00988338388617003
-2.2519800989095,18.2141236251857,35,0.00975236912290075
3.19209142683289,18.298675377951,48,0.00931679836455885
-1.86253480851116,18.2350125517087,38,0.00991726923365078
-0.0372179049169877,18.8360086922163,44,0.0115264329825568
-3.89847485618058,18.1860300535004,58,0.00865735567316585
3.57442753595513,18.6522750645147,85,0.00934732409758119
-0.679440186817055,7.58496531916245,20,0.00241260470988087
1.90515491361977,18.1864952028024,46,0.00973413923605904
0.0402330241606107,18.3494438107995,43,0.0104518540579261
3.56827732620113,18.7973659589388,47,0.00995150246532868
-3.40765293632136,18.6328133282473,42,0.00981576986827421
0.546348849628972,28.4738542462346,75,0.132016713452326
-0.679367037561671,27.3412874284728,100,0.0986885686887274
-0.0781416905371891,18.2148322014011,51,0.0100948708176337
-0.216762076485298,27.0825233415218,75,0.132373557510778
-6.4679128568239,18.1586924469194,60,0.00699916217191202
-9.41746031735036,18.5746398353049,62,0.00549358720007232
-6.38354726409378,18.565432007216,41,0.0075664346360217
0.370375199530321,27.9090561744646,71,0.150591873183055
3.11081136150938,18.2714707239417,53,0.00927284735107809
2.73917752583847,18.4023545143592,58,0.00964557080869357
-2.73155563231582,18.5666026332375,38,0.0101468656208302
-1.0339174540955,18.7042495129469,41,0.0111209491472071
4.52233209639062,18.1865437470311,38,0.00842089994867334
-1.52305831173732,18.4999984432657,51,0.0104217178678308
-7.56270305942809,18.5748025872638,38,0.00675067573853312
-2.60060613115402,18.5820002492746,55,0.0100737028481727
1.00948373899312,18.3799761484928,41,0.0104259695408422
-5.14791444820219,18.2467827061676,48,0.00802312388429116
-0.981111472326392,18.3639347545856,47,0.010334602806747
-2.92132318881303,18.5400034501441,46,0.00990878950151808
-1.01881969191647,8.53927086597349,35,0.00264007358650044
-1.06250405543407,18.3473175975012,51,0.0102412265989655
2.06289755253505,18.253539382482,40,0.00985567585156683
0.776266896768156,18.6839898090957,45,0.0110833493516227
-9.21477045758354,18.4920969920567,37,0.00564035656770894
0.51834043730428,8.76353449028869,33,0.00270861868800627
-0.280733820905035,27.224339543003,75,0.135401395254617
-1.84173166093691,18.9174690382864,47,0.0112379831135919
3.58874179372449,18.716030025049,48,0.00978331373100279
-3.67342905428804,19.0602903212035,49,0.010335733394623
3.3434325085147,18.7402447673687,44,0.0100329061665296
-1.71661758209276,18.6282072859103,41,0.0107300062427652
-1.26104901139995,19.0310967115025,49,0.0117147321857318
1.3883679878881,5.8313491338715,60,0.00202369966674924
1.78466944857611,6.09334404652415,12,0.00208712862618667
0.602350371844127,18.5978701019344,41,0.010968066891873
4.62401202225082,18.5762553406125,50,0.00881108904481636
1.81402220091543,18.2252743859601,55,0.00975196576075913
1.33607546906981,18.7381612918289,54,0.0109509131972377
-0.392617047745489,8.50510960518683,40,0.00263355572334212
-2.52489327240165,19.1201069505974,37,0.011443818666008
3.83536060088138,18.2004149284367,45,0.00881504233703474
1.26073339921232,18.4797329398291,42,0.0105593226938462
5.05606873911157,19.7475827878771,67,0.0101013982781442
-0.470722309765646,18.6008206028463,45,0.0109435689197146
2.13269182233506,18.5199438746131,52,0.0102135543427896
-0.894390000486422,18.1644509178461,35,0.0100777427593217
2.32448792451705,18.7883065173588,47,0.0107155536942795
2.42047377778375,18.4536512425071,43,0.0100439584150919
5.18313480173154,18.7039493550912,46,0.00860423919195962
0.392897936815336,18.5359831256643,52,0.0107278059541773
2.97791065810301,18.5129335515739,57,0.00972197995215688
-3.04725802991082,18.3400922186287,40,0.00953843914505116
-3.42484476850955,18.3378559142194,56,0.0091806014516651
-2.16910657524834,18.637955517412,30,0.0106752157506309
0.0612613424804505,18.4556465695874,65,0.0104308068267724
3.69503756372865,18.8150440589739,41,0.00995144819172313
-7.72548231324182,18.4078194983518,37,0.00650824911634846
-1.06437056805029,6.83403962755155,28,0.0022372522727345
-4.53327590473075,18.7716082247468,47,0.00919346477039816
-2.34856120073942,18.6244497145576,48,0.0103589418801007
-5.79742945980696,19.1157395848786,52,0.0086062303228559
0.600166981454607,18.5634919470117,36,0.0109517940981082
3.08597065701958,18.465633060405,51,0.00963376612310268
4.30966313270429,18.5177905922807,53,0.00892266304096579
1.03361853766996,6.27426962975872,15,0.00213007755727685
-0.140508719029803,18.9744730989105,43,0.0118771484864325
-0.725871546018586,7.57039962700787,33,0.00240127217239013
-1.65038980578459,18.8565223038876,94,0.0106259027668822
-2.1013449294306,18.8308296813074,51,0.0108737156163996
-3.24448252599432,18.7365206954458,56,0.00997127357417228
-4.02308318146626,18.5979626415721,82,0.00900135160594358
3.21377475435855,18.5096700280249,40,0.00973888777922733
0.119692231023507,18.9810198477884,53,0.0117545332533319
0.776266896768156,18.6839898090957,45,0.0110833493516227
2.43528806028732,18.2903668453063,45,0.00971504229553382
0.587629495997886,18.2730472063614,45,0.0102375450192048
0.979675099369371,18.438163410262,42,0.0105424006319404
5.10812955208482,20.6101770665334,65,0.0116182017693065
0.252555757064225,28.4149520261315,71,0.145531044711216
2.94955393969734,18.5986618072495,47,0.00999039477038113
-0.0956962539369801,18.4617803703187,44,0.0106769256983834
-1.96111893261546,18.9736341831865,40,0.0113977714939004
-2.82358838830204,18.8458459954586,59,0.0104111461601165
-1.16470055353623,7.91282282245248,33,0.00247833497774849
-0.991440595480642,6.36205420150744,23,0.00214408802363119
0.029654603465895,6.4308727142796,12,0.00216749377693589
1.35027025453101,18.7278303419092,29,0.0112304881726663
-14.8277934213936,18.465266291828,52,0.00318219295770667
-1.90886732662205,18.6812056383882,45,0.0107160775025421
5.51015040763692,18.4030195132989,56,0.00791636442958711
1.06371295222799,6.23132139865375,17,0.00212050543822245
2.86636291601462,23.1475562138355,100,0.0247918653388598
0.53725901485451,25.3293469824956,100,0.0602405718452206
0.678340867927144,28.5310348474584,88,0.109772169312072
-4.33961625383334,18.6482248799,45,0.00916482434241633
-6.27529814061765,18.3607709135179,64,0.00730251094738598
5.02032968748748,20.7555558953936,59,0.0121218885243785
0.905447372496859,18.2724042677219,48,0.0101557357394515
-8.6550987762635,18.5796147224624,48,0.00599663382977998
-2.54715373034427,18.8879984043809,58,0.0106714496685596
-0.696292871668478,18.266655179639,46,0.0101997311093758
-0.0508609419886957,18.5193966319112,54,0.0106867811720433
-6.15398787387439,18.2339883684943,46,0.00734988994208375
-1.28039272493336,18.2161213304534,43,0.0100131534927171
-5.75658745706745,18.4350855519408,34,0.00791818256815143
5.34848946957894,18.4841609195423,40,0.00823473120121112
-1.63210965386891,18.9291059208837,43,0.0114093092081378
-4.80893289054791,18.9773338212203,34,0.00940286634851224
-0.280733820905035,27.224339543003,75,0.135401395254617
-1.13579086565821,18.690429275814,58,0.0108583866932196
-7.65445841168595,19.0159050505779,38,0.00706555947262941
3.16155481817832,18.2877624739274,56,0.00924660343326652
-0.811647857721871,6.40286993322329,11,0.00215926181304887
2.6516741018332,18.8529369176134,53,0.0105952604262064
-0.052806365235033,18.8112159316269,54,0.0113370140427837
-0.533668748727868,28.6644302050516,88,0.10951794561785
2.01594167613896,18.4319312430289,45,0.0101649977880084
0.222353420399772,18.969227569895,43,0.0118598285905985
1.99116753882533,18.4808748598185,73,0.00998433270922391
-6.85753486715428,18.2347993668775,34,0.00694468258648693
-0.0205451601876194,28.827830942304,83,0.115797991683504
-0.380313532203346,18.4170049186486,40,0.0106113028827411
-7.91968502171295,18.6148753081234,45,0.00650967108804942
0.219855603533983,5.95585252559857,27,0.00206827306911968
0.526613490695469,27.3127362977577,72,0.139291801510008
0.958502382347844,18.1948716242774,45,0.0100242263103572
4.13191983920159,38.6116526050767,78,0.00707487647742401
-2.97321545318517,18.2193387697797,45,0.00932773279213713
-2.09887784419948,18.7490912263099,48,0.0107368177492148
0.690343933840144,28.2320857772167,88,0.113441650281651
-0.300346912509669,18.7190523140907,54,0.011114726311833
1.1684916531637,18.4227628947282,44,0.0104437395873134
8.34389618177967,26.2996225002791,100,0.0122010380470105
-0.783462927613878,18.5450416108271,52,0.0106944679993079
0.275299248864936,18.9056873157568,46,0.0116579142329165
0.355333248636047,18.2307923947708,90,0.00973021035064054
4.13412199485244,18.7936583997353,44,0.00955904837981824
0.28479544455069,18.4427528728062,42,0.0106507696615259
-1.09393095258652,6.23952460728676,54,0.00210528054070878
-3.32452447027441,18.8336514172893,46,0.0101988009442385
-4.05747742599347,18.8537707428641,29,0.00986207405500941
1.4291847398758,18.3390730521503,57,0.0100689570888369
-0.708022580223031,18.5387404184453,39,0.0108446678239889
3.74947289320393,18.291474751326,30,0.00912909587395492
-0.550937534045143,18.3664196456494,42,0.010465060465651
3.50208290265787,18.8781186211391,53,0.0100845103995648
-0.0152174677649966,18.2636236499344,47,0.0102338025001084
-1.99146565944342,18.2716458211467,44,0.00987877062735891
3.17266974303679,18.4081254320519,47,0.00952125890167905
-0.809009727430634,18.4584834654299,45,0.0105856794526381
-0.0517124416097348,18.9971842177247,41,0.0119652886172321
0.976343068653442,25.8018260053724,100,0.0662452834266284
-1.0911107075958,6.65806871007687,19,0.00220475169405786
5.87206892777714,20.1218660232764,63,0.00984445394671587
-7.2812177977902,18.8574248750883,48,0.00715380537551207
-3.57971580304654,18.8018939353805,47,0.00995153210793162
-2.70906474216855,18.7061984753914,44,0.0103675569068707
-9.42549666564611,18.2763204565405,56,0.00534154966972142
-7.59833418281689,19.1239724058822,40,0.00719551529884961
0.853377492812775,28.3430111362641,67,0.141615766162859
-1.71250140589598,21.2254481366261,94,0.0174619604726974
1.98015982587612,18.4196725345232,66,0.00994380269372948
2.07100974378548,18.7014996060575,45,0.0106848054498619
-4.52095022779853,18.4964776187302,46,0.00879982016151006
1.88280601192128,18.1708121512996,47,0.00970400191871695
-1.13067057034986,6.16868385691912,21,0.00210594493455321
-4.11046841630928,18.4024739357304,38,0.00900372635070564
-0.80042582513739,8.76381575751731,25,0.00271184137216015
-6.68082322833632,18.3716895922502,29,0.00722095249457931
1.28527757776154,18.9190427638604,48,0.0114526869909664
-0.854700235587011,6.2389501196327,25,0.00212019491517789
-12.2931725635135,18.59708674076,63,0.00409588384290094
1.64287103101832,18.9004613026572,49,0.0112618314456552
0.59885452367699,18.4296043812765,51,0.0104914953803516
0.131949946456142,28.5470897026347,87,0.116430613402404
-1.03188413173237,18.5063982900485,42,0.0106747773428819
-12.0305928599431,18.3976136732313,64,0.00413913610769163
0.329492615756167,18.5950767854111,41,0.0109924817747572
-2.9161782781449,18.7739713288713,44,0.0103752229936488
-2.13766202260291,18.1806491726957,48,0.00961683124868899
3.13109689643137,18.5210507785287,57,0.00964842832684483
-1.98238575449263,18.6219723030896,46,0.0105490971223839
-0.0971212385215449,6.60835905075826,21,0.00219927546638953
3.08096102309819,19.0673694586502,53,0.0107497516028398
1.86628476328888,18.5931546978543,53,0.010462292575923
1.07768062704884,18.3558855905481,43,0.0103397563975188
-3.33274446642808,18.7289765738959,33,0.0101310611315508
0.717463884587121,28.457525631079,74,0.130355729716648
0.964041532263411,18.6279079222262,89,0.010418325024411
4.11688571245189,18.4797583354706,41,0.00909406170382017
-2.24052909852194,18.5545765682598,46,0.0102949634771621
3.57507847452058,18.1834600765363,51,0.00889351128156394
3.69290634207866,18.8689506934277,50,0.00996018436790483
15.7036390825571,14.1143056939553,100,0.0022447527223184
-4.15890406786845,18.3624617638404,51,0.00880869527509125
0.297265714879591,18.8703513275823,59,0.0113992110012342
-0.639906756439336,6.31772952002016,31,0.00213432073633799
-6.31234943006476,18.2795465404702,70,0.00716560673643633
-8.72138794560988,18.2061192654789,39,0.00574432419065899
-0.0152174677649966,18.2636236499344,47,0.0102338025001084
4.38609046742377,19.0960507987355,46,0.00984569269527595
0.889873376034514,8.5436471582449,26,0.00264927257471913
-7.16432617227137,18.2942920218824,48,0.0067315143981873
5.11732593126758,24.1474273931614,100,0.0200479558084463
2.93315311506853,18.5672224953987,42,0.00999169992176283
-2.92651914129956,18.2837376054506,54,0.00938139237911305
2.45106336829664,18.5406636544584,53,0.0100926733507852
-0.330615684394261,5.99030513277699,11,0.00208139107819532
4.05872411613011,19.0625752350392,48,0.0100411013952013
-3.66235492066034,19.1221348821201,42,0.010538992789768
0.234106123900534,18.5413819665514,68,0.0105690949935521
-0.880911878082285,6.16412204262101,26,0.00210507813554792
-1.02865249778182,18.3949896403768,39,0.010474610737017
2.65070618046617,20.851743508552,88,0.0151836712092975
-0.328078926536826,7.68569772541059,32,0.00243154607713676
-3.34217592667787,18.9515509150827,45,0.0104217012240354
-8.35154411551698,18.5231349677273,55,0.00612184620917801
4.51678105574765,25.1088141065313,100,0.0264004543024261
5.65941822908418,20.1850924206477,66,0.0101571110845525
0.257259604932287,18.6822471592254,40,0.0112081218629684
5.6683407469985,19.901628450218,45,0.00991213533087284
-3.15961073418829,18.6248818166908,43,0.00995080579047195
-0.0251014797672895,19.0022040586057,48,0.0118787315392006
-5.92534823550302,18.498727774204,48,0.00778408156683048
-1.11703684980562,7.64162261900028,22,0.00242024373079236
-3.03166418557652,18.5891570543638,45,0.00994397255317633
1.81468468754373,18.3654074818981,63,0.00993395556923879
-8.29280239901036,18.5095517492004,80,0.00605599743046431
5.87206892777714,20.1218660232764,63,0.00984445394671587
-0.764310633298676,18.8151578073267,45,0.0113873560914551
-5.60137423675686,18.2572513270125,57,0.007679730048998
-0.904353106824865,6.0542444527282,9,0.00209133388643549
-1.34710851388666,18.2438727501207,41,0.0100695430249089
3.37496505349377,18.2703410403637,45,0.00919314939764179
-3.26376607001732,20.9613242185005,92,0.0146280207929432
-0.00932884614700252,6.42313479083618,21,0.00216172626407571
1.66965571915128,18.2903622126207,36,0.0101122080280649
-2.69360832359841,18.3331824526123,49,0.00963017011181932
-3.1664670744903,18.2402289274677,41,0.00929443299302983
5.11937117698363,18.2931358025359,57,0.00804133257715557
4.36717627538786,18.34770056246,54,0.00862957361177505
-1.00854832885126,18.6670976374451,45,0.0109950104562872
-3.17117762428382,18.2010774995014,53,0.00912608391265367
-1.15190893978491,7.50507323130012,33,0.00238151233665564
-5.04567761320405,18.60062785997,58,0.00848041760968126
-1.00854832885126,18.6670976374451,45,0.0109950104562872
-1.68619465043656,18.5833882650462,38,0.0106811695289502
2.42134995991575,18.9262236030847,39,0.0110499218196643
4.08045412628875,18.509188570689,41,0.00916490381822896
-0.804466078071535,8.27724666507505,17,0.00258544378176836
4.47769247634316,18.7699372921166,41,0.00928484091162873
4.90607111965826,18.7158350647657,39,0.00888818670792868
-3.04230014131793,18.6480829606355,54,0.00995631421947802
0.446867664469081,28.6966844292572,87,0.111127592678494
-16.222859233791,18.9921089778335,75,0.00285515590055056
-1.34710851388666,18.2438727501207,41,0.0100695430249089
-10.1975173746623,18.8639273656345,39,0.00527031667898197
5.84854896736385,19.0389246966851,69,0.00834448034252606
2.73680565899677,18.5685195712516,47,0.0100557410489818
-0.790839118211583,6.32083549776587,20,0.00213896756828401
0.370375199530321,27.9090561744646,71,0.150591873183055
0.325521816904847,18.3255192386184,42,0.0104018381961407
-3.88321165568051,18.6138698008235,37,0.00950623567024539
-0.785314892596669,19.0980174890666,46,0.0120610219321788
-2.88987657504573,18.8489915002596,43,0.0105515358272839
-0.462063782428409,8.39025360001801,74,0.00257975540095993
-0.202631383547065,18.4392419892466,53,0.0105245403476859
-0.827389777723793,6.00198074896034,20,0.00207722023250873
-8.77647167532585,18.7847816731839,38,0.00609349342642693
-3.84803379006534,18.5384790071875,45,0.0093351368512322
-1.24728229759754,8.16395753383716,22,0.0025468656218823
-0.235900656750598,18.8226537101604,39,0.0115536659988289
-10.5652290044251,12.1761226768041,100,0.00272073428608273
3.06700281264531,18.3555573137467,60,0.00937510878516691
-0.427683557341809,6.26709244022053,54,0.00211509975715561
-7.51507495723905,18.5921139549419,39,0.00679375653618904
-3.66235492066034,19.1221348821201,42,0.010538992789768
3.03132095056371,18.9612013227898,54,0.0105596041454679
-1.18575770955178,7.70188885649162,61,0.0024107638356845
5.816792040979,18.6603966849954,45,0.00807157815426978
-0.066477112708701,18.3038871857205,58,0.0101990517363484
3.17189652781471,8.90107304454507,49,0.00266418224409973
-0.237656656634278,28.8055323334878,71,0.134243022980774
-3.35493904775755,18.2137542086234,46,0.00910493762543752
0.0296943850932821,8.66726672542096,56,0.00266730447963515
1.27337593560734,18.6503854508116,38,0.0109694528567259
-1.04592843148604,6.32220501760489,80,0.00211003934727447
0.117096839737557,18.571706164021,52,0.0108213312790921
0.494241034535306,18.6632898589838,44,0.0110929331252463
2.12447804191361,18.1565467798474,55,0.00951516475895504
-1.85110009014437,19.1069477735673,64,0.011446214339928
0.141538104426732,6.10812217379366,20,0.00210031532938539
-0.0241065028320544,18.6222620068006,46,0.0110059169109538
-0.889848339194015,8.82083139577458,34,0.00272012748381864
0.190455302706833,18.7952392981567,42,0.0114508757661843
1.29692623935484,18.6016671678097,45,0.0107732351460862
5.87076702329626,26.6253705384099,100,0.021789213280653
-4.42703427965742,18.1522113355553,42,0.00840584864515789
1.15631044763286,18.2575758760921,86,0.00970230071836874
-0.860606324133627,18.5378777455903,39,0.0108147101999249
5.65941822908418,20.1850924206477,66,0.0101571110845525
-7.00116839899115,18.6637656949522,74,0.00704667930613899
0.277768791357402,27.8205009149135,71,0.151979960834573
-0.602183392791031,7.65499257468283,22,0.00242862343459082
5.53961944481075,20.5766110704832,48,0.0111789124024797
-6.01217086647691,18.7112017269044,55,0.00791951734699417
1.76793741847358,18.2140519430478,64,0.0096623250933246
-0.785314892596669,19.0980174890666,46,0.0120610219321788
-1.87720965665106,18.3245848871759,41,0.0100530170042997
4.61561024039687,18.2160851721337,47,0.00833793394648332
3.61531347476434,18.6333727511336,58,0.00953062190312547
-2.56222505354307,19.0057817134752,48,0.0110271742738166
-5.10461498208827,18.5445358503189,65,0.00831538656060605
-4.17318254407891,18.7209755588394,41,0.00943745153362343
1.65497483104231,18.7924412730614,57,0.0109190599977339
-7.98634348917016,18.458444098043,45,0.00634537199856589
0.276337171045391,18.9957923600452,59,0.0116995396005133
5.30466817303196,18.357872334882,45,0.00807399520860876
-2.18975347323977,18.2187485162073,51,0.0096363640462982
-7.78038644515215,18.9098745839998,78,0.00669513078703658
0.482241116159384,18.3142904963806,46,0.0103222907865231
0.277768791357402,27.8205009149135,71,0.151979960834573
-2.19829893131292,18.2457700907658,41,0.00977605997037074
0.247988038777458,18.2584411746699,44,0.0102484047401309
-0.53032523051577,18.9685322777078,41,0.0118536191759399
-2.20816640467463,18.7667923141631,42,0.0107891275299816
0.453410353139098,6.26864883756509,67,0.00210949818251161
-4.56806732970988,18.4987098105134,45,0.00877769451728395
-0.394560088838976,18.8291585712321,48,0.0114370549810576
-0.771004081742743,18.2760207388685,43,0.0102383703249338
-13.1275369366166,18.8193583514056,40,0.0038611712320889
-0.708333523024385,8.41618606805619,17,0.00262320750633611
4.00277090091237,18.6098996192345,49,0.009310085841355
-2.69009537093655,18.7872487872906,56,0.0104085509613829
-7.20793918645242,19.0388581801038,50,0.00736975432529668
4.60633187821701,18.4321254722875,59,0.00855231433253127
1.28527757776154,18.9190427638604,48,0.0114526869909664
4.8814094484251,20.4881889977413,66,0.0116698401401367
-0.111411406834159,19.0018262315869,82,0.0114151928659884
0.372564084563706,21.1268641471986,90,0.0180532902450325
1.0640651279273,19.0005277491804,43,0.0117861454323943
-0.724756894593788,7.83694716750867,20,0.00247280895483041
0.851252396932547,8.6971455256349,42,0.002680332897191
-0.434788860084965,23.2606423447534,100,0.0319943678534427
-0.457523347924116,27.5215548959988,96,0.107230433360986
-2.46089135391434,18.3593263974681,43,0.00984801870229096
-0.764310633298676,18.8151578073267,45,0.0113873560914551
-7.42899223755443,18.7602352413178,84,0.00678798441678805
-6.38354726409378,18.565432007216,41,0.0075664346360217
-4.06771618809798,18.9520146569591,45,0.00986957011510913
8.0809982237514,19.0864255793585,100,0.00657026657781669
-0.81152992908931,8.27838620475721,43,0.00256839918331713
-0.611002546630649,6.83596907623342,58,0.0022264962877579
-2.67368180535266,18.638535561443,54,0.0101514831397427
-2.02481518348735,30.4871379146517,100,0.0478555024290033
4.4306732775669,18.6676508300311,49,0.00909472312599001
0.537357591845778,28.4732891045844,84,0.118142388439156
0.400790616217614,27.7822775952739,89,0.118093486803844
-6.05319202852073,18.1726801928932,51,0.00732545763859897
1.00551795316733,18.5290758068121,66,0.0104601114628636
-1.79141097540116,18.7482470640544,90,0.0103996895820836
0.769086815056936,19.0422375571078,44,0.0119521116456591
-15.6729575797907,9.41514950438269,100,0.00167841361109123
-0.304803859151327,8.61221860569764,61,0.00264817487294276
-0.0782860837291339,6.70502694131371,12,0.00222374276698928
-0.00329484541129191,6.48611287671795,23,0.00217345525206313
1.22784354365477,18.1749710363197,59,0.0097912194737823
0.180988145282271,6.28884524519946,9,0.00214040276212127
-3.36765218750789,21.119831018136,92,0.0149502264064928
0.776266896768156,18.6839898090957,45,0.0110833493516227
-3.40765293632136,18.6328133282473,42,0.00981576986827421
4.36016328087171,20.7006567384876,65,0.0128723461711998
1.41853508432753,18.5626786274325,44,0.0106636630392442
-2.27071346527455,18.1849118820145,30,0.0097381998513696
-8.47328691371473,19.0922845842827,33,0.0065405604825529
0.40784957577088,28.101700790056,75,0.140347632791746
-0.478615740216,6.5322503458758,10,0.00218791717953075
-4.00750881386403,18.6931410339468,43,0.00949531563959003
-2.78428660795178,18.6756403004802,51,0.0101907280526981
0.869373805981382,6.58381366054128,10,0.00219594167078403
-1.5696190239143,18.4021182925531,33,0.0104015403225884
3.97036994390419,18.8747349798076,54,0.00972554192578112
0.643962582804122,18.2663521159545,34,0.0103329824336007
4.9019864238559,18.5582305764074,39,0.00866728555634667
0.144526892506685,28.0252286541979,72,0.150403494391737
2.92127899564301,18.467942594658,61,0.00963680543326068
-2.64998096599761,21.0989543942804,89,0.0159867378195342
0.859236002836511,18.4338484997507,46,0.0105135979841586
5.68770919098391,18.3321222402094,52,0.00773664220591915
2.291194478883,18.8776713401579,41,0.0109944475864804
2.3406514056406,18.6760480428758,50,0.0104441562981424
-3.16352505613421,18.2718880652347,46,0.00930540026197946
-0.0409502086117632,8.37145111934595,78,0.00257364231575204
-15.2378418678125,12.222874187539,100,0.00205485992105811
-0.0372179049169877,18.8360086922163,44,0.0115264329825568
-2.15409282030946,18.1753750649848,45,0.00962862274470918
-0.280733820905035,27.224339543003,75,0.135401395254617
-7.65445841168595,19.0159050505779,38,0.00706555947262941
-2.08805949998716,18.3365172313974,48,0.00992248007906561
5.29264997262492,18.3524392045453,57,0.00799805771090857
0.937735771950658,18.870096265849,70,0.0111581068560575
-0.790985696821601,6.3479751694974,29,0.00214019547556569
-3.27479927497969,18.6286835653767,56,0.00975939859043658
-1.20114492273232,18.2679991689998,37,0.0101963888331628
2.93819215638218,18.8936721227189,41,0.0106325098609357
5.65178395475619,18.951329113509,51,0.00852296226240968
0.511230956716976,18.7706581311634,43,0.0113506142824659
-0.913286784395984,28.0211288428069,90,0.107983681151022
0.653886921746288,18.9542823692252,44,0.0117560773662345
2.37064512998053,5.8642124167275,42,0.00202187672954527
-7.40216789339364,18.4608011437234,84,0.00655904324106676
-1.26104901139995,19.0310967115025,49,0.0117147321857318
-1.63347191048019,27.2655103195047,100,0.0773747114414041
-0.145798206600393,28.1945188945439,88,0.119999979372083
-0.0781416905371891,18.2148322014011,51,0.0100948708176337
-1.91009286881363,18.2402524971266,52,0.00977395064178009
3.48629440306128,18.5694944208599,52,0.00956098758336033
1.73793831751782,18.584655157901,47,0.0105622968390667
3.43027548767804,6.09197293086028,60,0.0020301740959987
0.129670996380927,18.2382649308693,48,0.0101709345448819
2.9682508011536,18.6026463656651,36,0.0100976452021724
2.18140929949987,18.6098969494351,52,0.0103684086053638
-0.233624649499432,18.3139344612436,39,0.0104159568043243
1.08436212744202,6.43783602462118,58,0.00214206657930881
0.463458844385334,18.6679016558247,47,0.0110701287535523
-6.30644261458373,18.3121142752248,44,0.0073390218821709
-6.0811403242536,18.4486479510698,54,0.00758276146946902
-1.37741033205458,19.0448546734584,39,0.0118445752945191
-0.265933362449317,18.5653910096242,43,0.0109069749383163
-7.99051335267032,18.3189627510523,38,0.0062654962251743
-4.11896707794874,18.7028059163092,53,0.00934197667036275
-1.14906334967249,18.6258470002338,32,0.011023686892851
-4.88270053487895,18.5094892369376,40,0.0086060795355968
-1.63210965386891,18.9291059208837,43,0.0114093092081378
-1.66871810451458,18.354827715263,39,0.0102085177548134
0.970458595159662,27.7636040872076,68,0.139814737651117
1.76347068246893,5.83239646565732,28,0.00203218745357061
3.65623616409322,18.1840646528158,61,0.00877064473307241
-2.7469128276888,18.8556667858353,46,0.0106217096315533
-0.145798206600393,28.1945188945439,88,0.119999979372083
-0.214444105291326,5.99442108048791,13,0.00208157886402269
-9.12189616464648,19.0052550537323,59,0.0059368890686047
0.662044720319658,6.57813869887826,21,0.0021910147535484
0.815059236550161,27.7084946105436,70,0.141070556460274
-0.641965696984993,6.11278899863935,9,0.00210434142789847
0.636485715104784,18.8613058789089,46,0.011506837398651
3.36080805092572,18.2808684498792,44,0.00922683985839713
5.84788935176833,20.5672760520468,63,0.0105707509905822
-2.6049150890709,18.6830886725833,76,0.0100477300786633
-1.25136095510967,18.9712820799648,45,0.0116281529735324
5.77013821653108,20.7058487126457,46,0.0111117211676086
-18.8108164197794,19.0486367689963,72,0.00227474499569099
0.352745329715794,18.2980099725187,44,0.0103219715341887
4.58975358377245,18.1865128600428,42,0.00834953831758935
-0.116959160602153,19.0324893306661,45,0.0119959535827087
0.776266896768156,18.6839898090957,45,0.0110833493516227
1.21797834562315,18.6898445781865,30,0.0111733232522493
0.4239571036864,18.6509196659041,45,0.0110606423646052
-0.145798206600393,28.1945188945439,88,0.119999979372083
0.370375199530321,27.9090561744646,71,0.150591873183055
5.07093325086037,18.7083006259185,50,0.00866614315949475
-1.65038980578459,18.8565223038876,94,0.0106259027668822
3.12664417836337,18.5122957433078,39,0.0098058843581332
-1.03995306082659,18.6883069515978,48,0.0109980601850778
-3.84230415258789,18.8437612758175,46,0.00984454021426686
-0.98412812593936,7.05801684840611,19,0.00229072285206683
-4.36851048983651,18.7776304408756,56,0.00925097026433331
3.11081136150938,18.2714707239417,53,0.00927284735107809
1.35811040102428,18.755235103527,74,0.0107452113778834
-0.533668748727868,28.6644302050516,88,0.10951794561785
-1.78447546981213,18.890417199618,46,0.0112156738013198
-16.400610713535,12.4031633498634,100,0.00193112438495176
1.13917424479463,18.1712064809452,71,0.00969035578979753
0.370375199530321,27.9090561744646,71,0.150591873183055
1.94267943447972,18.4719773721584,43,0.0102951436033456
5.57673840580861,20.0851190533545,58,0.0101761489077484
0.332111197518244,18.9706885202354,42,0.0118689955284323
2.14795277064979,18.3946738530016,45,0.0100370874984741
0.645165264788343,28.3082733728045,67,0.148874194416102
2.35115567610729,18.7012261562659,42,0.0105781253399953
-3.27191562015598,18.2469615336186,43,0.00923014152181236
2.5185482576315,18.306241189768,51,0.00964859745039149
-2.42520987363083,18.1692470774526,54,0.00942353525357066
-3.0833009716778,18.5986310718258,39,0.00998965167354854
4.9050004105679,18.8907525325171,49,0.00906375093438593
1.37033350238645,18.6547603515463,47,0.0108415182889605
-2.24052909852194,18.5545765682598,46,0.0102949634771621
0.853377492812775,28.3430111362641,67,0.141615766162859
10.2110223266642,21.6857856207872,100,0.00656589500160681
-5.85502139039458,18.3862215943543,41,0.00774844404334455
-4.29453887090512,18.8437740794205,33,0.00961920646974192
-1.2164250174546,18.5905797175685,44,0.0107844904455091
-5.66264224034474,18.470622055645,31,0.00804828048480975
-0.695556126485124,7.64157463938799,32,0.00241885062093147
3.59435496110057,18.2133976440014,75,0.00874116950570725
-3.73291051164269,19.0623220278651,54,0.0102399733948795
0.00208452791589842,8.65145324082883,27,0.00268372262769327
0.457671445937549,18.450955993775,45,0.0106197891161002
-5.84441899870339,18.748550983417,32,0.008244073564303
1.44168014467452,18.8108728480086,46,0.0111746188975682
-3.65074939627743,18.8437621327106,51,0.0099360316547244
-2.31465128506442,18.7236173056465,46,0.010598308249835
-3.68005728792372,18.4410559005054,46,0.00927784844237969
-0.142880360841037,18.2654681721569,44,0.0102669224932347
-4.55293021071616,18.8977312139727,73,0.00915125854429095
1.21295791129273,18.3710695939153,48,0.0102843075507404
0.300071016463436,18.2415799701636,45,0.0102010816714135
-0.165144731461853,6.03163885820151,39,0.00207744907304479
-0.541517857655446,18.4043630711303,46,0.010501258392489
-5.36879622285809,34.4628191470417,100,0.0121498008059453
0.491243927952714,18.368273414682,45,0.0104429203143583
-0.576756414575107,6.0132809171184,30,0.00207655520315191
-4.42713497752114,19.0163575977009,56,0.00958475084956528
-1.74507194681822,18.160074714057,41,0.0097886817705951
-3.32302443205003,18.3157960542721,89,0.00893184825870841
-0.762089269930824,6.37131935732566,32,0.00214363059393992
-5.53575299702886,18.4221814978179,40,0.00802302244287212
2.45598433328489,24.013673859656,100,0.0325345117203118
-2.91043093360006,18.6289180051686,38,0.0101618478195775
0.277768791357402,27.8205009149135,71,0.151979960834573
-0.971003655464626,26.5858205894118,100,0.0801890411583371
0.9480937327308,18.2584706509188,70,0.00989971789340165
1.74986593864113,21.0540303902661,56,0.0178887434091508
-1.85414509909456,18.8365394264263,47,0.0110516778969571
-4.44608578776238,18.7059419205223,31,0.00929470961810635
0.796915552826533,19.0248103915698,79,0.0114261572234389
0.821651554603318,27.7134243234133,66,0.14929920080439
5.85416851658614,20.4608403343677,55,0.0104779911340046
0.202714394139138,6.25127287108693,22,0.00212705952138089
0.190455302706833,18.7952392981567,42,0.0114508757661843
-4.40738346103209,18.9878602848055,39,0.00971224358142274
0.332111197518244,18.9706885202354,42,0.0118689955284323
-10.8273043049712,16.7174788766187,100,0.00397907268865141
-1.44662125310078,18.3919691307438,32,0.0104318010892168
-0.935170039570086,18.418158522969,47,0.0104550835795318
-4.36738142977144,18.7168380396412,47,0.00923403408460022
2.06289755253505,18.253539382482,40,0.00985567585156683
-4.36635587720754,18.3866797090812,29,0.00887837090150631
0.370375199530321,27.9090561744646,71,0.150591873183055
1.09247678330461,6.19941107336155,11,0.00211671949346507
-1.24674272627874,7.63469596915162,20,0.0024179804160822
3.46891394195818,18.6505629742588,46,0.00976840507713035
-1.55905760693918,18.1864179461725,43,0.00987812758122439
-0.710940023426584,6.4628938118597,23,0.00216639905891478
3.70040487443626,18.8857521647619,30,0.0101881442587098
-0.834240135316267,19.0942577621429,46,0.0120399447138654
2.13269182233506,18.5199438746131,52,0.0102135543427896
-0.474002818931132,8.22338323746272,33,0.00256363630892885
3.35996205999864,19.0275825314275,57,0.0104249442482589
5.67665033424006,20.7465470663485,42,0.0113708524353834
1.96767207355067,18.2689572222144,46,0.00986343668432199
0.496644350716222,28.1649690288014,70,0.148369944496752
-0.95581666242008,7.9580440194157,20,0.00250030236847627
0.370375199530321,27.9090561744646,71,0.150591873183055
-1.37986518728254,18.5434980095917,47,0.0106016135047434
-1.39679338140048,18.6309380386209,47,0.0107816214359714
-5.97719253450725,18.7431120095319,42,0.00806659709667904
-0.473712067250582,18.6553295577821,43,0.0110896572943678
2.19431668102627,18.5885168759766,39,0.0104603231335503
-0.698006993298922,18.5145209323562,49,0.0106781373434839
1.20758034684377,19.0591438093417,54,0.0117321219184965
-0.975769839793258,6.12918728208341,18,0.00210112699977264
-4.70111391466426,18.9165283984559,43,0.00931886011766702
1.65249455719151,18.4666333596812,41,0.0104177201050918
3.84793071034668,18.6503066265335,93,0.00910342329998241
2.24910608736437,18.5698820019864,57,0.0102052549432416
-6.92858746061266,18.1820267059168,53,0.00676162640321468
1.60312713787963,18.7606239065906,46,0.0110020499053498
1.37033350238645,18.6547603515463,47,0.0108415182889605
-2.29389896784076,18.8232180770227,44,0.0108402569231654
-5.80657158938131,18.1821037761086,55,0.00747368126951577
-1.61426547473334,18.3447844507469,46,0.0101348237102687
4.62369594963143,18.7463027336747,59,0.00898782944952161
0.199314846619439,18.1952687330505,69,0.00987443228105937
-1.0210815215703,6.42051126791752,13,0.00216006853428061
2.32448792451705,18.7883065173588,47,0.0107155536942795
-5.66691308260788,18.5431831056703,44,0.00804887216411643
3.90734753299837,18.6243658942118,66,0.00925170972421918
-0.96172289948322,8.22231736342509,24,0.00256467450846043
-20.6441613244778,12.5529496232941,100,0.00149158888288373
-0.506313034635711,5.87297463238653,23,0.00205363697158935
0.247988038777458,18.2584411746699,44,0.0102484047401309
0.924281783442545,8.87299249077687,86,0.00269608142395792
0.847032005849261,27.4654569471328,73,0.132011387379978
0.153593720666365,18.5579628233491,43,0.0108961567743759
-0.479581445444894,8.33944303350477,35,0.00259247763356964
0.315264972298207,27.5940919539368,75,0.141407557519759
-7.80924542692726,18.2533711785939,33,0.00634935244786469
-0.871349971605978,18.3257515905293,45,0.0103001771256464
4.03378844701078,18.4302069281305,54,0.0089672624410574
2.11418595997714,18.9635118519094,45,0.0112308730241713
0.299496813242814,18.1881752372272,46,0.0100848338045907
0.644632304010493,18.9668223223638,47,0.0117471347696827
0.671321191536938,18.1514630724465,43,0.0100068689393155
1.76542142010006,18.5733317886777,46,0.0105393098773609
0.0296943850932821,8.66726672542096,56,0.00266730447963515
-1.11184550160295,7.34626646453615,27,0.00234906568485721
3.70686361560672,18.185103405072,49,0.00883631281307983
-0.0753509511917949,18.4163084945051,58,0.0104260795933053
0.925573260103547,18.2997044319237,39,0.0103007226797776
-1.46506648737855,18.6620428869226,44,0.0108609980974279
-0.11724029527237,18.9197079627384,42,0.0117556243708513
1.02567119658618,18.3773576346747,52,0.0102989851337867
0.532771924814635,18.8018251481826,46,0.0113820330233289
0.349908286465063,27.5906401496188,82,0.128260086131402
-1.57465406130526,18.921155169726,34,0.0115332835803515
-1.28039272493336,18.2161213304534,43,0.0100131534927171
1.2912601924104,18.3838030773839,49,0.0102785398885527
-17.0209125594385,8.50865945856181,100,0.00148338312634541
-4.42703427965742,18.1522113355553,42,0.00840584864515789
-7.22130132676335,18.7622332711686,39,0.00715614512723074
1.04426799140222,18.7046053320533,41,0.0111190950656181
5.46959503993349,18.6632812712521,41,0.00836681197053052
-0.353453154931915,8.44510102343381,40,0.00261771732688419
3.8879799173411,19.0636160303599,90,0.00976414696003664
-1.14553578236114,8.47570513401284,34,0.00262183641148479
0.647834717835941,6.55889731528045,9,0.00219293286041226
4.5572286496301,6.14951754099556,53,0.00200654921241027
-0.45374995669116,6.60298060715608,20,0.0021977041410625
4.57957079021884,18.4186951989654,44,0.00866288080911947
-6.06482913193338,18.4396588377374,33,0.00770717280859659
1.21056481661345,18.7566505635894,45,0.0111408275670245
-3.97816700998239,18.9324255701741,45,0.00990584846277357
-4.37175458085371,18.5752841985035,33,0.00912890738033914
-2.27562301692587,18.1517480180893,39,0.00959199377341323
-3.0421809775442,19.084108781385,52,0.0108232343542862
-4.54804885458722,18.3694393589615,43,0.00862218015705427
1.07768062704884,18.3558855905481,43,0.0103397563975188
-5.39367034104776,18.2788671496892,56,0.00784840227691476
-0.658026241660271,7.46666410128372,33,0.00237771104214665
2.75341979831782,18.6740200447736,46,0.0102577513226172
3.12664417836337,18.5122957433078,39,0.0098058843581332
4.70388118835722,18.678521804101,48,0.00891665067848668
-3.54948824668694,19.0312452408256,51,0.0103553329620132
-1.63135153584387,18.1883878146956,48,0.00981101096887107
-3.58178321357139,18.2844539600836,47,0.00907894793988772
-0.387640047319892,18.2172110143728,48,0.0101154703117928
3.911386866323,18.2218037474919,57,0.0087093905397809
5.51621948559967,19.3940414871554,47,0.00928306376450677
0.373348199268574,26.2426851820632,100,0.0789883497823228
-4.54804885458722,18.3694393589615,43,0.00862218015705427
0.690343933840144,28.2320857772167,88,0.113441650281651
1.43953393975158,18.3301816545771,44,0.0101818218536796
0.46992649844356,18.2042110244788,40,0.0101646719933498
0.826715327187502,18.4030179216439,41,0.0105105673217099
-2.69543856981398,18.3861258202418,42,0.00979009091278741
0.247988038777458,18.2584411746699,44,0.0102484047401309
-2.9161782781449,18.7739713288713,44,0.0103752229936488
1.63505283473191,18.6666260503697,51,0.0107278588936572
-4.53406002139242,18.5412463954503,36,0.00893488152872416
0.443790349947301,18.68311009867,45,0.011131402358688
-1.09498516191852,8.0221457490668,26,0.00251073663226197
-0.842240443095995,18.864508183814,43,0.01151390909932
-0.541517857655446,18.4043630711303,46,0.010501258392489