1.51591651445947,6.33062066828119,12,0.00213690560565347
19.9952906090382,-10.7883803336764,68,0.000525954411564583
-1.15245928228079,7.21409532759829,79,0.00229129945057128
3.33247429792145,6.29312202534332,52,0.00207301182923618
0.770721607795182,5.99430199473613,23,0.00207487043813517
-24.638395166895,1.30203277701194,97,0.000755833458722312
1.78230359335337,5.99241740316025,78,0.00204030490804464
17.0663893623891,-11.108540224421,72,0.000550053164115376
2.65791477622602,-10.807444949787,28,0.000663996348391294
-16.8351147189243,11.1593568578172,100,0.00174741211547169
1.13503251158821,-10.7735380816073,74,0.000665674789716444
10.6460532915126,6.00787171762712,27,0.00168206040526322
4.69711340942094,18.5254500355593,86,0.00842312600121791
0.805567858008143,6.19334912546975,49,0.00210107317249428
-0.422522864134235,-4.91320132997628,100,0.000922302258392538
0.741007600563711,-10.8204139292197,26,0.000666524423766462
4.18133389920339,6.40123503398841,18,0.00208022952569026
-4.80228828642729,-11.4754999910024,31,0.000635145757914268
6.97105601582319,-11.1360738707436,62,0.00063432184303735
-1.63210965386891,18.9291059208837,43,0.0114093092081378
-6.0166155674428,-3.72533865318732,100,0.000958026606869902
-2.18248656570596,-11.1900437803316,23,0.000652329898780743
0.617658896264097,-3.74244229895269,100,0.000991006645148485
1.43624841422589,6.37372472792204,18,0.00214372869200626
6.90081836209032,-11.1109914116182,20,0.000637203731982183
-13.5003035360447,-11.1337695921069,48,0.000585284894359688
-16.5398374518668,-10.1867101279903,100,0.000577662904541609
5.35948813816876,6.20750763366832,32,0.00199318706812101
-6.62425707183061,-10.8997404103554,37,0.000644788953690176
11.914603396248,-11.4256886466656,45,0.000591428589873785
10.7252559576639,6.53730172209078,82,0.00172758631799145
3.8436504554918,-11.0940990324169,15,0.000651596220231064
9.14580501508037,-3.95652055750052,100,0.000904227507992949
1.29383081079095,6.27330627911087,29,0.00212082916269542
-11.5309570599275,3.51010596640572,100,0.00135898832790945
-2.50166588964966,-10.9316541532888,56,0.000658914476383813
1.72105587856514,6.04811837089172,10,0.00208040722539184
9.19926772984495,-8.15500713729067,100,0.000718547068405354
-5.53017713318527,6.03099520966234,100,0.00193407413726634
24.8815335821039,-6.99717497293791,89,0.000542299198632741
6.31559563000004,5.88951494144458,78,0.0018820189998922
10.0446826909656,-6.91386571176596,100,0.000757515883618693
-0.78222148505068,6.25951614634037,11,0.00213107309718698
4.80403774968136,5.85265030960165,16,0.00196094729474063
-3.831474898423,-11.1765605778028,83,0.000646065472418198
5.68461046943514,0.129417733477483,100,0.00123263596932932
-7.96830892199515,-4.12451197100466,100,0.000912006839631209
13.2633131197224,6.65810925313004,27,0.00158960007706729
-3.65728507547021,-11.0557355946621,18,0.000653335404164141
-12.2726229058454,-0.956198575499874,100,0.00100911962130836
7.72993966794529,-8.5447601041573,100,0.000716820441533682
6.17790412068791,5.91984399106596,15,0.00191573754092543
11.1739813673339,-10.1164617674852,100,0.00063408952714593
0.882228985637473,6.23348902965548,55,0.00210553463201229
-15.9237915560602,-10.8215583433086,87,0.000568334655950771
-18.4485594933734,3.21372016790504,100,0.00104411340267696
5.87182112638495,6.33589317970505,53,0.00198404960432574
-5.80377981671398,-11.1880140636406,37,0.000639742558655677
5.34865215248732,-10.8169633616049,51,0.000653333366574345
-13.2383722841856,10.4509786072189,100,0.00204803647092815
-2.98916932177587,-11.0458026629448,66,0.000653512005030874
-0.373251051538901,6.51005151676194,28,0.00217526840180949
-1.06327260224497,-11.0392800074641,22,0.000658986540764158
5.44584881730991,-5.63935182926821,100,0.000860698053029323
3.60152489732763,5.92856083755458,58,0.001997147231862
-0.803209795570743,7.74026742260996,13,0.00245278684111521
-1.14734936975755,6.44480682106544,43,0.00214970161310318
-0.462485615641289,-11.1565948869871,32,0.000655004957862584
-10.2802727615187,-6.75186265666673,100,0.000761236851271442
6.06331051804461,6.03191762675725,38,0.00193056206663635
4.48277077158577,-10.9580047319437,66,0.000651665472572894
23.7849583558635,-11.1742255217648,84,0.000476464447478736
-6.95782481787448,-11.1662284673015,20,0.000635140296643118
3.70424853053073,6.19642850010215,39,0.00204965775230163
-0.379254616521867,6.45575006806936,14,0.00217089431249493
7.59987799035182,-10.992120674151,60,0.000635226167999405
1.13750455706169,6.20917135320447,11,0.00211816474494044
0.970531909909207,-7.506471559369,100,0.000792570348473258
-14.7253677003589,18.8040152256376,72,0.00325763992302995
-10.3757281500797,-11.0641043602536,43,0.000614235960873033
21.5000895415704,-10.9821256687098,56,0.000505673255133655
11.0434696656285,-10.8111781381882,77,0.000614962724899302
-10.203204369844,-11.1989311257654,45,0.000611544860147119
0.306468481006743,5.90272873722524,19,0.00206155407310465
7.94632425626007,6.7338486581414,19,0.00195193723523758
-0.454104486200984,6.23749064171364,39,0.00211598311251811
-12.0924636050566,-10.7993945361281,40,0.000607617206885571
10.4718146410137,4.00612613292055,100,0.00145216673757659
-12.5702507616352,-9.82969304719306,100,0.000629517449303796
-17.7667475417972,8.80133749832133,100,0.00145172005910493
7.15939201263378,-0.997111021279954,100,0.00111861568892948
11.7559966806372,-11.3298344646133,91,0.000593773297798356
-0.451470523700584,8.79073825119767,66,0.00269259672634327
7.96483813676202,-11.6196302156322,41,0.000614560754294018
-6.61230173073724,-0.335018133386498,100,0.00117833892401478
-11.0119290853011,18.3205481136729,85,0.00451083790551037
-22.3036583768491,8.2730358005701,100,0.00112226926758987
2.25039765577044,-10.9199353274265,49,0.000660133754012794
3.26874388046684,-11.0321534338751,41,0.000654286942927713
4.07381465870336,6.74423541462632,90,0.00211673958787618
2.10324647263183,-10.7947404068979,58,0.000664271242998231
6.72312237250296,-11.3043884339981,36,0.000631453656531631
-5.45336162576966,-11.199872529173,71,0.000639586434740871
1.70751593924148,5.98552636356479,14,0.00206712674863407
-1.36637472832231,-10.924700793085,11,0.000663034627477016
-9.36210377481908,-2.95664688267413,100,0.000954843650955859
10.3196038673677,6.0616424559458,35,0.00170614256257117
24.5338780006631,-4.65521758345901,58,0.00060026462989498
6.77826842915673,0.202895988181778,100,0.00121827953135325
-0.965607759984108,6.10227176011171,10,0.00209957920964062
3.67433907700612,3.27851346125205,100,0.00159308726758264
20.4464581056184,-11.2460196039858,83,0.000511081245406626
5.61070026709917,6.304438146832,97,0.00197325653018878
3.87559129845899,6.17454629221906,33,0.00204276025087409
0.024481836032419,5.82497218411048,23,0.00204583274315553
10.4511765131317,-8.53618791739746,100,0.000692568478075538
6.61035413233496,6.12884493785094,15,0.00192903246754266
-0.760769185325649,-11.112310944274,18,0.000656936511808796
-24.6409515338288,11.6384279276413,86,0.00113654834302253
-20.1130966226828,18.5334442492795,78,0.00199901908056708
2.39498905438154,-11.1871159868769,69,0.00065006371580647
2.66996130240655,-10.9821081082777,70,0.000656239004340818
4.4021792851551,6.20791057448427,11,0.00203978946328364
3.09030938871375,-11.2588350123143,67,0.000646190630628266
-10.6756060930573,-1.36586484546897,100,0.00102239769161858
0.915660265348295,6.2907811293503,13,0.00213527411356523
5.97037889004637,-0.741680755565408,100,0.00115784527500749
3.46125594363513,-10.8684003782702,41,0.000659210552333379
-12.1400073471929,-10.9396342453722,45,0.000603031454276174
4.4326909016136,5.91442655536841,19,0.00198368544555191
17.5955393198911,-10.7563233660402,83,0.000552449598988047
-9.72427379285064,10.7964467245265,100,0.00252736168790001
-4.12223286677949,-3.12577478932166,100,0.00101308025759333
3.41691536498543,-10.9351829682304,47,0.000656841018379832
-7.17787204972858,-11.4290403698728,20,0.000625724023153403
24.5159916467757,-5.39848421874173,78,0.000582769662212132
-18.9440656565165,-2.9283523067266,100,0.000759429826779512
-1.11045385958286,7.27957580297142,66,0.0023130006390058
-13.1689355879002,-7.54862861189364,100,0.000695806892688075
-9.35432241778987,-11.1988786968859,40,0.000618009963864029
4.24706279095285,-11.7053889308405,59,0.000628789900788131
19.1699204430542,4.19390492826194,100,0.00106663321884616
-17.048038978254,-10.8895321704682,86,0.000555013292741117
2.04332539031351,-11.1561709579186,89,0.000650900042714893
-1.99261090634149,-11.2185376445532,18,0.000651932901617176
0.932291770485116,5.94103826369689,8,0.00207011381870247
-0.80620761544363,9.87041302375523,100,0.00299203514208678
-10.1768391777858,6.34320983746585,100,0.00173462194061965
16.367895826069,5.87478022639324,55,0.00131976049297789
5.01894948756023,6.17096252412826,10,0.00200981268154087
-5.35935976819479,-11.228455113252,37,0.00064048054709326
6.18943035935169,-11.1813835135995,48,0.000637618401291989
0.0707615419443555,-10.9368628791663,33,0.000662471690515075
8.13205493823862,6.39032587102889,31,0.00188277365855233
7.12077050806158,6.058604383445,28,0.00188764329021946
0.750015093909028,6.32653753411467,11,0.00214451109586398
3.13719777817015,6.21275104614786,14,0.00207986732006678
-0.581136469349654,6.1597908016822,73,0.00208554299738207
8.50960523986189,-11.6281817078164,30,0.000611348409228522
-14.6145977116678,18.6828567806435,82,0.00325807073794949
-3.61691001670364,-8.60649545961105,100,0.000739164700192589
2.95028220065444,-1.69384413377023,100,0.00112094062387172
10.8363280783312,-11.3696605351099,51,0.000601507294191773
-0.59588681418533,5.82338129844794,50,0.00203283801689226
8.0487454944498,6.04907132371749,44,0.00183199230427926
-3.51641627201879,-11.0833417989581,72,0.000650556161801644
-4.49479242754315,8.81705639475513,100,0.00254592254505333
-2.46777494602732,-9.73388769172639,100,0.00069960195846114
-18.1335516248305,-10.9762235473568,49,0.000542600975395835
-7.18729785758856,-10.8063387513321,42,0.000644354986493573
7.59888740673246,-10.7421962415733,70,0.000642727611756469
-9.21245481649003,9.48246428519205,100,0.00231187378698116
7.47793915240883,6.33635170430598,87,0.00189092677687242
-1.41675138617246,-10.731205196929,93,0.00066596310621926
-0.180371188758357,-2.19942689875548,100,0.00109459851701709
3.45129270530525,-11.447564661157,20,0.00064102801949884
-17.4863257658938,-10.7368975975079,86,0.000553989462014445
7.63498973746934,6.27102548893341,73,0.00187747152308046
0.725327396517346,5.95098839994431,41,0.00205936727868339
5.28990370086575,6.19972787459949,14,0.00200198194223049
4.0571661243503,-11.050518172511,29,0.000651726407536775
3.82198920249683,-11.1688049549831,22,0.000648907083621617
4.75315803450506,6.31204932603787,41,0.00203268167054438
-0.432011202811094,6.10915924485023,15,0.00210198642067366
-0.340560585785246,-10.9209416554506,34,0.000662921484457492
0.977548124113259,5.9475684168161,52,0.00205226959627042
1.91971630300936,-11.5480165690581,24,0.000640994626870358
4.22086661721908,6.27411484123866,10,0.00205879716986028
-8.97705586181257,-10.820299866949,21,0.000632971592695538
6.72534100504452,6.51490620362047,15,0.00198689840345519
-3.02889258844068,-4.27329334570046,100,0.000950838645859277
-3.58904008215448,-11.0453262626023,52,0.000652442218411959
-24.6830513942678,-3.01396991382611,95,0.000635755249794882
0.372341909302968,6.48357490715947,12,0.00217749159957795
8.06089399574809,-10.8786570635533,30,0.000637081328454551
-0.450049275587135,6.1982215600671,22,0.0021160002845383
24.4243281709829,-1.22224058670232,99,0.000688137756086789
-14.9718798217603,10.6236291968842,100,0.00188255398777269
5.00000099418682,5.96073089572995,81,0.00194691493764669
0.0762404257498702,5.94747503648138,57,0.00205414849822962
2.70756308102894,-11.6158462618855,63,0.000635739264188764
-25.1210573409298,-1.3385673112911,90,0.000669524634676708
8.16533982240273,-1.71763489514481,100,0.00105099052521412
-12.3569703945738,-10.2145886722538,100,0.00062020730024881
11.3160070327581,-11.0707758690216,63,0.000605710195543117
-6.23440925795233,-3.89768923781622,100,0.000945717538544488
5.03861157498177,5.88485581443845,25,0.00195407959059343
-12.5424749704987,18.3322337949363,78,0.00389382994785553
-25.1831052025382,2.04298540867794,94,0.000762734710967519
-5.11229720504964,-11.1801210591208,38,0.000643060298289609
4.17629800982322,-11.0057614727824,78,0.000650708712726306
-13.241213541292,-11.1276439198769,59,0.000587453126328291
1.41534566592119,5.90942383420531,14,0.0020568249302966
9.56812449201102,-1.09492200901465,100,0.00106393269561349
-5.38549733912471,-10.9660717065052,49,0.000648355219238021
0.374865010449543,-11.4604385779604,36,0.000644813674849109
0.00145679965633749,5.97455230714252,80,0.00204948306918549
1.62003455967794,-11.6146618760548,36,0.000638784977406049
3.30097914770099,5.87840208487303,37,0.00200504292494352
5.58995684560917,-11.6548942250541,81,0.000624308131423034
2.67751886996998,6.17284432608357,15,0.00208352245542972
14.8227345482051,5.87774729418494,90,0.00140274444936431
-6.42702709203646,-11.6548261157089,26,0.00062253831879224
15.7292460312803,-11.5513422348364,89,0.000552314852822958
2.22335834142803,6.04093992559206,40,0.00205774174561873
3.45898101475287,5.91842169687523,14,0.00201713500268634
-2.86987476791197,-10.9692191687225,16,0.000658526657706849
24.3962790122713,-9.36333715961097,66,0.000502930005186551
-1.12396445441996,6.22383929174058,21,0.00211666542530751
7.55260731727323,6.2979683895978,36,0.00189927254797667
0.511232105579703,-11.5926446354328,31,0.000640667919820049
-22.8372433969734,-5.08254175767923,100,0.00061853125975341
-5.33403799510593,-10.8229228666101,18,0.000654614305269676
4.24056702924255,6.31030561605802,15,0.00206259565826209
14.1409198419852,-10.7626216963247,57,0.000588800203348527
-0.268993583547358,5.96370953128969,8,0.00207781408590946
3.57691914781519,-1.88521453770816,100,0.00110187172592582
-3.19008593988662,2.86710521515086,100,0.0015509064654704
-7.74317666835974,-11.0167607613701,24,0.000635018851848908
-9.66792737025363,18.992888784516,58,0.00559229701882275
0.697275539787991,-10.8306027576768,21,0.000666424283294696
-3.16692092973681,-11.3134257967858,53,0.00064479334372446
1.67342578782566,-10.7616228071001,33,0.00066723312194556
4.23748737624188,6.19079809504431,31,0.00203431826648326
6.34091200196708,-11.5349024188529,72,0.000624857896260361
-13.7568796296855,-10.7470859464432,42,0.00059348757466276
-3.00051438097941,-11.4927340488264,21,0.000640722108724177
-4.10447861419441,18.5900296282509,71,0.00902502576258166
7.69622291292061,6.01653556710969,50,0.00184391695279221
-24.5184990791304,-7.97678090058194,76,0.000527977184966102
2.75132531254087,-5.98322041785391,100,0.000859905853922153
-1.23293533183462,7.43434282742557,78,0.00233929573775903
6.9796970183514,5.97351907636021,21,0.00188398669179087
-6.54609357312362,-10.9599926576605,33,0.000643442627331856
6.37440848909128,5.98280489103239,48,0.00190476255489259
-12.4219942427297,-3.71576310503215,100,0.00086109370400654
19.8414157427931,3.5088505317231,100,0.00100339000841913
-0.00204167030588442,4.99208855695755,100,0.00187652855720408
-3.75750134954746,-11.2822816680402,93,0.000642452720878657
-0.698538812599802,-10.8579451764894,65,0.000663541858393928
-1.00251523526938,6.17312007960503,51,0.00209476552273063
6.56273858664344,-11.3637102104736,39,0.000630331452144765
-8.0459579181888,-9.5881766360162,100,0.000677003642328648
2.67883559175918,-10.9942519401917,74,0.000655640504846084
-0.955866253511491,-10.9057408575139,66,0.000661684992002363
5.1572076992783,6.01174047778764,34,0.00196734895107273
3.19920706804895,6.14590039041907,15,0.00206529762267843
20.1283474038512,-11.4715770746825,54,0.000510589228836241
-14.7191734653223,-8.54451170036716,100,0.000644357499845586
-8.3615895280992,1.98449541166758,100,0.00133436013161532
0.539232500179425,5.97750532847725,92,0.00204378010289097
5.34633547191186,6.42035370305662,26,0.00203336455877215
-2.8523015078524,-7.29186822615383,100,0.000797589783439102
-0.814783712478671,6.52469949331058,87,0.00214816932487996
-7.23913170241541,-11.4996559845735,41,0.000622399216720258
9.18763074268112,6.43479026959274,42,0.00182280137701112
1.62703541580619,3.80231082463055,100,0.00169095980343302
21.5544266757122,6.53127304840013,62,0.00107914256941364
-12.5148278193162,-11.2204288312214,28,0.000592522921570643
3.56096602289204,6.29998152534425,14,0.00208390135655562
-4.33911734997327,-11.6286410236722,19,0.000632479341904899
-24.374976321912,7.21483265464525,92,0.000970389127140896
12.4394645239459,6.60894647148767,94,0.00162153113778037
-1.25319421822286,-10.8017072200716,42,0.000666003036593624
8.88587382471798,-11.5736340818184,26,0.000610661398261669
2.2823941927117,6.29704635232194,14,0.00211629198861648
-2.24456449853018,-10.7674177728073,23,0.000666483630965196
-12.3585866639314,-11.3145050507195,48,0.000590606638037913
-2.28837603342743,-2.87170612405836,100,0.00104204507923007
-0.691934517159766,6.23764696579501,16,0.00212513037247816
7.57047684082897,1.87195205844007,100,0.00134651846577885
-12.6023771085609,-10.8866210375,46,0.000600341961360208
16.7282093266553,-11.3792243230962,43,0.000547990938043452
0.893021995789465,0.0998883744738087,100,0.00127976919620823
5.27616053133121,-10.8077609459729,15,0.000655509812705473
-0.501784189529619,8.48235402794471,51,0.00261921456934875
13.8839331983186,6.70221095372005,91,0.00153735244098235
-7.30312185292023,18.4572565220655,62,0.00671720628740034
8.24344409697973,6.43596332891207,48,0.00187723742322033
5.52313525933959,-6.8797929863107,100,0.000801702751648971
7.92925732512093,6.44722516697551,39,0.00190029540938043
4.61709845247208,-11.3771529208984,79,0.000637036102681589
-12.9892745449933,-11.2714622560146,93,0.000584696057651156
-9.07555063640712,-11.4567808554578,35,0.000612492501249612
-13.1820347614777,4.91340011668009,100,0.00140791490119768
-19.4158204719936,18.8272351720738,92,0.00213361439602592
7.57189108716504,5.98065233815828,21,0.00185496246778482
-7.36640056091813,-11.0929539256949,28,0.000634761943961045
17.1560563719175,6.23751029004746,23,0.00130699003708196
-12.9971682400158,-11.5477470812733,47,0.000578839265071306
-24.8009090144954,5.10121444177866,85,0.000875269954262991
-0.466792485539975,6.04968227813869,30,0.00208392916145623
19.168263744892,5.92844826914842,57,0.00116949420849737
-0.0578072646163903,6.44184221607208,28,0.00216218665258564
-9.77487633900418,-11.6396017921736,99,0.000600000465127618
0.656692083710056,-11.0931088771182,65,0.000655620247656342
2.82467881105691,5.99969004004701,35,0.00203953852823345
12.0693280946498,1.11522164729975,100,0.00114821246946885
-24.4639497603648,2.70740774050107,96,0.000805346922532897
2.96029403926052,6.51557475618833,12,0.00214361544181004
-14.5464569184249,-10.9068076460127,86,0.000580025679471221
-0.0335487520774068,6.335500224193,53,0.00212965594199099
2.22656080662496,-10.9905761444388,22,0.000658969090060879
3.71450246540841,6.00530237992008,17,0.00202396228693247
4.01756042121125,6.32807960445911,41,0.00206262711096453
2.33452893329226,-10.7790344214985,48,0.00066479570776474
-9.91795136036092,-10.783834651068,60,0.000625505006883417
0.599948784832532,6.04855329820332,32,0.00208223124886051
-1.67647598337397,-10.9496500316084,36,0.000660678092131068
-17.9848271378734,4.94601183617091,100,0.00116487325457203
8.78874190534809,6.36639988677796,48,0.0018349601821989
-6.81566215858837,4.42030139362507,100,0.00165062355602719
9.34913858570401,-8.17270573022635,100,0.000716459487422455
-0.882521803809827,6.77169996795985,45,0.00221754878942746
-2.76291879409392,-11.0366421606857,47,0.000655187936987498
13.1672207050632,-11.1029669514921,83,0.000587963518730405
1.21060590001235,-11.3035274935687,18,0.00065017593064828
3.69903268141587,8.91350346086211,39,0.00264900380158616
-1.47685463525478,-10.8163609829659,45,0.000665097661683672
2.95567202493713,6.31343442672871,53,0.00208661654033447
-0.0316924486255949,6.36797706307528,94,0.00211746791414614
9.35749740707781,-11.0575597151577,76,0.000620834048773217
-0.00851806383269782,6.26078610583078,13,0.00213319454369457
-6.19467480822413,-11.0449180346903,40,0.000642275691104214
-4.4113493173008,-10.8701938042535,50,0.000655529380357757
0.849750450660961,0.273724693013548,100,0.00129585069204392
24.6216722307939,1.81097742509381,93,0.00077217471343458
3.97454613679007,5.97722453264861,43,0.00200036821047262
7.72040651053034,-10.7978087553176,92,0.00063929323855237
-6.13161683856686,-4.08529279732908,100,0.000936260848389959
5.10557119324516,5.86103831486257,20,0.00194940686898802
-8.88244801518845,-4.57539456391637,100,0.00087647498843463
4.32902494629575,6.46451390987753,14,0.00208828795812828
-14.0020851753385,6.42175885303289,100,0.00150238001203949
-2.62200036641535,-3.9000023394645,100,0.000975084512378259
-13.0140903456471,-11.2981959384332,56,0.000585025007809525
24.4389277074924,-7.18159678780802,63,0.000545713818943887
18.8664762231034,0.486490162632829,100,0.000896682758572979
-1.18381534375965,7.22135566143828,41,0.00231263564186476
1.03155206602942,-10.8162271797224,23,0.000666572795885451
-24.5382563738171,-2.37513088449093,46,0.000657088552460778
-0.922142119705447,5.96589617258966,13,0.00207272254124968
-0.827323843725789,6.30647000709018,65,0.00211553624044797
-24.377557376128,6.12325884677606,98,0.000928069126408488
5.42193350914665,-11.368507553478,98,0.000633283697766566
10.2627248558123,-10.8684304508136,31,0.000621383715269231
0.111079296293515,6.53055285846306,18,0.00218478294852725
-1.77864161639625,-10.7936550056568,28,0.000666193604370285
-13.6457110225323,15.8984846408234,100,0.00294799289246886
7.64595206627768,6.60956027556996,37,0.0019428971121082
14.4176340310054,5.96587258112668,99,0.00143250857664425
-2.63762842352985,-6.22446754150069,100,0.000848397152798629
7.99910296670393,-11.1643433262738,38,0.00062826601292099
6.74772484655684,-11.1381217714982,66,0.000635331006974101
-6.60985559558352,-10.9230461562558,83,0.000642214679011202
-0.178868869232521,8.26098281487354,21,0.00258262522155151
-2.75450173732007,-11.2331375909423,25,0.000649621335844454
-1.18592770296894,8.42025917720808,18,0.002617396824094
6.80481011958899,-10.7709294233398,40,0.000647814979795375
-13.5620711984434,9.5462956954695,100,0.00188940266366679
11.1222708185173,-2.18064105441063,100,0.000965138921005009
-20.1319272622519,6.08129268562858,100,0.00112414947694445
2.26514465717251,6.41810745482752,85,0.00210819407241765
-13.2344940184407,5.90532453735427,100,0.00149899222121651
1.79424110964662,6.30564072710972,9,0.00212918181118539
1.07385369706849,6.02397294662821,24,0.00207761897704934
2.72474493208983,-10.9172490987034,19,0.000660503673004241
-24.3062408497274,-3.100385263554,84,0.000641553557123445
8.00145012923109,6.19097586608961,13,0.00186628316994976
-8.77354906550209,-10.7449166178119,22,0.000636735365274559
14.2531756103413,-10.7643277220469,73,0.000587099715774152
-3.12834638657214,-11.3195496827734,85,0.000643367540564974
-1.12917052273448,7.13108504093368,34,0.00229718617175064
-11.1147187833389,-4.99027990817219,100,0.000824633412874128
-1.4815312275824,-8.55753445826585,100,0.000747148084090853
-25.0963863073155,-8.90573675368707,66,0.000502729854935862
4.51957542640169,-11.0689088645698,26,0.000649568414037178
-10.2556717340962,-10.887737417411,85,0.000618787862989291
-0.380202353612778,7.48453085224325,14,0.00239431690685828
-8.15469866726486,-9.01381953055824,100,0.000696296490151122
-22.6718478006936,-3.05981161322959,100,0.00067566432941727
14.2216733755988,-10.9804425760483,31,0.000583113169911943
-24.3003592874425,11.5428212340002,94,0.00115327069737285
-4.39563186937166,-10.9660393750535,58,0.000652069068632685
3.5920862477235,5.94433916523079,17,0.00201672087522436
-0.70688625198747,-11.1618551738887,17,0.000655349946563622
-0.865488107787275,6.5476099840149,19,0.00218426115487549
11.2463436182866,6.59819475254334,64,0.00170678126740411
6.58758280524865,6.53538851873722,31,0.00199128213610593
4.930639835641,-11.4706481907415,64,0.000633468963694385
0.164582672885593,-11.2234392864275,65,0.000651448860026056
6.05304434460221,5.96832596267521,28,0.00192440977978112
0.10645742217624,-11.0631368246183,90,0.000655729486081564
-6.08378750306682,-11.3241359147003,66,0.000632908659061516
7.90635997110126,6.79827216428807,32,0.00195978534825441
1.52974926676092,5.9153814898132,9,0.00205862277324115
-13.6252216055364,7.27166860023982,100,0.00161426248802968
2.18805213298709,6.11157141671494,16,0.0020818739782048
0.785623660250036,-10.7638499839024,50,0.00066737165443856
1.17431139424587,5.87347389275792,53,0.00203648700819647
-1.82815200827965,-11.2816456080031,46,0.000648925770917537
2.02610280362504,-10.9255831810662,43,0.000660622666873266
4.32075189977351,6.01728231159734,26,0.00200269081871137
-24.5277906515961,14.5454877065588,85,0.00126851611680594
5.20880550972724,-11.0541378400711,54,0.000646062043714809
-6.90286988661388,-11.3437840305595,85,0.000627319439395258
4.71826406602645,-11.209439345033,77,0.00064210377077804
3.38451630090847,-11.0903840973821,30,0.000652492510957382
18.6475488402959,0.121652874465274,100,0.000887219704233465
-1.79012111236188,-11.1742729168338,59,0.000651985487336405
16.8743375637155,6.18235479589936,48,0.00131506593132281
14.1079051876298,-6.39831884918609,100,0.000723248273690802
0.423479848628111,6.02052855083519,25,0.00208074615734868
-9.75475761448111,18.5119901511972,69,0.00525307504454847
10.580345610748,6.0181463044873,63,0.00167710589578367
8.77217013896138,-11.4183616839245,58,0.000614802446959968
2.4977498883841,-11.4556462565071,27,0.000642815236217926
-18.8242888738358,4.99759624202962,100,0.00112739461831454
0.660109401308414,-10.3013692627498,100,0.000681792847126451
9.20334890958303,6.00958551791789,24,0.001768355197276
0.394448165381681,18.5789531940401,44,0.0109149620916406
1.13010235638503,-11.5246542779323,23,0.000642786519550021
-0.826410683810677,6.17608762790425,13,0.00211358577313945
-1.69992546595376,-11.1637916332009,13,0.000654431626962965
3.26448127001654,5.95878552521656,17,0.00202849975547333
0.746058363936165,6.23849763539254,42,0.00211326952631473
1.57744359371675,-10.8425793193127,59,0.000663449102230067
-4.93426033156806,-10.0266301217857,100,0.000680393234584973
2.57703493228477,5.99635075942736,12,0.00205416713401785
-1.06685394573282,-4.13535296973655,100,0.000966350825852705
9.62808036283007,-10.7686042617946,46,0.000628746752407311
11.6031678488632,6.02623132084789,83,0.00161133886806844
-24.3074281529818,1.17538222577523,88,0.000761796315668079
-3.54588313924643,5.57344871624997,100,0.00192596684196303
0.470396087573026,5.91868424124209,70,0.00204249267293771
2.78743021097086,6.01595973945773,10,0.00205386528073297
-8.97319439755963,18.6623959005905,78,0.00575248641757482
-2.53135947661126,1.25972442270224,100,0.00138131241685788
6.08624043777582,-0.698767674976011,100,0.0011592628736693
-1.79488932491078,-8.36623909830266,100,0.000754402374168672
-9.06991845763394,-10.9124188513764,83,0.000627014003215995
2.0525383948707,6.55090341335132,27,0.00216476372361336
-4.67999989170071,-3.87027307116747,100,0.000962749256111637
1.02571180907175,6.60813560981973,21,0.00219419816392948
-14.3642562047798,-1.54965258814736,100,0.00092486985330326
0.573064806253694,-10.9070390872235,23,0.000663786480407523
-1.09356541853032,-11.507875052946,39,0.000642705008032233
-1.82358359675351,-11.3344195367804,49,0.000647070837626757
16.6760783174463,3.05449210122843,100,0.0011069696683097
-17.9237584109602,-10.8094691278012,67,0.000548159804192694
-1.83931346926932,-11.4369878229966,80,0.000642411581955717
-0.665049713334725,6.8488003818631,24,0.00224584990283452
5.64539536147397,-11.1662406101512,41,0.000641019312812323
-13.8490833199674,3.46893849130571,100,0.00125520553382934
0.07202590530756,6.29112867170264,37,0.00212822238755884
-0.923933369071173,-10.7828503855051,25,0.000667726104597471
3.71013119876131,2.77791079539352,100,0.00153177061192047
-1.71319488056758,-11.3121806754856,45,0.000648133256526962
0.970594836707998,-11.156245789713,44,0.000654190417731001
4.31565805999509,6.2122596755628,35,0.00203374358919323
-0.961555250021373,7.8731182176943,22,0.00247800503327585
24.3010416023989,-5.47233999008663,88,0.000584327553711825
9.94762125682608,5.89201993067098,50,0.00170212008982366
-11.2839250999173,2.72541081836141,100,0.00130032643472116
6.50328349917537,6.57622397517469,26,0.00200462899752363
4.02683298849145,-11.266030778978,15,0.00064534474700745
2.11638044448348,6.22324905486759,11,0.00210667114702405
1.98381358873714,6.66805561141789,20,0.0021930430480875
-0.822758367631327,5.99720948636115,11,0.00208024081197937
1.12618491594444,6.24079124406564,98,0.00208588457238285
12.2479316578768,6.10005022343614,27,0.00159448429414274
3.84378237328635,-10.751638619347,18,0.000662941056967925
3.67095141678101,6.57605155673419,53,0.00211534578297482
0.333809196217249,-10.8516744126745,46,0.000664760204200882
-17.417100970149,-8.42089682658547,100,0.00061362886229716
-4.00751109216332,-10.8249991781198,37,0.000659071561700696
6.38407059496692,-11.3046260361415,46,0.000632822441810262
1.18611107959628,8.78729564807929,64,0.002684397644054
0.667481448014631,-7.09201669472241,100,0.000811637987141356
4.92345309714469,-11.3280448306992,32,0.000639328509278215
-0.693435104413113,-5.9982687723246,100,0.000864417872557999
0.966355937710016,-2.93768171867714,100,0.00104230924862087
-0.234556773249163,6.54624249802454,59,0.00216832745752715
0.61867606952193,6.46737312140563,92,0.00213592552164828
13.159964759231,6.50140739611427,95,0.00156292018099462
-23.5280606059061,18.435313363845,76,0.00153629029025929
12.6739301359865,6.57701144174588,49,0.00161434126575509
1.39048955739036,-10.8618792683093,31,0.00066426905456654
0.0176433616598687,-10.830264060318,27,0.000666385243507862
1.1319678549222,-11.5979401954104,21,0.000640488239292421
5.01119469557279,6.43222430125121,16,0.00205416587131537
4.41623817844894,5.92802653128599,64,0.00196900848902629
-2.93875385165446,-0.0400633416461553,100,0.00125467402825601
6.09763639330578,5.9057677006258,25,0.00191341876807451
-15.2648253068918,-11.2579688952607,70,0.000564580033539286
-4.46607559418603,-11.6102721580548,57,0.000631095288527211
-0.654229043630944,7.22259996557203,46,0.00231544565029559
-5.05251392832025,-11.2440302396839,38,0.000641251424919201
2.02945336890664,6.38073386627752,20,0.00213478319830206
6.73867676158657,-10.8905009968284,21,0.000645116396027295
3.18713440862775,6.73666574836777,11,0.00218147096850192
2.43404884186079,18.2822166809426,36,0.00978634450211686
13.921592091086,-11.2319088242949,85,0.000577538706621705
-0.555879510198109,-11.5222900931768,13,0.000643677878365979
-0.960045233874714,6.02144103941779,51,0.00206654557716856
-0.19424550191076,-10.8024317931187,98,0.000664179129918679
-13.9695402312394,-0.354064070405544,100,0.000998849127327484
16.4222752116712,6.49826938469677,60,0.00136431519339129
4.07889869557642,6.27513926602652,10,0.00206399210897092
0.765533030814189,6.18514117616097,29,0.00210863645610952
-11.5103882959738,-10.8772240415371,54,0.000609957567139675
-18.0113463912962,-11.1637026238989,70,0.000539009341863794
8.03738017371013,-11.331783706265,51,0.000622396339188774
2.73603669163764,-11.6591732530303,13,0.000636314618358175
-0.976449249597005,6.97288912421174,9,0.00227750237608197
6.30080497507473,-11.1473495594234,39,0.000638499935084374
-3.67876030311244,5.00232034726352,100,0.00183162162108144
2.68338741456896,6.02767167620873,23,0.0020529408757206
-12.5825067975459,-10.8055841423312,64,0.000602139967430212
-21.4284129657599,-10.8379499478667,83,0.00050864574248646
4.11146948247301,-10.9949921044269,83,0.000651079127012897
4.72618036541191,-10.9862683690676,28,0.000651395202173191
-3.86041167392273,-11.2007024265571,33,0.000647274833468652
14.1366505229973,6.25723068631709,58,0.00148526853520842
1.88100251451272,6.48839916953611,13,0.00216198773384443
-14.2494200899525,18.3772345714391,83,0.0033091407412796
-6.2635423860898,-11.325295122026,17,0.000633947710068281
-7.03195206467511,-11.4740262050332,72,0.000623125877428256
9.83462662917913,6.75913003014205,47,0.00182608462402133
-2.98617957939404,-11.7126547700788,29,0.000633388004833384
-2.54113264275736,-6.71063074711689,100,0.000825373766588649
11.4349516641392,6.18201562152522,26,0.00165495043045334
-9.59818198930518,3.18485477800439,100,0.00140656892144969
19.1334521973117,5.92266503335876,59,0.0011706985232816
5.24139930392509,5.81804174356979,24,0.00193545014777501
-2.42323749707447,-11.1240317546168,21,0.000654140245951475
-4.77100570598067,-2.39667031795918,100,0.00105462495824374
-1.92938243020379,0.394685359107167,100,0.00130202415327775
6.91727712589797,6.23135431200899,12,0.00193124201291924
-7.6649239336609,-11.1658218498018,65,0.000629222363451125
-1.71993444737744,-10.7473205822847,54,0.000666720094405078
6.24773734864695,5.86283896023688,21,0.00190126833805752
-1.1715311302429,7.87614763356725,31,0.00247049468098883
-15.1675154955525,11.4461995768173,100,0.00196306324094993
6.32769687203752,-11.0854008445541,29,0.00064074582798231
-2.14023782639653,-11.0507013725526,24,0.000657021387167695
-0.574574854837256,8.17677908034491,71,0.0025264712862128
5.56922177045278,5.89416424074255,23,0.00193509886546708
-16.0457875411826,18.5911093101282,73,0.00284411241645823
3.23887203467048,5.8819490020257,61,0.00199768133769854
-1.75515325345932,-11.6099031505605,54,0.000638018622563066
-7.27320340418592,-11.3255274632877,85,0.000625820254958265
1.84280265854176,-11.1999299712388,42,0.000651775087700161
-7.01651975355726,1.81672471125821,100,0.00135602578269916
10.8927059723223,5.83564353468686,23,0.00164750411735389
-2.75536279644253,-11.2654874221899,55,0.000647293813992593
6.05108172197547,-4.14024340413017,100,0.000934045847141857
12.1389607592701,-11.5218427319548,98,0.000585109350955448
-0.284120395168239,-8.87926780679677,100,0.000735377211687241
-3.66961728264781,-11.6907662033974,27,0.000632339905132773
0.393064282791727,5.9437243609164,64,0.0020498826420546
0.387306336912892,-7.16030795016259,100,0.000808695397019977
1.42763093660967,6.13901553000372,31,0.00209251431948712
3.11436496115921,-10.8040591442706,78,0.000660761529407835
-0.744559312858033,-11.2345850797223,23,0.000652639879934519
8.76096622170515,6.02250803944518,14,0.00179860787113393
-5.31671528465043,-10.8344556315246,37,0.000653498671242866
5.00173562659114,5.88945643517578,65,0.00194107876409934
-4.03575559904559,-11.4961147060875,22,0.000637596776820408
-6.76229348111503,1.37773097920482,100,0.00132099412357932
2.75530963408936,5.96915119768187,23,0.00204058271063908
24.8368177907814,-8.65538224020482,57,0.000511003983273079
3.87196131088978,-1.79273946809929,100,0.00110588723021078
9.20997997570785,-1.45052904117118,100,0.00104832320581143
0.0304869229091373,-3.99174337693143,100,0.000976072357969808
14.0172367256057,-3.10856715367374,100,0.000857991569283459
-0.910758329941419,6.87280349712047,41,0.00224042056337528
-14.0364588589766,7.46162142227547,100,0.00160496269264657
10.8154871451199,5.89928797030533,24,0.00165946758420395
-24.7218195719893,6.45615783029313,78,0.000927603579399628
-1.0839672836798,-11.6806153587981,53,0.00063656399059876
-2.96503390172697,-11.5128731644007,52,0.000638890730514033
-1.6530521592141,-10.8376385512939,49,0.000663950465546975
-6.24026663169563,18.8425106715731,41,0.00798216275081491
-9.0044972450891,-11.3995959621928,74,0.000613197903346435
8.57673116972208,5.83620242389514,34,0.00177631437594998
0.874013719978291,-8.51040738568141,100,0.000749871776618833
-8.28226740978264,-11.1187581203922,33,0.000628047255354721
3.19389171462682,6.5592214187407,18,0.00214280620889452
4.56585429044855,-11.5421741191314,49,0.00063320124813723
-6.81265859745073,-10.902527345605,55,0.000642903807368714
-5.59203806850389,-10.8715164082125,50,0.000650449664238313
-8.45354236624135,-11.5426650833364,44,0.000613711249485977
1.11149819389722,-10.4971543993474,100,0.000674535108028112
0.376569299563596,5.96607200677074,9,0.00207752923537479
0.810595380173305,-10.9310459321294,31,0.000662471375169777
0.612149282967909,6.27304862807122,12,0.0021343553181074
4.39920706826029,-10.7675538202492,21,0.000660267613913396
2.83520002111937,-6.52953214205631,100,0.000832872285810098
-7.41208268274157,-10.7366307063468,20,0.000646147075089344
2.62270182035929,-11.3041152650695,68,0.000645784457476456
0.927644901028699,-11.4074651705683,52,0.000645580960547785
8.67929981196278,-11.0286762983043,27,0.000628394704047255
7.47978061918588,5.92478730592113,18,0.00185234619220286
-12.4523311086012,9.73517031518817,100,0.00202627758433189
24.3953534728436,-6.65289037599348,39,0.000558297673694298
-9.73657598893377,-11.1207574081758,66,0.000616561696835764
3.38634271348835,6.03705685529728,15,0.00204013724489998
-3.64018629065464,-10.8764229330683,20,0.000659300888079278
-5.36066962358551,-11.2332141943234,35,0.000640404204310579
-4.66195216634341,-10.8600502580464,56,0.000654633289718144
16.9382915962305,6.29356239259503,51,0.00131913720678843
2.66941139295147,6.14708276383063,29,0.00207283443787354
4.25167500211055,6.57564199687414,51,0.0020957583769604
2.4224416536883,18.6528826249159,48,0.010377427990171
1.01815607724173,6.40955535166266,32,0.00214909457944884
-2.0545385100422,-11.2375568638168,29,0.00065072913323676
-12.2738551904547,18.4130972978876,92,0.00399974655034964
10.5400685489384,3.03424375010035,100,0.00135616467814884
0.31080725059459,6.07681796695912,31,0.00208917231026136
2.44004175894521,5.87060988695153,23,0.00202945786500525
14.1675421509684,-8.7039833766802,100,0.000646146976695991
-0.810815640030207,7.64086545765869,81,0.00238936181321458
-24.6781874365739,10.9269095878439,59,0.00110792847821631
-0.96828836126182,-11.3969846525584,53,0.000645850286661484
8.43495631202292,-4.01490022581646,100,0.000911462756191072
-11.4565282436905,2.11027351976104,100,0.0012433711290562
0.93648405871561,6.38396619690673,27,0.00214706949285134
-0.794817018349829,-10.8899057086186,23,0.000664238344526931
-10.9666398587761,18.6299459364638,94,0.00463424453111833
3.63857596443991,6.46207185265767,15,0.00211164498953091
4.89009868287431,-11.3746622330361,32,0.000637970841837294
-24.8421083617898,-7.49065108883727,54,0.000533849458555689
-7.31449186869513,-11.2584786442424,52,0.000628948678863184
2.46846785766123,6.20095747318616,11,0.00209528523773083
3.9298603533573,-11.4581994600582,14,0.000639483179597638
3.64177684563119,6.08534299905525,11,0.00204309690608434
-0.828903119104826,6.05313742874231,55,0.0020717606804252
-5.38868634703264,-10.9239679734668,43,0.00064997066688925
-8.49320033154323,-11.5182696396637,19,0.000615126868794731
-0.449061684060208,7.30607746082379,38,0.00233963449680283
6.19685103392314,-11.4829313520573,52,0.000627957109543842
3.01096860884286,-11.0753564729458,30,0.000654011480615343
15.4775374783423,6.50816409734515,29,0.00142998336194929
24.3075657422445,-0.971004724968416,90,0.000698296303294502
12.6428463728209,5.65955621521312,100,0.00150907602321477
-10.3081129601226,16.9316514471724,100,0.00424422986097345
24.5210266408962,-0.0569543083668675,42,0.000721601160399592
-20.7127959256824,18.2570877188889,65,0.00189157286924304
3.02906033120236,-10.7736317275048,59,0.000662853407055398
-3.1038434076146,-11.0974158445007,58,0.000651843154242334
-4.97519370531832,0.84388479216203,100,0.00130788912529363
-11.2093254236576,8.47698009375769,100,0.00195580145267624
16.7551457159611,-11.1722158302747,95,0.000551041226566335
-18.9050073101707,-8.40965018707311,100,0.000594220327156837
-14.1503603163804,1.67090286406769,100,0.00111598768689321
-23.9019044590733,-2.26152717547648,100,0.000671779859256191
12.574414379887,-4.2840732901388,100,0.00083240534646806
-1.56651702294083,-10.8236043756226,32,0.000665304198278121
-3.77116219391823,-10.9341554573499,67,0.000654919573424919
4.57618249684886,6.16769025276357,25,0.00202039645640862
-0.0514093995840192,5.96368704448315,11,0.00207681610005698
-3.49097358024813,-10.852618921513,12,0.000660916498938873
1.28547316672859,6.08458113359505,9,0.00209346865284338
7.64771521510598,-10.7646542242211,63,0.000641993600717425
1.3113178880884,6.06416140352415,36,0.00207756374387446
-6.61612232975312,-11.073671285444,38,0.000639222271577711
-8.0465438457795,3.34357144615476,100,0.00147980714832493
-1.87988524206584,-11.3624885572716,65,0.000645396332123735
2.0434980096959,6.0202375718191,17,0.00206694382136191
-3.53214484309815,-11.6456296736574,24,0.000634288576033583
9.95115730450453,-10.9633366665081,96,0.00061847739985259
8.26100980968688,-7.64951688181802,100,0.000746737409335217
-7.25577538645885,-11.7071567505318,30,0.000616444914975357
0.650386629289854,6.14195758886409,13,0.00210814333893196
0.602133908709921,-10.8892286159099,24,0.000664336151321168
2.81409819409928,6.09105099747664,57,0.0020472459607804
-12.8644397690484,-0.405377270883311,100,0.00102627655637333
10.8601744561399,3.9687488156841,100,0.00143123900960219
-11.3825883387992,-10.7634584151208,36,0.00061503212919441
7.30981274135202,5.89996748844797,49,0.00184661408030751
-2.2885284248108,-11.0405338562746,35,0.000656604835989021
-2.05835572340913,-11.0663547986233,63,0.000654966718955184
5.65033098220932,6.1722244298739,28,0.00197612660177686
-3.24350045789149,-11.4510288742589,73,0.000639314472491467
5.87065266175333,-10.7700617172011,41,0.00065280853916324
1.85910979485726,6.08231830252912,98,0.00204717286184279
9.01114087971363,6.42771231793148,46,0.00183117454416336
-0.561882990787938,6.54639909863997,18,0.00218656195103897
-1.165856371917,-10.7399541322566,17,0.000669338629859251
-19.7454173298943,18.4153169644566,89,0.00204537506099151
15.6613585446217,6.35892507261187,29,0.00140562259889116
-12.9357195193042,-3.64307297512339,100,0.00085487964272069
7.54611715965304,-10.7828743456478,61,0.000642132030427596
6.27526347712042,6.01696076913403,36,0.00191919320857235
5.64112549678633,-11.0866747780908,30,0.000644054749399717
-13.1472970366171,18.311847876163,51,0.00370311081788521
2.7668793180948,8.83089565486763,49,0.00266233263322013
-7.06609001708801,0.127501595018059,100,0.00120628623921762
0.0816710507036167,-10.4047777847472,100,0.000678336099475837
1.3984498565294,-11.2511678328486,56,0.000650094975722805
4.89643311864579,5.81418377641443,12,0.00195255845911632
-13.8146269705155,-11.1634885326191,28,0.000582250436299511
0.32391946498865,6.64741138513638,16,0.00220929896053646
-1.07080733575787,-11.2311677231848,19,0.000652671800183031
-6.80582208456989,18.8355401461862,73,0.00735383901896572
-19.2051731671171,14.5569595284088,100,0.00179939145248053
10.0964611125897,6.08168632671135,15,0.00172804599509575
-0.123973559233036,-11.3370690171381,13,0.000649889354146016
3.75661242504109,6.64537746560076,24,0.00213891948368322
-20.5544979697907,-10.9593693476428,97,0.000515429971521406
1.7459269329544,-10.3015210408717,100,0.000680575234561172
-3.79517866958556,-3.89895890634194,100,0.00096804076690635
-9.30895484195095,-4.56019222998625,100,0.000871302797416734
5.71358223099431,-10.8539335143075,52,0.000650359824628655
3.36046885192013,-11.0272636431979,43,0.000654103887821569
-1.05486817673602,-11.0232004709546,46,0.000658495558694682
6.70465903964366,5.90803900411132,25,0.0018857382163843
3.81469422869168,-11.0471194138991,19,0.00065307700740281
-7.57511386440827,15.1450128334007,100,0.00436708539800615
5.48824109788249,6.54174883040747,21,0.00205068340642234
-24.2952048182161,-9.03421314961595,85,0.000509961556590052
14.3899163340599,-10.9354199346577,65,0.000581513279367271
6.28606283406634,-11.0520734560926,47,0.000641288232120263
7.07880825087244,-10.9977215796308,36,0.000639129110746716
7.02011253503158,5.95872212279004,36,0.00187440341172
-11.3170208548519,-1.09237559093597,100,0.00102428836492121
-1.15126645177979,8.50343986000996,49,0.00261882474372402
10.3663661141024,5.98122241196829,35,0.00169320044265819
-10.1259435466442,-0.29359991720907,100,0.00110481305720986
-0.23932675375181,6.10997398620788,22,0.00209962438022042
4.68153863263101,-10.7411272989774,15,0.000660301257953075
-7.1629236856811,-2.63597161754801,100,0.0010087884301669
5.29740413625733,6.18540637370437,34,0.00199121844747366
13.5159517414195,6.54388847340401,50,0.0015551827515546
-24.3239160344284,-10.1258009272389,68,0.000489627523092539
0.49566415019169,8.35747744371547,30,0.00260048757708657
5.51990359266386,-11.3033196912277,83,0.000635512674797683
-10.1372715034684,3.8588646977077,100,0.00145184430597628
13.540731625747,-11.1583719138315,71,0.00058347067401383
2.74901990600544,5.98888200790441,50,0.00203310724427927
2.58664240911642,6.1418268914403,86,0.00204949766197967
-12.1217972733893,18.4874495567589,83,0.00409824582267381
0.725922130185432,6.29784101619887,9,0.00213991648910252
-4.73733012836405,-11.2046657857622,31,0.000644085891188213
1.85732073535737,-10.8894135840571,28,0.000662794416316249
-24.648308204156,-4.00741692527998,45,0.000614042744485472
8.62174216590647,5.86186680658619,15,0.00178346052582859
3.92011379597426,6.21227473006845,50,0.00204104206668552
-4.23367403052628,2.29500176024511,100,0.00146744333880881
-16.0016132389866,-10.9917260026483,46,0.000564619178997435
-0.59460546003429,6.52600421814861,21,0.00218080314626593
2.57550500336404,-10.8440132689848,23,0.000663160524461785
0.434039541415506,5.91740799510431,8,0.00206859045797038
9.35956339436627,-10.8610064298605,37,0.000628292856541078
17.8707243744293,6.17225574968796,94,0.00124988181822318
7.1548709840429,-10.7768699940411,85,0.000643709250472662
23.554488879195,6.26507578520513,60,0.000972659445657507
6.97087334317128,-11.081553737838,46,0.000636685191183536
-2.26242697121681,18.276830308518,72,0.00951652225781335
-0.918500024519822,-10.7963998673159,35,0.000666818952790922
-14.1228811448575,5.77515568917442,100,0.00143440802527751
13.1348949153983,-3.11235281299046,100,0.000875818060702064
-4.80490269433943,-5.64200249582068,100,0.0008654598795336
-5.93198659460388,-1.511483181756,100,0.00110150830502506
16.0722338829375,-11.0762939355151,50,0.000561687649199555
-11.0305842361737,-2.27091372461238,100,0.000961981323457014
-8.22169512789441,18.9042224765307,29,0.0065952029074054
0.627772356858902,-11.0794753398389,20,0.000658035834021908
0.186797580474366,2.23932594048639,100,0.00150055935737925
3.96660782553689,6.27834682793411,19,0.00206459680663349
12.2684901217163,-11.3578245962186,27,0.000590928696724064
-4.04896837025446,-8.34662355136764,100,0.000747773008225697
-0.54771107763895,-10.8741497002977,97,0.000661668390970208
1.90542501319399,5.8143352384559,20,0.00203005509964845
-17.3549198814151,4.0900391438796,100,0.00114133879366697
4.31013219190502,-11.1628523852623,32,0.000647015639247332
-0.103992666781873,8.76871662567025,57,0.00269442933863256
4.4533486123577,5.90427470153723,47,0.00197028241662159
1.52479649453627,-11.2033853640584,40,0.000652200584730624
-0.338047632783887,6.15935437515596,31,0.0021048779351962
7.00811290706631,-10.7500672559171,24,0.00064798425799457
-14.2075046332104,2.0385573113099,100,0.0011382198270344
-0.98200938373758,7.93615090610184,18,0.00249579241342433
0.338446120858829,-10.8549282175137,78,0.000663236892366621
-0.220873754920145,-11.6057364900424,67,0.00063885856573891
0.817323533567888,6.19744215407223,27,0.00211153565863591
10.4915366708611,-10.8900572295431,97,0.000616395105085994
4.54983331625821,-10.8478406163822,71,0.000654838289036252
2.29431151990076,6.28184461770524,49,0.00209760144843478
0.0432324049481889,6.32912899366073,25,0.00214116948481789
-0.695235790584038,6.35735473958007,10,0.0021514572010853
-24.4847749961608,-6.54252796822292,99,0.000557437164520243
3.58799943027141,5.82787977981346,11,0.00199862688099727
12.0178659353301,-11.2770979485546,28,0.000595259614226295
2.94801940762773,1.3222264054817,100,0.00138329645979253
-16.7652754641049,-11.5077964950697,67,0.000543893227172367
3.23192372658332,5.8671697235034,15,0.00201375283750346
0.473052532201855,-10.7593686750933,15,0.000669265260589966
7.4482547661608,6.0759123332602,42,0.00186853784008006
1.09486848178503,6.59271452804588,35,0.00218364577904498
-0.794364346121796,7.40265917240164,30,0.00236358916991138
5.67592457633503,-11.0395321711286,34,0.000645250016233643
3.69099407290711,5.8567347096317,24,0.00199552004291516
15.8247799287115,-11.1487508646866,44,0.000562586728187491
-15.6479053256977,2.21162025383127,100,0.00109569742818
7.99091569429982,-9.21290887326415,100,0.000690489505736522
-1.05750669936376,8.67899234301146,15,0.00269195102941221
-17.8799454473703,-1.84018666400576,100,0.000825240513810761
-6.24915743783736,9.87288417257589,100,0.00268432046555349
7.60457241357702,6.31674252046734,42,0.00189718865117714
-23.3104646744151,-11.4436051579101,74,0.000476974239624962
3.44651410949694,6.0097845184814,50,0.00201911952412678
-0.575513580902584,-11.2891859481706,69,0.000648976545686894
-3.95170321816866,-11.1565081935448,69,0.0006469136745288
-12.6011053110943,5.7367664238627,100,0.00151933890894892
20.4960120145527,6.61925183017711,88,0.00113506168229119
5.12847147115559,5.91146698514638,64,0.00194026103585679
-0.94885936288108,-11.0742703316583,47,0.00065682524877803
-24.6485055915093,-1.88578129635491,55,0.000667184912975598
5.96878083892679,6.53574722053368,27,0.00202427590168584
3.23593850347019,-10.7424505458407,23,0.000664930358720362
-7.42416240728639,-11.5152768812119,30,0.000621299796594888
7.07455914054572,-11.3403685488573,51,0.0006278188409485
0.874752835619045,5.82690124352271,9,0.0020488524693179
-4.38520970233907,-11.2939851872336,55,0.000641534595324119
3.28214398394221,-11.5704467427283,56,0.000636079287061094
1.53624026663953,1.10490709047099,100,0.00137332047413506
-2.37407653106065,-7.18047598591414,100,0.000804208389463227
-19.2434359016479,2.06412539944039,100,0.000956295636751688
5.86072093260538,-11.1622102132595,26,0.000640747004239137
8.8788354431575,6.29845241963254,20,0.00182919575789359
-17.2143220730567,-11.3378030850978,77,0.000543036002109735
-4.68284306816748,-8.81039843585973,100,0.000726406969726083
-0.986672342053382,6.03598174611713,64,0.00206348844249711
-10.4200282258579,-1.89958925817588,100,0.000995832744787364
-5.12610338085474,-11.4946471267907,33,0.000633166480933621
5.76478652303432,-11.2207558257218,52,0.000638269694833851
-4.50665406725771,-10.9779704054694,71,0.000650704932655866
-0.463804479866629,8.61522170324139,50,0.00265586493387248
-11.872106280268,7.65950440613207,100,0.00178904364110034
14.9306925464159,-10.8246375489342,71,0.000578863369002846
2.370754065444,6.31125989920151,70,0.00209238755471855
1.15185153975736,6.10301760346973,25,0.00209140345252758
-2.48492325952023,-10.806785796108,32,0.000664234799201577
-7.63440611095208,-10.9126297870178,34,0.000638570498734786
3.56468131980278,6.18261039928791,35,0.00205308982160703
0.0655179463879303,6.66289812409483,12,0.00221496299571071
10.5593501507042,-9.23884036939042,100,0.000667638514982798
-24.4695894319,-4.77037674808886,78,0.00059798457369415
-0.758981287487399,-11.0929719446158,97,0.000654190233847262
0.773320269426542,5.9642234653225,32,0.00206535539733818
-1.69548349368312,-11.0515994329718,21,0.00065785820540683
-6.192396065013,12.881635330226,100,0.00366790497806538
7.18930116550653,-11.104335496141,17,0.000635888479615164
-20.9084478325617,-1.63235414925638,100,0.000759338321945895
-1.13020247628667,8.45008225049918,46,0.00260707764437218
3.89096203347809,6.08019326948421,31,0.00202611911708026
5.93777456007112,-10.8834713826436,20,0.000649641512341734
-1.4202472955089,-11.5052165707116,24,0.000643072064784611
10.4565299227758,-10.9437796783448,89,0.000615396263954016
-9.20214155142993,-3.3858743173817,100,0.000933739686812677
3.91832239378009,6.19592745230613,26,0.00204817372442124
-24.9275255879132,1.78831714681435,91,0.000762672014677493
10.9516698724204,5.99879661543246,21,0.00166415291299526
-14.471190855791,-10.8962902311649,47,0.0005823561736756
5.72249209893881,6.48030443814817,16,0.0020309016307748
7.47927645221857,-10.9756455663214,64,0.000636316925437131
3.06551333881604,-11.3260406917357,18,0.00064610293006315
-8.65144730866719,18.4486102742524,66,0.00584979850140637
4.71019160172732,6.54492071426982,31,0.00208085281809701
12.7825516626258,6.0208687663207,56,0.00154584292090467
-24.3687706394101,9.92217415843409,66,0.00108325002451276
-11.9275773942983,-11.1167775973075,65,0.000599177822214984
7.8844680311729,-11.0531996912787,28,0.000632831638592798
1.56717541797589,6.00098484922078,40,0.00206088850317331
-4.92212467599468,-11.2982824629943,72,0.000638652727363839
14.0944225422,6.65707149070524,54,0.00152771972017952
-2.58686909474799,-10.9166757952361,17,0.000660930094748299
3.40183659705292,5.81759745798235,9,0.00200282204934439
-1.07154147227545,7.93344092978132,15,0.00249584312422208
-2.26743886536362,-10.8469642626047,77,0.000661346343489409
-16.9692505319447,-8.56316784883862,100,0.000615538541018425
2.55289334365555,5.95574960035827,30,0.00203969828777619
-6.47280289265175,-11.145918591942,95,0.000635382036121038
1.31328509925135,-11.0889073604305,68,0.000655076457109731
1.34795995064288,18.8831495589122,79,0.0109620241917281
-24.5383104898596,-0.530476606470608,72,0.000706055620961914
-0.720468200633207,-9.3558194642634,100,0.000716574004369471
-24.4839259203385,-6.71757896598421,93,0.000553906742517712
1.97667856048921,-10.810311542619,13,0.000665957719692103
10.8092833887933,-11.4215412796936,48,0.000600356066664624
16.0328270361752,2.70732441559458,100,0.00111151644581514
3.13466137574767,6.3060117083561,15,0.00209707447591037
0.224456641494846,-11.621552627973,17,0.000640392654120985
-16.1518313353954,-10.9678234578466,79,0.000562626363911669
-0.749911887836674,6.22465007689258,30,0.00211593097897178
1.05964181896749,5.90544425481594,60,0.00204048059943996
-17.7843810319039,-2.2909676646969,100,0.00080949336257663
17.429915851371,-11.4490255251268,57,0.000538880320539498
-4.68910694252071,-1.9551152759107,100,0.0010858900915949
-2.60875813199192,-11.0399346919631,12,0.000656940581902861
4.01339991422074,5.88113315498255,11,0.00199507898075288
-6.08188599083857,18.4773268920674,39,0.0077013073916175
4.65494506020165,5.86967003649087,63,0.00195122531288008
-10.7780052836211,-10.8384110587269,28,0.000618226913936885
-3.1975808770283,-8.10986775473831,100,0.000761008475736541
2.16743782195515,1.55390177773246,100,0.00141507843757122
2.28243136245981,-11.2490542983703,42,0.000649382156505978
-1.87469397707766,-8.9803845704287,100,0.000729543349521702
3.65131174210363,-10.7532358799892,48,0.000662203197547727
-0.794555032006398,5.87031460903613,19,0.00205324925064555
12.2509114008539,6.65349325795525,30,0.00165630325416704
2.05667229364852,6.00201973977321,81,0.00203642668049991
1.6494806422048,5.94491780444283,80,0.00203274021211707
12.4742109735671,3.99116136634445,100,0.00136001244190614
-7.90678613712883,2.62756220418993,100,0.00141012587803248
2.56131099011543,-10.7493627233183,46,0.00066540699395275
-1.51633851527557,-11.6962942331868,50,0.000635728530226345
1.18261195954439,5.95875814548559,34,0.0020600797682089
2.95096740310939,5.94376201487619,13,0.00203547895212747
11.5656057538259,5.94010019510692,45,0.00161368294480559
-2.79730170107792,18.8009225776159,55,0.0103825802509638
-1.16283804413643,-11.7020526806926,23,0.000637020990422981
-21.1461481525115,6.15753518485376,100,0.00107745709749067
-1.01604389814684,-11.2503569944254,19,0.000652081757076296
6.60408829270259,6.57616222126011,17,0.00200292692653809
-24.5493237790779,3.17095696240203,69,0.000819618274811084
8.31350818592775,-11.2795683350986,20,0.000623434414568022
1.04487950312797,6.02119097422249,10,0.00208341871289674
12.9205164507249,-11.1324709206619,80,0.000589501020103527
2.61933022852915,5.81664713772206,100,0.00198520711678729
-5.16641327476744,-11.0486214525442,15,0.000648058818030935
-0.544588003107695,8.75957745156461,38,0.00270364586468473
-3.85004106463218,-10.9679582222527,31,0.000655080424543013
1.91970789138751,-10.9226402222929,68,0.000659815444633706
6.61168532435768,-11.3440061226725,39,0.000630689459950265
0.532191903376997,5.85844007150571,11,0.00205589042449228
-11.5833610534604,0.548299627409859,100,0.00112350495188243
1.1771591884741,-10.8170790390154,25,0.000666311860340866
0.322710495769001,6.39000539375951,16,0.00215694410425483
-12.8023365781348,-0.213339681698327,100,0.00103951983297523
-1.66026071645985,-11.26061386505,31,0.000650501029326531
4.05607155988381,6.60967034794727,30,0.00211872599382543
20.7397769125892,6.04048538909818,33,0.00109831634433586
-11.4544949941626,-6.01126897964257,100,0.000776124526496915
0.4266626662664,6.60237002213837,19,0.00219817703081961
-9.10372338563607,-11.0648357491159,34,0.000624056963146859
-4.95414848796914,-10.8725465666096,82,0.000651911526966251
2.83090056909138,5.85319768009685,38,0.00201179419135992
15.5087668760255,-2.84815247893632,100,0.000837879264085906
8.07432332864501,6.32148660950538,58,0.00186617129308147
-7.06801142303598,-11.1201274226182,52,0.000634677055564819
6.49498577291968,5.86947291319552,16,0.00189277980377968
8.37004751320534,6.59680358242295,51,0.00189309764261595
-24.6863572552607,-7.24918602290816,50,0.000541108279478082
1.38577908497483,-9.42165440565343,100,0.000713350571473588
4.15391157868329,-4.99985120401012,100,0.000903336640108376
-8.88410192736062,-11.3860534343311,36,0.000615847741966848
1.28901799100966,6.1890564596305,19,0.00210905535956778
0.319858214468003,5.88776565436923,8,0.00206340131640539
1.48162795665144,-11.3680572320689,48,0.00064648192780023
3.47484556013629,18.5014050328265,76,0.00924368340623706
-3.08771087736692,-9.11675462414883,100,0.000721081011147334
11.6059972016694,-4.63375962577842,100,0.00083296898154694
-7.88612482581568,-10.9284618294047,23,0.000636929448232635
6.34584967140249,6.1598297780566,66,0.0019278155322876
4.67812242754958,6.64152491462924,18,0.00210587515738403
19.4733443271569,-10.8175856377232,90,0.000530458006535694
-24.6208336034357,10.5677115398727,71,0.0010949875085856
9.28735346304618,-10.8808069052642,50,0.000627706275532243
-5.90617141848781,-11.5274645222775,29,0.000628870078002757
8.25299573521399,6.0401935020186,72,0.00181037802320127
8.44151970840908,3.02380647741522,100,0.001432545415399
-2.82787234777518,-10.9570351629399,21,0.000658824017070992
-0.106599716538155,18.8825359900898,41,0.0116782302319747
-17.5420305367424,16.2807552537038,100,0.00221370504580887
3.7726912467963,-10.9097312496186,49,0.000656503087649144
-11.4198162913783,-10.7364485186758,64,0.000614441424850118
-6.64015133757152,-11.2495940161593,60,0.00063265127845368