0.259771037210854,27.8934387446235,91,0.11669267713644
3.08948001198114,18.6666518667024,57,0.00993184177368127
-0.123881214811028,6.05258180938092,40,0.00208101935414947
3.30062983428225,18.9120230562362,61,0.0102057931552998
-0.0478768973099839,26.9468529311308,74,0.130900535496964
-0.709994271523589,27.8901245026805,78,0.129770250172376
-1.73166441838835,20.6534114432929,90,0.015419631465932
0.429708324096502,27.180908262209,81,0.122722052498365
0.491728168323894,28.0525970865881,82,0.126912963067616
-3.82772851764626,25.1654522121035,100,0.0314270180475214
-0.0558847794206062,27.2134150283711,78,0.131168273192484
5.40933523889935,18.2240998216928,51,0.00780418995275551
5.11782798754052,20.7335849298408,60,0.0119194384732245
0.38775383117336,27.2594198880506,74,0.136732776784005
0.470560507018629,28.331106733309,71,0.144025686546326
4.38435459625097,8.8444815200304,47,0.00258758652413073
-0.517557090298912,6.04317099437581,37,0.0020794481643291
6.01965455754096,6.23428586662473,40,0.0019651685561566
0.0429001323530684,27.4870540869418,69,0.155210758605434
2.53316329305429,18.305677433382,50,0.00965003090107042
-2.42513310171287,34.0393818675116,100,0.0185350765526827
3.78546344620721,18.5138539036894,58,0.00922472793867648
-0.651223309578538,8.6342858539468,40,0.00266666172850239
-0.540646911689844,5.91603076637801,34,0.00205682885997577
0.4233434361415,27.0276376631823,70,0.137455052294777
4.6303100839816,20.9247344233213,92,0.0125540101375699
-0.0217078821841408,27.1908480379151,68,0.150355796060892
0.69746176738358,27.5098917315572,71,0.140629263088239
5.43095660911507,20.059337272553,65,0.010228514247197
0.344816159838732,28.0747997387134,71,0.150026079984588
0.196098749178141,28.4457973297317,82,0.125294960782563
2.68736534577278,25.8369814859996,100,0.0471241589885257
0.294124526222583,28.0881289281207,72,0.14839019459748
5.65463770044374,21.036069137123,59,0.0117152500325349
4.94496048829638,18.6631682937735,59,0.00863124959348331
0.496474019706209,27.6266260894489,74,0.140794936537328
0.768712514340917,28.239210651443,75,0.130979475860263
-0.323914444339252,26.9312207478585,77,0.12390271005338
0.281391252575242,27.5502569279751,75,0.141305030835194
4.93849696183549,20.9169104461187,88,0.0121486893219407
-0.666263944485903,7.62185243057461,33,0.00241384070108634
5.50000278223707,18.9775698034177,63,0.00859323933691983
-0.224430064837134,28.767275114154,89,0.109024192215948
0.626776141318551,28.5934417609287,71,0.13458997369352
0.860554848455154,18.1984248603326,42,0.0100794798128136
0.0933784401563916,27.6341860923733,69,0.15720128678688
0.766221686470853,28.0242835643399,81,0.123233444569904
-0.853892046771249,8.16917545167427,37,0.00254383426614513
5.22780227699653,18.7895520984334,58,0.00859650375679985
10.0346702074169,19.9280252997627,100,0.00576264469732801
0.897731038560829,28.1736710032684,75,0.128130602193914
-0.561255050846665,28.2432607754661,72,0.141603940986228
0.436630104482671,27.9208135730441,83,0.126659310362797
-0.511020045300253,18.2314681243138,41,0.0102046474517325
0.734242423575725,27.6658456943445,74,0.135532773388341
4.7721382015853,25.3024476606848,100,0.02549609047068
0.200437381873166,28.0878530992655,67,0.161484871135504
-3.54819182485148,21.0841760169568,93,0.0145519729898453
-0.749207454341179,7.65207151370705,37,0.00241795497177813
0.453936800307194,28.424437237543,82,0.123088216520259
0.181425743329658,27.4835918052159,71,0.149778397114809
0.137178734372835,27.1197912352158,74,0.135693348483773
-0.519769345941394,6.15056071724746,10,0.00211182283119678
8.6313469051241,22.920113272697,100,0.00918983846928427
-0.481274164932734,28.5503624358661,82,0.120372861206984
5.77254331555191,20.3466828078883,59,0.0103528497191524
0.560121230997714,28.5489704794788,70,0.13912627619181
5.30603313218769,19.2773237412843,61,0.00918792243283068
-1.23588475926103,6.39765632185077,35,0.00214310059891235
3.72812604701059,20.2795548553519,91,0.0122877582911379
8.28185472333014,26.6142019349366,100,0.0124929397688427
-4.11295139166249,22.9847595691938,100,0.0197638656125688
5.25204207693724,20.3082097905329,60,0.0109250040016999
2.15694880483024,24.1795551750123,100,0.0355768066853623
5.41170200953202,20.3856634047218,67,0.0107791491686051
5.75025389797154,19.1168777521129,58,0.00860361468155502
5.83503095480091,18.9305378301367,55,0.00831905563410411
0.164677134647446,26.7667231989472,100,0.0898789450015048
5.74718096180894,19.3115318995927,57,0.00887086919009647
0.304545434412511,27.5291443466516,75,0.140765119256057
-0.418763731386995,8.82809103017635,19,0.00273794852637328
0.646962605527643,28.2875087199308,82,0.121932346011652
0.132544972230278,27.7415658391008,71,0.153071633534188
-0.227989045865488,27.7513656975856,75,0.143573978291583
0.114469190346537,27.9335614368938,79,0.136624448723251
-0.651062324381443,8.88039685722965,40,0.00273525124968319
0.308948218909888,28.7123013054671,86,0.113368895914359
0.108337041564297,26.9328251416208,74,0.13029853812761
0.351178186406219,27.9234676551703,82,0.129396255113496
1.5675524132937,26.4519712450772,100,0.0697143598690177
4.98453146452717,18.253129880979,60,0.0080604694825078
0.635760918586311,27.4158165069189,80,0.124943927425775
0.934214754404956,22.9833999858805,100,0.0289292929914561
0.130747569526006,28.5351083778833,82,0.12388197701743
6.57310129215385,22.5517564389488,100,0.0123005419093449
5.38870805015506,18.31774433768,52,0.00792283771205043
0.69746176738358,27.5098917315572,71,0.140629263088239
3.29721675632755,18.3530277462616,62,0.00922690886738583
5.6044334493453,18.6054102372638,58,0.00807878558588977
-0.137969615452103,27.7204966899753,78,0.138124540291939
2.45584024959765,18.8237070757511,52,0.010659949360942
0.949832441449115,18.2235963118466,45,0.0100819383558446
0.346154844281217,26.9590808624619,95,0.101680714774042
0.475069114183384,27.0832322833156,76,0.127681632356298
0.163547889703249,28.7389791181828,70,0.13892398035859
-3.96939864350099,24.5795613539012,100,0.0274525320069847
0.215934517174259,26.9021078847901,66,0.143522389763819
0.464897054196488,28.4434893546911,87,0.115524820021297
3.87821375161412,25.5224521829903,100,0.0328823513191711
0.153063688736801,28.607370662408,79,0.12688510363124
5.37443933144244,20.9351966143803,60,0.0119394978336104
0.0593125958295159,28.210082758218,72,0.148672085907547
0.23273819000646,27.2652632188205,74,0.138689516292439
4.09971986476781,24.1665375456916,100,0.0247773152093511
0.134480333222549,28.2783684120067,72,0.14720853004412
-0.973236173351473,18.9263779055948,41,0.0116577462660172
0.12078268363158,28.7205857572204,90,0.109241015657178
-1.19217438220203,8.47634956382646,30,0.00262401011078734
0.238070404615106,28.130908449307,71,0.15082044335496
2.88244226193526,20.9022505996808,92,0.0149617843484641
4.19380186727528,28.5696912287746,100,0.0357259180025751
-0.928202926436378,8.64915369386957,39,0.00266832702119979
-0.928728648340102,8.07318337651717,30,0.00252314637358499
0.128567993986107,27.2176184451979,69,0.148549275756526
1.18594304485842,18.4214785868885,71,0.0101505863476195
5.30418300534283,19.7046359843405,59,0.00985556888216709
0.417481324843348,28.0321520847668,85,0.123388194708338
4.63752535421938,21.2333479812504,67,0.0136917771589414
-0.0897938990166198,27.3460370110783,70,0.149824120858512
-0.992085919798435,7.09957824116392,34,0.0022918346243746
-0.502265670688928,28.6855965995129,82,0.117194253316519
0.720167163478533,27.2779367020625,89,0.109171753363688
0.151826383244742,28.7424650625475,86,0.113628405296747
0.264814311022277,27.5212950330216,81,0.130095070732714
0.44800297486256,27.4278253991684,76,0.135326215659288
-0.637541130017202,27.4942239960873,76,0.13258807650615
4.1254288615914,18.7680245449702,42,0.00954137897674095
3.03185589283319,19.0316439702593,62,0.0106095345999224
-0.356487690888813,28.6775924042492,82,0.119125310776582
0.601387672581318,27.9229636217258,72,0.143544568324335
-0.0883093349460398,27.0523072023489,71,0.139603114952943
4.26799762177881,18.5068716765892,64,0.00884791861540851
-0.4638706663214,28.3553719900609,84,0.12106029530742
0.356619587744606,28.4225361200757,80,0.127498400870299
-3.44313945510184,20.5693582585641,92,0.0133106720417585
0.757333121862059,27.6856024854938,68,0.146942123304079
5.43138269361137,19.0602454110238,51,0.00885282060437609
0.66230627247138,28.1150986731459,72,0.14076386398743
-0.568116038397326,6.27854886442105,40,0.0021229794013317
0.532599809967204,28.5852045796335,71,0.13682148936062
-0.384578012538216,6.97006117656821,48,0.00226095961684853
4.61175366146405,27.4543138059184,100,0.0319133414306797
0.273836816082877,18.5385575588607,42,0.0108591409831596
0.202856653755095,27.4670711383744,66,0.161354953835158
-0.706862811008466,28.4542780660819,87,0.111702461307774
5.7123405578833,18.3504035470392,55,0.00772273741612046
0.112234564860528,28.4924463851329,71,0.144675435035391
9.42986078996272,31.7617222481819,100,0.00876907838377651
0.705853788117986,27.6281376831778,74,0.135988475999807
2.08732920894557,18.337406513647,61,0.00979803633858312
0.409452879521066,27.5194080589128,76,0.137258979744186
0.439802044577233,27.0470661045002,74,0.130594367837934
0.19263007038083,26.9938814310228,99,0.0991040019729592
1.17012911889992,21.1218355070942,90,0.0176398831566691
-0.10063335542048,28.4367892286789,72,0.144042637027433
5.77922262305974,18.8764192839352,51,0.00832449956805682
-0.399902660076478,27.8371039018389,86,0.122526429037114
6.33673546023366,24.373642535786,100,0.0160723841601916
-0.653830269240989,27.277516421564,74,0.132113969217889
-0.747069177040577,28.168656290229,72,0.13786220342868
3.18522790996781,18.6842769700396,62,0.00985578527680429
0.511289384561128,27.5756038814481,75,0.13804523304069
0.275484338109759,27.7389135346911,75,0.143023574344365
0.502722543735775,27.5916759691497,82,0.126160798632331
-0.548276712570459,7.00939893772852,29,0.00227841966526981
-3.24057848479032,28.4506283356844,100,0.0481933923119327
5.68942623851063,20.7062944558977,60,0.0110541507956548
-0.535913536204577,7.95614595116533,33,0.00249562763819282
-0.820827209284632,27.4767877322025,69,0.140399005136129
-0.693745069400281,27.1925388439837,75,0.127723091681436
-0.834704635993269,7.71453072705555,37,0.00243198080763107
5.31737068261399,19.4840728000072,59,0.00950098090988727
0.971884720832174,18.3361221478489,44,0.0103121116078413
0.308948218909888,28.7123013054671,86,0.113368895914359
1.20386674786465,6.03494595828356,12,0.00208360584471649
1.83589103305935,26.766463755366,100,0.0691083970693936
0.925604800204135,27.8288202921327,82,0.118220148257636
6.54763471558292,23.4942737174342,100,0.0139192642348345
0.677650818633331,27.2549963871352,81,0.120080644133089
0.671168580705793,28.4690183641373,80,0.121641671727768
0.37164478825914,18.4539813314133,45,0.0106342754345405
-0.0219479621089617,27.3099747839772,76,0.136885599040149
-0.0767282826771827,28.186935828108,84,0.126374835552761
3.57024494066168,18.203870651879,49,0.00894355589822941
0.828456314578685,28.0370005231772,80,0.123179512771466
-0.524192620058936,28.2096148023449,72,0.14291541434859
0.532599809967204,28.5852045796335,71,0.13682148936062
5.34171393538726,19.9961690342827,63,0.0102465124045848
4.97281932457501,18.6299537416608,56,0.00858763468630326
0.769055062971254,28.0663361297351,87,0.114488367172095
5.93784948469377,19.7357634305546,51,0.00932119714230836
0.675561846779722,27.3155239801385,67,0.145874980406324
-0.365709241350724,21.1119150355298,88,0.0180544282792524
1.42498835517114,20.6599061651267,83,0.0158501866417393
5.24168568900613,18.2587529552505,54,0.00793751934978914
0.889356245591702,18.2999173490997,62,0.0100694019170925
0.880913235407248,18.1651877997237,49,0.00994131105790797
0.934691477284035,27.5997861559244,75,0.127502165410151
-1.14238184023764,20.4685992243728,92,0.0151384155606914
0.158555654663699,27.1804220417545,74,0.137180849888443
-0.612638684062455,21.1529481333341,88,0.0181562512028331
0.612682214842953,27.9733669926837,92,0.111247662548108
4.49345813506717,18.6320149368986,58,0.0089229401781346
0.257407517609713,27.0474892851046,65,0.150842258983468
-0.626632888191623,27.1084407168086,75,0.127220488089882
5.53773338686524,18.6161226967075,59,0.00813407515888995
-1.10913419201249,6.59647913801272,16,0.00219336219262942
0.193781926694198,28.1734211369516,71,0.150692935568223
0.339098059707403,27.302811425422,75,0.136466136763963
0.635736533141965,27.6364188761505,71,0.143766908683507
0.95393657949583,27.6570830660922,74,0.128987764450639
5.52887978767011,20.6581378578191,60,0.01119142436942
0.477032101651171,28.3204855231488,72,0.142056149671523
5.21825772326069,19.3731053283303,62,0.00940030103958539
6.97452779876716,23.7725012714929,100,0.0132867786363188
0.798948961180995,27.6020941011338,74,0.133218342082048
3.27751879304647,20.5883957914039,85,0.0136916285334481
1.54156999026616,6.32385662978907,32,0.00212613898805479
0.681167921707571,27.4070213833488,68,0.145532859360889
5.52181812014369,20.9306854648795,60,0.0117063116701396
-0.0505073623589737,8.82281428617108,33,0.00272728480306112
-1.12839877850662,8.23865092802144,33,0.00256068753119869
0.365929985379167,20.7375171692092,88,0.0165064791835988
0.269376433576732,28.6027609544383,82,0.12160385839918
5.05089314822903,24.3783120283361,100,0.0210334670771743
5.21760352380651,28.7247628516082,100,0.0264060804989545
0.621889414215234,28.1633606599005,68,0.149722431839173
-1.17215944508514,7.52581367385066,12,0.00239805652410641
0.772253194501736,27.4291476711392,74,0.13185523419519
5.91352267874428,18.7742367718887,54,0.00807465496179952
0.720251009319493,28.4596120901141,67,0.143311322014048
0.642544879955113,28.6962898524136,100,0.0908167941105089
-0.324336050537449,27.2046088702608,76,0.132672575367181
-0.463650798152121,28.1909290250837,89,0.115946469060883
0.554078655307177,28.312695669941,75,0.134919642795906
-4.8556257452267,21.1991961267113,94,0.0127777771462692
4.05391558953513,18.591003285033,50,0.00923596054659691
3.35295577212779,18.6376468272627,58,0.00970705042228186
0.477032101651171,28.3204855231488,72,0.142056149671523
4.13662672637064,26.7096976492443,100,0.0352874080282704
-0.637576223138888,27.6560577658495,75,0.136061799669353
3.89754248366842,21.7598888903678,100,0.0160466582862266
-2.27479732696513,18.3997748018112,41,0.0100305987111494
-0.15884273768776,26.9994899002728,74,0.132120695424918
-0.36544708548749,26.9842796189515,75,0.128145924082407
0.753155336187645,27.799240943966,74,0.13564681108416
4.89092526722112,18.3112729366833,51,0.00825600621227273
1.73740845352455,18.7054012285341,44,0.0108520021867453
0.452327323138391,27.0191858587448,72,0.133073431324463
0.00665494195992422,28.0338849973351,87,0.122988340472253
0.0879639403328568,8.1048859389769,37,0.00253214497370342
0.805576863889249,27.3257842560368,73,0.130947257880661
-0.653490802274319,6.70265572958135,33,0.00221085567733131
-0.059499519005798,26.9696987394885,69,0.140857401416586
-0.202510604613647,28.3595895342623,82,0.126736816689918
5.37502750074471,19.3859025989373,65,0.00924870949619329
5.95249049768896,20.499520934357,60,0.0103596896387344
0.0462444328167833,27.2031680432588,76,0.134477437510649
-0.68526479425022,6.52991795499114,24,0.0021796193481887
-0.45403339550518,6.68811002848647,39,0.0022060036855641
5.72912266954076,20.0553802516626,63,0.00990538114897462
0.409452879521066,27.5194080589128,76,0.137258979744186
0.544874658160751,27.6122487192324,70,0.147931555775458
0.918124988414388,27.7639870791546,98,0.0994687295581027
-1.78538840378187,20.5445164534487,89,0.0150323963607476
0.828456314578685,28.0370005231772,80,0.123179512771466
-0.438961274361002,28.4756151818705,77,0.130358566892407
4.81341297369006,18.2664372262209,60,0.00818798946970054
5.03987407032393,19.0633593732897,60,0.0091154412680124
2.9628730381562,25.4306679770633,100,0.0406714426002911
-0.132246958657805,8.62429752671346,31,0.00267323725721751
-0.913784814769216,18.6317492594573,42,0.0109746084768353
-0.879556718931655,28.168197856939,84,0.115355611190042
2.66443507821901,18.5026946065861,63,0.00981522767377805
1.96340607856387,21.189790344088,91,0.0171338063770659
0.773440083458714,27.2908856565029,77,0.124618219598544
0.171626294595944,6.24802974875657,23,0.00212602601928822
0.618415078037051,28.0697061317396,89,0.114588265214722
0.247051541220177,28.7204254973262,71,0.136981770250354
0.450960002823596,27.8149898736033,79,0.133217813843272
5.53001582163483,24.5459721203649,100,0.0194276429954481
2.17149822785945,20.9796098537503,90,0.0161360124767949
0.0177232586774003,28.7072173328788,82,0.120235677248677
0.876537477328283,27.6067996693791,75,0.129298267601379
-0.734145833534834,7.90900336787264,34,0.00248181113211191
4.43634937649987,23.7443427690815,100,0.021491047280013
5.34241510088714,21.2058494785837,90,0.0120865543814301
0.40091775020766,27.8523970261603,79,0.134015684633778
-0.0304490710424427,28.6527905904661,81,0.123024137046745
-0.337176422665068,27.4396553695914,77,0.135273736526928
-0.178763749745923,28.7550202778552,72,0.134556772934926
-0.746695852059077,27.9803707413719,93,0.107842898059437
-0.747048116749658,5.84627664829882,12,0.00205205023150021
-0.341748063988259,26.944178776736,69,0.137764097706406
0.470901031547254,27.8778747590922,74,0.142388792801623
-0.000434922786432979,27.4312908762792,74,0.143146446100814
-0.148079831341222,27.4607305093028,95,0.110091758175687
0.26968162166409,27.2449367854501,73,0.139790682440511
-1.18219755252038,18.7544894770518,42,0.0111817525925269
-1.03633493585881,7.61729144050036,12,0.00242135281613655
5.70661930368868,20.2838776938491,59,0.0103324081260243
-0.287287208497041,28.60921367668,95,0.104788796592041
4.26604512045189,18.1812823096794,44,0.00853230383304755
-0.507414293805111,28.5786787045158,95,0.103378474220442
5.76140374000205,18.3994974698799,41,0.00782967239856225
4.52162927704182,19.00270701586,60,0.00945003956270516
0.359426226643016,27.3228160930324,78,0.131232167254907
5.41407901231113,20.5686873969693,65,0.0111241494601312
0.771352268282374,28.2254666020116,70,0.14027904587209
0.370370462742636,27.8226903307135,75,0.142052314427782
5.75567209476459,18.6299640019224,62,0.00797161216399441
1.18023845061239,18.5752983335041,63,0.0105460094451439
5.74151275654445,20.5616731710123,65,0.0106781041745998
0.379198165145339,28.7522045318559,75,0.127573531220396
4.48232923701748,24.3311091185389,100,0.0235548679355281
5.53215107374906,18.6818841595051,58,0.00822597129569097
0.0955536381428051,28.7541797866454,91,0.107440472602663
5.12875969825925,19.4808075829759,65,0.00962123576553136
5.27727851277659,20.2142978444214,60,0.0107265835933923
0.686490703316631,28.4936002507446,83,0.116656789029808
0.576405362429508,27.7385011731056,74,0.139893265797261
-0.149042016701131,27.5660577025048,78,0.136792475661112
0.515618642322176,28.274389770175,80,0.127590748950211
0.920195472189666,27.8700562598129,75,0.129068272138007
-0.0752231163209801,18.2010670052759,44,0.0101393636411929
3.36871669191344,18.8238380107677,64,0.00996772349453129
-1.14414059401846,6.75594158559124,38,0.00221511662121905
0.150732430432807,28.0882028464332,72,0.149807475119711
6.63860919501754,22.6765722897317,100,0.012368145163462
-0.476212743577633,27.8042493588678,76,0.138292960954874
-1.17388107708434,8.18728987817103,41,0.00254166330527786
4.14260839043771,18.161631495212,46,0.00856571202515622
-0.379312408219717,21.2373026966429,100,0.0182078497423815
6.12204039744786,29.3702130748237,100,0.0201379890577136
-0.245194467444782,28.7752984190376,71,0.135196688464944
-0.411767642936993,8.83460533813679,31,0.00273087337579217
-0.410552179316982,27.1006369768824,75,0.130752050779685
2.33693134904146,21.2116928720216,91,0.016756405953687
0.546735090790204,28.4396181820143,73,0.136342958949685
-0.153303178179163,24.7203776756081,100,0.0505318697558517
4.78648540467021,18.1876968091521,56,0.00813082177849249
0.287619897017789,27.1941705127229,73,0.138337436531644
-0.325527598474842,28.3867904425189,81,0.126852426889301
1.81880251969716,21.1028254156544,100,0.0166986298012514
-0.4146034228643,27.4085881069372,83,0.123796299262597
0.197457964663067,28.5772648742034,70,0.143829277912016
-0.383646999263387,27.1663081009726,75,0.132782560668748
1.31099998576836,18.3281549131717,62,0.0100301555255754
-0.695819638339441,28.1481457915858,82,0.122436750866154
0.608832520164737,27.278289560468,87,0.113488012784466
0.329012379403387,27.6846737290997,87,0.12135298929155
4.97647179142776,18.8856791297653,62,0.00889466937351992
0.23273819000646,27.2652632188205,74,0.138689516292439
5.42794435573434,27.1125627673809,100,0.025047533219419
0.370401114279799,28.6909589241383,79,0.123052123082703
0.539326972320536,28.0227882819725,69,0.151103673297274
0.55840670099724,27.2579708457924,92,0.107796412176458
-1.29854700464763,18.3693952066033,44,0.0103005429182109
5.38751085557518,20.2455893477954,67,0.0105681050278559
-0.74420311533268,28.4819378982567,91,0.105930975497375
0.318900805308529,27.5734557290521,72,0.147372747659684
-0.337970077062663,26.9909397545598,76,0.127022210945655
0.461331230232257,26.9951973542368,72,0.132207821327627
-0.664684684593454,21.2312434470768,92,0.0183487572505982
4.79474113818568,18.6259659296771,54,0.00872746938592602
-0.830292760563247,8.14010110226448,40,0.00253476725936939
0.0908494013253015,27.4869473176984,96,0.109297436127656
-0.136328306017641,27.3165463586082,69,0.151142517667587
5.630744007794,18.4726529960296,63,0.00787080765834223
-0.966831399497163,8.28167968193863,36,0.00257205099896082
5.92296762951283,19.1314688620933,52,0.00851851334768793
0.8831304867293,24.4714640336237,100,0.045103004837611
5.59776884665415,19.2419028582805,58,0.00890242724878461
5.22587329199568,19.192091433723,58,0.00916046072274983
0.394538629803606,28.1491260046009,69,0.152915918692033
0.355440327708166,27.0038261407432,78,0.124031175754978
0.515429218786048,27.8625883259551,75,0.139534836168422
5.49813195135056,18.459761423417,50,0.00803095614750213
0.390948493550851,28.2350924854595,70,0.149396224639277
0.0275556550442663,28.5780306931098,87,0.116069142629527
-0.564316629426824,7.59478909508955,39,0.00240472298973227
0.569838707973959,27.6140493068789,67,0.154158804623084
0.820803253474107,27.5133804984006,71,0.137066640016449
-0.167971720938277,28.2291528579843,89,0.118139387470551
-1.03553011487791,7.48471265571455,33,0.00237825693036498
0.637969934443998,28.0586845002769,75,0.1361101316847
5.32543707390722,20.9490564853429,67,0.0119417953552267
1.09610821636089,18.4698223065981,62,0.0103625761943934
-0.802415681328523,27.5490851791183,88,0.111827941763382
-0.0341668822939152,27.7470782788806,69,0.15834812989205
8.07062604837498,26.2631878819633,100,0.0128882983583841
5.27923837414693,19.09229475292,57,0.00897942671884342
5.41383892596638,18.2041782295155,49,0.00779001776321747
6.42092448839148,28.6616143513848,100,0.0193162521241753
5.79459369908337,18.8742981440239,58,0.00826150206347888
0.119184808881511,27.0186608003832,75,0.13114517471717
-0.581059308528863,6.78799082234274,34,0.00222855984002313
2.97293373895334,18.3223256765222,64,0.00933444121978995
3.16315851001549,26.1578489184809,100,0.0438440758490022
-0.661793166185515,27.3128238029361,79,0.124382350398909
0.459385449352734,27.7636207010906,75,0.140418599546181
0.699378599073087,28.4080643883001,71,0.137190170187003
5.55716114164498,18.275655463502,62,0.00770022177021579
0.402779095761585,8.52978319315452,33,0.00264502479668259
5.38589029298708,20.6249075189644,60,0.0113284588421241
4.07125344562419,20.6039951469197,92,0.0126034036941082
5.52928485146579,18.3605807175435,58,0.00784089646963179
-1.48506922426374,21.2262887809265,85,0.0179762509290809
0.150427206516098,28.8357842143824,89,0.10783562744349
4.97828847758721,18.5409733357436,58,0.00844939651142954
-2.11807390977087,26.0461576640403,100,0.056555502152822
5.18452528402026,18.9227092273064,52,0.00885915685218066
0.507334926507737,27.4275695923012,72,0.141915330456874
0.496263308107638,27.7091660492348,74,0.141434664377914
-0.711415084850886,27.4849164351261,99,0.10051536584058
0.223633596770874,27.5098697178014,71,0.149824628471067
5.36347080897931,18.3863140376753,61,0.00796546424917288
-0.0505428446610793,28.8160671952418,71,0.134857080760022
0.693410057117819,27.4710494943724,71,0.140172581053386
4.50711416678125,18.7695540661763,61,0.00909307869066454
0.116545835823674,27.465563507514,79,0.133848391544712
-1.12336756907314,6.95881640889786,26,0.00226411289248602
5.20360255136217,19.0064889523829,52,0.0089617763693085
5.57101933811551,19.9359248699763,60,0.0099257741531505
-0.621980675280382,27.4717194691532,77,0.130897198587859
0.947303874184456,27.7290831441636,81,0.118823425504837
4.80721704965496,18.2083217772657,49,0.008190740453518
0.152477778361344,27.8596324936262,75,0.144419930663857
-0.446290580803829,7.97775084120474,48,0.00249219228717974
0.160816367508606,28.5358687975354,81,0.125282015431967
0.224859213418205,28.1040886702241,71,0.151273590451889
0.628527084808649,28.136282955406,82,0.123889681212802
0.183616040651928,26.9920288650516,97,0.10110982722614
5.83996188334257,18.6184119802944,56,0.0079342443977355
-1.15408021948441,8.31899178386727,37,0.00257843468941562
-1.41573673715461,26.9708677990239,100,0.0787521525358761
-0.491179155037487,7.48834213126808,31,0.00238494402935997
5.93674794504047,18.7810401355547,54,0.00806478091961593
4.76393668865384,18.2728312865682,62,0.00821465936075371
-0.241599351237215,27.5275750554276,76,0.139456404571834
5.00108618148298,21.2197792544531,90,0.0126548947267045
-2.04861400818747,21.1803476294755,93,0.0169399402161618
-0.479827142462388,28.6322948131859,72,0.134666239074397
5.93619699665398,19.7777410751443,51,0.00938241905298226
0.511185191852921,28.1643209999588,81,0.127320885245262
7.22818182719024,23.4000182931698,100,0.0121876794704693
5.80373946596653,19.4613375889125,64,0.00896517808792245
-0.515539894595838,28.2854623411609,81,0.125837613276996
-0.67094713849568,27.5768155089594,75,0.134552107380518
-1.1934577865072,8.45595060324091,32,0.00261718146404474
1.7318142259497,20.7269730225628,72,0.0161295824073185
1.99287808553526,8.76765971000476,46,0.00267353080098532
0.579430003680396,28.3188758774447,72,0.139935027457246
5.15886766018041,20.5541680085914,60,0.01150640010916
-0.640649436351172,18.3671355270796,63,0.0102302448675497
3.12244621044909,18.866732221558,59,0.010261486880982
-0.398393002227621,27.718785715384,86,0.122249254263872
-0.938372960138024,6.43917573429278,31,0.00215616592536444
-0.220526891716353,28.8019129607614,81,0.118560593177484
-0.697876347601982,8.88539090023581,38,0.00273769548629841
0.838102350893842,28.0883791847269,69,0.141743249749348
0.940046716969792,28.0908387451556,71,0.134455492390767
1.85050476918863,18.2796889947109,60,0.00979130745725522
-0.675017923396485,27.1556594612315,85,0.112937089160022
7.35062980972379,27.9916168018494,100,0.0156372757951045
0.539326972320536,28.0227882819725,69,0.151103673297274
-0.993105762021252,7.3518332982665,41,0.0023439907260354
0.493221960793741,28.2862526692735,70,0.146522137137405
0.634353687463955,27.8127580444965,70,0.146934476133124
-0.560993117605164,27.0828231699752,75,0.127850434450259
0.855498021028572,27.5508954908515,71,0.136440763616481
0.648985262820438,28.0058351385408,90,0.113082633292851
0.646822037051717,27.3194678373475,70,0.140589806303332
-1.18358283907546,21.6509519733879,100,0.0200523394017689
-5.78254880563263,20.8775297732219,94,0.0108095230193783
-0.728399256015567,27.8982343136996,76,0.132750393270626
-0.623560363404143,27.8552813683757,76,0.135320506279198
0.104006855465869,28.021180238556,70,0.15534222704799
0.429708324096502,27.180908262209,81,0.122722052498365
-3.91076926430492,20.2687136863955,94,0.0120132374843405
0.896668030475307,27.9204703145605,70,0.138724687229623
0.46722600520902,27.1952078962275,78,0.127179648482029
2.98112822000701,29.6222679124497,100,0.0456842965342024
0.562032255280159,27.2873193296464,77,0.129094551211527
2.09084316741421,20.6556071781811,87,0.0151759557090195
-0.217384554608121,27.7024333707928,77,0.139402466104486
-0.208191277101784,28.3201778261995,86,0.121139123079366
-0.250050238408846,26.9523940318201,84,0.115081176342951
5.39404443092161,18.5765300098858,50,0.00825065651854141
0.569480706398576,27.8642712141907,75,0.138402222674523
3.7812627466051,18.2496331552055,53,0.00885881988381026
0.499817776736155,27.8464445394917,70,0.150352503170463
3.75006923628311,20.8601280110659,100,0.0135172528664472
-0.298393242974852,27.1924675252958,75,0.134457587413868
-0.830250726912383,27.8502181998147,86,0.115069003376803
-0.683692485231343,8.03439017722665,30,0.0025158989648899
-0.311808537655599,28.716107435742,91,0.107192278731825
-0.05052297596592,5.88677714021427,32,0.00205347080205616
3.62526861083146,18.5872977288498,40,0.00961081032449879
-0.381388699733471,27.3640289593135,78,0.131688596467316
5.05234222809887,19.8873753114456,60,0.0104156237569082
1.9869535886761,6.02805956054466,53,0.00205407741910141
-0.986204571697465,7.13186634856871,39,0.00229631483295029
-0.732530002682378,5.85162641581133,32,0.00204473678122422
0.0938520454569098,27.4616690497887,78,0.135695120269651
0.916964181358331,28.258356177001,71,0.133341726098124
5.68105321600218,20.902582896021,63,0.0113767952688093
-0.488792037377521,27.3855200426736,84,0.120974233109291
-1.20796117588327,7.51011363544119,36,0.00238022504159089
0.833390982884759,27.3237551509321,76,0.125243819441088
0.478782400826333,27.1667785199922,70,0.140597471474335
-0.781586076820057,28.3920106547555,72,0.133447229903727
3.75372466849356,20.6929258131371,91,0.0132492243670492
0.00867004189826737,26.0156355584001,100,0.0751466377587534
0.93714722857385,29.2772345589086,100,0.0782209579829714
-0.4638706663214,28.3553719900609,84,0.12106029530742
3.95060708599293,27.415464493165,100,0.0388998978663887
-0.500568863100266,27.2227703531435,70,0.141658965815022
-0.484255764788594,28.613061681044,83,0.117636736358244
0.711552076833565,27.3401302722973,87,0.112627105922876
3.81002761293318,20.5446201506403,90,0.0128287076732696
5.26843897935741,19.1297528808751,60,0.00901743807783614
5.42926205921069,20.227693665939,66,0.0104988142685778
0.396055873702825,18.549100242705,42,0.0108726700596716
0.781243839443661,27.3956418872777,72,0.134623573024224
2.4682139601446,6.32677345593378,41,0.00210603398046135
10.2032924548858,24.4868982846959,100,0.00797484222414229
3.00258605778231,18.7890126161943,68,0.0100987908378694
0.900947965954234,27.7259075126239,78,0.124517169554226
-0.496223674030824,27.4082214565369,78,0.13067693448324
4.80994579047758,18.3563944952876,59,0.00831403189632914
0.511628549336817,28.5517427366595,75,0.130897528259927
0.40878423721072,28.2716042064328,79,0.130949925684496
6.9965895409209,29.8706327451441,100,0.0159005411094009
4.61103183216558,18.241080754515,62,0.00827061472160134
-0.977013531331479,6.56963147304338,12,0.00219111823502327
-1.03293070971438,25.7281813097742,100,0.0644418457432262
3.6601173731464,27.2666662854522,100,0.0422815602742201
7.6126925190465,26.8344947454326,100,0.0145120431787448
2.68326463098087,18.7728776863396,62,0.0103200067393443
5.6007341649444,21.0378421047089,64,0.0117332436531954
4.15353437780119,18.4858965032675,42,0.00907030844326915
0.957598206544994,20.4314925713344,91,0.0151242278015101
10.2791407993964,5.96603958460224,50,0.00169215803739949
3.58274831764513,20.8551331803009,91,0.0139038434682753
5.41206035155668,20.109562637621,59,0.0103971899765727
0.260882724585055,28.3013674456406,84,0.124026766643791
5.06183531402893,28.423625283447,100,0.0279022071091319
0.278038994611673,27.9413149742179,75,0.143169695323999
0.895002859676853,28.068182423422,72,0.13432091368559
2.74262222503727,18.9536938396963,62,0.0106420022282971
0.150732430432807,28.0882028464332,72,0.149807475119711
0.622031134473025,6.40877320390018,39,0.00214870743293652
8.94611470810901,25.1286583587325,100,0.0102668405644209
0.593836267703876,27.283062763619,81,0.122131057123915
1.07391743831438,26.8923452874656,100,0.083381643204121
0.42045594196469,28.0424565619006,70,0.151271645908804
5.84064091794067,18.5384246551182,61,0.00781073689691875
5.4240714659531,20.7271682845662,66,0.0113873855338452
1.92722725323382,21.1502306514732,93,0.0169627243226598
0.128608035511856,27.4142204169032,71,0.148867946893292
-2.32444110629324,20.9704690989026,99,0.015701867606333
-0.0940524953611808,27.236352023135,76,0.13512919027996
-0.120539335925952,27.2717171171711,78,0.13222157973762
0.784275783858646,27.9540325051202,80,0.124615254431179
1.88298171162921,18.2509220151565,50,0.0098227243458688
0.484903610921659,27.4388380648246,67,0.153502513119096
-0.455875239927735,8.58164272772535,29,0.00266161648243406
3.90829882795195,28.1799499456413,100,0.0395610645113619
0.435575395955908,27.6042938720577,91,0.114197683421422
-5.39312219968325,26.0679151886771,100,0.0236951295200187
5.25682691285282,20.8309583828168,60,0.0119104294016932
0.140668949599995,27.2951668586285,67,0.155250050127552
3.02219204234638,18.4161022406142,62,0.00948359979126897
4.44890409561386,18.4224894421544,60,0.00863679581438305
0.394942689631367,23.0374962887852,100,0.0300071037020008
3.57712058698745,21.1987812867741,67,0.0154356500889212
-0.383646999263387,27.1663081009726,75,0.132782560668748
3.43132691849802,20.8355986828877,94,0.0139988222741121
5.58731852005945,18.5207672785546,52,0.00802803520466501
0.238070404615106,28.130908449307,71,0.15082044335496
2.52424471561678,20.6798394068899,72,0.0151411308723233
1.87217418700517,20.962807705072,84,0.0165578414145003
-1.10552882038995,6.15654723807846,33,0.00209856234784919
-1.03299086919457,7.2464778841772,19,0.00233189207908907
-2.66351209488041,24.2287362530741,100,0.0331231675678007
4.90958982259799,21.2008996286611,90,0.0127607744673754
0.0933784401563916,27.6341860923733,69,0.15720128678688
0.14391691459165,28.3681448008179,72,0.145376964788774
0.776221052112461,6.01133656009512,32,0.0020741654610598
-0.786774334013848,7.5839644479098,34,0.00240333922457822
0.0866152974543683,28.071220817136,80,0.134181432721467
1.64004768119917,21.0521713746186,86,0.0170782192506794
-0.681894053708294,18.582268405064,41,0.010921177915238
-0.28614262704436,28.1795871996647,72,0.147400766360953
0.155095255702951,28.5940641546549,85,0.118174087495757
-0.398352328461682,5.90473906682322,34,0.00205529807611376
0.675487993171174,27.3712478745949,81,0.121990313609948
0.0710133282351442,30.2120287271156,100,0.0647992789962869
1.63208882458949,8.65539205728831,37,0.00265866128718384
0.614217264332363,27.937822484605,70,0.147402871055677
0.411875203247407,28.0714508214366,71,0.148924063351229
-0.692497488477813,6.09813489718934,35,0.00208980689388193
0.768712514340917,28.239210651443,75,0.130979475860263
-2.24192686424781,25.300724407171,100,0.0465474489946155
0.10608111687549,27.9304761413249,71,0.153443719741404
2.01980939459441,20.9069863983168,100,0.0157872599396357
0.871305405944795,27.4710724105026,73,0.131364606161182
6.2139513892555,8.65395985668639,55,0.00241584617612313
0.935355594618868,27.8023437320747,71,0.135513136959764
0.60060619306978,28.6151982319597,67,0.142243722684664
0.288256002473209,27.0450815739066,95,0.103624804189545
0.875111816363235,28.0706498281817,75,0.12969033285651
-1.15132879742057,7.60577494936786,33,0.00240494311667932
-2.64542999966512,23.3416750884179,100,0.0267911716472132
3.95824631293636,8.90660734920641,48,0.00262710835554533
0.756780542494679,28.0091818072581,78,0.128277410505653
0.537084984394169,27.248389939584,75,0.132187002742144
0.206443497585924,27.8984694260484,71,0.15278826520536
0.707181966053523,28.3396013826878,70,0.140253634603536
1.51516300103651,24.2408582674873,100,0.0395196745604074
2.68811330805077,18.7643435327268,58,0.0103433579743694
0.953027799086847,28.162736889009,69,0.136983206721473
1.61340312209855,21.207559684699,91,0.0175822707633322
0.257407517609713,27.0474892851046,65,0.150842258983468
0.64904829685296,27.9594284538602,74,0.138276143183124
-0.633738115929273,21.9924462101794,100,0.0223487085814704
3.47214944926379,18.1756237511864,45,0.00898731785390351
6.87672331199617,23.7346790915583,100,0.013473676325311
1.77630164351688,19.039369593569,63,0.0113402380812685
-0.0914438584560532,28.1263608304491,82,0.130214211911031
5.66488038968224,21.0213406703534,64,0.0116041542652424
0.623844732594118,27.8275449024854,71,0.14511013685201
0.675561846779722,27.3155239801385,67,0.145874980406324
3.81494203894174,19.0640730627324,62,0.0100964356756455
-0.24151676637786,28.1786512070064,87,0.121064160038341
0.33078467922432,27.5969911351277,71,0.149695137059153
-2.68850468769057,23.9582856931104,100,0.0309003655804195
-0.524192620058936,28.2096148023449,72,0.14291541434859
-3.00155859695682,23.1818735531155,100,0.0245057288470862
-0.198710815873403,27.5926193968531,95,0.110955271497125
4.21547138412934,18.252115025164,52,0.00860537799794054
5.02335409645702,19.9355003591571,67,0.0104545242415202
0.97987903078101,28.0218007186297,73,0.13009070928803
4.09550372182101,18.328501360094,52,0.00879142706238296
-4.77948590386103,18.3574076371819,42,0.00845542727474551
2.93345657626095,34.5214099697943,100,0.0159073332909014
0.228827932010132,28.1276937234831,70,0.1532716899117
1.00790229413526,5.98632520171407,41,0.00206386174839776
0.430115976070778,6.20501102216486,35,0.00211158426504126
-0.523663283827618,27.3900238990991,69,0.147118020115561
5.51685420031151,20.8515449821211,64,0.0115111299037362
5.39404443092161,18.5765300098858,50,0.00825065651854141
-0.167228603686406,27.1687043859144,71,0.142682558356272
4.72976293910672,18.4511095018141,52,0.0085453919614065
-0.567910304458201,8.39599371518363,32,0.00260879204192461
0.206657900589667,28.4246635894994,88,0.11680662268687
0.251292524513884,27.4737398429534,77,0.136718463953938
-3.88336107568904,23.3460745207672,100,0.0220418832497075
2.98458549016634,20.5111715912641,88,0.0137679993889532
3.32245087836679,29.7261969256336,100,0.0409537975735944
-0.83321375854723,27.862601688705,76,0.129950344113183
-0.0548488934894267,27.7333993960966,70,0.155754735553621
0.363528987965568,18.6858503702996,44,0.0111581177385591
-0.747546594581051,27.933891588069,77,0.130461360753408
-0.987467682020744,27.7752573806159,91,0.105446471540765
0.342006457421258,28.4694370443622,75,0.135356878583424
-0.956283768742497,20.9649838328002,91,0.0171016852941594
0.275982504593283,27.5622168898427,81,0.130436280471223
-0.266711107073916,32.8361820823026,100,0.0287999970826434
0.721550334017427,21.1126207081078,86,0.017996798015293
-2.13499393228188,20.6689274498696,83,0.0152698570300309
5.86381548853274,19.0918641662144,60,0.00846115242291665
-0.000174826770009712,27.5620852260381,68,0.158970100841595
0.384885108928429,28.6985921174147,80,0.12120768106019
5.5545945374305,19.6492305563374,63,0.00947943224648891
-0.454561262457156,18.3365541906658,75,0.0100677372555047
5.32371873397787,18.5531627992429,52,0.00825878381263577
-0.358356351980296,5.91933297298401,40,0.00205559768005451
0.127826708558486,28.1750255490388,72,0.148902505889023
0.408673905630491,28.0042982211837,71,0.149510773179411
5.30429201140091,19.6132397431509,59,0.00971194827481525
0.993247799202738,27.8002038310302,78,0.122081249638889
-2.34564313301135,21.1248045764035,95,0.0163178596936609
0.397607822707247,27.8233211713511,76,0.139654476736033
4.37554006474677,18.3466930480368,53,0.00863014756429366
-2.85157044009501,26.3183476542217,100,0.0489884913209558
13.1939727777942,5.83716033301369,63,0.00150073127031221
-0.451419579759602,27.4008845108172,69,0.148882571354461
-0.469589930776113,6.42137897031335,39,0.00215197703492176
5.5681664610071,20.2794339138639,60,0.0104833674251256
5.53281890733371,20.2206425319892,64,0.0103851056906903
2.92237046201884,18.8985249000535,42,0.01064153164711
4.99917855957754,18.171188522126,62,0.00793715035979187
-0.766291763589249,27.2551375092466,75,0.127298402011654
5.44861895445467,20.7355849741544,62,0.0114203034406739
5.63604133577494,18.4779264110985,51,0.00794833858130829
5.26967950941949,18.2524059916344,52,0.0079239220051555
-0.0976634559951109,26.8935939140487,77,0.124271939023936
-0.631952499849976,18.1603938351859,59,0.00987101563776529
-5.93140386110099,21.0621872884835,92,0.0109278138073584
0.784312026796683,28.4723931935018,66,0.143068500697037
10.3175540297052,5.91503078155451,42,0.00168580381592858
0.370080000192021,28.3110567682566,83,0.124373497309528
0.140668949599995,27.2951668586285,67,0.155250050127552
1.48744161052146,18.1581864140568,56,0.00972170178879263
-0.729332549145479,28.3005510724078,72,0.136501554202961
-0.690964645613541,8.86820301511449,33,0.00273662408325042
-0.266828048628075,7.39278937857142,40,0.00235888281701161
0.960587873523258,27.7638854398811,87,0.110702665664252
3.80218071437425,27.3540900981185,100,0.040626006284254
-0.391766611215096,8.64336608209284,30,0.00267822950491794
0.0619691120746897,27.5755415415495,76,0.141114154117389
0.76632243008174,27.6287262752103,74,0.134366870280998
4.16833490666409,21.1816874643023,92,0.0138710912561109
0.497727740140057,27.8182801285188,70,0.150362868693504
-1.29774334244954,18.5730534119788,42,0.0107462786425596
-4.15845693150918,18.2035392112051,41,0.00865314891093522
-0.0205535983982076,28.4190698149172,72,0.144663341451713
3.3909605537706,23.9105926820756,100,0.0270217729759861
-0.640400519707864,8.85230129545909,21,0.00274159855990461
-0.338570548113162,6.26172615347376,25,0.00212741313315136
0.896668030475307,27.9204703145605,70,0.138724687229623
0.388873784967752,28.4636972750306,72,0.140544528823284
0.811068457091043,27.5689771936736,81,0.121296703817941
-3.5604043761508,18.50142181893,42,0.00948914285585138
-0.668787592306995,27.3605843137909,77,0.128222738896376
3.57090331407426,18.2576326165428,44,0.0090677004117445
0.285864893896922,27.1791790056392,77,0.13075450320724
5.07666508364149,19.6407418798513,60,0.0099750575700272
0.597508924553815,27.9658789434566,70,0.14773302685469
-0.709994271523589,27.8901245026805,78,0.129770250172376
0.395663000694397,27.8334031485503,76,0.139697507259763
5.22532508119107,18.9477989937273,52,0.00886097664206044
-0.0535018047342938,27.3595360549301,78,0.134127996364747
0.80866039787458,18.1893545430849,42,0.0100704713575632
-0.0548488934894267,27.7333993960966,70,0.155754735553621
0.131205567139087,18.9071772522852,42,0.0117242395133493
1.60237800468359,8.54603259297353,38,0.00262918715785664
0.55180951390584,27.7241798045767,71,0.146535646574766
2.62878772509741,18.2883611871561,64,0.00944720149549637
4.54050468818847,18.4218241775893,58,0.00858961348381283
-0.661676554733496,6.36770795730669,37,0.00214127923478616
3.70657475697672,18.5152567133407,51,0.00933819984043742
0.668584912282895,27.6223252355481,71,0.142753462589525
1.44198386019375,20.6351945369233,92,0.0155289174465226
4.07299655764635,18.3236092063586,61,0.00872930773855243
5.46506447898224,23.7051123294273,100,0.0175311597949271
5.08164145094289,19.2480322464068,64,0.00931867838167639
-2.45820015698403,21.0952835140403,94,0.0160973936653016
1.26418075403448,21.3495987819005,100,0.0185526798105089
1.3626241460871,22.8711706400682,100,0.0272788071363906
5.08885290838134,18.8384424326395,56,0.00878671128317532
1.42782675238952,20.4483090069125,90,0.0149496557800979
-0.0780970639726019,27.8599768656833,76,0.142712376722667
4.44338355309807,21.1647196418138,88,0.0134611269003806
-0.458113745272572,27.214841522801,75,0.132825167062882
1.359170506192,21.1969357098034,91,0.0177742262175944
5.20858151737971,18.6752686506799,69,0.0083813646200926
0.0488693180198023,27.6007108517666,75,0.143446061950055
0.20944761591567,27.8703414072148,70,0.155160212449141
0.066402717478675,28.5118889823943,71,0.144325990967732
0.621889414215234,28.1633606599005,68,0.149722431839173
6.04698908394507,29.9120033431625,100,0.0197344825358739
0.608850939833229,27.6275574452782,68,0.150913668602762
2.61415877633177,23.3982011317007,100,0.0272825210620314
0.700971583547083,28.5574763461692,78,0.122292563157613
-0.670069660127584,27.5370821315293,83,0.121137692403548
-0.196647918671273,6.10646808812998,42,0.00209025911604115
0.232011122864145,28.5518329248065,81,0.124505811420303
5.91131827964123,18.8953454083339,51,0.00824185739939595
5.28560421475553,18.802363085696,62,0.00853957940364663
5.58231982562152,18.8159131249454,63,0.00832077200604594
-0.993010400545222,18.3641516666288,44,0.0103646624152865
-0.673880718605115,6.56687963371026,34,0.00218243060521707
4.92410668880913,26.627852443677,100,0.0280355010647539
8.80176755375652,20.4393112533057,100,0.00701965835655911
-0.861307470113848,28.3416839270376,88,0.109007496545782
11.471936877414,24.9578645360805,100,0.00666951676574036
7.05570453707882,24.0752226097691,100,0.0135102524166687
2.33312189647364,18.4873631947698,56,0.0100186402186673
5.54812839197133,18.3512379047767,52,0.00785405359898658
0.140668949599995,27.2951668586285,67,0.155250050127552
-0.311761726276675,28.1357428169137,77,0.137484456539979
-0.875892262224978,22.7890421309292,100,0.0274760484447537
0.745627798784537,27.6386551924274,79,0.126478167373843
-1.81966142502031,29.5705303789001,100,0.0619814638440655
0.561105548775158,27.4622881015597,71,0.143369202968434
0.278038994611673,27.9413149742179,75,0.143169695323999
5.48579500265888,19.5059800100464,59,0.00937161051400654
1.67743024247122,18.6156022421319,42,0.0107070380433226
-0.714485527541533,28.4936999648532,82,0.117488096856237
-0.956367854641704,6.14881969314253,38,0.00209623983453209
-0.469578233762719,28.638851221504,85,0.114597556817503
-0.0535018047342938,27.3595360549301,78,0.134127996364747
-0.645261364199311,28.498319082586,73,0.132921500168631
7.41056319928386,28.2919279773523,100,0.0153839189148514
0.840637033732912,27.3905223149478,75,0.127726289413445
0.496474019706209,27.6266260894489,74,0.140794936537328
3.2548546672839,5.86037377279868,32,0.00200508084672049
1.61667056045897,24.8719430609538,100,0.0466189718135003
-0.854360329462886,28.3194243288305,72,0.132610722678635
0.865093305653352,28.1693042058334,76,0.127481221256777
5.64225923595389,18.6273936316486,59,0.00807102959903208
5.70892771142793,18.6029047967852,52,0.00803796828778336
5.3698526037161,20.0365673721155,59,0.0103239924512815
-0.373913368719618,27.8396913756674,88,0.119885743595963
-0.245142258084428,27.5487076329381,75,0.141667769961938
-0.256257681486429,5.89746107475438,22,0.00205941805645071
0.0746997771932503,27.7775087223102,74,0.146765502457447
-0.870735510994968,8.14812334148965,45,0.00253314633700763
-0.53989725701978,27.8716848087154,77,0.135270437913868
0.804872658238212,27.2869899531701,69,0.137389469055961
0.0297785261907244,27.7120394925327,79,0.136534684166168
3.96164645998434,18.489932795769,60,0.00905657955857793
5.32957813340725,20.4532759834749,98,0.0106401914745845
0.0909303274005898,6.20029055017306,13,0.0021213145167462
-1.6483082373023,20.9161504271065,98,0.0162200396814801
5.1110646583802,18.8634861076159,59,0.00878090477794598
0.228933108963819,27.4683718098924,78,0.134993711882813
-1.15245972023494,27.3563496395489,100,0.0870771167321305
4.15470501780588,25.6553460925947,100,0.031222170310635
5.82996625654239,20.484922619834,67,0.0104167206956049
2.84130164035029,20.5031144319445,100,0.0136769073733765
0.1987856263739,28.3180415072382,72,0.146002725325945
5.13540475270536,18.2592570390193,52,0.00802108729069267
-0.756394090959384,27.7750599404029,94,0.106603463122628
-0.310916880878966,27.3242864671708,75,0.137249823884627
4.87441400101929,20.890300948797,67,0.0125070596138198
0.419775367308694,27.1085211155228,75,0.130825141634352
-0.620073414155519,7.8624148557967,33,0.00247195365545929
-0.399572882094571,27.3763622156077,85,0.120543494346549
0.263950460136649,27.9034293692835,71,0.152150260215882
-0.994003256881069,7.04962687262024,40,0.0022778415089217
-0.74970241112788,27.7810814005803,77,0.130386963025451
0.544641652819281,28.6676460123755,83,0.115634581401987
4.20630284928946,20.5756427178337,92,0.0123649363146851
0.686910671480455,27.3168994525666,72,0.135700892611751
-0.518933167502588,8.75131367950063,30,0.00270739004735668
1.28528925817559,18.7279871937452,42,0.0110902616874565
-2.09391891602996,27.9181360581465,100,0.0699852061792452
-3.50937970616582,32.3328594451274,100,0.0236898537703727
0.838102350893842,28.0883791847269,69,0.141743249749348
1.46614146335976,18.4211856494953,50,0.0102917593516091
0.362746293877707,28.574295770281,73,0.136220491150722
5.31059398003801,20.7972909707096,65,0.0116955337644025
0.280271322870598,27.4328742323113,77,0.135813364843742
0.498331385553238,27.6263641792394,81,0.128131225587458
0.775967009151721,27.7310804729939,75,0.13297757050227
0.662455861617829,27.8769669044609,70,0.146196794821068
3.26642005291079,5.84557362205918,39,0.00199936068735607
-0.0548488934894267,27.7333993960966,70,0.155754735553621
-0.308241123865335,27.7030804211836,75,0.14242933191868
5.29791091952297,19.0824591346399,58,0.0089416822402042
-2.27925285923304,20.9163562892733,88,0.0158409958299216
3.23169216998124,21.2525643117059,91,0.0155959105629303
4.58927063599493,18.263816625055,59,0.0083352185518636
4.43056247547673,18.7321260343383,50,0.00918513790051948
-0.616953210338122,7.56655041792698,31,0.00240236844121725
0.0982966506723623,28.1749356731449,89,0.118919216476798
-0.0548463630639937,27.679593702217,70,0.155351824683476
0.521072140596991,27.7110847997804,72,0.145031339026482
2.63773100403704,22.5517726552237,100,0.0221980395326456
0.616469643069055,27.6278710414856,79,0.129274227525794
0.406129366654957,28.2044276343304,70,0.14961724036091
-0.000174826770009712,27.5620852260381,68,0.158970100841595
0.475366143067158,28.1351326105206,72,0.144885698795427
5.51248933514432,18.54620884553,52,0.00811304620846119
0.692446590182732,28.5081163315653,85,0.113650095201423
2.26742252615871,20.8469109296657,91,0.0155417163818983
0.416261440973242,27.5688575994463,74,0.141647903304154
0.355100029126051,28.7795668239698,90,0.106718711515225
-1.03156073550708,6.03696120758599,32,0.00207699815480615
0.893122723582418,27.8756201338686,76,0.128223620194231
0.621587266053732,18.6963165364511,42,0.0111752926700565
-0.911312391036647,7.63373922248112,37,0.00241206162188304
0.385498798082593,27.2003933493612,76,0.131816181580935
0.568948390420744,27.0743102930729,77,0.124316972111862
4.19568417182299,18.212142744842,46,0.00860512908513746
1.12351330652457,18.5486312012228,49,0.0106623578469398
4.74129068755587,18.4127455002187,54,0.0084706420495783
0.624848125009286,6.16774755170569,39,0.00210172842343541
5.50846494121606,19.8148813560372,60,0.00980507460902365
-0.164312359850465,26.4577969167534,100,0.0840502883580519
4.88142704245984,18.3201161972804,63,0.0081925382516672
0.00707408428055534,28.3996441597559,71,0.147255156897914
-0.883896463407585,27.60753027573,75,0.129088233554108
-0.388794967839393,27.5903708033065,75,0.140340450617184
-1.32939824429437,23.8536265698826,100,0.0360630266441564
0.799831418078303,28.127740742029,75,0.131375743603437
0.223633596770874,27.5098697178014,71,0.149824628471067
-0.353571166893022,8.10445805083445,31,0.00253513521238031
5.43024386603695,20.5751613004224,60,0.0111762525881392
0.116436272805219,27.7840583741581,76,0.142439718089127
-0.23165301876417,27.5094087704587,75,0.141273959247868
2.72691582077731,18.8303992278756,57,0.0104610084475225
5.63596498433723,18.4839384109845,51,0.00795552499721036
-1.2190681712618,26.3033250927785,100,0.0723892132665183
-0.0799565893700029,27.9365085918283,72,0.15121594886556
0.0922830087998171,27.0129281382221,77,0.12772791750826
5.81644846084267,20.0290886839372,60,0.00979675644235126
-0.670614114423564,27.6852385890651,69,0.147455689803942
-1.91583359992081,18.3144478623448,45,0.00997878734169097
0.951326488477651,27.6535576183158,90,0.106961569153002
1.90156242531165,19.001325674685,64,0.0111838125594912
-0.383646999263387,27.1663081009726,75,0.132782560668748
5.61296842194032,25.0313093214821,100,0.0202368119241002
0.383824886332122,28.122603971348,72,0.146699950446914
1.59256897880449,21.1665405806431,88,0.0175265730743329
0.507334926507737,27.4275695923012,72,0.141915330456874
0.745516688072607,27.6661945387496,72,0.138988570534365
-0.878036407536766,8.42684197507978,37,0.00261050523400728
-6.57622041224032,20.9206421415947,92,0.00985032289897917
0.255473697374457,28.7533002056578,80,0.121035397971011
-3.37209633324885,21.0067903111931,99,0.0144601750435793
5.48405323943184,20.3243548168822,60,0.010663207321931
3.05682599788881,18.2338434505656,54,0.00923089410357857
-1.81450163342092,21.1593730697252,92,0.0171501936007236
-2.65861457979697,21.0383880356418,92,0.0156935409188314
5.63320657565219,18.8626467653842,57,0.00838162404695573
0.494925377474385,28.4371127239806,72,0.139322619385938
-0.10063335542048,28.4367892286789,72,0.144042637027433
8.96262700279417,22.810389789602,100,0.00864000096657235
0.140668949599995,27.2951668586285,67,0.155250050127552
0.194882779212003,5.83670272840693,11,0.00205288631565278
-0.323070979980345,28.770589699216,95,0.101705608675453
-0.706925031779841,28.0834307527658,82,0.122697676021595
3.60168344433108,25.0700939191198,100,0.0326119606759271
5.52217504081087,18.652544836337,54,0.00822399493138006
0.208655958726786,8.39184860650684,36,0.00260687147652046
-1.28991333015583,28.7574445876721,100,0.0808533804918901
4.45867920004432,18.1918105120479,54,0.00835571238172574
-3.27602726950295,20.4915920336097,91,0.0133253375441098
1.30200857521107,20.2566651280448,90,0.0144038835813191
2.01478064312104,20.8414107991967,91,0.0157882396673452
4.03318925472605,25.5989353903903,100,0.0319635681603363
-0.945478820661099,7.07169614846201,33,0.00228676025039057
-0.588562796973683,28.5763811611933,89,0.109184143062555
7.09096430594418,24.9264126425918,100,0.0145357369539494
0.768712514340917,28.239210651443,75,0.130979475860263
5.42525763656543,18.8443075164259,52,0.00855875559666374
4.39140050501054,23.4675618582636,100,0.0206229071832791
0.932478659570862,27.5769100722703,73,0.130695761364701
5.61614438887828,20.7962807293467,59,0.011330717107551
2.0777527969156,26.0384197329778,100,0.0570102189658592
0.365694644876855,27.6418628334828,68,0.156669653043392
5.77475229673323,20.205697776038,59,0.0101259643752826
0.877564023577625,28.3079618560674,82,0.116676818031789
0.820803253474107,27.5133804984006,71,0.137066640016449
-0.627416671459635,28.4619758582221,91,0.108043394821153
3.84091412007766,19.0695775483617,62,0.0100860465481552
0.60962476857515,27.4762443344053,92,0.109638774985506
2.30440818819972,21.2102722681714,91,0.0167935665674369
-0.789108796184863,18.4354502711204,38,0.0106191918284954
5.66985870731366,19.4970429072557,60,0.0091736369646103
-0.710797504595176,8.2747492915305,34,0.00257442213382121
-1.22593335062853,7.86947249353533,34,0.00246624626904256
-0.326146017316323,28.0176224547267,90,0.117208175933763
-0.461487051684513,7.36072014432277,31,0.00235579523211977
0.0611525730920141,28.6371918990253,89,0.112273168730775
-0.383855786617295,27.3559630204629,74,0.138818596459332
-0.367625225175367,27.5181554327558,75,0.139784823873496
0.790610315709253,27.9700474447995,71,0.140097136123247
0.510406974681024,28.6664208914838,86,0.112235481447846
-0.259029768322418,28.4481092451025,80,0.127999722944385
0.0244510907746234,6.17143367059604,23,0.0021112675473833
-1.83457224646165,24.0450771631495,100,0.0359328062602327
0.51046171690207,27.4790238183365,92,0.111016658981176
-0.790323581978597,8.45970054452499,34,0.00262229615683121
5.25219528524463,24.7751416267829,100,0.021271828907011
4.72593885453836,18.5565016159599,59,0.00864202834893506
4.17006812513183,18.4542796547366,61,0.00885886393067615
0.549517019272695,27.6079818294657,70,0.147773645790915
5.48611274935203,21.0410644109603,86,0.0116126255301095
1.34154193017043,18.6794625262686,57,0.0107868238953291
-0.93529763846043,28.1726935052067,88,0.109018113528034
-0.646347743656691,19.0171240780806,41,0.0119564197842235
0.858533082910622,28.2451744774995,74,0.130115355163847
-0.383646999263387,27.1663081009726,75,0.132782560668748
-0.28614262704436,28.1795871996647,72,0.147400766360953
0.1925202632616,27.0669336010935,77,0.128717026429392
0.383824886332122,28.122603971348,72,0.146699950446914
0.409785769135369,27.4840394081023,75,0.138673146920832
-0.33365154633053,28.5507283417736,81,0.123644189274762
0.424939440438027,28.3945074419178,72,0.141523742218435
1.67028683161813,5.90457637486109,39,0.00204212599866112
-0.601718933847107,5.93813402512545,34,0.00206064284248798
-2.0855996847173,21.0674076216004,87,0.0166370452952587
0.47175985958702,27.7271594457261,71,0.148334196088099
0.290029689634038,27.0495949790964,77,0.127487959795617