5.48561408528497,19.1408392034013,57,0.00887010177910062
3.911386866323,18.2218037474919,57,0.0087093905397809
-4.11896707794874,18.7028059163092,53,0.00934197667036275
0.247988038777458,18.2584411746699,44,0.0102484047401309
-0.660491358580124,18.3348295073785,30,0.010516389989328
-0.542273553785398,5.83226270602526,29,0.00204344062828045
-4.15890406786845,18.3624617638404,51,0.00880869527509125
-0.0410163941405542,6.56427104736115,10,0.00219556615480968
-13.1275369366166,18.8193583514056,40,0.0038611712320889
-3.77900506300739,18.2967779116646,49,0.00896372739391428
4.9227321870147,13.3937770522234,100,0.00410776046416765
-4.29046693429517,18.7824153531349,59,0.0092907370966293
-0.0781416905371891,18.2148322014011,51,0.0100948708176337
-4.05747742599347,18.8537707428641,29,0.00986207405500941
-1.26104901139995,19.0310967115025,49,0.0117147321857318
-5.93337685396757,18.3773973039436,56,0.00759594710118271
-0.871349971605978,18.3257515905293,45,0.0103001771256464
0.224024897938968,18.493473396186,37,0.0108217895067374
-4.76127314702422,18.8646576328948,32,0.00928426315965344
0.964041532263411,18.6279079222262,89,0.010418325024411
-0.626370310741898,18.1981609591616,38,0.0101555469944302
1.5864509747881,18.3628064118503,59,0.0100464157721727
-5.59135199973677,18.7420034708931,41,0.00837348315932672
5.86823957168427,19.5123287057522,48,0.009104028439017
-2.73155563231582,18.5666026332375,38,0.0101468656208302
-7.99051335267032,18.3189627510523,38,0.0062654962251743
-0.94132188779432,18.6813045877898,31,0.0112160153507196
-2.2194977334251,18.386963257375,39,0.0100513614908798
3.34975977988936,20.6156460431384,71,0.0139430224982635
0.431362727342463,19.1124351191882,46,0.0121612208531233
-2.13253428175238,18.9204481521871,43,0.0111499643408025
1.66860869491409,18.7761420568783,29,0.011220299266241
-0.72443350284168,18.1795639989401,47,0.0100139622713565
3.19331576178688,20.7048321647787,65,0.0145322691902769
2.13269182233506,18.5199438746131,52,0.0102135543427896
0.748723279895779,18.932014697531,49,0.0116154034939026
0.620668669082451,18.6592986137245,35,0.0111779456861936
5.57673840580861,20.0851190533545,58,0.0101761489077484
-1.74507194681822,18.160074714057,41,0.0097886817705951
-4.27713392213215,18.5898585442648,48,0.00909476940412518
-2.07290383230205,18.3092665173311,50,0.00985823399316139
-8.29280239901036,18.5095517492004,80,0.00605599743046431
-1.1437649456515,18.8910574112799,47,0.0114451442811202
-8.30480121716912,18.5974177484207,58,0.00619237041905945
-1.04994824984222,6.27851349947541,21,0.00212803405667847
0.405941157862138,18.3678362127323,49,0.0104068643588497
0.513691135222994,18.2493690903318,61,0.0100348349834805
-1.00017770513681,7.86191451646418,44,0.00246139180449281
-2.46089135391434,18.3593263974681,43,0.00984801870229096
1.26073339921232,18.4797329398291,42,0.0105593226938462
3.18708761592033,18.6652007467908,50,0.00993783018573998
-0.655780831529831,6.09936181580218,9,0.00210167833181737
1.34058436338866,18.359797822327,45,0.0102589892831854
-4.42937314568383,18.5399821857722,59,0.00882564902397905
-4.48084813396905,19.0346805152397,66,0.00947983415657919
2.51793470691916,18.2622902047065,35,0.009719991261083
-1.69580018635353,19.0315482016766,30,0.0118007856567697
-1.15637769965732,21.2146740638522,77,0.0184791675607181
-1.66871810451458,18.354827715263,39,0.0102085177548134
-3.34217592667787,18.9515509150827,45,0.0104217012240354
-4.68431743350001,18.2970378860208,55,0.00834601156744426
-14.8277934213936,18.465266291828,52,0.00318219295770667
-1.58331634623353,18.4043946665369,42,0.0103050570920349
-3.64579901550986,18.187926215862,68,0.00872861080345715
0.972270658981956,18.5034141326938,43,0.0106706349119486
6.83016096230854,26.4581670907533,100,0.0170879704477839
-10.2641297142271,18.2182347877315,53,0.00488899950709365
3.11081136150938,18.2714707239417,53,0.00927284735107809
3.34929810514605,18.3216960992436,88,0.00893482463252705
-5.53536590467136,18.4387704279237,50,0.00797930942059597
3.70040487443626,18.8857521647619,30,0.0101881442587098
9.61075829705509,8.51024297125403,53,0.0021140370932372
-0.969836080215357,6.1293999869226,41,0.00209111284807645
-0.719715974090418,6.64153451901829,54,0.00218773040737074
-1.25991908586168,18.9501177487141,43,0.0116014098575113
1.15049882984315,18.4029155290016,42,0.0104292176738075
-4.18054657297863,18.320507275799,39,0.00882585505344594
-0.799751122324927,8.66530887568938,13,0.00269306436546994
0.602350371844127,18.5978701019344,41,0.010968066891873
5.4303282000438,18.7257853919149,58,0.00835799514700928
3.57164667003323,18.7467182764129,49,0.00983941205137126
2.35115567610729,18.7012261562659,42,0.0105781253399953
5.48603020299006,21.1531985394183,53,0.0123008355236432
5.90480094137258,18.9899863938564,82,0.0081521690762357
0.491243927952714,18.368273414682,45,0.0104429203143583
-5.182805152282,18.9796285802332,91,0.00863965105896979
-4.64027612103384,18.7098147404416,53,0.00897008456917893
2.04479663939328,18.7441583458118,74,0.010459890656271
2.94535547205597,6.28631950723615,59,0.00207920468213014
1.72892469212074,18.283413756063,59,0.00984980476922348
-2.2018249679155,18.3270276491022,45,0.00988629207395723
-0.300346912509669,18.7190523140907,54,0.011114726311833
-1.05880151483718,18.7283223951571,59,0.0109490449116203
-3.77972587400155,18.3678226674087,47,0.00908989930222156
0.0367779946156536,6.39476140473112,13,0.00215977182569846
4.79611932073866,20.4445075247172,67,0.0116806576098804
1.55010001113108,18.4329100121812,47,0.0103202224226208
0.636485715104784,18.8613058789089,46,0.011506837398651
-3.07854465963476,18.204034836365,59,0.00912908802658454
0.122796930977065,18.3789319775505,52,0.0104133946825774
21.6241186490368,31.3225406625756,100,0.00204296711650383
-5.9586333566482,18.5067017392852,62,0.00768559059281952
0.0871284532232715,18.696167687237,46,0.0111723025423063
0.693581469699528,18.9568948258067,57,0.0115781823588432
-0.265933362449317,18.5653910096242,43,0.0109069749383163
-5.84040913088912,18.2273756800503,89,0.00731407767271687
-2.71478260449844,18.2588384013975,50,0.00948073272276255
-8.13378132601143,18.1706900029084,35,0.0060802812722427
-3.40765293632136,18.6328133282473,42,0.00981576986827421
-1.83525450223505,18.2380252537666,68,0.0096454953006526
4.13191983920159,38.6116526050767,78,0.00707487647742401
0.422380006825752,6.26392532937914,12,0.00213345520702954
7.91774096426974,8.76069045325499,50,0.00230721780385275
3.75100363204483,18.8030429455037,73,0.00958571633622253
-0.145798206600393,28.1945188945439,88,0.119999979372083
-2.0992176774114,18.7271776878015,47,0.0107022000604147
5.91248995377207,18.9078466942074,38,0.00834573278397235
1.76611649680965,18.1828625882636,75,0.00950650996606984
1.31008520574651,18.2625784563915,38,0.0101469743317516
1.70105381524393,18.6120202120852,38,0.0107362291510805
-1.09912065795059,18.2758263973061,54,0.0100614615605858
-5.9681495405324,18.193298908034,34,0.0074968806295452
-1.18457563560367,8.49736778659949,28,0.00263113856214994
-0.380313532203346,18.4170049186486,40,0.0106113028827411
0.861981760408798,18.2249866289548,50,0.0100501189541228
0.244232530011463,8.90135422747963,59,0.00272972135781792
1.50459561951397,18.2195536036588,48,0.00990816687337964
-1.04218364705316,18.6993130071876,49,0.011009823759617
-3.66503880902407,18.7206390305078,53,0.00969142333508205
-3.87931100955667,18.4599285769328,46,0.00917981723726669
3.33456248594979,5.97956009357953,30,0.00202499640628801
2.65965838547504,18.3160592526213,44,0.00966321966604438
-5.27687260584515,18.4337520911558,39,0.00822883854953557
-9.46131093547535,18.7168141988988,39,0.00561993976235025
4.67506864985031,18.9800691891241,41,0.00945784005236218
1.21295791129273,18.3710695939153,48,0.0102843075507404
3.31742672880843,18.1685355339767,83,0.00876003786236639
2.43611250132254,18.2537013870226,48,0.00962090175683812
1.07768062704884,18.3558855905481,43,0.0103397563975188
-0.564402848506242,18.9011502725839,45,0.0116275442933445
-1.74095267784267,18.5636593274795,73,0.0102378410475484
-0.973157230377374,8.48449621612367,33,0.00262738846819837
4.48589408180422,18.2079838841489,75,0.00821628432063636
-3.35901176637623,18.2024572752709,39,0.00914277674205232
-4.48938573269842,18.4506572243319,48,0.00874014539613847
3.53885924242339,19.0109269961481,77,0.0100550524249305
-6.71370033523213,18.8822988387084,84,0.00740762248083101
-5.07856852606987,18.5100364537113,75,0.00822112952754366
0.978525918915187,18.7272997236,51,0.0110635011209894
-1.14848321229149,18.5563331731873,41,0.0107641206159778
-3.75679575305267,18.9161373086335,48,0.0100170991273338
-0.652305583053623,8.15067920649212,35,0.00254237799522168
-3.44177906425793,18.6932791192998,28,0.0100403348297605
0.811294447135577,18.3975765601547,38,0.0105351826314367
3.02573791370046,18.3601597708027,46,0.00953047769533415
2.95066864521302,18.4420624979359,75,0.00944927094187962
1.09247678330461,6.19941107336155,11,0.00211671949346507
2.06752312388862,8.51744066335748,55,0.00259836054510708
-0.764310633298676,18.8151578073267,45,0.0113873560914551
-0.528075847448781,8.35476490109874,28,0.00260090017033154
-6.49235514476503,18.2951983908358,52,0.00715508486371848
-0.764310633298676,18.8151578073267,45,0.0113873560914551
-2.02467511216211,18.2405993259876,62,0.00963790815874756
-0.852600672319946,18.5446926400268,39,0.0108311964592258
-1.23294429965284,18.6445736924199,45,0.0108851817515179
2.83702629004387,18.3078158795178,80,0.00924064538624932
-0.841442557600771,7.74248442811508,25,0.00244574613174358
-7.38116690394384,18.4260402028307,47,0.00670665891924266
1.10948414589974,18.8928773563024,52,0.0113942704423772
-3.36826959557065,18.4373250580311,47,0.00945569851019086
-5.6106666637219,18.5499632020318,59,0.0080012560671343
2.07100974378548,18.7014996060575,45,0.0106848054498619
-0.391676147119357,7.60964140176319,32,0.00241323523889164
-0.762089269930824,6.37131935732566,32,0.00214363059393992
5.6683407469985,19.901628450218,45,0.00991213533087284
-0.842937610709647,6.41292358665922,19,0.00215730350031055
-0.0253665772583144,6.36448188703048,27,0.00214724947752346
-0.472348631403537,8.36144336510655,35,0.00259830683102783
2.6535253939931,18.3065711253271,84,0.00929076067855507
2.07436331541771,19.0396600851809,45,0.0114254140285645
5.10812955208482,20.6101770665334,65,0.0116182017693065
-0.886640044665146,18.2722729249659,76,0.00987797356079398
-3.32937761057984,18.5552663240744,36,0.00978599761329805
0.391944295406522,18.1638596146448,50,0.00999063633545283
-0.280733820905035,27.224339543003,75,0.135401395254617
0.332111197518244,18.9706885202354,42,0.0118689955284323
-0.787320961954306,8.53198132020851,98,0.00259780102965759
-0.387640047319892,18.2172110143728,48,0.0101154703117928
0.217466223234117,5.93380007858914,39,0.00205905057644939
-0.15706507736601,18.8204247169794,38,0.011565783425109
-2.50234813404936,18.7514702201014,41,0.0106100149194224
-2.8187027570899,18.4084070911011,47,0.00971797890271174
4.40470415774534,18.7364341005458,50,0.00921112057731553
4.90607111965826,18.7158350647657,39,0.00888818670792868
-1.99306177246355,18.5091943052795,45,0.0103269539893046
-4.6026272029847,18.7634967808027,46,0.00913625551009936
-9.69144370452402,18.6616602082713,68,0.00536891790897449
0.601126553519213,5.98649911579794,12,0.00207914707327104
5.56747817769073,13.0630040888719,100,0.00384784876719941
-0.637440097437702,8.57631920012892,27,0.0026601734560831
-2.76887785019061,18.2923563344166,34,0.00965892985912126
4.36896086677089,19.0392801334994,63,0.00960469753265974
5.43515617234109,19.3507821647881,56,0.00921916077655322
-12.5603916830904,10.1807630092297,100,0.00208219005539313
-0.305094299842509,8.86032456243391,82,0.00270103310790937
-4.67532501846977,12.0352873946394,100,0.00354333114947155
5.19722350529515,18.3854992104977,76,0.00798073671759763
-4.3945348652529,18.5494885196967,49,0.00894281819062739
-3.28394965375438,18.47265417132,41,0.00962178777199639
0.699147834016987,18.3873191921618,44,0.0104662830847028
0.620668669082451,18.6592986137245,35,0.0111779456861936
-1.08942492679505,8.00363905747206,39,0.00249805156092986
3.54134763381926,18.5269397078153,43,0.00953550406350111
5.83486426361167,20.5082523072408,59,0.0105359637812211
0.0445659604749605,18.3000472073419,34,0.0104472125056858
-7.90214362477331,18.3190028836094,40,0.00631316789662638
5.63675238701442,18.7704957995258,38,0.00839521090172668
3.39026015787958,8.86272214896713,48,0.00264453449884843
-1.71661758209276,18.6282072859103,41,0.0107300062427652
18.6939704776192,22.8266906498853,100,0.00259934585034285
-0.626370310741898,18.1981609591616,38,0.0101555469944302
-0.764310633298676,18.8151578073267,45,0.0113873560914551
-1.39203395745088,18.3628752882899,46,0.0102398573788208
-5.22646818231297,18.27023037419,47,0.00800612603513888
-0.433200580634363,18.3740120760638,52,0.010384639147579
3.61531347476434,18.6333727511336,58,0.00953062190312547
-0.286665902562906,18.524714230013,51,0.0107234222702028
1.58545277652543,18.7034320717224,68,0.010629248438704
-0.812228455961352,8.20768283195571,40,0.00255217371918617
4.66662589557331,18.3890392350068,45,0.00855425376388817
-2.86037445769677,18.9860154867554,43,0.0108516038184997
-3.4532455881806,18.1805356499939,55,0.00892523564702051
3.12664417836337,18.5122957433078,39,0.0098058843581332
-1.72226697679099,18.7256600273054,84,0.010446488400798
-1.99701001355052,18.3857958625856,41,0.0101242231842755
-1.34105704063189,18.5969463426995,31,0.0109138740792214
2.06289755253505,18.253539382482,40,0.00985567585156683
-3.84230415258789,18.8437612758175,46,0.00984454021426686
3.17266974303679,18.4081254320519,47,0.00952125890167905
5.65941822908418,20.1850924206477,66,0.0101571110845525
3.15775340587575,18.6493907147483,43,0.0099969513614857
0.284356498664544,6.15487094489169,73,0.00208573135064002
-0.214381489073057,18.3568295262062,39,0.0105063319441978
0.222353420399772,18.969227569895,43,0.0118598285905985
-7.48534084178493,18.394543499453,82,0.00646205266845587
1.39052264937359,18.6936743291417,37,0.0110401187560886
-0.298053031442499,18.5114610891051,45,0.0107633216419906
-0.258248886127858,19.0107981432746,34,0.0120921998604297
-5.33036579767042,18.8548761150692,54,0.00863346766635993
-7.58735987988014,18.3861494475783,38,0.00657694440560888
-0.446637720375918,8.49741584114841,28,0.00263951132457616
-7.29387232721211,18.7280343580406,79,0.00687677784127795
-0.217927392552581,18.5031462899468,42,0.010784888503523
-1.32070806860269,18.6226321055102,36,0.0109173801074815
-4.2668070557848,18.3059269193498,53,0.00864225286112099
-2.19162343142966,18.9019903219401,48,0.0110165776068185
-21.2501954755369,12.0728832217991,100,0.00140697658202179
-0.0241065028320544,18.6222620068006,46,0.0110059169109538
5.86823957168427,19.5123287057522,48,0.009104028439017
-3.04230014131793,18.6480829606355,54,0.00995631421947802
-3.37617878401409,18.8944975053088,47,0.0102667319461581
-2.73155563231582,18.5666026332375,38,0.0101468656208302
-0.713031964341313,8.25438051854909,34,0.00256912099954393
-3.40765293632136,18.6328133282473,42,0.00981576986827421
-2.60060613115402,18.5820002492746,55,0.0100737028481727
-2.63690473394619,18.9817139238295,43,0.0109889899060824
-1.89230526566209,18.4177850258663,39,0.0102500414632797
2.97957419884908,18.4439710087075,50,0.00966522205282611
0.801764599487353,18.8288152699078,44,0.0114248571937229
-7.20938971479309,18.5903644448208,38,0.00701137606409483
3.73154858849772,8.63141325643336,62,0.00255877815139233
-8.1121689948359,18.850985994178,70,0.00645607439984693
4.52233209639062,18.1865437470311,38,0.00842089994867334
5.80328368375472,19.1888606715045,55,0.00867384001837837
0.329492615756167,18.5950767854111,41,0.0109924817747572
-2.2194977334251,18.386963257375,39,0.0100513614908798
-0.826498906930376,7.6349793021098,20,0.00242315244220857
3.00554641620072,5.90255651201008,30,0.0020197209450751
0.776266896768156,18.6839898090957,45,0.0110833493516227
-4.54804885458722,18.3694393589615,43,0.00862218015705427
-6.33737545489243,18.9380886677485,80,0.00777086023040264
0.274352488431248,18.2614480184014,44,0.0102530247662476
-1.24906344662727,18.1963430268802,44,0.0099729423097751
11.6707047599598,18.8330231766835,100,0.00439338410448684
-5.77868321311499,18.272805540457,43,0.00766094650440529
0.394448165381681,18.5789531940401,44,0.0109149620916406
3.32994365891727,18.2022321313496,43,0.00912526356457112
2.40603021400755,8.51591268855501,60,0.00258443673960508
-2.43396952836598,18.5982060397168,41,0.0103381690315029
-0.26624651864348,6.62300608266281,40,0.00219281757659144
-0.404822642415475,6.23110802876955,37,0.00211583204195056
-1.20114492273232,18.2679991689998,37,0.0101963888331628
-0.440860601543799,18.3424671963068,32,0.010537150974297
2.95758917724588,18.3621974282256,45,0.00958037360605846
3.0084729409935,18.644091176302,45,0.0100595865844187
-3.67342905428804,19.0602903212035,49,0.010335733394623
1.39052264937359,18.6936743291417,37,0.0110401187560886
1.23547628045985,18.7512616170132,42,0.0111583443208909
0.224024897938968,18.493473396186,37,0.0108217895067374
2.90862602736576,18.3505421811532,46,0.00957722327698943
-3.33274446642808,18.7289765738959,33,0.0101310611315508
2.24351280707466,18.3033418457199,79,0.00950681624701804
-0.778952461460162,6.92101031386877,19,0.00226295127892739
-0.943765037951888,6.9699259523319,20,0.00227149592646458
-1.01169288344122,18.9908729107852,50,0.011681170459931
-0.0604793718050647,5.82421362706446,12,0.00205029369542919
4.69841791605907,18.2082479667278,43,0.00830176557765458
-9.45250483899442,18.3673067129937,87,0.00528861180375611
-1.10669725351306,18.228843427949,39,0.0101205600768362
1.44168014467452,18.8108728480086,46,0.0111746188975682
-1.68619465043656,18.5833882650462,38,0.0106811695289502
0.101765469522231,18.2875299757348,52,0.0102283793957382
5.22648828641622,21.2274174739476,56,0.0128493869018051
-3.50321656653112,18.3098036000295,47,0.00916561866611648
-2.29389896784076,18.8232180770227,44,0.0108402569231654
0.9480937327308,18.2584706509188,70,0.00989971789340165
-0.380313532203346,18.4170049186486,40,0.0106113028827411
0.226140930387209,18.511951653154,54,0.0106653864786978
-1.34105704063189,18.5969463426995,31,0.0109138740792214
-0.827389777723793,6.00198074896034,20,0.00207722023250873
-1.31673043572941,18.2701300134597,46,0.0100781979012786
-2.9161782781449,18.7739713288713,44,0.0103752229936488
-4.65789850586254,18.7844410608408,41,0.00916714469341988
5.57673840580861,20.0851190533545,58,0.0101761489077484
5.66915646734972,20.9984611299541,71,0.0114628932103216
-0.231390960765809,18.207744316142,54,0.0100457646053682
-0.312925799496529,18.8914145120204,64,0.0113821821096616
-8.64978873694337,18.6364073212881,39,0.00607100754028733
-1.41520601792922,18.6328193741681,45,0.0108029302734044
-14.8423088765337,19.0023792327139,86,0.00324386250468927
-0.596242823841592,6.09745190186716,12,0.00210031616930599
-1.89883368547384,18.5397102146057,38,0.010504487703934
2.59642718832299,18.8613745532598,48,0.0107020621410078
0.419673221800743,18.2826181099255,44,0.0102852044330392
0.944859090081249,26.0277960744939,100,0.0706451182033173
-3.8511302300277,18.242610359575,33,0.00896457712325844
-0.450766444616553,18.5720906833458,38,0.0109658253041406
3.83355160807057,18.397988851805,62,0.00898067861296201
0.420411238733796,18.9774882897645,82,0.0113380337052261
-1.63210965386891,18.9291059208837,43,0.0114093092081378
2.5809182921166,18.5529663551839,49,0.0100902045605649
-1.96111893261546,18.9736341831865,40,0.0113977714939004
0.46992649844356,18.2042110244788,40,0.0101646719933498
-1.00005742537385,7.94509791937384,45,0.0024810592138594
-0.67658574871684,18.3791713021743,53,0.0103553634941384
1.54952236729167,18.5287227289669,42,0.0105710682385143
-0.533668748727868,28.6644302050516,88,0.10951794561785
-7.78163004036547,18.3932621632965,39,0.00645172570085475
5.84722907508855,19.5396393475017,44,0.00919624330617702
-0.481959825029934,18.5081253427718,46,0.0107280068670798
3.32583265614582,18.1547161040575,29,0.00916769380557952
-2.2519800989095,18.2141236251857,35,0.00975236912290075
-1.71661758209276,18.6282072859103,41,0.0107300062427652
0.723133230196108,18.5533314091259,51,0.0107341048919763
-2.18414699263259,18.5884600226899,57,0.0102715945247427
-4.62390189111776,18.8214174388628,64,0.00905798874070629
5.87206892777714,20.1218660232764,63,0.00984445394671587
2.12243639282815,18.2731298490385,59,0.00968640166392659
-1.56978428962862,18.7777923621685,26,0.011302734321929
-3.24798233841951,18.2167015168345,43,0.00919392873322836
-23.6213141383918,9.02406866458779,100,0.00108376842167404
-3.11386113983589,19.0814268296306,49,0.0108012151250968
0.59885452367699,18.4296043812765,51,0.0104914953803516
3.61399173258433,18.2553518476229,57,0.00893376083070783
4.03378844701078,18.4302069281305,54,0.0089672624410574
-2.9673998524708,18.6359277740875,52,0.00999872323388698
-1.00854832885126,18.6670976374451,45,0.0109950104562872
-5.31084893908942,18.5828761422664,51,0.00831296147759079
-8.11340979418192,18.4486030877897,52,0.00622951764648225
-5.22273711200527,18.1732090966218,49,0.00787799546680529
-5.79742945980696,19.1157395848786,52,0.0086062303228559
-0.757314497671425,7.22865769516309,61,0.00230798807039362
-1.14763658917202,18.5279243781325,52,0.0105787898091751
1.47532797449977,18.9813765132652,44,0.0115835268691882
-1.79410224071029,18.5988872564083,47,0.0105696063800735
-0.104869709338574,18.3699971685703,32,0.0106162062668934
-10.4581522528202,18.7101127184107,94,0.00491600993492111
-7.46721257934901,18.1617938039841,73,0.00632753452602049
-2.91628761115125,18.9995827693112,49,0.0107718426938179
-0.643372548218464,27.625241063941,88,0.115331983212826
2.49042637094982,18.3161079127123,42,0.00976441502293525
-4.44643895170725,18.7055492600135,49,0.00914090029155083
4.36016328087171,20.7006567384876,65,0.0128723461711998
-3.9617118684399,18.2627483443209,44,0.00883961322568432
-0.732739648762901,6.41059869971627,26,0.00215439359298753
5.11937117698363,18.2931358025359,57,0.00804133257715557
-4.23553553596852,19.0630422650627,56,0.00981845962470249
8.26017388078273,19.0956391593316,100,0.00645298025727383
-2.6165504943972,18.8371577707733,39,0.0107432941411431
2.45587294903563,18.5760579171886,57,0.0101166613439183
-5.0955420863625,18.6203572341226,47,0.00854997655401162
-0.108402640563939,18.8557314418158,43,0.01158589341116
0.406444010996787,18.7309701119158,44,0.0112577181846488
-0.53032523051577,18.9685322777078,41,0.0118536191759399
-0.768257449771428,18.5034503498366,76,0.0103456087941703
-0.45374995669116,6.60298060715608,20,0.0021977041410625
1.09055915442987,18.5933072244515,56,0.0106854938136282
2.06289755253505,18.253539382482,40,0.00985567585156683
-5.27969917441047,21.14318816013,66,0.0124210661575771
-5.40291019369051,18.6100479698228,46,0.00831414746376631
-0.615467184004751,18.6671040175291,41,0.0111220034668725
-4.54412938405364,18.5355091384286,54,0.00877814468546397
-0.794087164846247,6.11274005540316,15,0.00210071394124114
-0.660491358580124,18.3348295073785,30,0.010516389989328
-8.12561458349352,18.4541812251166,28,0.00632034195532116
-0.785314892596669,19.0980174890666,46,0.0120610219321788
-0.0713666496811167,18.5481269372869,50,0.0107944628460714
-2.69543856981398,18.3861258202418,42,0.00979009091278741
5.15192590557799,6.37511345779174,44,0.00202635562397839
0.736012714053395,18.2307413047516,45,0.0101328273694599
2.82922783372364,13.4747399388306,100,0.00444687951408097
-1.18567275869509,6.88204371108476,13,0.00225360584277515
-2.39524048658321,18.4028023903278,47,0.00992062126319957
5.30466817303196,18.357872334882,45,0.00807399520860876
-6.30644261458373,18.3121142752248,44,0.0073390218821709
-0.979940695503182,6.12148822253131,70,0.00207693849727557
0.190455302706833,18.7952392981567,42,0.0114508757661843
-0.202631383547065,18.4392419892466,53,0.0105245403476859
-0.60662203400767,19.0680115415238,41,0.0120933925656909
-0.300346912509669,18.7190523140907,54,0.011114726311833
8.83066283386619,18.5691929234411,100,0.00573974834872485
-9.89732099076157,18.4426970134372,53,0.00518492461697824
-3.52328446187643,19.0156210114916,33,0.0105419140880936
0.979675099369371,18.438163410262,42,0.0105424006319404
4.47324761553721,18.1965294403216,51,0.00837398256750131
-3.55813747012446,18.35848895271,39,0.00927957645275439
-1.89230526566209,18.4177850258663,39,0.0102500414632797
2.58093712378478,18.6424849784823,38,0.0103790854706272
-2.38239460743503,18.2971867132517,43,0.00977060207168269
1.22613830919387,18.2757599009506,57,0.0100014239458648
-2.7469128276888,18.8556667858353,46,0.0106217096315533
2.43039257891438,18.497897804505,48,0.0100725317239774
-1.34710851388666,18.2438727501207,41,0.0100695430249089
1.39052264937359,18.6936743291417,37,0.0110401187560886
4.17591626726497,18.3922348364864,52,0.00883382431434557
4.14235665300532,18.9806568010872,42,0.00988877097949245
5.34311545544211,18.8712334631624,81,0.00844808479265836
3.0791221875533,18.8033085836336,42,0.0103489630870809
2.94955393969734,18.5986618072495,47,0.00999039477038113
-4.92045400192226,18.452768019706,48,0.00844372570416379
0.57658683424876,6.07942961917533,11,0.00209740107835361
-4.71619409400889,15.6989779496059,100,0.00555358089526703
1.76611649680965,18.1828625882636,75,0.00950650996606984
-0.573275425400697,18.5710894471558,44,0.0108770771160958
2.40148786475152,18.8634172215882,49,0.0108074362750002
1.28527757776154,18.9190427638604,48,0.0114526869909664
-0.785314892596669,19.0980174890666,46,0.0120610219321788
-1.95470879242517,18.5531210578328,41,0.0104752752046968
-0.999549215069189,18.169355012627,53,0.00988800342779163
-1.65038980578459,18.8565223038876,94,0.0106259027668822
5.816792040979,18.6603966849954,45,0.00807157815426978
-7.71944540431214,7.71500324884808,100,0.0021036620643177
1.23547628045985,18.7512616170132,42,0.0111583443208909
-4.23573574782213,18.6915385107054,44,0.00931742371321083
-11.4021089499445,18.6218729170762,85,0.00444889503556392
-5.8775884757284,13.8680995790551,100,0.00416224590321704
1.29752208856837,18.9254900734752,47,0.0114768246534268
-0.406002423534956,7.33031437343088,21,0.0023546887938753
-2.66918369582276,18.7511461138373,46,0.0104581424683832
3.08616422366272,6.75451632984932,29,0.00217950862553658
-0.394560088838976,18.8291585712321,48,0.0114370549810576
-2.34975006309516,18.1987432499079,45,0.00958900683999695
8.06644920711299,16.3669670517678,100,0.00482889263418464
-4.1119794980462,19.1137628967853,53,0.0100373734717026
-6.09477358310308,18.9000927893804,66,0.00800324302022291
5.28881702703144,18.3394544779797,65,0.00793418408330464
-5.97719253450725,18.7431120095319,42,0.00806659709667904
3.57442753595513,18.6522750645147,85,0.00934732409758119
5.65575521724902,18.8616432958466,60,0.00834158931214594
-0.830916759573907,18.230133273609,41,0.0101574859552544
-1.25991908586168,18.9501177487141,43,0.0116014098575113
10.5935739047674,23.4791054766049,100,0.00707574502130235
-5.79742945980696,19.1157395848786,52,0.0086062303228559
1.60312713787963,18.7606239065906,46,0.0110020499053498
-2.24052909852194,18.5545765682598,46,0.0102949634771621
5.23751460250893,18.492235178951,44,0.00829801621079005
-0.753462737761495,18.4298533236654,57,0.0104036966458389
4.96964703852292,18.2500955597172,78,0.00795086950324957
-3.0833009716778,18.5986310718258,39,0.00998965167354854
-1.5298019244154,18.213118383167,44,0.00992777909861325
1.63505283473191,18.6666260503697,51,0.0107278588936572
-2.19775413684933,18.3456334707025,86,0.00953490541625833
-1.25991908586168,18.9501177487141,43,0.0116014098575113
3.70046957576859,18.3319221480443,37,0.00916571020463509
0.518175725384707,18.5466393809555,50,0.0107606473764328
-0.975986607102583,8.73620626903838,25,0.00270182422405667
1.54952236729167,18.5287227289669,42,0.0105710682385143
-12.9108208084914,18.1733144574861,55,0.00374607439849748
-6.90185480320258,18.4016776715822,60,0.00694348783800256
-6.0374215851347,18.7735532997081,71,0.00787169565138171
-0.380313532203346,18.4170049186486,40,0.0106113028827411
-1.89638029653073,18.3789602662877,89,0.00967952948548767
-0.63008003766696,18.4546713736899,43,0.0106290873860161
-0.0701879037968663,18.364679395931,65,0.0102468980778406
-0.82097175146271,18.1778777201267,45,0.0100157831198545
-1.28499279643325,18.2889492241218,61,0.00997199107206404
3.22251143805141,18.8175796939674,46,0.0102382130160287
-0.000657571040532788,18.2786712820112,44,0.0102958467944421
-10.7433981386389,18.6219999158165,80,0.00476905647256068
-4.11046841630928,18.4024739357304,38,0.00900372635070564
-2.5134614949838,18.6114164540306,74,0.00998226691690042
5.56926516366514,18.4693942956984,39,0.00806292951841718
-3.03166418557652,18.5891570543638,45,0.00994397255317633
-2.74398813731637,19.0664126950616,46,0.0110644702365223
-1.18625343643192,18.3968956203736,46,0.0103646349613049
-2.75680651749441,19.0512614651901,55,0.0109150490306842
-1.90341753608224,18.3721673158123,45,0.0100942379658297
-8.33196133546676,18.5538467878116,73,0.00608827749779533
-2.29188498847863,19.042637320813,53,0.0112080714893202
-0.808031848608639,18.3331033189496,82,0.00994636687689841
0.00450230138245045,18.6350536904347,44,0.0110590774361818
-1.00605370181555,7.00966140288838,21,0.0022789358337743
0.688323170053505,18.3920242790713,69,0.010210254165927
-3.22615633626161,18.2916992218511,44,0.00932095759191192
-4.44643895170725,18.7055492600135,49,0.00914090029155083
0.297265714879591,18.8703513275823,59,0.0113992110012342
-6.38008679463232,18.1907241166846,42,0.00717744716166178
-3.60756582183237,18.707496109811,47,0.0097650069900064
5.72962482609693,27.4385348063538,100,0.0233055269498493
1.80037097811635,18.6983556661894,47,0.0107757799449041
1.37670963139846,18.9219473921709,45,0.0114669423199437
5.2326704393138,18.6364262745708,61,0.00836967516448415
4.64084435756289,18.5229509392141,61,0.00863990601894917
-0.68266431893735,6.00377497512189,20,0.00207850244992838
-1.44662125310078,18.3919691307438,32,0.0104318010892168
1.99129904310412,18.7816330329016,47,0.0108689204619804
-0.289832096164591,6.94803960238159,29,0.00226630551008467
0.532771924814635,18.8018251481826,46,0.0113820330233289
2.94468584513688,18.1887865341698,44,0.00929986447187565
-4.41569147449342,18.3195928723351,39,0.00866984767919872
0.508923098450603,18.2623017403842,44,0.0102354630396944
-0.478656390361622,18.3018759630026,72,0.0100289363255499
-0.921433312967083,8.31874397749899,62,0.00256502976079886
-0.915801692137673,6.81798189087787,19,0.00223985121472449
-3.02075179704091,18.5939035153636,51,0.0099000698508811
-0.356644726532892,19.0498431261599,93,0.01136766212016
-0.0372179049169877,18.8360086922163,44,0.0115264329825568
-7.65445841168595,19.0159050505779,38,0.00706555947262941
-2.07562222206045,18.7080535053754,44,0.010707789951979
0.226828792850398,18.7535389878345,43,0.0113375353259106
5.35084663947046,21.125920573335,87,0.0119621474014755
2.48796153064723,19.040027207645,68,0.0109045697306874
-2.79211054259811,18.6214758127127,58,0.0100130123964796
1.29517553672564,18.8681967898117,39,0.0114477736541872
-1.57465406130526,18.921155169726,34,0.0115332835803515
1.26073339921232,18.4797329398291,42,0.0105593226938462
4.14960365338643,18.4263311478499,50,0.00891761267849419
1.28527757776154,18.9190427638604,48,0.0114526869909664
-2.49306840830061,18.161213071716,81,0.00914855913447856
-17.3783181719415,18.7179220181629,78,0.00253609414430584
-6.38354726409378,18.565432007216,41,0.0075664346360217
-0.640828380692152,18.6553273011173,39,0.0111160007262394
-2.29389896784076,18.8232180770227,44,0.0108402569231654
4.71593753546616,18.3945907138936,55,0.00845605641560515
-3.7845823514753,18.7548774557348,45,0.00974185780538058
-0.842240443095995,18.864508183814,43,0.01151390909932
-0.214444105291326,5.99442108048791,13,0.00208157886402269
-1.04856336171858,6.3006723001216,12,0.00213648561580613
-1.25991908586168,18.9501177487141,43,0.0116014098575113
-0.641965696984993,6.11278899863935,9,0.00210434142789847
5.76301572824093,19.9560316232916,60,0.00974605648868867
-0.893043720442111,18.5896330743697,44,0.0108623460763611
-0.597429624157855,18.7447451745602,46,0.0112399556313704
2.75526522849941,18.2422308433844,48,0.0094502110965324
-2.92651914129956,18.2837376054506,54,0.00938139237911305
-4.34630147144149,18.4479267748053,43,0.00887297884887356
-0.052806365235033,18.8112159316269,54,0.0113370140427837
4.90328023658808,18.4855700302179,50,0.00848563168821278
3.49424862172354,18.6490004908877,63,0.00958992961742353
4.90052105175366,18.5005212341424,49,0.00851505286471015
-8.20383847137454,18.8817382992065,80,0.00637611394331649
-9.26693201236133,18.1824574663485,30,0.00545090489971826
0.994326158608198,18.1706894913516,43,0.00999037213199888
-1.6314604200708,18.7273250513652,37,0.0110264539296361
1.74986593864113,21.0540303902661,56,0.0178887434091508
-4.14347382155315,18.1798717792598,89,0.00828512881013436
-0.78397874484381,18.8081475968256,35,0.0114976852715764
3.48629440306128,18.5694944208599,52,0.00956098758336033
-0.44248885793153,18.9047626657059,62,0.0114265855988511
0.525552365445283,18.8815818990763,40,0.0116534648241199
-3.58178321357139,18.2844539600836,47,0.00907894793988772
5.65941822908418,20.1850924206477,66,0.0101571110845525
11.9513491578678,29.5878281517872,100,0.0064219118515198
-1.89230526566209,18.4177850258663,39,0.0102500414632797
2.32448792451705,18.7883065173588,47,0.0107155536942795
2.42047377778375,18.4536512425071,43,0.0100439584150919
-6.68082322833632,18.3716895922502,29,0.00722095249457931
6.87595018988794,31.6107575981694,100,0.0140373326995588
-2.70906474216855,18.7061984753914,44,0.0103675569068707
-3.89070093332154,18.3594378574737,42,0.00904791364346165
-5.51877194221665,18.955722300221,50,0.00864558194722308
-3.75679575305267,18.9161373086335,48,0.0100170991273338
0.222353420399772,18.969227569895,43,0.0118598285905985
-6.0811403242536,18.4486479510698,54,0.00758276146946902
-1.25136095510967,18.9712820799648,45,0.0116281529735324
1.68780597900024,18.9840290205807,41,0.0115400831211668
-0.809009727430634,18.4584834654299,45,0.0105856794526381
-7.73588919100565,18.6021944292497,48,0.00661048512698652
3.71039801323194,18.3947216273089,51,0.0091421932033616
-1.53147697834416,18.4910493377854,66,0.0102409893962253
0.602350371844127,18.5978701019344,41,0.010968066891873
-0.564563125522967,18.4555054362847,52,0.01053879656268
-3.47816330938922,18.4730550923251,38,0.00952956754016332
-2.94982566199391,18.7294953469173,38,0.0103315226107267
-5.18329893590387,18.8546842246388,75,0.00859213130758157
-0.0517124416097348,18.9971842177247,41,0.0119652886172321
-1.77743175706431,18.2641606758522,46,0.0099241680630148
0.995042011826882,18.2520636010504,41,0.0101701157130119
-5.60427675945904,18.7261072646892,39,0.00835704710950332
-8.16404056740694,18.742648620646,30,0.00650613050850833
2.18681055075434,18.9216962192177,52,0.0110133968815474
-5.94175559422992,18.1524773776204,88,0.00718053191464368
-6.97792143303151,18.8452107774761,51,0.00735396348641909
-1.00012432826904,6.25143059648089,29,0.00211960989224051
-0.70421340109687,18.1635304947677,28,0.0101789040204678
1.63927936417554,18.1674552493422,54,0.00971273447578036
-3.66235492066034,19.1221348821201,42,0.010538992789768
0.516574318200501,28.6984091558623,71,0.133891960521999
0.550179152070114,18.7262069801127,60,0.0110311417217503
0.602350371844127,18.5978701019344,41,0.010968066891873
-1.39996343781656,18.7258697020747,43,0.0110356017702387
1.78633909258494,18.6509033983902,52,0.0106244827063448
3.33424682307733,18.9055853656132,39,0.0104034590596224
0.304878251208632,18.4569860740354,44,0.0106571334628531
-2.22717114727002,18.4920904406576,69,0.00994607483832652
1.19438131277187,18.6226121313833,43,0.0108719625745281
5.28093679609881,18.2798186800473,54,0.00793695853683089
-1.6100287102813,19.0133957979759,44,0.0116039617409406
-2.79859730052418,18.1953030489611,48,0.00934899209770153
-0.312925799496529,18.8914145120204,64,0.0113821821096616
1.21402946356997,18.4875694114609,36,0.0106563810340545
-0.846193444614934,18.7233677050199,71,0.0108439080702332
-2.68084925361164,18.7263745956678,52,0.0103376652398718
0.257259604932287,18.6822471592254,40,0.0112081218629684
-5.34964919238558,18.2030208480509,53,0.00780634873516395
-5.29010123856935,18.4793249858351,33,0.0083190231673401
-0.0417610796804674,18.8606909741866,46,0.0115590165282792
-3.40765293632136,18.6328133282473,42,0.00981576986827421
2.88225910748647,19.0012044798859,43,0.010868552573027
-2.3157483421669,18.6816811394855,42,0.0105565504848559
-1.37741033205458,19.0448546734584,39,0.0118445752945191
-1.73973683350556,18.4242075022323,36,0.0103535545731644
-7.0071339520305,3.72745790410257,100,0.00155899187914153
-0.767112568156672,5.91493530502374,58,0.00204528437427432
0.563738824285344,18.6691163108326,45,0.0110847710591218
-3.05713791811067,19.0880026584444,49,0.010855793548488
2.42134995991575,18.9262236030847,39,0.0110499218196643
0.425605243746885,18.8771901658581,43,0.0116150473589709
-6.94945707473299,18.1574591700782,47,0.00675405359688569
-12.475257268638,18.3015921382569,55,0.00394602111344417
-1.00854832885126,18.6670976374451,45,0.0109950104562872
-3.30319568428282,18.6232989305156,48,0.00980857789612482
1.00948373899312,18.3799761484928,41,0.0104259695408422
-1.25136095510967,18.9712820799648,45,0.0116281529735324
-4.06771618809798,18.9520146569591,45,0.00986957011510913
5.29321079388681,27.9156773975066,100,0.0263698863235531
-0.541517857655446,18.4043630711303,46,0.010501258392489
0.276337171045391,18.9957923600452,59,0.0116995396005133
3.95856819476313,18.7323320278263,48,0.00955035537542498
-3.52970103249097,18.2978772387597,47,0.00913095117097607
0.124339120515223,18.3994057187116,37,0.0106221738736187
-2.7046375698643,18.4319737677387,71,0.00959443865736434
-0.0997073961463547,6.67552892571435,13,0.00221707311637419
1.2792816453841,18.342748846907,54,0.0101482502454567
0.244235305018473,18.6830476268851,44,0.0111607406600273
-15.5602720814955,18.8047499191984,72,0.00300984517641662
-2.45123929728452,18.7030749561454,34,0.0106177983630593
-5.79742945980696,19.1157395848786,52,0.0086062303228559
1.47105101602531,21.013081128316,56,0.0179978432689711
-1.24239227658792,18.3786133686334,38,0.01039882986171
0.671321191536938,18.1514630724465,43,0.0100068689393155
-1.00187699537326,8.21294907057464,27,0.00255977112101487
0.0123451737202828,18.2942473285768,60,0.0101596672971393
-3.84230415258789,18.8437612758175,46,0.00984454021426686
-5.46011683678158,18.4798202321437,60,0.00801764953097667
-5.85681013808085,18.7121593817188,85,0.00784874997040182
0.726560655100087,6.28855209472181,22,0.00213215265139222
0.0296943850932821,8.66726672542096,56,0.00266730447963515
2.37064512998053,5.8642124167275,42,0.00202187672954527
-4.29453887090512,18.8437740794205,33,0.00961920646974192
2.14156621506706,19.142103755899,46,0.0116129763712448
-1.79141097540116,18.7482470640544,90,0.0103996895820836
2.06741408005856,18.7391569194662,45,0.0107657085065639
-0.818506523341816,6.74698801214695,21,0.00222478116144732
-0.214381489073057,18.3568295262062,39,0.0105063319441978
0.250021779451445,8.79427557856179,65,0.00269532711202939
3.29013784245985,18.3666410430955,48,0.00937441387954329
1.0805340279943,18.4248428125151,78,0.0101097856383507
-1.24674272627874,7.63469596915162,20,0.0024179804160822
-7.69718806867842,18.4074982337349,57,0.00644243316950253
-3.07748200874621,18.7529660189302,48,0.0101903067126639
3.38766759948871,12.3036106389818,100,0.00379626232815962
-1.22057997429942,18.4851433721078,38,0.010626775292497
0.310082732872611,18.7512495234321,55,0.0111745577039269
1.25389086005969,18.2797661132405,78,0.00979644910120757
0.1888977193291,18.7813003490735,37,0.0114834413603666
-0.665130203993658,6.48185978428265,53,0.00215646854789862
0.264741584450399,6.09392751445706,9,0.00210222358027218
-4.44608578776238,18.7059419205223,31,0.00929470961810635
-0.436330320886189,6.46556559707878,12,0.00217360077357344
-4.18283680861852,18.9153131533178,43,0.00973457180859796
1.70872071812498,18.2432847082415,50,0.00986916361978685
-2.46471975830745,18.3180689019764,50,0.0097042270813491
4.34084311947857,18.4232023033981,47,0.00880898982527632
0.0726711501798046,5.95082496490744,14,0.00207308717666913
0.277768791357402,27.8205009149135,71,0.151979960834573
-4.42703427965742,18.1522113355553,42,0.00840584864515789
-2.10005291256708,18.2352434285092,57,0.0096459036449356
0.446867664469081,28.6966844292572,87,0.111127592678494
0.944951985855062,19.1272711416246,46,0.0120953980224451
-1.41078840400499,18.9994478748264,49,0.0115844506827502
-7.40283085901088,18.6488589999932,55,0.0068459956858471
-3.17825102370674,18.560900213925,55,0.00970887729381721
-1.79475185273412,18.9872115666439,62,0.011227069326526
-1.04218364705316,18.6993130071876,49,0.011009823759617
-6.85753486715428,18.2347993668775,34,0.00694468258648693
1.55912057291619,18.9107840615771,46,0.0113581583058661
1.73173964170735,18.8902125204967,57,0.0111013443798229
-2.71199988940517,18.4244795672854,55,0.00972684009783583
-3.54948824668694,19.0312452408256,51,0.0103553329620132
1.70010863644406,18.35371774862,50,0.0100822440828674
-0.626370310741898,18.1981609591616,38,0.0101555469944302
-1.01094904352933,8.71583365093567,25,0.00269563983616131
0.117096839737557,18.571706164021,52,0.0108213312790921
-9.21477045758354,18.4920969920567,37,0.00564035656770894
3.70040487443626,18.8857521647619,30,0.0101881442587098
1.21514875341319,18.6830941657152,56,0.0108441204799921
0.859236002836511,18.4338484997507,46,0.0105135979841586
4.75454847302925,18.673000924328,42,0.00891818886115221
-1.63210965386891,18.9291059208837,43,0.0114093092081378
-2.6049150890709,18.6830886725833,76,0.0100477300786633
2.3239900574389,19.0849655020184,41,0.0114383954544292
-0.0574928829203116,18.7965042312884,69,0.011114363533026
2.21907537146901,6.40822238702771,10,0.00214106593526109
-0.453024370622447,8.17369497697435,36,0.00254903389725068
-4.0811625254205,19.026486880586,43,0.0100090406364813
2.25297603096156,18.3831563640968,42,0.00999891111833407
-1.65816504605589,18.3009601519783,39,0.0101061774209293
-4.42428168356748,18.2297688468913,39,0.00853676273278834
4.87638166198532,18.9526377084389,50,0.00917067585201153
-1.59851399152626,18.2102497245761,67,0.00968075030666881
-1.35728548398751,18.4288883670796,53,0.0103079605046258
0.329492615756167,18.5950767854111,41,0.0109924817747572
-3.522613569618,18.5786920514596,53,0.00954422288644773
3.8652160061988,18.6022393593361,34,0.00952653964007799
0.550554104449613,18.1870089750416,47,0.0100507791818462
-0.796881174665688,18.6263902314411,46,0.0109387179475435
2.25297603096156,18.3831563640968,42,0.00999891111833407
-7.45434583263968,18.3283609771938,40,0.00660746495292285
-0.0541793618293327,18.3150504218685,35,0.0104675224830439
1.21575189665164,18.2065932366537,42,0.0100209262093174
-8.08262465223184,18.8736397379989,84,0.00643472885983601
-8.4985765059904,18.6654641460398,78,0.00604269703826323
5.77013821653108,20.7058487126457,46,0.0111117211676086
-1.02423912232447,6.76761885870684,27,0.00222424510051018
2.94468584513688,18.1887865341698,44,0.00929986447187565
1.88280601192128,18.1708121512996,47,0.00970400191871695
0.769086815056936,19.0422375571078,44,0.0119521116456591
-10.8271255598943,18.7939589100553,52,0.0048651583101167
4.84963041407215,18.8937658647398,73,0.00891778795590181
4.67050399259396,18.9738194633229,49,0.00938079475597998
-2.4991855879829,18.2855151966653,44,0.00968604122371356
-4.64068381988432,18.5703439342273,52,0.00877519225582146
1.22784354365477,18.1749710363197,59,0.0097912194737823
-7.65445841168595,19.0159050505779,38,0.00706555947262941
-1.15429212902176,8.16428315319998,31,0.00254256681292004
0.690343933840144,28.2320857772167,88,0.113441650281651
-2.64124119722359,18.7638544598611,44,0.0105219407051136
-4.8504159186824,18.5579565574559,46,0.00865212532690854
-0.280739259075823,6.01380423784688,10,0.00208641915343077
-3.03642156736272,18.566543968174,53,0.00982201030166511
-10.8890817469875,18.2582241879758,38,0.00464056648845765
6.75244691867519,28.8294040875985,100,0.0177198490543602
-1.39661428983943,18.1791716005125,72,0.00963447775708383
-4.27713392213215,18.5898585442648,48,0.00909476940412518
-0.614939259752456,18.410667946107,47,0.010494018264451
-2.26428845743439,18.1902906837215,51,0.009555188685409
-2.08186432840216,18.3117455933904,58,0.0097820633088723
0.644632304010493,18.9668223223638,47,0.0117471347696827
2.58360902163692,18.6315722918606,39,0.0103452496063386
-4.59305070423544,18.4166538508502,54,0.00857653218282221
0.958502382347844,18.1948716242774,45,0.0100242263103572
1.63958824103465,8.60297531135447,55,0.00263178779323692
0.853377492812775,28.3430111362641,67,0.141615766162859
-5.85502139039458,18.3862215943543,41,0.00774844404334455
2.32448792451705,18.7883065173588,47,0.0107155536942795
4.01946743654572,18.1829303976165,42,0.00870119724779737
-2.06698322244406,18.7504814790417,71,0.0104954631952465
-0.539979878221114,6.30310874247713,20,0.00213700136815636
-3.32452447027441,18.8336514172893,46,0.0101988009442385
1.79652781607183,8.2167705307404,65,0.00252185485899812
-7.59833418281689,19.1239724058822,40,0.00719551529884961
-4.66136158123702,18.3409523947219,33,0.00857889806227057
-0.499774144650821,19.0866686334757,46,0.0120854972900519
-3.04516075181962,19.0475313587382,79,0.0104432764341147
-3.85830482983838,18.8528207829257,39,0.00991679250473681
5.06674689513941,18.9764018146737,61,0.00895951388504806
-6.0387144933424,18.2824672566142,53,0.00743937585228896
4.9019864238559,18.5582305764074,39,0.00866728555634667
-2.92651914129956,18.2837376054506,54,0.00938139237911305
-1.17891610554672,7.11866368063215,21,0.00230072744157631
-3.67342905428804,19.0602903212035,49,0.010335733394623
1.76542142010006,18.5733317886777,46,0.0105393098773609
1.51253608838394,6.49909877419136,11,0.00217094139304218
-0.0854624054468774,18.3579202474663,61,0.0102752419268019
2.01260984964043,18.4823461062901,44,0.0102758902336014
0.102884131478939,18.5686910118678,39,0.010969365817673
3.2380051888741,26.5289008225572,100,0.0451247369878329
-0.851350718842719,6.1283178572555,36,0.0020940412194428
1.02567119658618,18.3773576346747,52,0.0102989851337867
-0.517006438640017,18.6062616495772,52,0.0108668672324416
-0.300346912509669,18.7190523140907,54,0.011114726311833
-0.448229274218277,18.2000503125478,78,0.00978086809100753
-2.54715373034427,18.8879984043809,58,0.0106714496685596
-0.880911878082285,6.16412204262101,26,0.00210507813554792
0.329492615756167,18.5950767854111,41,0.0109924817747572
-7.11639685471016,18.9323028764817,86,0.00714949868983253
0.925573260103547,18.2997044319237,39,0.0103007226797776
-3.04230014131793,18.6480829606355,54,0.00995631421947802
-6.54823611630481,18.671934255372,55,0.00747810830438416
-4.65883415819744,18.6721962758902,39,0.00901354157587813
13.6746665540375,27.7781940062329,100,0.00507860664065616
0.242835111295981,18.4284148901448,46,0.0105777483174457
0.867096935445831,18.4113173076482,44,0.0104872572887551
3.61531347476434,18.6333727511336,58,0.00953062190312547
1.30631220761649,18.2655768396421,59,0.00994192704963024
-2.98891265467903,18.2241903734809,54,0.00925007405477745
-1.59429742715804,18.916400603094,88,0.0108397723101661
-2.02481518348735,30.4871379146517,100,0.0478555024290033
4.82517505204062,18.1645332784097,52,0.0081031135282945
-1.1803483407432,8.21805227780573,20,0.00256312411144432
-3.16352505613421,18.2718880652347,46,0.00930540026197946
2.10239411138672,18.1693213174212,30,0.00977954303434203
2.94468584513688,18.1887865341698,44,0.00929986447187565
-3.72439059750649,18.7711672766355,39,0.00987152892872906
3.95311847478512,19.0776728725271,69,0.00994242118721488
-0.737029944176527,18.3599643674196,42,0.0104255314976924
-5.2918017589327,18.4678190182748,48,0.00820072461544171
-4.40738346103209,18.9878602848055,39,0.00971224358142274
-6.23906823115443,18.9640335403132,85,0.00784392597217376
-3.57971580304654,18.8018939353805,47,0.00995153210793162
0.808583437236299,18.9830637322052,32,0.0119650507038275
3.89939601114352,18.817850444583,46,0.00975713446474804
3.05769164445598,18.2387315688009,48,0.00928996214777864
3.13109689643137,18.5210507785287,57,0.00964842832684483
4.85294921208441,18.5168514602895,29,0.00872070456145063
-6.3510417355656,18.3558524881249,34,0.00740800870486258
-13.642851984943,18.8074546341052,58,0.0036390186255639
3.56086844036994,21.1013105335234,58,0.0153663239988763
-6.28333356607791,18.3688158846026,39,0.00744117846472045
3.03564146908882,18.3785379262987,41,0.00960267240325473
-1.91183644306583,18.3222165841113,38,0.0100655260315164
-1.0074567159115,7.98263631707864,28,0.0025007834655354
-10.921794192095,9.47576950925721,100,0.00214035617835665
-0.104869709338574,18.3699971685703,32,0.0106162062668934
1.15598438801181,18.5209660910112,69,0.0103758186502509
-0.646414370621884,6.45376705820576,13,0.00216967478334216
-0.783462927613878,18.5450416108271,52,0.0106944679993079
0.208016163982834,18.270305434354,48,0.0102322500557624
-1.85068479389439,18.4391102884178,56,0.010131457424981
0.802536249216168,18.7131113814297,54,0.0110334790560379
14.118268867829,21.5081011355763,100,0.00400658947165274
-4.88689886957914,18.2576877061993,35,0.00829800349406135
-0.909515339283931,19.086707398346,41,0.0120742956387085
-0.508022360302254,6.67374337905404,12,0.00221597357047242
0.250849408674463,18.9868785906336,46,0.0118598440769461
-1.13122337184655,7.57702480138102,23,0.00240425140620209
2.89327117107764,18.7997709513429,44,0.0104403573033337
-2.69360832359841,18.3331824526123,49,0.00963017011181932
-2.22169946732275,18.7733046184014,54,0.0106578628819859
3.40414647930071,18.5255825997693,49,0.00956538403962034
-1.84173166093691,18.9174690382864,47,0.0112379831135919
0.266745864097365,18.7690420568132,45,0.0113455685888787
1.58784904279609,6.51490240577343,21,0.00216831214149206
-0.734918882815366,8.13930208526546,73,0.00251448485612517
-0.708022580223031,18.5387404184453,39,0.0108446678239889
2.34060110005135,18.4077906360719,36,0.0100657253421749
-5.74556205509417,18.6869848812219,42,0.00817799487708851
-2.19829893131292,18.2457700907658,41,0.00977605997037074
-3.42988683608168,18.5072813239782,38,0.0096189374003247
-4.09199099776398,18.5618091264066,66,0.00903140640780263
-1.07037946069282,6.65055288258234,21,0.0022024501893751
-5.67969019329538,18.7749441516619,71,0.00814195824298871
-2.11785579669316,18.7424794004339,59,0.0105889543932732
-8.5897318727976,18.3829437646154,78,0.00580307229705019
-0.499475266706096,18.927664645807,39,0.0117842304990654
5.05618051419567,18.6264666200921,41,0.00863208084436239
-8.23941226072187,18.6501269287229,29,0.00638841130839189
-0.0251014797672895,19.0022040586057,48,0.0118787315392006
-0.437407211834318,6.20443943753438,19,0.00211860298864038
-2.08209113523926,18.7369809646298,53,0.0106623301930642
2.9339099297903,18.1550667062484,58,0.00913087366765123
-1.63135153584387,18.1883878146956,48,0.00981101096887107
-1.23441207379695,18.7734455354057,77,0.010786008319769
2.79194497544907,18.1774205900296,79,0.0090602497852626
-2.5218265884527,18.6823643781383,46,0.0104044967480016
-0.607975636967461,8.1162334312388,55,0.00252120490091333
5.73315037965683,18.3952599743996,50,0.00778969622293267
-1.10792881007989,18.3721227549996,36,0.0104414900212825
2.14741130227342,8.75424989179242,73,0.00264627773737323
-0.108238537695505,18.9013238665179,41,0.0117243277537293
-0.861805095721519,8.01393325620651,25,0.00251218961731949
4.60958837692297,18.4447057985128,44,0.00867902305316073
-1.28039272493336,18.2161213304534,43,0.0100131534927171
0.952616082766095,18.2944007453764,43,0.0102424584974272
-1.58946959894366,18.3332337621011,59,0.00998898857360735
-0.476908237505626,19.0003896504134,62,0.0116491687119508
5.91259989121898,20.760065647131,50,0.0109545277698554
0.266188965995797,18.714299050336,49,0.0111684040673983
-6.99347068435697,18.5926173570159,66,0.00702657143664752
-6.15026914274043,18.854746019311,39,0.00808122158140511
-3.69539230460334,19.1415828073178,52,0.0104395824338026
5.30466817303196,18.357872334882,45,0.00807399520860876
1.67872253947599,20.999800403345,56,0.0177309980470672
2.5075946452365,18.5867142978535,43,0.0102558023525541
-0.429462097415368,18.2270166084224,44,0.010172565744663
-3.82366138869676,18.670044208825,47,0.00955115415815611
-0.611002546630649,6.83596907623342,58,0.0022264962877579
-0.244223311430052,18.2767988111274,38,0.0103496016122065
5.67665033424006,20.7465470663485,42,0.0113708524353834
3.09344208419068,18.4322349287163,77,0.00933912254292466
1.21056481661345,18.7566505635894,45,0.0111408275670245
2.60934264260373,18.18923663036,39,0.0095095690654038
3.69503756372865,18.8150440589739,41,0.00995144819172313
5.25041263513747,18.6082767162588,50,0.00839735731334928
5.48535224534847,18.3516633495363,32,0.00802426173045205
-0.0152174677649966,18.2636236499344,47,0.0102338025001084
-2.28853830452647,18.894062303104,52,0.0108993479997242
4.26759646254157,6.01460318707251,71,0.00198614175833549
0.394448165381681,18.5789531940401,44,0.0109149620916406
-3.02176764565359,19.1377789664778,46,0.0110216182520514
-4.88270053487895,18.5094892369376,40,0.0086060795355968
-2.43464794376705,18.627004406307,49,0.0103093273170916
5.56849064964288,18.2397848553487,42,0.00777113053252148
1.45358933439469,19.0311084822683,62,0.0114698537698733
0.725147421202174,18.3405093635389,46,0.010344356396856
-4.79255610240394,18.7482140360352,46,0.00896726204910506
4.08045412628875,18.509188570689,41,0.00916490381822896
1.45140252051883,18.5191061836165,52,0.0104730735202199
-0.478973902256218,6.32680421957673,13,0.00214517627283894
0.941050564483635,19.0077586311646,56,0.011659002157909
-0.321888583145094,18.6178425036192,40,0.011056451561978
0.988525361014115,6.78701815507465,23,0.00223064498906391
-0.121081816510424,18.3366521981407,53,0.0103163665659932
-8.35154411551698,18.5231349677273,55,0.00612184620917801
1.5500052150055,18.5187427687299,36,0.0106173239779317
2.12447804191361,18.1565467798474,55,0.00951516475895504
0.222353420399772,18.969227569895,43,0.0118598285905985
-0.247883180488607,6.01029385806359,12,0.0020849573934906
1.183510566537,18.1590900475507,65,0.00971502634806373
-8.77647167532585,18.7847816731839,38,0.00609349342642693
3.23005667842301,18.3669364395439,51,0.00938297678786635
-2.96230908710104,18.4919064101938,45,0.00980770930939446
2.84563444135504,19.0377104772146,49,0.0108987984290793
-0.866189293231153,8.10726908679256,23,0.00253697332176657
-0.596936032071624,18.6551479015593,43,0.0110730461301872
-0.377448033418021,6.00641457013598,41,0.00207135110147863
11.8990593841339,26.6280014448131,100,0.00653554271809643
-1.10088438539505,6.53772888818271,19,0.00218005087397705
-0.287925314737762,18.8782008626249,73,0.0112386299855932
-1.61156787570125,18.186519149438,51,0.0097848992943049
-0.433697359539277,18.4384169814501,46,0.0105844066783646
-3.40765293632136,18.6328133282473,42,0.00981576986827421
-5.11690637327019,8.94049039543491,100,0.00253756654155962
-0.525006681877933,5.85390893154448,54,0.00203707863609813
-4.42713497752114,19.0163575977009,56,0.00958475084956528
5.02743275258131,18.7136311701819,42,0.00876771902861427
-2.25002846189527,18.3689389977874,74,0.00966488687677113
-5.73707367721188,18.4933256490004,51,0.00789435744361724
-4.54331935765527,37.9000065802515,85,0.00764411037698726
-1.18575770955178,7.70188885649162,61,0.0024107638356845
1.19785128417754,18.2117871164018,56,0.00989631562867936
2.9682508011536,18.6026463656651,36,0.0100976452021724
3.70995246117726,18.3485454690381,78,0.00885300284389543
0.430612740261042,18.1700138148388,81,0.00969873685684703
1.26073339921232,18.4797329398291,42,0.0105593226938462
5.6683407469985,19.901628450218,45,0.00991213533087284
8.0809982237514,19.0864255793585,100,0.00657026657781669
-1.0339533097088,18.7592542956838,59,0.0110233984203153
-1.00605370181555,7.00966140288838,21,0.0022789358337743
0.859946972958217,18.6485063907812,41,0.0110357137416311
1.37033350238645,18.6547603515463,47,0.0108415182889605
3.15460004977047,18.1851554326779,47,0.00915926787571247
-0.58913554627658,18.2509198782996,45,0.010193030306668
-0.833497768535366,6.51626289056837,12,0.00218148381066373
0.370375199530321,27.9090561744646,71,0.150591873183055
-0.679655065633515,18.8903017158307,44,0.0115954681683518
-0.117644129829744,18.5469393793287,46,0.0108376463251412
-0.889848339194015,8.82083139577458,34,0.00272012748381864
-7.00116839899115,18.6637656949522,74,0.00704667930613899
-0.975514746021629,18.5800341973345,49,0.0107650353853724
1.70405528464477,19.0098105501531,44,0.0115536769357569
-5.04567761320405,18.60062785997,58,0.00848041760968126
-6.19247532278827,18.2817054558775,76,0.00721421857277079
-2.31465128506442,18.7236173056465,46,0.010598308249835
2.68023911782506,18.6248788276047,66,0.0100005029169535
3.86772410203376,18.174382301125,46,0.00874925699737973
3.46891394195818,18.6505629742588,46,0.00976840507713035
4.95973558665322,18.8379950981367,62,0.00884025967307719
0.457671445937549,18.450955993775,45,0.0106197891161002