0.141259947784153,30.5148714614613,100,0.0589527510089581
-0.980728629202497,7.53872763176812,41,0.00238682188737018
5.55501906644137,19.6621914935378,62,0.00950718881302196
0.478168330168378,27.6190942625178,74,0.141077999020342
5.88351255338145,18.7569497490228,56,0.00806420762705145
0.302076313728581,27.7479642789932,73,0.146949032561211
0.160816367508606,28.5358687975354,81,0.125282015431967
0.526991542811201,28.4782109171861,70,0.141655530942422
3.95956343412209,27.8437508498793,100,0.0390938845844934
-0.0372303374302849,28.0457949094325,81,0.132688499456491
5.7494941028825,18.4703703756761,58,0.00781579514673478
1.02496111910068,18.4723156633426,42,0.0106040753795008
-0.229822088833806,8.46265060266404,21,0.00263602603260954
-1.64750900688015,18.2562542995488,42,0.00999290955557763
4.20651140533456,18.5562515281598,46,0.00910925432337405
2.74678613546607,18.7909292223121,57,0.0103716908304468
3.60744207112549,18.1570192169027,49,0.00885061826617878
3.01197128263142,18.6046680840127,61,0.00982733218931505
-1.11170651746628,18.2921101889925,45,0.0101827751579891
0.907041409701223,28.11885441102,85,0.113764458680118
0.487223080136229,28.4381801162853,72,0.139445681515505
3.5656558806345,21.1513818313045,91,0.014762971287597
3.83107093086932,20.709575690971,92,0.0131710057454234
0.702423778264071,28.1286900030076,71,0.141524168420289
5.4729315972992,18.3658845049851,53,0.00791667379752535
-0.846550775153607,7.25096387364587,40,0.00232341491694061
2.70844231599879,19.0239843352961,44,0.0110212666642197
-3.55347188825435,18.2880062514387,42,0.00914286670115605
-1.1170150943844,6.32429209661026,31,0.00213179314398063
4.78192915563831,19.0986458162885,52,0.00945619065098095
-0.855112519172487,27.9461516666108,77,0.127560324959302
-1.0321047324662,6.33620491332922,22,0.00213906857861689
7.70587767170022,8.80628943053583,53,0.00233278302066946
-0.651235037533086,27.1639247061951,70,0.136773650611266
1.91104466911743,26.2100232756724,100,0.0614265918423177
-1.17110197033906,7.63495545555542,36,0.00240978433329154
-1.58138773185981,34.2513780936458,100,0.0187843849732856
-0.450896366871708,18.2605425836877,44,0.0102377600008822
0.355214568095625,27.8470613930135,78,0.136474460411548
4.22799573276172,18.3666110001685,50,0.00877771640185411
5.82165292697136,20.2305417819591,59,0.0101091655053149
3.05212087794376,18.6034807585589,61,0.00980176234683017
-0.720545014230936,28.5178906321509,77,0.124202299234524
5.94617178925071,20.4643785544551,58,0.0103336257102947
-0.786546323902941,20.7947475780462,91,0.0165139374272084
0.012215418953597,28.1690838009486,72,0.149344683733351
-1.23086182021134,6.81173398197095,12,0.00223865120654456
4.4958393057544,21.8929166690367,100,0.0152127340013464
2.68160113076481,18.1604690325831,45,0.00937234706681418
5.21232077760437,18.6063773404048,52,0.00840889480522927
-3.43257879400681,20.6334200582851,90,0.0135272387301185
-0.306947760198541,27.6020783895512,75,0.141595336860307
-0.298393242974852,27.1924675252958,75,0.134457587413868
-0.183528178037006,27.1731837081682,79,0.128072159484418
3.5616896691372,32.0160583031379,100,0.0250946169465134
-0.584177960969848,27.7033279172291,75,0.137604602649042
4.9406585793682,18.220373114343,58,0.00806078868245814
-0.333646503993496,7.97738063353575,33,0.00250200150976167
5.77279778868326,18.9595420690881,50,0.00844121595272794
-0.989730508189144,6.45749532161683,11,0.00216872380052596
0.757333121862059,27.6856024854938,68,0.146942123304079
1.38829829969451,20.7137569681512,81,0.0161251764612057
-1.10198890447246,7.06472409178442,10,0.00229562995339477
0.0121423570959057,27.6774918106324,71,0.153024312639445
2.9789086537128,18.9092069542782,63,0.0103935284551964
5.076806585795,20.4224421541667,68,0.0112599152198982
-1.20784214260702,8.26413207421101,30,0.00256801150262388
0.406676312217696,27.4226242884291,72,0.143703646749206
0.47175985958702,27.7271594457261,71,0.148334196088099
0.128567993986107,27.2176184451979,69,0.148549275756526
10.7285175257117,24.6654366274701,100,0.00739561712912481
0.367294141405605,27.3121282009183,75,0.136287610870536
0.512339514319683,27.8991556654385,89,0.116755190683933
1.59759372671322,20.9210392048112,91,0.0164691375005532
4.38257398542989,21.1633700715194,85,0.0136111163460113
-0.241599351237215,27.5275750554276,76,0.139456404571834
-4.52726183969061,20.8734130168771,92,0.0125902141671602
5.58652006452747,20.7130390269735,63,0.0111723201637489
-4.17015662212907,18.6555849658178,69,0.00909626656288229
-0.399572882094571,27.3763622156077,85,0.120543494346549
0.147653554629392,28.5329781472062,83,0.122338534225727
5.77566282779059,18.9112809549313,59,0.0083152495997187
-0.438373650901058,18.5917634432199,41,0.0109749861071727
5.16496823772008,18.3668125439713,63,0.00806308759225927
4.75132671585738,21.0590805685658,92,0.012666979161184
4.74020082022951,18.1745937200391,52,0.00816983199718789
0.834543208557395,28.2344461747561,71,0.136300162955837
5.93274690721806,20.2210147413753,69,0.00986470915836817
0.904270127992812,27.8332638749964,81,0.120199720625118
-2.9734525386597,21.1299629711257,94,0.0155153131993763
-0.353080685837277,26.985257553608,71,0.13526301743217
-1.05748342194741,6.97257849894346,33,0.00226420935165303
0.081362833134737,28.0227724355378,82,0.130997833933403
0.635760918586311,27.4158165069189,80,0.124943927425775
0.247051541220177,28.7204254973262,71,0.136981770250354
-2.78072704684908,20.8418424872056,94,0.0148576654652891
0.867242659270009,23.9321521829845,100,0.038327675262216
-0.896422077081837,8.44651265842307,34,0.00261755405422351
-0.346794655444058,27.0756827705897,77,0.127577707096027
0.317707215826758,28.5512490768139,81,0.123792155996471
0.228198429818882,26.9816055029717,82,0.118668671697086
-0.488792037377521,27.3855200426736,84,0.120974233109291
3.01561854854711,18.5504622404148,64,0.00970068923657776
-5.59076486442768,21.025231648824,91,0.0113651081507405
0.953027799086847,28.162736889009,69,0.136983206721473
0.27936645775494,28.5610219264263,70,0.143497834066217
-0.565946665060716,27.1683226260156,75,0.129846112776888
0.396055873702825,18.549100242705,42,0.0108726700596716
-1.06614755723968,7.86806101159535,37,0.00246630590173312
-1.37019658106679,18.201734970893,62,0.00977666249523334
-0.479874367096668,18.4550820861953,42,0.0106601845563904
0.608832520164737,27.278289560468,87,0.113488012784466
0.614465515485158,24.1228000755387,100,0.0412295148870328
4.24619880040025,18.3503259787822,57,0.00868895721223116
-0.0780970639726019,27.8599768656833,76,0.142712376722667
-0.0548488934894267,27.7333993960966,70,0.155754735553621
0.0459389785356349,28.7696054358686,81,0.120073304360365
0.153063688736801,28.607370662408,79,0.12688510363124
0.60060619306978,28.6151982319597,67,0.142243722684664
0.608850939833229,27.6275574452782,68,0.150913668602762
0.731561260376121,28.4110127617288,88,0.110638602761543
-0.24151676637786,28.1786512070064,87,0.121064160038341
0.0462444328167833,27.2031680432588,76,0.134477437510649
5.87134396607739,20.8734704479258,59,0.0110984657654219
5.65126764120748,21.12360308867,59,0.0118858690405737
-0.941579366345549,7.75486501117556,38,0.00243989491897457
0.49883920059892,28.4997280325346,83,0.11965282113563
0.670116631414096,27.165337454194,72,0.13272578988532
0.131164374070199,26.9246430434165,77,0.125071759813562
0.350672858095184,27.5193284391822,75,0.140038918275177
0.221348366524467,26.9747650479295,97,0.100645890776534
-2.13499393228188,20.6689274498696,83,0.0152698570300309
3.02319924879747,18.9811291720542,61,0.0105266452530442
0.140668949599995,27.2951668586285,67,0.155250050127552
2.26742252615871,20.8469109296657,91,0.0155417163818983
3.26604492753214,18.1838124115055,59,0.00899923372471327
0.891188959035692,28.1403736717528,70,0.137492277937626
0.539594188698415,28.6430204763095,75,0.128150101972528
0.154229795338608,28.1308318567357,87,0.121988874116081
1.89854004496146,18.2339481049225,52,0.00976656714307778
0.623940269622166,27.9212341455074,75,0.137100841300486
0.379198165145339,28.7522045318559,75,0.127573531220396
0.150548659373084,27.5401611730587,77,0.138374715577874
-0.361783744918147,27.6039787022246,77,0.137022552824444
-0.392034992687556,6.41784512325304,37,0.00215251103166101
5.19275148008737,21.2319957449067,65,0.0127693550040475
-0.588562796973683,28.5763811611933,89,0.109184143062555
5.91624021802616,20.7044911271031,65,0.0106812624510193
0.685523302130291,27.8316284696553,70,0.145521881565739
0.239743238634158,30.8535448148873,100,0.0528753892890225
-6.95110256712901,26.4854438304396,100,0.0166357158264219
3.2365961916551,18.5390601376833,61,0.0095804240623341
-0.709994271523589,27.8901245026805,78,0.129770250172376
-0.36544708548749,26.9842796189515,75,0.128145924082407
0.290029689634038,27.0495949790964,77,0.127487959795617
3.01757314417244,24.1109117539536,100,0.0302373531049908
0.47716201104108,28.3207194540628,72,0.142049311440903
0.136821185388145,27.0836029831529,71,0.140362051587401
0.131205567139087,18.9071772522852,42,0.0117242395133493
5.59913036673612,18.3654504427746,45,0.00787890441429988
-1.40936044132884,21.104113309278,88,0.01743800768518
3.52326969583043,18.3280252519148,51,0.00914942114360535
0.406129366654957,28.2044276343304,70,0.14961724036091
-0.216601824043321,28.5141283407725,71,0.143385928156953
-0.627416671459635,28.4619758582221,91,0.108043394821153
-4.59462017095466,20.9730195914821,90,0.0127455012191113
3.29595158509128,24.554064782244,100,0.0315440728550512
0.76632243008174,27.6287262752103,74,0.134366870280998
2.16123924042057,21.211440325996,88,0.0170672537879706
-0.68599518616966,8.7921726127359,38,0.00271149116844239
1.14772925128114,18.872788617034,63,0.0111968961999038
5.72912266954076,20.0553802516626,63,0.00990538114897462
3.77911740939579,18.2570079285757,57,0.00883986335225089
-0.0263763163229919,28.4415388110161,83,0.124402133565141
5.27165515881102,19.1417088686573,62,0.00901538497386579
-0.628989609633622,8.80464457521668,31,0.00272071608257366
0.544874658160751,27.6122487192324,70,0.147931555775458
3.16604845149824,18.4041392765688,64,0.00936666922594732
0.684838195211772,27.2348528643773,71,0.135826032906407
-1.05691570225697,6.91868979776319,46,0.0022461396053063
-0.399902660076478,27.8371039018389,86,0.122526429037114
-6.42476615913721,24.1924077337976,100,0.0154705556841969
-0.936039533468603,28.0956517727476,94,0.1027525256566
0.181425743329658,27.4835918052159,71,0.149778397114809
-0.110801899736672,28.5764384441516,81,0.124613822658199
-3.14279212889171,29.0775390727477,100,0.0470421404655223
0.768712514340917,28.239210651443,75,0.130979475860263
4.95834754546149,18.429145782957,56,0.00832982566539773
4.35941413064161,18.9055467257323,58,0.00944199173268754
-0.762304815176237,21.2387773345636,90,0.0184029669001145
-0.6215259198951,27.2467125045413,75,0.130464279469227
-1.23055780880697,18.6281357219122,42,0.0108854901207641
0.183969341772191,27.353911675772,74,0.140999525600091
0.907220652757478,27.7195998547837,75,0.129130396465901
3.30503242273349,20.9005876035005,89,0.0144561184558082
5.72043071789011,23.0773797501968,100,0.0152649368923287
4.76393668865384,18.2728312865682,62,0.00821465936075371
-0.268047815358375,5.81704248682634,32,0.0020403195435752
-5.76889200628631,25.9910849451623,100,0.0214231028549694
-0.000174826770009712,27.5620852260381,68,0.158970100841595
0.194882779212003,5.83670272840693,11,0.00205288631565278
2.18748561868333,18.53104288565,61,0.0101175054799741
0.729164732282573,27.6377314670294,74,0.135452985172767
9.36504519662767,28.1310693269877,100,0.0102377322552726
-1.01759881688965,7.11047032739765,44,0.00228869207902824
-0.728399256015567,27.8982343136996,76,0.132750393270626
4.27946836790667,18.8220316906936,66,0.00930041707601812
8.28143639533881,28.4255735110273,100,0.0126900870555528
5.60503754609768,18.908908957347,60,0.00844155398168549
5.31591720867083,19.5944661496851,60,0.00966188657550102
-0.158132600694837,27.078439183436,69,0.144117628633643
0.497727740140057,27.8182801285188,70,0.150362868693504
3.67677012181437,31.6514783319948,100,0.0264651243039318
-0.595694470379205,27.6288185932678,76,0.134955140709011
5.59342241698588,19.1802281713247,60,0.00880690505253032
5.91212446351506,18.8944376180847,61,0.00817276008101162
4.40677539476516,18.8111229912875,50,0.00932616495256456
5.3698526037161,20.0365673721155,59,0.0103239924512815
9.0136541486349,25.8349292689378,100,0.0104983703321119
5.46620461627001,20.2388304586737,63,0.0105062482513091
5.6944685033891,19.8780419817476,64,0.00966563154847745
0.0921416166486558,27.3240980477436,74,0.14088461737315
0.276491394518925,27.5969585073852,88,0.119799360653357
-0.119793350606639,26.9117976203178,74,0.129587675438718
-0.820827209284632,27.4767877322025,69,0.140399005136129
0.548177066373474,22.1188985926826,100,0.0231610506645001
-0.311761726276675,28.1357428169137,77,0.137484456539979
-0.203134128105828,28.4495317699072,72,0.143095178189342
0.859165313268875,27.3561751775253,81,0.117726680480456
-0.592470705900262,8.08037335260029,37,0.00252375777835382
-0.0217078821841408,27.1908480379151,68,0.150355796060892
0.259771037210854,27.8934387446235,91,0.11669267713644
0.255243705848918,18.8855030243978,42,0.0116645380392925
3.23652487214486,18.3608505621591,52,0.00936036751138112
-1.1195328986706,8.60039661786702,37,0.00265368640156437
0.66403972616062,28.05672577907,72,0.14123964413529
0.434394822954819,28.0172521639796,75,0.140567104299637
-0.854001799368395,28.2173892502151,91,0.106869983156155
5.62253283253336,19.7419330213823,58,0.00959352683548986
5.11516827431436,23.0677475715263,100,0.0169366723755255
4.19775691778825,8.90391995913085,48,0.00261299924745602
-4.59159530861267,28.2807536254969,100,0.0320926911696289
0.24535379085925,28.460390137639,73,0.140445799773395
5.40346112132947,18.8383763647938,58,0.00852439458656936
-1.1613806517785,7.23017731603766,37,0.00231701180608467
4.96699977204765,18.3419792199611,51,0.00824481617736401
-0.730461255336865,6.17984059079995,33,0.00210607246584128
4.03169473483967,18.7696157016128,61,0.00944170110159506
2.11388539909504,18.4082600787102,41,0.0101185631831364
0.33078467922432,27.5969911351277,71,0.149695137059153
7.19533184624355,23.7700243471391,100,0.0127531807367393
0.64904829685296,27.9594284538602,74,0.138276143183124
0.756780542494679,28.0091818072581,78,0.128277410505653
-4.17032793127812,21.2003099855231,92,0.0139158378351618
0.776790943176152,27.3943490198109,71,0.136567480781677
5.88736842459135,20.6700072878537,59,0.0107323919628373
6.87535249954103,28.5788818995546,100,0.0173350820109436
0.820803253474107,27.5133804984006,71,0.137066640016449
3.41564689641346,22.9420516742432,100,0.0218502743367909
-0.893729294221836,8.23348509775515,31,0.00256378473334466
-0.55308669603784,18.2190914750527,42,0.010164889627397
0.451875647457982,27.6578505404102,74,0.141913274672969
0.46722600520902,27.1952078962275,78,0.127179648482029
5.47133188208437,18.8212883793965,59,0.00844187322833106
5.33915385098716,19.3954961412681,59,0.00934786393000428
0.0429001323530684,27.4870540869418,69,0.155210758605434
5.53135113917645,18.8431060382163,57,0.00843714473011901
0.541573408614173,27.470101807936,71,0.1439410700245
0.120699317944903,28.2263775992119,82,0.129050626727749
2.9448399092729,23.4797396041468,100,0.0264756251625779
0.355100029126051,28.7795668239698,90,0.106718711515225
0.429305123766953,18.9504523363962,62,0.0115357066229734
-1.01492285240199,7.83838427214656,37,0.0024597483699572
0.195182521548705,28.1250277094785,79,0.134976767074429
-0.0184956602043892,8.84034903069347,37,0.00272929135581318
-0.773107154790835,27.6801244490011,86,0.115854772151703
1.19745909391727,21.2231413736581,99,0.0177622400511451
-0.874097068532378,7.95152753715888,32,0.00249214024359239
2.97847926767547,18.2840376043975,51,0.00938129749814059
0.477032101651171,28.3204855231488,72,0.142056149671523
0.699378599073087,28.4080643883001,71,0.137190170187003
-1.11348957028898,7.51513487502147,33,0.00238433200021266
5.90595389943322,20.2197243034747,62,0.00996274046853547
-0.59017470977217,8.26284064592138,44,0.00256577099171407
-0.454946239119594,7.83413648600922,44,0.00245946384642071
-5.57990157481154,23.6241633487576,100,0.0169522889485993
0.0243071638140864,27.761500420433,71,0.153573549552474
0.705853788117986,27.6281376831778,74,0.135988475999807
0.394942689631367,23.0374962887852,100,0.0300071037020008
-0.311065299084078,28.2947045958948,83,0.125224514197229
2.15913195021557,20.4359687238538,91,0.0143271727612552
2.05674155708325,8.66170143675517,37,0.0026493343398828
-5.47811336615049,28.6900898082758,100,0.0246319220553931
0.108337041564297,26.9328251416208,74,0.13029853812761
3.99092680494409,18.974338707923,52,0.00990045724368291
4.56892157504578,18.3520769250907,56,0.00848895381963778
-0.961264613679633,7.43769245957535,38,0.00236548576189886
-0.226259345265788,8.91337876321881,38,0.00274896346343247
3.09944322128216,28.6836805060672,100,0.0495442826592144
-1.66904705369736,21.1894944669398,96,0.0173013823152535
1.30811046587991,31.5006177633858,100,0.0402297045833916
0.510406974681024,28.6664208914838,86,0.112235481447846
0.0922830087998171,27.0129281382221,77,0.12772791750826
5.36975760845501,6.2130824006494,41,0.00199013751302877
0.02090115086539,18.5021843610139,41,0.0107999198308836
-0.727754050283394,28.1158744537415,76,0.131657477193495
5.71945437758506,20.3754180768589,60,0.0104547147780766
-0.10063335542048,28.4367892286789,72,0.144042637027433
5.68880424715593,19.239550620611,51,0.00887335473038571
0.0220866260084883,28.1994998041967,81,0.131304066043689
-0.356487690888813,28.6775924042492,82,0.119125310776582
-0.440038750796096,5.88179155501624,14,0.00205934792953967
0.61005293681508,27.8363241616032,92,0.111435696384494
0.260659953637003,27.1055872994394,78,0.127551863078716
6.63702644878125,23.7608025674071,100,0.0141313449998616
5.15185313771831,18.651023405089,60,0.00845518649734686
1.61362063048831,18.1568595438887,54,0.00970123219463509
4.43074319398539,20.7539092838328,89,0.0125083532552393
4.26759582151977,18.369713657482,54,0.00872582334785552
-2.17393150460787,18.7170580576914,43,0.0106902748975138
0.554083885287139,27.4851104453319,89,0.114292516935426
0.754206141793946,27.956365203731,88,0.113909792239906
3.48149897819211,8.91433032119641,47,0.00265458257648986
0.692446590182732,28.5081163315653,85,0.113650095201423
0.292131091613358,27.0020686330159,76,0.127803551028069
3.06864604655059,18.4338153114903,58,0.00952436784738121
4.95801875000228,20.984808692692,93,0.0121849877390336
0.591634356138912,30.4836155871388,100,0.0583842491473776
2.17627374691249,5.91433431189539,35,0.00203747465799084
0.81740239104484,28.1090092580193,76,0.129357096668742
11.246926088679,29.3263357656588,100,0.0072180869073388
-0.994003256881069,7.04962687262024,40,0.0022778415089217
6.25367800830179,8.68222097511606,55,0.00241929183941985
5.19137117568125,18.474686756914,51,0.00826045977454703
-0.41624434071557,8.14965009478668,40,0.00254051570799606
0.628527084808649,28.136282955406,82,0.123889681212802
0.74491637631419,27.2501009299331,74,0.129376379428815
2.61824924349207,20.8137408024354,67,0.0155949275563842
0.511289384561128,27.5756038814481,75,0.13804523304069
-0.399556139067257,28.1991440960227,73,0.1433727285403
6.6373504305311,24.4022304404305,100,0.0151698710337967
5.64486002637098,20.6949195265038,65,0.0110349049094428
0.539326972320536,28.0227882819725,69,0.151103673297274
1.66772187018354,18.6799315964274,44,0.0108250129524931
0.318754681053109,28.1814476723578,86,0.121874821589489
2.11609597730565,8.88961387036992,46,0.00270342386475868
5.30928170738615,20.709355830071,58,0.0116226553260386
-0.484868222216741,27.3887504333339,75,0.135881758105388
0.671168580705793,28.4690183641373,80,0.121641671727768
-4.97895822968892,20.4547974722905,92,0.0111425140410724
5.58642537158478,18.3403224349561,61,0.0077605444314907
-0.0150447770127246,27.313174311445,70,0.149218148492972
6.15898250603466,8.74100326959255,48,0.00244368911896548
9.00850862212029,27.9832428379979,100,0.0109806713112633
-0.388794967839393,27.5903708033065,75,0.140340450617184
0.121790598524736,27.9669215433134,88,0.121550954664278
3.31520269052646,18.2266593434553,50,0.00911438845353209
-0.682819671798078,28.0165379365244,90,0.112468715088865
0.711552076833565,27.3401302722973,87,0.112627105922876
5.46763836400769,19.8058864766823,60,0.00983431912785109
0.660899961727214,27.1948144963262,97,0.100181267403477
-0.0799565893700029,27.9365085918283,72,0.15121594886556
-3.99917437876514,26.7535242538417,100,0.0368712251039616
0.276163983518732,28.0574028628584,73,0.146719037802369
5.64323558251938,21.008340104118,67,0.0115728301703677
-0.135504848452183,27.3891884698759,74,0.142001276684805
0.397954210436004,28.5227589627299,66,0.15158450134745
5.54334883150891,21.1479546506478,59,0.0121068512676406
3.72310253729731,18.4530857500307,52,0.00921864777959165
-0.998552813916715,8.02952756392117,43,0.00250316175840703
-0.814091286497362,6.43030730506476,34,0.00215401908977303
0.597508924553815,27.9658789434566,70,0.14773302685469
3.19348263888468,18.1752018820111,64,0.00898322604789659
5.64865469976179,20.8077556876002,63,0.011253672505932
0.0774798439796661,27.8594975455675,71,0.153680506413493
6.9937683069122,24.802000372447,100,0.0146686248487236
-0.0861803005680061,27.0262301437203,76,0.129774713081472
0.842024607956171,27.6179500268559,75,0.130391809080519
4.92133788612325,18.8568550059834,52,0.00897670586185388
0.390948493550851,28.2350924854595,70,0.149396224639277
-0.890945756217398,20.855589549007,87,0.0168141087023173
4.07666856255399,18.811018272171,66,0.00943158985284689
-0.221448832834267,27.6658312770935,74,0.145175333759653
-4.22362676378971,21.1328069583896,89,0.0137152054027706
-0.825666771066375,5.98437633076958,34,0.0020679114355957
0.594006092246174,28.3691075525598,92,0.108556687851108
5.68640741819759,19.8537971535452,60,0.00967536234119043
0.404480256185524,27.0446746060656,74,0.131037960711722
0.673366538656754,30.3365736990442,100,0.0606732777161424
0.844507868399897,20.5814062908515,88,0.0157703557092006
-0.524405137552229,28.4920777449538,72,0.137476653092716
0.757333121862059,27.6856024854938,68,0.146942123304079
-0.156952398779459,21.1984370455664,93,0.0183088078250987
0.95393657949583,27.6570830660922,74,0.128987764450639
9.2155902181104,28.0320523119411,100,0.0105421532815441
0.0645541984333796,28.0872876417057,72,0.15023436489317
-0.115695707910689,28.2153433459945,83,0.127554637487395
-0.839381775575924,18.3226340944817,61,0.0101326892405657
0.939573100197028,27.6644307123101,68,0.140399552253366
0.67078987128393,28.1462107568726,70,0.144254977689403
0.492569629300592,27.2443627640941,78,0.12780929412167
0.787946526747534,28.042514340744,72,0.137841263631601
3.48422246179056,18.4560649842436,53,0.00936346741607353
0.0387900673785734,8.57213583160723,38,0.00265412588182618
0.673120280172272,27.3026942613433,69,0.141521593158215
0.999019597748223,25.1099771764745,100,0.054146354734875
4.49397038511075,8.77300213275954,48,0.00256241115741331
0.80809932458252,28.319156223279,84,0.115423917177814
-0.221244102685958,28.6452557627431,95,0.104551805896065
-0.83120358546272,19.0498419280636,69,0.0116100112736003
-0.305556548832364,27.4035710531025,76,0.136914622118477
-0.763196480119364,6.38478378989764,40,0.00214260557941488
0.116436272805219,27.7840583741581,76,0.142439718089127
-0.870190391897916,28.3020039546349,82,0.116924767477596
0.346082179606926,26.9579358835279,70,0.136300624476965
0.519898018910143,28.3446813572045,71,0.142754897782107
3.96788012518285,18.1913896699998,41,0.00875265892167686
0.235688667379435,27.0816086432509,74,0.133969822410155
5.80949686318383,28.7910283260987,100,0.0224639502906678
0.865894585970485,28.2096796899751,86,0.112711786197722
-0.524192620058936,28.2096148023449,72,0.14291541434859
0.858533082910622,28.2451744774995,74,0.130115355163847
5.6281699622715,19.6726976452024,68,0.00939589527691306
0.896668030475307,27.9204703145605,70,0.138724687229623
4.23760655925564,23.1702009088773,100,0.0200545011908473
1.13989131592947,18.2158616673938,45,0.0100267118050401
5.64887315472506,20.6716098224647,60,0.0110495419561553
0.601387672581318,27.9229636217258,72,0.143544568324335
0.773440083458714,27.2908856565029,77,0.124618219598544
0.395663000694397,27.8334031485503,76,0.139697507259763
-0.27256361920533,20.4148839811664,89,0.0153084392442363
0.115338142129106,27.0842933775733,69,0.144551652697442
-0.116230180307469,28.4672348580828,72,0.143230681035003
-0.703788758535668,27.3942286941688,74,0.133077572172586
0.392287729796022,27.5333733152357,79,0.132233442977338
-0.925566633442508,26.6402651415351,100,0.0816430311207774
0.621587266053732,18.6963165364511,42,0.0111752926700565
0.473151879054219,27.56334149867,75,0.138626774717834
0.675561846779722,27.3155239801385,67,0.145874980406324
12.4520335557782,18.7331290618181,100,0.00402776789035725
1.25927063142094,20.7080233526022,91,0.0159349318736443
0.134845288003423,20.8501655410659,100,0.0166460563948586
5.53705247901635,18.7159060558206,51,0.00831275887233186
-0.334379060066269,20.8410408671995,91,0.0168361659834247
6.45933012169591,23.4501984901164,100,0.0140684184377644
-0.268467202970681,29.3923184018228,100,0.0811866981746276
2.74900795773739,22.1836592855159,100,0.0201235913067005
-1.05449737495174,21.2399868087999,95,0.0180655736493639
-0.15884273768776,26.9994899002728,74,0.132120695424918
1.07391743831438,26.8923452874656,100,0.083381643204121
0.947303874184456,27.7290831441636,81,0.118823425504837
0.576405362429508,27.7385011731056,74,0.139893265797261
-5.99472291517517,20.9315128682278,91,0.0106429669458447
0.836446548085405,27.7444136237155,86,0.114754038777281
0.278038994611673,27.9413149742179,75,0.143169695323999
-0.79151697207043,21.2059444566111,87,0.0183417578332717
-0.673935117678789,6.43852510883862,42,0.00215290944556863
-0.883896463407585,27.60753027573,75,0.129088233554108
-0.953887642256936,27.5989721681721,75,0.126908645350165
0.823162931568088,27.8719525475789,86,0.115224470280433
5.87007719320423,19.727578755486,57,0.00932703724149614
5.62894283581144,19.3321071033348,59,0.00899021596967389
0.039287323609444,28.2380776997856,99,0.105881132091037
0.108337041564297,26.9328251416208,74,0.13029853812761
0.847516877663266,28.0063868251481,72,0.13623321739276
5.02633502268,31.257771111632,100,0.0214125902189238
-0.351335696865799,8.84504140410567,30,0.00273492990075139
0.681167921707571,27.4070213833488,68,0.145532859360889
5.65368366949595,19.0331177351137,63,0.00853965080800711
0.554078655307177,28.312695669941,75,0.134919642795906
-0.0297975872065076,27.6095040098256,77,0.139562339797563
5.24486889420133,20.948650929827,60,0.0121664153341826
0.606385400699523,27.1699964071551,77,0.125841326423425
5.08478857143972,25.0213797476283,100,0.0228201835597853
-1.08661072661987,8.23144288282341,20,0.00256798422889406
3.97933372973841,24.9741918767855,100,0.0293503712330268
0.540437161347785,27.8753454071825,70,0.149403772701001
0.501010899412604,28.6667837663205,66,0.144908225336403
4.19328110414379,18.8822679031861,63,0.00948708365279298
-0.693745069400281,27.1925388439837,75,0.127723091681436
2.24739221114361,21.1684649496016,91,0.0167098469020459
0.484007159721012,28.6343713790504,85,0.114508166114144
0.692446590182732,28.5081163315653,85,0.113650095201423
-0.385329506570562,18.278647248891,59,0.0101239698971957
2.02384581728384,21.1772563235024,90,0.0170437502732414
-0.157298728888359,6.16794869833899,32,0.00210648515714532
0.1925202632616,27.0669336010935,77,0.128717026429392
5.00851993762515,18.1678353281641,43,0.00804840090234965
-0.762909172776056,7.37022706309753,40,0.00235092509081695
0.0239739880709982,18.7549228666579,66,0.0110587040066997
5.32924178017357,21.1812595576992,64,0.0124495947042752
-0.421124754784189,27.851183076529,77,0.137391944206
0.0620106576917687,5.88076739104477,34,0.00205150998993305
-0.484395489815264,5.88725578822433,32,0.00205258124163531
0.675561846779722,27.3155239801385,67,0.145874980406324
4.26653998879729,21.1133066948931,98,0.0134338345140141
0.355440327708166,27.0038261407432,78,0.124031175754978
-0.604220920926774,8.3599353916769,37,0.00259560388491527
-0.734627607938064,8.55761511170653,34,0.00264921401353618
0.150299813422728,28.4563630098132,82,0.125348366940672
-0.0478768973099839,26.9468529311308,74,0.130900535496964
5.24437925775006,8.87433240209717,46,0.00254125077142041
-1.06133003183463,8.4991855794699,38,0.00262662700500036
0.722316023305404,28.0719569836091,78,0.128747454205649
5.22587329199568,19.192091433723,58,0.00916046072274983
-0.67336807532921,28.4110270332569,84,0.116867552104076
1.31099998576836,18.3281549131717,62,0.0100301555255754
0.607005892188339,27.3731324667882,75,0.133196567514829
-0.584751811455952,28.2598421018468,83,0.121924133055439
-6.64777382403974,20.9014981223537,99,0.00966820230396953
0.384885108928429,28.6985921174147,80,0.12120768106019
-0.909307059497211,20.7637798983992,91,0.0163394103320137
-0.0433993410363738,27.4902310743086,77,0.138111475153677
-4.30576129988936,21.6330204553233,100,0.0148740363448966
-4.56176928501407,20.5706602563729,92,0.0118958074544145
0.355440327708166,27.0038261407432,78,0.124031175754978
5.61708557375266,18.3801994220088,58,0.00780379996065402
-0.346640242688761,8.75544360009908,35,0.00270597581113166
5.77543489684084,19.5237767887587,57,0.0091349336313355
-0.896742886638369,27.9730202539481,87,0.112137246934701
-0.538281746077479,18.2285767327023,42,0.0101854913290163
2.38036776373381,21.2018392616785,91,0.0166625808928782
0.197457964663067,28.5772648742034,70,0.143829277912016
0.683748093050745,27.5832775889611,78,0.129102686515944
0.309168101289087,28.7388390856374,81,0.11952040027925
5.59686514277444,19.3482239590876,56,0.00906640759229036
1.52509660736437,18.6340313492691,41,0.0108145262294166
-0.626632888191623,27.1084407168086,75,0.127220488089882
0.0982966506723623,28.1749356731449,89,0.118919216476798
-0.600141440725377,27.7658463230384,90,0.114021589550947
0.385498798082593,27.2003933493612,76,0.131816181580935
5.39774611067388,21.1348999681849,58,0.0123334588022257
2.46333058110035,24.7707934618103,100,0.0391852122562984
-0.781586076820057,28.3920106547555,72,0.133447229903727
3.1316373160855,26.0047263481611,100,0.0431876279059405
0.328140486808725,27.059332667171,70,0.139826410465131
-0.54924031766609,27.2268736055453,76,0.129784501298514
5.73647022329722,20.8279253445546,60,0.0112012756548488
0.125350506418392,28.1133124565085,71,0.151969784988335
-0.51175275325852,8.7657941319377,34,0.00270856798373602
5.7065151740583,20.4523872325615,67,0.010520075511915
-0.40946933361637,20.9577469621522,98,0.0170861829487857
0.394318349083121,28.0383370253961,72,0.147322013892032
5.66853697867108,18.5731984958148,52,0.00803206737542069
-0.93529763846043,28.1726935052067,88,0.109018113528034
5.87417424914907,18.7941235359794,60,0.00808934211351033
3.62218367745179,18.6569001885531,54,0.00960236529667225
9.18233941656314,25.9109474480124,100,0.0102020015012885
-0.387551502578027,28.5858304989433,77,0.128596958107228
-0.338054918752315,28.1819687199316,84,0.124717036365499
0.871305405944795,27.4710724105026,73,0.131364606161182
5.2536227089384,18.5784884972971,63,0.00826644755781015
0.494925377474385,28.4371127239806,72,0.139322619385938
-0.498756963221746,8.74716141180009,33,0.00270418198790001
0.668072038586581,27.3674220977055,75,0.131731961315942
0.342177592182927,27.3571056815064,75,0.137509352302922
5.21053894978705,20.9259913876948,60,0.0121731019039916
5.80580492602713,19.59196015005,60,0.00917521346057373
0.496474019706209,27.6266260894489,74,0.140794936537328
7.81341154164184,23.1478452667848,100,0.0107334775731973
0.496474019706209,27.6266260894489,74,0.140794936537328
0.307733338769956,26.9936948471611,75,0.129060117720673
-1.93956304357612,25.4724155629654,100,0.0516279140210553
-1.09200716490467,6.59352890263779,39,0.00218193481033802
4.11311781186128,18.6901369515671,57,0.0092912804994856
0.477032101651171,28.3204855231488,72,0.142056149671523
-0.814448245601112,28.2375399857305,76,0.128107720084341
3.67761820705338,20.6430202866614,89,0.0132575865062174
0.561105548775158,27.4622881015597,71,0.143369202968434
0.666202690480546,27.2452011145862,74,0.131159156829183
5.93576225296888,18.728440073445,52,0.00801653133508195
0.303489051828234,27.1366473065609,75,0.133011728190821
5.8441568923952,19.9201732702579,59,0.00961393852882227
0.538364002081778,28.6992566355305,85,0.112446541365448
-0.91991269485464,7.73616165662963,40,0.00243447698335449
0.59895732098817,27.9610403631422,75,0.137557053255859
1.15015261837286,5.81579787344619,32,0.00203489775337147
0.290029689634038,27.0495949790964,77,0.127487959795617
4.39140050501054,23.4675618582636,100,0.0206229071832791
-0.245194467444782,28.7752984190376,71,0.135196688464944
-0.323914444339252,26.9312207478585,77,0.12390271005338
2.00221309487229,18.2214483805333,40,0.00981977203144073
4.84095018192257,18.6848028160206,65,0.00869242311171091
-0.601805981417168,6.76796971005335,30,0.00222623417805592
4.5876979051949,18.4143017406302,61,0.0085256918102686
-0.787586133998513,8.80875889153616,48,0.00270769241864884
0.916964181358331,28.258356177001,71,0.133341726098124
6.82290098215277,23.9923591373501,100,0.0140014480618811
-0.876506441724537,28.2715711771635,83,0.115772381195779
-0.000434922786432979,27.4312908762792,74,0.143146446100814
1.58983314211206,8.12439826712278,37,0.00252097880677179
0.569480706398576,27.8642712141907,75,0.138402222674523
3.06099631287072,24.564210664409,100,0.0331773193134561
5.55268070065304,18.2973057834975,45,0.00783072972284353
9.48287933509125,22.7830414489244,100,0.00796089240712726
0.396253582749136,28.4762918109958,87,0.115790181411763
0.359426226643016,27.3228160930324,78,0.131232167254907
4.42644274916426,23.1244556238513,100,0.0192561423624461
4.86460249001964,18.5092078236889,62,0.00845839179228614
0.395663000694397,27.8334031485503,76,0.139697507259763
5.13512304155893,18.4328390175121,50,0.0082531979615532
0.800791792711064,27.5879126653802,70,0.140509174167982
5.35316908792534,18.820062917495,61,0.00851787119385544
0.333725898842139,28.1810587498604,90,0.116081195583322
-0.766291763589249,27.2551375092466,75,0.127298402011654
0.720167163478533,27.2779367020625,89,0.109171753363688
-0.0252859706633086,26.9089716965279,71,0.134981070222112
3.62620959433982,18.4746796199138,51,0.00932332846765672
-0.538111492664881,6.46481077093182,32,0.00216357694862829
5.9523935102208,20.1426811638544,70,0.00971741055574497
-0.00232834740072241,27.8711051702617,72,0.151489838332312
0.588865992199721,27.3550328522445,69,0.144843473717715
-1.15245972023494,27.3563496395489,100,0.0870771167321305
-0.0548488934894267,27.7333993960966,70,0.155754735553621
-0.158299158471785,28.7943581382027,95,0.102074396729287
2.33868424397586,18.9014499871784,57,0.0108285807974503
5.88603739127886,19.3379026667792,58,0.00877241898974706
0.686910671480455,27.3168994525666,72,0.135700892611751
4.08232375880938,18.3172192350776,49,0.00880633488716635
5.56188539540463,20.9521271118827,59,0.0116998267036444
5.30429201140091,19.6132397431509,59,0.00971194827481525
0.493221960793741,28.2862526692735,70,0.146522137137405
0.771352268282374,28.2254666020116,70,0.14027904587209
-0.020945121754049,27.3577393802704,76,0.137836976412194
0.42440134110657,27.3600469411501,74,0.138268471938034
0.484903610921659,27.4388380648246,67,0.153502513119096
0.623844732594118,27.8275449024854,71,0.14511013685201
-0.53989725701978,27.8716848087154,77,0.135270437913868
5.35561721862587,20.9917164222622,90,0.0116585538303194
-0.868028103078999,6.7368264024167,37,0.00221437279507358
0.355440327708166,27.0038261407432,78,0.124031175754978
5.13948468269198,21.1764943619379,67,0.012706307495563
0.0453402500341249,6.53034805456111,24,0.00218193009035086
-0.812803232919284,28.4082123064658,83,0.115462342331117
9.72476242651352,24.6839382605002,100,0.00872849989904135
-0.820827209284632,27.4767877322025,69,0.140399005136129
0.128608035511856,27.4142204169032,71,0.148867946893292
-1.67394806159134,18.1654957524241,35,0.00988040009084104
5.16170226415974,19.3938169576377,63,0.00947495921374601
0.515429218786048,27.8625883259551,75,0.139534836168422
5.1784913955006,18.5183013500549,44,0.00837463448377358
4.43977574279972,18.5907000294428,50,0.00896415260340375
-2.50567298809226,21.0657547057372,84,0.0161922447283235
-0.502265670688928,28.6855965995129,82,0.117194253316519
0.494925377474385,28.4371127239806,72,0.139322619385938
0.717333742361381,27.4959439206169,76,0.130735944371355
5.61515036385184,19.8262492944173,66,0.00965326243120332
0.357496565850695,27.1306363634369,65,0.152379111742458
5.42525763656543,18.8443075164259,52,0.00855875559666374
-0.198710815873403,27.5926193968531,95,0.110955271497125
0.124895763697102,27.7384136851253,82,0.131032675360414
4.2949550221087,18.7398138042784,52,0.00928091669871056
-0.14310273810278,27.1361424682374,75,0.134277957761216
2.03088473112707,24.7651285512441,100,0.0423524720767424
5.18356044829361,18.4935886790435,53,0.00827656227347751
-1.90142274441826,20.9206981422718,92,0.0161583594576277
0.260495602132414,26.9379004798805,71,0.134745356959736
0.932478659570862,27.5769100722703,73,0.130695761364701
-3.64597073147889,20.519208867923,95,0.012886687374982
1.41873916413636,21.2384520638452,94,0.0178014862934913
5.7940200724699,20.2059520770908,60,0.0100933598600253
0.461331230232257,26.9951973542368,72,0.132207821327627
5.11809438158738,18.4470302710174,61,0.00820862010604256
-0.875252169728384,27.8847718873528,76,0.128739557302468
5.57101933811551,19.9359248699763,60,0.0099257741531505
0.677837325450559,27.4869163825275,71,0.140833596749224
5.83895256096503,18.6654828193194,51,0.00802206136652265
4.02328973465138,18.8438158149315,57,0.00960598896733679
0.696711221581302,28.4248754747957,75,0.129801078122705
0.858533082910622,28.2451744774995,74,0.130115355163847
0.426591646460862,27.3294648139347,77,0.13217441449187
13.3046835876369,18.8497765638067,100,0.00372964542951532
0.694990872243555,8.55764805898884,37,0.00264751622598216
-0.0428126198689639,8.67784866015505,37,0.00268380599938344
-1.05609270842128,6.66052970597195,41,0.00219497396692836
5.91063978831816,18.7931799790585,62,0.00804723415335016
-0.67009838029976,28.1906985363722,85,0.118223187380365
-0.452038341296707,28.2236594349461,77,0.134468433676585
-0.847723575821617,27.5930451726909,84,0.11639327794683
-0.451419579759602,27.4008845108172,69,0.148882571354461
-0.388794967839393,27.5903708033065,75,0.140340450617184
-6.15547788960673,20.5315646048312,87,0.00987995974677856
6.21348017652627,6.33680568619011,38,0.00197390721331207
5.88184435030378,19.3415629843693,57,0.00878874275581268
0.70482813760977,27.5372975251877,81,0.12341536701162
5.02866102726856,19.0260031059344,62,0.00905388956766532
0.196098749178141,28.4457973297317,82,0.125294960782563
3.77894723445428,18.214209555645,44,0.00887732416125652
0.631831880039598,27.5520020659875,70,0.14501502860702
-0.622599617032136,8.85794460348984,20,0.0027441338958068
1.1527239955331,18.817897996039,41,0.0113492266509279
-0.512999919745902,27.5439181427717,77,0.133960996205039
0.63194940068101,27.6256280115365,78,0.130618709844765
-1.10913419201249,6.59647913801272,16,0.00219336219262942
0.0529400739003173,27.3530953489019,71,0.147885037065241
0.666260048147781,27.2803440145346,72,0.135458447541695
5.22030120304594,19.6674594571633,65,0.00982409807716707
0.885108882430922,8.76779312433098,45,0.00269727920789332
-4.39237367207423,23.2372427720125,100,0.0197725142129829
0.303024868635979,28.2604429648752,82,0.127352998440712
0.865660162562977,27.773593118213,69,0.141682217777109
0.384040458190939,27.7117751471221,71,0.149906483511361
0.767339864509112,27.9337348997296,81,0.123532028858999
4.46986063992307,18.3537950227402,58,0.00854174599306632
0.693410057117819,27.4710494943724,71,0.140172581053386
0.69746176738358,27.5098917315572,71,0.140629263088239
5.4758950371285,20.5775352681121,60,0.0111186817855717
0.531318868400451,27.2118564374678,75,0.131492556024041
0.900947965954234,27.7259075126239,78,0.124517169554226
0.728897924133499,28.3780129879885,69,0.140857948236708
0.496474019706209,27.6266260894489,74,0.140794936537328
0.331668909723449,28.1268066078934,72,0.147459302573572
0.486961222370138,27.9872210193489,87,0.11970308581266
3.49975694155696,18.2294672499303,50,0.00901548527453881
2.10014811630678,18.2022216772837,43,0.00971740096181854
2.98849027414095,18.6482693398893,58,0.00994917718045262
0.422906679945038,28.1219361418542,69,0.152722707988336
5.80505965213871,19.8261617935172,60,0.00950912641944994
5.42064541456223,19.5454555046262,63,0.00945746335208156
-0.883414672376356,20.6018939493903,85,0.0159034432027021
-0.638154125553731,8.02447269603809,33,0.00251189754315796
5.78179304194611,20.0739119188702,58,0.00992333791157989
3.23570230431751,18.8210098592287,42,0.0102778668887791
10.5960715547515,24.417749917064,100,0.00746071965791545
5.15638448019239,19.120344851914,49,0.00919181223071429
2.1807758920365,18.2125102487229,40,0.00973191612739883
0.939657557937358,27.7168343318882,79,0.121879754898873
3.64647455869066,18.3926248688018,60,0.00910312640617341
1.51597672370469,18.8428200284316,63,0.0110094561895271
-0.608875258144725,28.5426399052,95,0.102711156590603
-0.781681345309022,8.78264391989998,34,0.00271072724461526
0.339098059707403,27.302811425422,75,0.136466136763963
-0.0392114387337272,28.5671541395363,85,0.119035456208329
2.92237046201884,18.8985249000535,42,0.01064153164711
3.48591311173683,6.243982319819,51,0.00205990943176505
0.122184897057628,28.4223213765179,83,0.124521429594018
0.471064710382396,27.5199616739625,74,0.140068382126657
0.663581415271446,27.5330943702908,70,0.143905244525533
14.384055749458,6.58299224878426,52,0.00150202990330365
2.32721016692704,24.5616719760782,100,0.0381620714178019
0.194882779212003,5.83670272840693,11,0.00205288631565278
0.247051541220177,28.7204254973262,71,0.136981770250354
-1.70959112835533,21.1667066319452,91,0.0173188896869297
6.74363981517457,15.4167308969876,100,0.00475639234768203
0.0933784401563916,27.6341860923733,69,0.15720128678688
3.28106148973836,20.8847623080943,91,0.0144014305406109
0.877838386219005,27.8300529232934,82,0.119437602704959
3.5017914665581,18.2984842460606,53,0.00909837306832905
-0.512355728375009,28.6571381198693,72,0.133387240252482
0.161896280987869,32.3439195992177,100,0.0333092786804973
9.06143686292278,19.2206817415366,100,0.00599988677947586
0.124320956562431,28.1389543889771,72,0.149396810274792
0.561105548775158,27.4622881015597,71,0.143369202968434
4.22085842234494,18.1526890263192,57,0.00842655025686246
0.0941236044362163,28.1209252512376,83,0.128579361973142
0.635855013487384,27.9809600719959,72,0.142457336151482
0.459445627931951,27.608259880784,67,0.156836001060868
8.48191610726798,24.8511292438648,100,0.011000538334652
0.623844732594118,27.8275449024854,71,0.14511013685201
-1.08420330766835,7.33294963107714,40,0.00233925226771974
-0.554121880981441,7.80735803774696,34,0.00245841551620292
-3.57755331970581,20.6568960141611,90,0.0134043946930774
3.17185683917371,8.67436800281986,37,0.00261234678105883
0.55840670099724,27.2579708457924,92,0.107796412176458
-2.63192355700474,28.269322069505,100,0.0588423726530534
0.575104748792384,27.4554769181681,77,0.131641551438133
0.310028872156565,28.1658871198679,82,0.128370852448348
3.58355997154887,26.8686855028374,100,0.0421441989328439
-0.381388699733471,27.3640289593135,78,0.131688596467316
-0.337970077062663,26.9909397545598,76,0.127022210945655
4.01988946359571,24.7408765313568,100,0.0279351824385635
0.34731165259763,28.6126866631234,85,0.116464548416043
-0.323914444339252,26.9312207478585,77,0.12390271005338
-0.523663283827618,27.3900238990991,69,0.147118020115561
-1.82240475155051,22.684114152045,100,0.024984542559235
0.066402717478675,28.5118889823943,71,0.144325990967732
5.52080455761377,21.1574351197519,63,0.0121034272766189
0.0898224393288446,28.4004992363876,87,0.11904941656336
2.87556421856134,27.1226483934399,100,0.0534319876736289
-1.10743296862406,23.8310178068408,100,0.0365362675470081
0.0151853433629353,27.4974183642484,71,0.150747852006098
5.68134516372785,18.8395061532299,52,0.008349316155128
2.14493105987032,24.317502033988,100,0.0369552182362177
-0.523663283827618,27.3900238990991,69,0.147118020115561
-1.16790937998632,8.38973671375065,36,0.00259737367298846
5.66698151486412,20.2709559610794,62,0.0103275883242739
-0.138379489945164,28.4289185267527,82,0.125906327117063
5.95485226052638,19.3488122699946,60,0.00870908543897261
-1.01995330352502,6.65607538860878,31,0.0021992516203653
5.50522755048969,18.4463125639129,59,0.00795232997159121
0.642544879955113,28.6962898524136,100,0.0908167941105089
0.624927809950909,27.5702175060081,82,0.123820204089815
-0.584531379418157,8.68586424017028,43,0.00267925882735683
3.87440121721216,21.2442369359786,90,0.0145567488444263
4.66142785386361,18.455359654366,57,0.00856161342115537
4.94792330907927,18.4825164032775,60,0.00837918691034225
-1.15110575260931,7.9678089555681,30,0.0024939243363421
0.518781536676394,28.0904304606551,74,0.140396897930614
0.137178734372835,27.1197912352158,74,0.135693348483773
2.56800778652577,21.0829200729966,92,0.0159639272653095
-0.549528879277583,27.9285746982711,84,0.123342332672404
0.782414549616926,27.7384046787188,71,0.140286689847766
0.275312682103644,27.9769622092823,81,0.131749013079751
4.97744273533884,28.1414018291799,100,0.0287733109911307
7.83718089529444,21.7233880948828,100,0.00917468410505813
-0.490166477581729,7.97124839670509,37,0.00249717282311889
0.497727740140057,27.8182801285188,70,0.150362868693504
-0.0155696972741498,27.3045093690871,69,0.151258775038953
0.278038994611673,27.9413149742179,75,0.143169695323999
-0.281532282297061,5.99309530973876,10,0.00208248373588311
-0.635794865321556,8.58512641838954,35,0.0026569343063679
0.517018589358381,6.06627665311504,35,0.00208468598780142
4.56342800232927,22.1981932757251,100,0.0159246001284005
0.275982504593283,27.5622168898427,81,0.130436280471223
0.325991809379575,27.6329175238315,73,0.145785348291223
8.31044414098676,22.6283243455245,100,0.00940310555842663
-0.738613662548408,27.8017669802423,91,0.110496179270975
3.95125372645812,18.9611455104347,53,0.00989853874702655
0.798771740262913,8.33237132474622,37,0.00258654861732211
-1.22361185791349,7.85749014627029,36,0.00246215626125955
3.06405830285113,21.0283164743663,94,0.015065178161574
0.152477778361344,27.8596324936262,75,0.144419930663857
-0.14885745643327,6.38939148835527,39,0.00214655264066265
0.377885723658582,27.0686362896937,81,0.120889579928286
0.44800297486256,27.4278253991684,76,0.135326215659288
0.539326972320536,28.0227882819725,69,0.151103673297274
4.86355897782976,25.3718032694257,100,0.0251556632135125
-0.588562796973683,28.5763811611933,89,0.109184143062555
0.114469190346537,27.9335614368938,79,0.136624448723251
0.546735090790204,28.4396181820143,73,0.136342958949685
0.0635483281009098,28.8570531345764,71,0.133392192433248
4.6516267143816,18.340327186745,45,0.00849716352333458
-0.632115806493414,28.1756444680083,72,0.1408565129422
0.8393337315694,27.9684646064477,69,0.142511468285927
0.119184808881511,27.0186608003832,75,0.13114517471717
5.9325401071875,18.9829110158454,52,0.00832496103385215
-1.02763205333488,37.8641377473563,82,0.00907316891464379
0.591778928842361,27.9347250745144,75,0.137805527287307
1.95945984108332,24.7038994601842,100,0.0421776215414456
0.0838922633425695,26.8890683747372,77,0.124175053372422
5.35519655848849,19.6525149123677,60,0.00971229953314442
-0.178763749745923,28.7550202778552,72,0.134556772934926
-0.30293170571958,27.1244329375613,77,0.129271685652117
-0.468680068129382,8.7584915388908,37,0.00270463616869757
5.18318167872693,18.3684275588334,59,0.00807886394185369
5.61400029908782,20.2722497956819,62,0.0103938535329859
5.40429138646698,18.6250240124974,54,0.0082771197705835
7.68613186855071,23.8591019683625,100,0.011765439772448
1.34021015511233,20.3205583329012,91,0.0145647373474635
0.304618963662384,21.1211854326003,94,0.0179140612331667
12.9657661270342,18.7631760770113,100,0.00383455018421068
0.370080000192021,28.3110567682566,83,0.124373497309528
0.876073298104637,27.4066382312387,67,0.141339493180606
0.46722600520902,27.1952078962275,78,0.127179648482029
0.615424954124215,27.4343382609751,78,0.128832951866499
-0.0666152018369132,27.0686788221452,72,0.138244055588556
0.247322696326159,28.6483215741778,70,0.141209578139777
-0.88365110007598,8.35844212795393,38,0.00259174251004092
0.917040257490986,27.6417456484866,74,0.130036665594383
6.55040029605757,24.4295362875005,100,0.0154833982031927
-0.221760918940856,28.5037727889919,71,0.143615602690588
0.140668949599995,27.2951668586285,67,0.155250050127552
-0.037536342350269,28.5906763032391,88,0.114488621025216
0.687973230019181,27.4905778654165,67,0.148993672030329
3.51130857516147,18.4068986307876,61,0.00919838143813422
-0.0582769882447255,27.6812579972536,76,0.142110288288959
5.34540313841285,24.7601177080626,100,0.0207937957178198
0.734833375669868,27.5600581375066,88,0.113228636972799
0.0259444096434778,28.6824750733914,83,0.119387202802934
-0.0651435449690737,27.4492054813308,76,0.139372576950603
-0.471231734296025,20.3902608130247,91,0.0151426759624437
-3.05247341648777,18.8571080223175,61,0.0102676878374154
2.37562245405531,20.8149528002438,73,0.0157493495871958
-3.41938969613958,21.181570599185,90,0.0151031957868361
3.66262198078866,18.7069011861056,59,0.00961375386045429
0.181425743329658,27.4835918052159,71,0.149778397114809
6.71606628526351,23.7023697044333,100,0.0138307396180815
5.40268288526003,20.679230185492,66,0.0113287250424406
5.42214023013461,18.9768239406977,55,0.00871585947549422
-0.000174826770009712,27.5620852260381,68,0.158970100841595
-0.0876496370714965,26.9462069611603,75,0.129099553766986
0.122585257937825,30.3138524748971,100,0.062769296353916
-2.36546769378938,21.0976834957369,90,0.0163286429064683
5.55685274364648,19.4817067568829,66,0.0092084322344169
0.781243839443661,27.3956418872777,72,0.134623573024224
0.686492074895865,27.245195246178,74,0.130688592098923
0.629612854923729,28.0243041340827,75,0.136537343351046
3.38455509349604,18.609906410898,56,0.0096577946029472
4.99714486606424,24.4874332644497,100,0.0216192843637317
-0.507414293805111,28.5786787045158,95,0.103378474220442
0.0445992435099554,28.422488295742,83,0.124719482450786
5.82791596273398,18.9495074611435,60,0.00831362272356743
2.06097290654735,21.1089275461646,89,0.0167666305712369
10.4188468706707,29.3444365946984,100,0.0082882140342369
0.419775367308694,27.1085211155228,75,0.130825141634352
2.27805461501578,18.3784620802144,35,0.0100488848642284
5.57678440167145,18.9724134940663,61,0.00853878463835988
5.79584058822848,19.1088565982605,58,0.00855454611928801
-0.488792037377521,27.3855200426736,84,0.120974233109291
-0.500568863100266,27.2227703531435,70,0.141658965815022
-0.959502624411872,8.72556786720896,37,0.00269037474443471
-0.345898147878088,27.4393475584333,75,0.138915221387177
3.29254425490916,24.8060448805855,100,0.0332490591918025
0.662633053200338,28.3424464263213,84,0.118040811446242
0.977074660677127,27.9921037562681,77,0.123872737565836
-0.0113794936925776,27.8157623468816,79,0.136926329062523
1.48626732537924,18.3287871364632,40,0.0102064179344153
-0.804058391567596,27.2971865343978,75,0.127134890006516
0.773440083458714,27.2908856565029,77,0.124618219598544
-0.861181625786266,28.1370021522858,82,0.118783454592145
0.508428727706533,27.7219934064925,89,0.116565221069476
0.383241345783849,27.8689032992026,82,0.129066686056798
-0.0853970066364161,8.83375632897964,38,0.00272662875143187
0.691148346844583,19.0907217341154,42,0.012121123631273
-0.977174579411265,8.49936844090461,38,0.00262785999863757
-1.7009885402688,21.0862255819739,94,0.0169218696396863
0.753953164067406,5.90089280518626,12,0.00206216985124587
5.94812671044873,18.9060561426078,55,0.00819830363002597
5.3154295676198,18.6366356165469,58,0.00832999860810566
0.216088432891535,27.9480068417217,89,0.119685608430786
5.5779314968557,19.2702926398784,51,0.00901561855790347
3.53127282666325,18.9585727212801,61,0.010128808366918
0.23273819000646,27.2652632188205,74,0.138689516292439
-0.449009755037707,18.5347166911335,42,0.0108358131113332
-0.927997151987046,8.66975392441002,37,0.0026754052271698
0.704600181336211,28.0462197624707,76,0.132772493517565
0.463253476670185,27.1819288646496,76,0.130258169979214
0.223633596770874,27.5098697178014,71,0.149824628471067
0.138459047587089,27.5841934129998,70,0.153919007997465
5.27966569795283,19.0324149377733,53,0.00892666279915909
0.278038994611673,27.9413149742179,75,0.143169695323999
0.327033445164188,26.1198159864382,100,0.0766842132863507
-0.0253542697261891,27.5290064570818,78,0.136761129832899
-1.54787921125441,18.6646527306999,41,0.0108726297106657
-5.18577502513279,25.9255814084598,100,0.0246669831631267
0.0938520454569098,27.4616690497887,78,0.135695120269651
0.646822037051717,27.3194678373475,70,0.140589806303332
2.63439680435267,18.8011477204067,41,0.010635328830157
-0.486431225930149,8.78699768996376,32,0.00271617955441073
3.86104248031983,26.4756764109804,100,0.0374133547760371
0.746758387784086,18.6677940812927,70,0.0107552303428531
0.494925377474385,28.4371127239806,72,0.139322619385938
0.560735998855163,27.3688434846247,69,0.145817763998836
0.607486984368517,28.5957876930303,76,0.126428532092396
-0.722417675696845,5.95882639344914,23,0.00206851576502906
-0.733192411023969,28.2638989464636,84,0.117637249890083
-0.167228603686406,27.1687043859144,71,0.142682558356272
5.39477664359213,19.3219168675626,65,0.00913871435745726
-0.440167259183816,28.5777544957375,94,0.10517297133131
6.21038567104746,33.5965710287155,100,0.0122904537784739
-0.345602615358655,28.6926396079721,86,0.113485820456814
0.181425743329658,27.4835918052159,71,0.149778397114809
0.643368885422856,27.1166161766674,71,0.133879887363792
-2.5715126643212,20.7805120550572,92,0.0149587902798735
0.329012379403387,27.6846737290997,87,0.12135298929155
3.03421198880729,20.6710617805302,91,0.0141031700599222
0.650557222952947,27.6613410273961,71,0.143591869553589
-0.282175235073073,27.8641104204795,76,0.141230348265284
0.0676881991738911,27.0624936207286,66,0.150521465928238
-0.119740136383567,27.1227348799232,76,0.132262514013153
0.36457766269922,28.0557543635739,70,0.152166369167314
0.258868773878015,8.70029579752525,39,0.00268810243250508
-0.0535018047342938,27.3595360549301,78,0.134127996364747
0.288256002473209,27.0450815739066,95,0.103624804189545
5.5616888353557,18.4389592236782,60,0.00789810323403599
4.61051361776053,20.845171409237,72,0.0127253994696517
-0.964955813358755,6.52609723106572,38,0.00217004340459622
-1.0051391164332,8.13811872366345,37,0.00253413062014335
2.0544372258611,20.8035483271495,89,0.0156659605647857
-0.990850627195785,8.74891307572573,39,0.00269495533763405
0.260140975777472,27.2548302683054,76,0.13447365295233
0.034706827722372,28.7221764822225,88,0.111814005085081
0.374221187452322,28.5827342318513,88,0.112846418902001
-0.580802331380469,8.15425084284536,40,0.0025406272606315
0.4567034785891,27.6541285564186,76,0.137884031043192
0.226292553771069,8.82623787938816,37,0.00272491924491224
-5.12094523999824,27.8230337231754,100,0.0276804812348862
5.11058656892931,19.105924559206,60,0.00911788399637676
0.121724886177407,27.9352245882024,83,0.129512015777542
5.39379291527522,20.8368739072954,63,0.0116773781308972
5.01408155434741,18.5673199620156,60,0.00844459904198822
4.94293878940551,21.0820166542275,88,0.0124857263894833
-0.325527598474842,28.3867904425189,81,0.126852426889301
4.08125878932202,27.4032864980039,100,0.0373588896403379
1.8616321091943,6.50342743694884,10,0.00216674089367578
5.81124971868877,20.3484226979108,58,0.010318428416248
0.915285120254508,5.97440284704156,9,0.00207610070993806
0.0462444328167833,27.2031680432588,76,0.134477437510649
-0.90959420871498,5.99801941324425,12,0.00207931077415649
-4.76451610338155,20.922632914892,89,0.0123998982378229
5.76986597940526,20.0020855765752,58,0.00982717970878968
5.78877157427882,20.6727232834392,64,0.0108124954627014
9.36659440075878,23.1349079033669,100,0.00833525977423731
3.7812627466051,18.2496331552055,53,0.00885881988381026
3.14796771851575,24.7473945094305,100,0.0338905986140508
-0.933772603379538,8.61402737719678,38,0.00265937669994643
0.511289384561128,27.5756038814481,75,0.13804523304069
-0.971109812038816,7.06028716844798,43,0.00227882044232137
6.91215846013115,27.598018956515,100,0.0173165517564384
-1.54577533613778,28.1474128972955,100,0.0808255930552541