5.18345950947088,21.0276406933695,56,0.0124894972694583
5.4879136158312,18.5501838865016,39,0.00822274543688072
-7.26564381993225,18.2512026535961,48,0.00662939548067173
4.46350318186197,18.7612137494121,37,0.0093166896444093
-0.179344007108195,6.42817893531221,21,0.00216258724939091
-1.61344346656573,18.2313757983124,39,0.00998617886158714
1.62016207568893,18.1561673256024,38,0.00985083099030326
-2.15084456709297,18.6473155070479,52,0.0104576848929605
1.09041983720735,18.2213028387401,36,0.0101401035681526
-0.0517124416097348,18.9971842177247,41,0.0119652886172321
-0.812831163494955,18.3708944477343,49,0.0103596591141792
1.59132042794244,18.3944821571056,73,0.00996485153187673
4.69038201083041,18.6080776405943,51,0.00880114200672272
-0.0589750636562453,18.5822008898268,54,0.0108219291845814
-0.217927392552581,18.5031462899468,42,0.010784888503523
-1.92554207365306,18.314121967909,44,0.00998441492660026
-7.78873457768086,18.683642247958,58,0.00659658416222446
-1.85030208662153,18.7505729623003,43,0.010913599884999
4.72830470109627,18.3060799038018,85,0.00812619204229157
-0.911209493751996,6.98504594077643,15,0.00227766253236727
-4.93479496624706,18.389750301261,53,0.00831516206240708
-0.244989758546786,18.2660033022413,41,0.0102955326605513
-0.942705329211785,16.0895631352519,100,0.00669514470182707
-0.701171163102567,8.19035758773723,19,0.00256255130718664
-24.5163259766453,7.78099513928632,94,0.000985641856701765
-3.48041894575663,18.7786802778085,57,0.00988072677325977
-1.01124585540296,6.61780072798202,43,0.00218575818943002
-1.77524125813806,18.608363734983,88,0.0101555709358228
-0.166552034913925,18.2763021559569,45,0.010277524851962
1.23054965962581,18.7353677468083,49,0.0110379272701739
-4.26048304021149,18.8180724029373,47,0.00947584198043978
-3.60584480998162,18.8691267257803,83,0.00970297809622943
10.0803221880228,21.7020720823731,100,0.00669123721968198
-1.30612815294206,18.2733381405334,39,0.0101590138129196
-0.735238984342288,18.3753380250465,55,0.0103173799217007
-2.39394483427191,18.821215026807,47,0.0107464544543978
1.95913690227959,5.87651091516682,12,0.00204387235852459
-0.379550341397754,18.5840036080121,80,0.0105139099473096
2.28668614615382,18.1543703656507,34,0.00963825979374932
-3.83256219651149,18.868387130118,46,0.00989502766464332
-0.799189985458606,5.99589260267891,10,0.00208058983310186
1.19438131277187,18.6226121313833,43,0.0108719625745281
-4.0836270265405,18.3578898519439,52,0.00884246843604237
2.33442376996286,18.892474558898,39,0.0110266698786872
3.55654974836124,18.172720754061,54,0.00886388335365352
1.84744833205085,18.8201350906254,43,0.0110673867404224
1.84860369693852,6.56534539005952,21,0.0021742283906694
-1.29755287239131,18.2784217328908,45,0.0101096933977702
-3.65541977800518,18.5799353928151,79,0.00923313033555887
-1.39158787698701,19.0243612503899,51,0.0116241402293534
1.06126246701929,6.51143000537038,21,0.00217418962062876
0.777310629571004,18.2351626964568,41,0.0101764086121128
1.27662586806766,18.6061893076094,54,0.0106852837459634
-1.08722276045849,6.24296636648728,18,0.00212209415752606
-11.2848473440542,18.6769158014805,92,0.00450855585519878
1.11261653012528,6.32747839690515,12,0.00214113679304611
-4.17092750987712,18.801345866204,71,0.00930412225907899
0.0728920836579092,18.1607335264938,48,0.0100194320061764
3.26301147056576,10.857218950217,100,0.00322908937852603
-3.81992982736135,18.8573396000027,59,0.00975961960119195
-0.106599716538155,18.8825359900898,41,0.0116782302319747
-5.90679176862218,18.8729992350248,46,0.00825221510417001
0.00778421427124154,18.2393857431227,47,0.010185264013152
-3.26019548715458,12.4717841895432,100,0.0038855307984944
-0.932075633928269,18.1682613976009,46,0.00996775263088851
1.09014059010088,18.2377530523561,51,0.0100199571593536
-4.59055087398269,18.738232523471,55,0.00903315068585944
-2.03239646973711,18.7295979005296,41,0.0108086554621908
-1.89471830409738,19.0317772517227,46,0.0114876118489007
3.3985789054524,18.9460707859192,47,0.0103485917903337
1.60807660461078,18.4050571978458,45,0.0102662844912894
4.04678458767818,18.3862905364397,42,0.00898859821359915
-0.550723083621797,5.87469296888137,38,0.00204745023345372
0.394448165381681,18.5789531940401,44,0.0109149620916406
-0.380202353612778,7.48453085224325,14,0.00239431690685828
3.60197270968761,18.8093091632735,50,0.00991939671949404
-4.97396696376156,18.2418676933985,72,0.0079761615293787
-0.300346912509669,18.7190523140907,54,0.011114726311833
0.602350371844127,18.5978701019344,41,0.010968066891873
1.62016207568893,18.1561673256024,38,0.00985083099030326
-6.60545409570949,18.9155657583182,44,0.00775446055485051
-8.53702878639177,14.493786896279,100,0.00382452250011783
-0.179344007108195,6.42817893531221,21,0.00216258724939091
-1.75294307751124,19.05138424961,91,0.0110269031797305
-1.11317447491954,6.10445045419523,33,0.00208856403671419
0.821599033990193,18.7577206436415,41,0.0112930531874985
2.49297472261321,18.4168483469597,79,0.0095957892252155
-6.02097893993541,18.7749935175183,42,0.00807017921741027
1.61679095519521,18.2717491721909,47,0.00998270337101853
2.80009862003806,18.6899622558613,62,0.0100955228333621
0.137896641135318,18.3392178061998,40,0.010461472131013
-1.39158787698701,19.0243612503899,51,0.0116241402293534
-3.48071734729721,18.5287624315898,34,0.00966076684337008
-1.10217071591924,6.40000042373998,34,0.00214546049497681
-0.660491358580124,18.3348295073785,30,0.010516389989328
-0.343623237250456,5.91995645309421,57,0.00204859759216665
4.70235331922653,18.6032555054914,48,0.00880876242029165
-0.990670336619444,8.59895927139664,24,0.00266440921447723
0.102514446714102,6.3052236856701,19,0.00213916022005846
-1.85938628061476,18.9028628207797,47,0.0111968587665782
1.71853726716006,19.0044116277339,46,0.0115077839081936
-0.764310633298676,18.8151578073267,45,0.0113873560914551
3.78736294125429,18.9063245958054,52,0.00993684617733992
-10.3566995838658,18.5865661832336,87,0.00492898024592455
-4.61818324598661,19.0286071148802,55,0.00945680622792827
-4.39482571626074,18.3287032695135,44,0.00865915805968203
-3.36151595211842,18.2317825081322,45,0.00913849912132839
0.394448165381681,18.5789531940401,44,0.0109149620916406
2.12860274405649,18.275319084414,46,0.00981144866923461
-4.67417603987012,18.1918350489107,59,0.00818690831312177
-5.10519752893821,18.381661895338,55,0.00817485274705305
0.47496454287172,6.2044759818599,9,0.00212295368473846
-0.120246353317829,6.71850204401596,10,0.0022275155510495
-0.602420595863215,19.0682484008244,43,0.0120655588540387
-0.777788757366885,6.95021993153452,27,0.00226512603348618
-1.03775938785462,6.23942436549558,33,0.00211514568646441
1.98163789993161,18.8634782793163,81,0.0106510419096571
-5.10733282038026,18.7541237309247,79,0.00848713881749519
-2.30865910867076,18.8230714777655,35,0.0109386067969921
-0.77641645294052,6.75704427670348,29,0.00222325618155896
-1.03023985214403,18.2587965334651,36,0.0102281665410756
-2.50505340323408,18.8659856503938,90,0.0102996352310013
2.5011874769358,6.33292038579549,59,0.00209852445753154
0.63495846020072,18.5379590311164,42,0.0108192719281119
-2.18476525641739,18.543912102924,51,0.0102472960140941
2.49636671332779,18.70298093852,66,0.0102452216216964
-6.51628810627836,18.5042406912107,75,0.00722457913741376
-0.63034042545445,18.4598791586451,46,0.0106062720117933
0.769086815056936,19.0422375571078,44,0.0119521116456591
-0.401403148699401,8.57530189955447,57,0.00264054729316909
0.0669442286941431,18.8950154982732,49,0.0116011182027886
5.4824893018017,18.2196417577223,42,0.00780524211147059
-4.41569147449342,18.3195928723351,39,0.00866984767919872
-13.9291767432788,19.0439325031161,92,0.00354776244353464
-1.61344912926906,18.2361773891374,45,0.0099358179242281
-2.13148320003554,18.7201634055146,47,0.0106719685696002
-0.685954151434293,18.9224549917178,41,0.0117132592229356
-1.60798491327585,18.6751124895748,39,0.0108966319545438
-0.671783774454348,8.2203564572241,27,0.00256531001496578
-7.65445841168595,19.0159050505779,38,0.00706555947262941
2.78825596075284,18.3687726223086,77,0.00939123853484881
-0.280504646834366,18.665941656688,74,0.0107604268308799
3.98837989990524,19.001052715102,43,0.0100390501191917
8.73975855464231,14.8835091655412,100,0.00392609877400103
-2.26103517981146,18.4209500259156,55,0.00993716977995252
-5.6879195408283,18.2917577382757,38,0.00777433661473368
-3.16747189842027,18.7348276120631,48,0.010098439193194
-1.5225142687838,18.2705490271029,35,0.0101316792386998
-2.83767247021696,18.9763913653933,46,0.0108115302231557
1.05166059268369,18.2439134440367,81,0.0097466002357721
3.78736294125429,18.9063245958054,52,0.00993684617733992
-0.660491358580124,18.3348295073785,30,0.010516389989328
-0.117025627620867,6.211385032078,42,0.00211045829993051
-1.17069965696272,7.1269056421484,16,0.0023052948911242
-0.106599716538155,18.8825359900898,41,0.0116782302319747
4.7790991017202,18.1563270289789,54,0.00810858750058997
-16.7659893991247,3.874012996471,100,0.00115421960199862
1.30820317639045,18.6150672912936,35,0.0109165506596198
1.10801530151401,18.1878749747564,36,0.0100702290969132
2.43404884186079,18.2822166809426,36,0.00978634450211686
-0.660491358580124,18.3348295073785,30,0.010516389989328
0.394448165381681,18.5789531940401,44,0.0109149620916406
-2.51346130290939,18.2782602297316,80,0.00934126277083085
11.1769247120306,27.3328372302862,100,0.00740171351466304
-3.45584740019888,18.2407622658889,47,0.00908286732864913
-5.11656386983351,18.8274666336483,71,0.00863638327132027
-0.119912674554073,18.8267675754574,41,0.0115424133411944
0.394448165381681,18.5789531940401,44,0.0109149620916406
4.69038201083041,18.6080776405943,51,0.00880114200672272
-11.1012524913429,18.4760285151671,93,0.00451424629117879
-5.81337822369055,18.9736470753185,42,0.00848280034807457
5.93060312049553,18.7669441962346,39,0.00815134156413391
-6.17276689365443,18.308276351048,45,0.00742042973592119
0.350357348552535,18.2107760203681,44,0.010146605931888
5.12368500131562,21.0971865812618,56,0.0127379595313391
1.06013717035764,6.65696382332074,11,0.00220874378479973
-3.30319568428282,18.6232989305156,48,0.00980857789612482
-0.8360801129792,18.4198250356117,44,0.010510796720556
-0.0731946413839756,6.12297460693813,21,0.00210279135831237
1.16667638247377,18.6410878326104,47,0.010872725214665
-4.41569147449342,18.3195928723351,39,0.00866984767919872
-10.94453261087,18.4130641114315,43,0.00466740663483041
-1.45918692903194,19.0628758087432,90,0.0111805092401739
-4.15878221487834,18.5462065909145,47,0.00911857668428276
0.804828332875589,6.1391339825609,12,0.00210704436799416
-0.477806381049756,18.1789327489353,44,0.010072898522876
2.3239900574389,19.0849655020184,41,0.0114383954544292
-3.46748236429356,18.7104440259258,69,0.00965610522078395
-1.67022323751698,18.3753640774949,50,0.010134545495152
-6.54945599669958,18.544218443228,78,0.00722526722450311
-5.11921652161546,18.2857915596293,47,0.00809739485636824
-2.86611351424069,18.7414122381247,55,0.0102263304003085
0.247988038777458,18.2584411746699,44,0.0102484047401309
-0.821251840998684,18.3230297776445,78,0.00996484125792566
0.607091210341291,5.96975899872146,9,0.00207724736872132
-7.49473752026589,18.16512148974,86,0.00626226141351135
-3.68834642979099,19.0425728195099,56,0.0102172477639672
-3.68769262568029,18.824816744984,45,0.00993473421174228
-1.05010106309341,6.39978582496527,18,0.00215332748785538
-7.56499650323772,18.4139320794553,60,0.00651968179249586
-4.95088037751956,18.1615945188698,90,0.00778238843799628
-7.20679160801567,18.33656768693,32,0.00681393176043484
-1.93348021166131,19.0564749637229,88,0.0109934617243785
2.43348577869407,20.9430195206378,63,0.016397590689547
5.1074726277366,18.9223860789455,49,0.00894531912367242
1.0466108377795,18.4283749750968,46,0.010462959069466
-0.816473859495912,6.19102874862039,24,0.00211164030533209
-3.60920854837859,18.7550562728052,82,0.00951928639669755
-6.37060993567753,18.2004430160874,45,0.00717789617819257
2.4224416536883,18.6528826249159,48,0.010377427990171
-0.907938698302175,6.14300752543577,14,0.00210611983760079
-4.53050247437516,18.2259218166434,86,0.0081389661782154
-3.42295582499507,18.9090400741594,49,0.0102396661285211
-5.27130895163868,18.5361974437348,59,0.00822747063086051
-16.5433577844835,7.3440457836299,100,0.001419368302792
-1.25520474482188,18.9312311467808,52,0.0114388309073163
-3.75531869532044,18.6511654560417,41,0.00962197071746746
-5.31199403981243,19.0220706691048,55,0.00886924881199283
2.43404884186079,18.2822166809426,36,0.00978634450211686
5.7558335278489,18.9076306353697,47,0.00841059415152368
-2.19666609922384,18.6554189737229,47,0.0105071369877789
-0.701762774389818,6.24608110338199,11,0.00212898053098883
1.31842790983823,18.9747761249989,78,0.0111846292986458
0.394448165381681,18.5789531940401,44,0.0109149620916406
0.602350371844127,18.5978701019344,41,0.010968066891873
-1.12561507879917,8.04505083239193,13,0.00252430148618431
-0.53558451254184,18.5190573757595,46,0.0107452765072568
5.6683407469985,19.901628450218,45,0.00991213533087284
-6.35790403538183,18.1800641000603,82,0.00698085014012365
0.602350371844127,18.5978701019344,41,0.010968066891873
4.20338361784838,19.0617363755457,43,0.00997002778053591
-6.32432188172059,18.3115236196876,98,0.00704746223110171
-2.82088787056814,18.7337124095806,43,0.0103659071019075
3.72463466388111,18.691934777259,44,0.00968523153785449
2.24066167514696,18.9949703319886,47,0.0112067134222141
-1.63210965386891,18.9291059208837,43,0.0114093092081378
0.995487690938874,18.7795634948644,44,0.0112652235186209
-3.17282590715855,18.6509044525575,59,0.009833032453807
0.537112589972015,18.4526302701588,41,0.0106596912865481
0.749504190010154,18.3587348483618,64,0.0101874199952129
0.886049929344716,6.58290904182372,12,0.00219465119797805
0.51877294891082,18.476736361022,47,0.0106452111087193
2.43404884186079,18.2822166809426,36,0.00978634450211686
-3.80220994779632,19.0924131266785,52,0.0102616672995966
-9.03764353069525,18.796860911517,82,0.0057822555682962
-4.93747216715116,18.7613632641883,70,0.00868905523057313
5.28496081679059,20.2136414395191,67,0.0106363166091515
-7.12986305455351,18.1986038487788,43,0.00669333278851405
-0.993021041400099,8.45873204862487,32,0.00262092804068905
2.06289755253505,18.253539382482,40,0.00985567585156683
-0.747288489955701,6.37308028447622,52,0.00213492620114585
-0.380313532203346,18.4170049186486,40,0.0106113028827411
-3.01024650620576,18.6888238851928,47,0.0101218955997918
-1.02865691503491,18.2110150605281,45,0.0100415827395668
-5.55731542579239,18.7761102371115,32,0.00850888145058801
0.433250010753863,18.5726797709857,73,0.0105634571377483
3.27619881078551,18.7712320514454,86,0.00972170208020332
-1.15879367323963,6.54511579115487,39,0.00217145470543492
-3.57243456249306,19.0468196884814,47,0.0104104616673128
0.258476260741528,8.63044264514131,26,0.00267815621575159
-0.432994806211214,8.54211482895589,54,0.0026335408105807
-4.23553553596852,19.0630422650627,56,0.00981845962470249
-2.80469638440985,18.3627839484875,36,0.00974773746428477
5.39806842190129,18.7067480159059,45,0.00844988623947535
-0.640605341818716,8.7678139025943,84,0.00267186695073156
-0.213785089258373,18.5331036433786,42,0.0108506058098174
0.48649117590359,18.7763196176532,48,0.0113028354639203
2.4224416536883,18.6528826249159,48,0.010377427990171
0.101765469522231,18.2875299757348,52,0.0102283793957382
4.72219157059861,5.83411971103725,52,0.00194706349245377
4.48024408799967,18.1624381568087,44,0.00837238618872597
5.34436549095246,18.5127541127263,50,0.00820631654157529
2.45533389688248,18.6445839746505,49,0.0103331047163536
-4.67297499265332,18.5672973303128,44,0.00880940947349805
-1.89400611623706,18.1980015798616,45,0.00976883479114253
-1.5635608141568,19.0191122170127,43,0.011651091138581
-5.27933981545775,18.2699880587624,38,0.0080279719381158
1.14659976642243,18.6379963942145,41,0.0109428543426447
11.2899401681895,38.454883149037,79,0.00402432116141994
-0.108238537695505,18.9013238665179,41,0.0117243277537293
-3.90004786718898,18.6641237829307,78,0.00921673919354377
4.18253999428475,18.6822967239126,44,0.0093416419362782
2.8812545981037,18.1525695902463,42,0.00928842950111682
-4.75645475154516,18.768064843975,90,0.00867975545961344
-2.2194977334251,18.386963257375,39,0.0100513614908798
-0.740686985466386,6.75722401841678,20,0.00222802037920643
-1.50866545272765,18.3556571524196,46,0.0101902420274211
1.54431571690055,18.6373316866378,35,0.0108853824637349
-0.548321029755703,18.5882591032465,47,0.0108826063650346
4.02751237177064,19.0834975053996,58,0.0100029463934198
0.247988038777458,18.2584411746699,44,0.0102484047401309
-0.405249339337622,6.52371842506607,9,0.00218696411802131
-3.51486579101633,18.4157081713416,45,0.00934812942172476
1.17037087127487,18.3650877336062,43,0.0103361742174141
-24.6193600861073,6.63408206852765,73,0.000939050068091095
0.247988038777458,18.2584411746699,44,0.0102484047401309
-1.02554416045319,8.65170873202062,55,0.00265633409792095
-1.34105704063189,18.5969463426995,31,0.0109138740792214
0.60272596742983,18.6296200913749,41,0.0110391107903021
-2.19392766076564,18.9286998668972,74,0.0107637394033782
-2.77147806136338,12.800618049813,100,0.0040915811001806
2.45761223478785,18.2048328676356,58,0.00943512165483521
1.3381919867051,18.5804469776482,47,0.0106923513268823
-4.87782268979306,18.4808424619883,56,0.00845409067759296
-0.830722475615338,6.10116382097918,59,0.00207903738997387
5.6683407469985,19.901628450218,45,0.00991213533087284
-0.496118664316293,18.1569287283268,51,0.00995810538779363
-2.73480984454161,18.3083719389245,43,0.00962117655988923
-0.117644129829744,18.5469393793287,46,0.0108376463251412
-6.81583599074841,18.2743869629547,81,0.00678590450542061
-4.89487013499906,18.8869175042908,64,0.0089446124916782
0.82385574324907,18.774232055141,41,0.0113310114728441
-0.626370310741898,18.1981609591616,38,0.0101555469944302
0.679837284494967,18.9306790674033,46,0.0116661582006156
0.248522968371701,18.3914438680309,53,0.010423211345224
-1.54906638898717,18.7351870827128,48,0.0109426704499052
-1.76840545788498,18.3571013977178,38,0.0101877782962299
-1.01786051731095,18.4939482216556,34,0.0107430868754143
4.18262313138729,18.6036692108405,45,0.00920828334149645
5.57844898825734,-0.832647306143674,100,0.00115692666897062
4.29715064889872,16.8694006800187,100,0.00670299951175459
-7.61856198035712,18.2900634086801,83,0.0062952143224917
-0.452854215246779,18.5590782246882,41,0.0109008207468819
0.818074966228292,18.9708941630444,35,0.0118894160183799
5.25614621204799,5.94882836760113,40,0.00195052809026666
-0.631611735598559,18.4582563189182,40,0.0106705415556884
-2.37032333762043,18.3313031858898,70,0.00958413962323232
-3.68608241444383,18.4445592977444,54,0.00921132632036957
-9.57483290311678,18.2542515358425,73,0.00520365624978288
-1.50313205319602,18.3840917871383,39,0.0103224033584278
4.90607111965826,18.7158350647657,39,0.00888818670792868
5.07453652358846,18.844949262973,79,0.00863219852653378
0.0112670916863357,18.8056755602951,89,0.0108927362636801
0.036526687744923,18.4313800013662,45,0.010601697901467
-0.60353270064641,7.47084585846971,37,0.00237680286798617
0.78988874249806,18.8658306426044,47,0.0114754914442936
-3.89974917817089,18.5312688777006,46,0.00928011152815093
-6.21820819575058,19.0616740487379,51,0.00819004847288016
0.513428854089074,18.6448372459698,58,0.0108806101330467
-0.296742239109046,18.3434872070092,42,0.0104409643736983
-4.32867281952217,18.2503601740813,68,0.00841698852836819
-0.602737187825858,6.06010749919585,19,0.00209006733217557
2.77168841681557,18.2593628259787,47,0.00948054029349186
-4.95928775818731,18.6511268827294,71,0.00851631773436508
-3.76611270380531,18.234801204927,88,0.00857979899059277
-1.03142498243583,8.56892298960318,55,0.00263394832621234
-2.90018375733052,18.5121404351511,48,0.00985050390713353
0.276337171045391,18.9957923600452,59,0.0116995396005133
-1.12647702287535,7.87753434936651,43,0.00246415715551555
-0.201590338928529,19.0223222270475,41,0.0120238508354959
8.17858743385597,6.11528660484024,57,0.00183023944561194
4.51655436456943,18.5242479340548,48,0.00882771440046982
-0.16455139063763,18.4962500435238,44,0.0107491011390142
-3.70289387283234,18.2375608615665,58,0.00884740113994883
-2.15352938676027,18.4877235599042,34,0.0103304269969822
1.40121951628678,6.35078308486179,23,0.00213737329781836
-1.81981669364128,18.638389597284,52,0.0105849649508306
-1.12448805587799,6.92478456320753,55,0.00224215014357994
5.8767297160273,18.6622833617502,48,0.0080091190321876
-3.18495308080733,18.1576986280934,65,0.00895226624146883
-3.42295582499507,18.9090400741594,49,0.0102396661285211
-2.98106931867904,18.4578068224915,40,0.00978356312122221
-3.22615633626161,18.2916992218511,44,0.00932095759191192
1.0466108377795,18.4283749750968,46,0.010462959069466
0.747061324985728,18.4846145522443,44,0.0106632401133756
2.58240154615333,19.1214153031891,79,0.0108868114252325
1.26056775086591,8.24200249790779,68,0.00253675539912924
-5.69674571465337,18.5459138374881,48,0.00800453798202781
-3.80561518747989,18.7803802204359,86,0.00939446613310919
-1.67452348609766,18.257751776864,32,0.0100875667888892
1.2624243330971,18.691864944345,43,0.0110044805891103
0.856078610779381,18.522303144536,47,0.0106895242381701
-5.88473140547132,11.2064791299231,100,0.00310643919982674
4.7790991017202,18.1563270289789,54,0.00810858750058997
0.0305789324022756,6.14754187700673,51,0.00209430032437932
2.90845273073098,18.2230331708774,55,0.00928030782173943
-18.7480302539709,18.8699159778626,81,0.00226586032654701
1.35365472915086,8.41553073169116,49,0.00259222605585647
2.48339019294567,18.2546481185652,36,0.00971300470840684
-3.04491939362987,19.0174019390553,38,0.0108476422809746
4.17847518216068,18.3027479004217,36,0.00882415138617198
-9.07550013597246,18.1860126786428,39,0.00553171863126191
3.91987104790775,18.6216985489041,48,0.00939536708185081
-0.355348833314234,18.2169579047416,76,0.00983870736861036
-5.39537031419738,18.877862536206,42,0.00870231017687514
-2.43564495374372,18.1555099826394,47,0.00945765286581023
-1.08247677964162,18.9258131610004,66,0.0112975798029933
4.25784229412646,19.0382563439778,43,0.0098838463472863
0.389187834753869,18.3164763840624,41,0.0103890816326984
5.82104206266966,12.1172800428874,100,0.0034286771618811
-0.826410683810677,6.17608762790425,13,0.00211358577313945
-0.884943405558404,18.4545877897231,88,0.0101041586344801
-8.74166176926322,18.2046129141054,29,0.00576475149368069
2.06350632119144,8.78533057657618,72,0.00265781284112823
1.31430639352913,18.2804178242658,43,0.010129611049134
1.60047557791943,18.4709059685322,47,0.010379816626637
-0.820149774674298,8.75589537667492,17,0.00271526869648056
2.17426865911624,18.7198247635026,48,0.010638995158734
12.1196276835719,24.3493588842841,100,0.00591297329537017
-0.692573934772008,18.3072008555389,50,0.0102395814694112
2.66426783716273,21.0809346537454,60,0.0166745019653666
3.91832575047171,18.8725033179037,41,0.00988615229846504
4.37097927890407,18.7028622491462,47,0.00920960709578727
3.63693316831016,18.6280421699962,43,0.00964504808008428
0.464687308601403,6.18732210528261,19,0.00211516897360077
-6.08503810341192,18.372234591202,61,0.00745879953776188
0.887935992896178,18.8176035385817,48,0.0113280156685625
0.389187834753869,18.3164763840624,41,0.0103890816326984
-3.7091784596687,18.7304104001366,49,0.00971524834719099
-3.16747189842027,18.7348276120631,48,0.010098439193194
0.48979873004902,8.32656144436227,41,0.00258501865692657
2.82250955571446,18.6044166812088,44,0.0101054749221958
2.58166259432814,6.75858686876451,12,0.00220221741665772
1.19438131277187,18.6226121313833,43,0.0108719625745281
3.77034025110164,18.5682749430715,41,0.00947188677610429
-3.57982751362502,18.276763240499,72,0.00886695570741803
-1.25991908586168,18.9501177487141,43,0.0116014098575113
5.69936267928685,19.5029649186187,51,0.00922982412097778
-2.38577490694884,18.3123801039936,32,0.00990358207068908
1.30868942673256,18.4852878119551,44,0.0105349580134521
1.11476130204506,18.2563378567105,44,0.0101216873316701
5.57505987038556,19.5560431574671,60,0.00934941911002376
1.14659976642243,18.6379963942145,41,0.0109428543426447
4.11309364032029,18.336575254429,37,0.00890966249865759
-5.33486030280218,18.1615130605628,40,0.00784643861366808
21.7749793804766,16.5157339147839,100,0.00163193064454621
-7.50260459464486,18.3614174563353,74,0.00645842035004997
2.04676732243032,18.3854788460262,66,0.00985413655434872
-1.02328373015442,7.22445981108528,15,0.00232923975838039
3.28698879388105,18.2657378746965,44,0.00924394897143479
-0.0470916748745383,6.71870542902907,58,0.0022040519865052
-1.33542990926962,19.0996051312918,59,0.0117163869114005
0.602350371844127,18.5978701019344,41,0.010968066891873
1.86249682641527,18.9425215113697,43,0.0113361515742816
-0.31662345955716,5.99851908810397,22,0.00207822596044219
2.60934264260373,18.18923663036,39,0.0095095690654038
6.97645459387983,15.9990394431522,100,0.00501797387752047
-0.657762004196577,18.3182332226283,29,0.0104928988607871
5.22044239580313,18.7695159160244,85,0.00838128907876518
1.0466108377795,18.4283749750968,46,0.010462959069466
-8.37329477011501,18.7938268572159,51,0.00631588376690013
-2.00963274222681,18.8000502609191,89,0.0104226698661179
-0.640392484964301,7.24103144773777,72,0.00230572041115743
-7.326320336291,18.2372292157387,28,0.00666677904168023
-2.12812292157873,18.3243241299107,60,0.00976728557393282
0.633525223894423,8.76318027136801,49,0.00269586774826254
1.13455874706427,18.6708065083392,53,0.0108752140219436
2.36568595047384,18.8690522429601,39,0.0109580833769826
7.51297125285462,18.0092266481547,100,0.00611965814485309
-0.64890448500923,18.1877234583409,39,0.0101215684120501
-2.92973154296621,18.3511199753077,49,0.00953956078110172
2.28752043584421,6.62829500349216,24,0.00217688722582737
-3.00102916085315,18.5537390615822,74,0.00962124332467356
5.06414979216337,18.7245693691091,46,0.00872407857284035
1.56311104627509,18.749088694498,56,0.0108724558419199
2.53269305436474,18.514894979501,54,0.00999304283712477
0.960534839053348,18.2625839245257,80,0.0098079847468303
2.3239900574389,19.0849655020184,41,0.0114383954544292
3.61709037297237,19.0865953199057,43,0.0104955299042467
-2.71360535058905,18.299472859076,45,0.0095976691874599
3.57571396036814,18.165523149611,53,0.00885006085404011
-1.17211522523082,19.1069826999241,46,0.0119743556173309
-2.27781870522127,18.7935910209608,45,0.0107745107108092
-7.13303848837395,18.3810325000649,78,0.00669095519544382
0.423065452774146,18.6368221691385,45,0.0110290317766867
2.22438207651388,18.9865914990891,43,0.0112475581947829
-0.928045779579263,18.9547327695834,43,0.0117112386411385
-0.106599716538155,18.8825359900898,41,0.0116782302319747
1.66699644473354,18.9357305139384,54,0.0112683012825769
-0.677701130462737,6.17636214372337,38,0.00210351824517925
4.3263364555928,5.96032687981065,31,0.00199057266046414
-0.815430807853573,6.60756911495579,20,0.00219642992053858
-1.63210965386891,18.9291059208837,43,0.0114093092081378
5.14701724843865,18.3181329205986,73,0.00795142643242538
1.71242846604778,19.0343853434743,62,0.0113705233474523
-0.786903604321954,18.9135492009204,52,0.0115232182687869
-11.6621059060416,18.9253417260687,80,0.00444927108644303
-4.03156747389482,19.0041554662411,49,0.00995001039160587
-9.0541145999208,18.9722492713196,90,0.00585164653073218
-3.14844225097481,19.0149813534499,56,0.0105630188769597
2.50943866712187,18.3331633947921,79,0.00944443619807946
-0.598215516371335,8.62176516249137,37,0.00266584138886699
-8.24008124339881,18.7045861925867,58,0.00631137137405444
-3.32062103416952,18.956763620735,57,0.010318091478724
-0.921815624060596,8.48595153498799,52,0.00261538843491227
-0.558247564960403,18.4630112229609,43,0.0106565199814328
1.59250508252592,18.2497137929728,49,0.00992866976249311
2.72676074020543,18.8725023283425,44,0.0106913505360411
-0.981312389947266,18.2312041313138,41,0.0101315600142549
-2.32266378177686,19.0082515169145,87,0.01070995234998
-2.4426630638506,18.459742731964,45,0.0100244924442904
1.98197438946456,18.8348996053857,35,0.0111353655668802
5.56966327440761,20.8870004411467,45,0.0117561159993177
-10.2890730150321,18.5086613810148,75,0.0049569569829261
4.65305978752182,18.8374237617671,76,0.00896208736772663
-0.660491358580124,18.3348295073785,30,0.010516389989328
-3.51381056764534,18.2864292023169,45,0.00913869739217616
-0.313552236979175,18.6490496391589,80,0.0106537471541546
0.552552635223977,18.2875116423019,39,0.0103345812550575
-0.127975324020368,19.0628620661243,89,0.011464109208848
1.70866150734444,18.9633578825129,35,0.011561662035413
-4.29279256888488,18.8727745779948,42,0.00958575151508416
-0.768257449771428,18.5034503498366,76,0.0103456087941703
-4.42713497752114,19.0163575977009,56,0.00958475084956528
-6.33706776693677,18.4383408263402,45,0.00744322438038334
-2.7693189628821,18.8604106898938,42,0.01066268826884
-0.894578561570361,6.99330581684033,21,0.00227649502279592
0.329492615756167,18.5950767854111,41,0.0109924817747572
-5.54392023752613,18.3410652123454,59,0.00780215611916597
-4.90922827882424,18.6153879767436,43,0.00871177095792444
-5.8825085298711,18.5468783393283,88,0.00762996729479769
-4.18043570807555,18.8914686087824,70,0.00944878032019257
5.12368500131562,21.0971865812618,56,0.0127379595313391
-0.64890448500923,18.1877234583409,39,0.0101215684120501
-2.95150655474543,19.1337189618065,39,0.0111505169911962
-0.201590338928529,19.0223222270475,41,0.0120238508354959
-0.889047289129347,8.74928329630717,13,0.00271548653813001
0.952616082766095,18.2944007453764,43,0.0102424584974272
-1.72944476122724,18.6591683899488,47,0.0107215584111157
-3.83881547470137,18.2181095700224,87,0.00852315922240815
1.74986593864113,21.0540303902661,56,0.0178887434091508
2.6036391192463,8.09354751176937,49,0.0024792890403118
-11.8587748150096,18.6217096507186,50,0.0043121964176428
-7.36427651806471,18.9714838601352,49,0.00719107548965182
-0.214709754277892,18.3853622394403,47,0.0104778662212622
-0.685954151434293,18.9224549917178,41,0.0117132592229356
0.106218331364831,18.8287084463108,41,0.0115474998582087
-2.99961422212512,18.2934592669992,41,0.00947498784663887
-0.765523757714405,6.13914051708695,17,0.00210510162657729
-0.876542956331681,6.65264362852939,11,0.00220958483228272
2.12258322587579,18.709121869527,53,0.0105856457501965
-9.10723882835958,19.0371115696284,66,0.00594148939677869
-1.30246151492775,0.81568304450531,100,0.00134578756076766
-1.66871810451458,18.354827715263,39,0.0102085177548134
1.15271778209792,18.3095186721117,54,0.0101147971229092
0.818074966228292,18.9708941630444,35,0.0118894160183799
-2.40024168885762,18.2828539140785,57,0.00960545046250733
1.1698762991485,18.2651319878172,56,0.0100045202290467
8.93862581601944,29.6328418884586,100,0.0107597896611529
-5.59113440926583,18.4020078797057,32,0.00801033165879499
-1.56356171574122,18.8991924290444,43,0.0113682940211652
-0.830916759573907,18.230133273609,41,0.0101574859552544
1.00247534103967,18.7775538467322,35,0.0113740754534664
-6.18987515018592,18.3241407302162,53,0.00738161353705373
-4.79255610240394,18.7482140360352,46,0.00896726204910506
1.48417235838636,6.50411680895226,17,0.00216952542631814
-0.803211495639416,19.0981556816284,46,0.0120572398934136
4.31461811971442,18.3252171225588,45,0.00869923921490236
-2.16870625070448,18.5758364583546,87,0.00994797933361726
6.22683711105326,6.3259162385381,14,0.00198080800184458
10.7371791759019,18.6715688267107,100,0.00477012766760929
3.83074823641111,18.377385960736,80,0.00880909500716835
-6.4295838040924,18.8998003333581,39,0.0079083971764266
-0.68565591745036,5.90309847442194,26,0.00205705904517223
-1.68564214535935,18.1816472335376,54,0.00972414322426061
5.77675781265527,-10.75163836708,38,0.000654011124528333
-0.0459302897658226,18.4606646811296,38,0.0107441568295391
-2.51138781203117,18.4696594331023,39,0.0100695022604482
-0.501821810779597,18.1982551858671,42,0.0101290421046522
-4.99495609415229,18.1868103352418,87,0.00780365421334204
1.83335628758504,18.9860989744093,59,0.0112447678949608
-1.16042313637051,6.73986673180163,47,0.0022072140913861
-3.85053094253855,18.2478973141042,48,0.00885395593349161
-1.73232370531541,18.876648702917,49,0.011170095423146
-1.00338585533228,18.6557599411318,34,0.0111051182712268
-1.88777351846419,15.1405759608909,100,0.00570516154582009
-3.04694866729791,18.6528576973076,52,0.00998211975769663
-0.397175643602688,18.987987925901,79,0.0114033829078439
-3.59156991161627,18.618258153203,45,0.00964013292760939
0.933314307606894,18.3932059250253,41,0.0104694869159145
-0.0517124416097348,18.9971842177247,41,0.0119652886172321
0.389187834753869,18.3164763840624,41,0.0103890816326984
19.7336764762456,18.7382981214686,100,0.0020723370879241
-2.40258876067032,18.2239531186831,49,0.00957389930492996
-3.16747189842027,18.7348276120631,48,0.010098439193194
-11.9397306556104,18.9753019186762,82,0.00433617519268116
-4.21652065048265,18.4269467796348,47,0.00889791691846939
0.640533348449955,6.16910755432032,22,0.0021094389188165
4.17105689365846,18.4918131721984,57,0.00894576045083855
-4.59055087398269,18.738232523471,55,0.00903315068585944
-8.09117715773977,18.2624484826788,33,0.00618028388838359
-0.300346912509669,18.7190523140907,54,0.011114726311833
-1.19947177069764,6.41629755775805,17,0.00215552033074677
-8.22153459908126,8.80822630772938,100,0.00227008674757713
12.1389343632279,26.8637432490496,100,0.00631912655328642
4.46665278028429,19.099027199191,73,0.00953031865010202
-9.43501292455505,18.6992904976855,69,0.00553214505903062
-9.47616277129974,18.5926199863051,79,0.00541988090534319
-3.06562363231176,18.2709166939431,44,0.00937441983929642
3.50240764265879,18.3851941664126,42,0.00933155953014693
-2.96459702723473,18.4553020850432,54,0.00965610517195244
-3.66462137449456,18.5327156066645,48,0.00942047693661273
-4.93316692258392,18.8546074668138,62,0.00888442779495488
5.05447758706722,18.7656682528619,70,0.00860747481223588
-16.1889285576609,6.30249439591113,100,0.00135729089853971
1.2624243330971,18.691864944345,43,0.0110044805891103
3.60197270968761,18.8093091632735,50,0.00991939671949404
1.5500052150055,18.5187427687299,36,0.0106173239779317
1.13455874706427,18.6708065083392,53,0.0108752140219436
7.98040043001894,18.9506272975447,100,0.00653651445950907
-5.93541622838819,18.4968627790547,74,0.00762069385717775
1.68553170920583,18.5025697595944,62,0.0102536079798891
-0.680761318851461,8.01964832228642,21,0.00251792112761279
-0.13932472069149,5.98834808129718,18,0.00207838147378949
-0.370392963891158,18.1738154623342,46,0.0100518370278261
-1.48284262552132,19.1341657150959,43,0.0119672231456703
-0.558247564960403,18.4630112229609,43,0.0106565199814328
-1.02870129999239,6.29952233877714,46,0.00212104052022328
1.2624243330971,18.691864944345,43,0.0110044805891103
-0.371507231113336,18.6817911150227,73,0.0107989936080917
-3.23351397119816,18.4579456198667,70,0.00936518311949416
5.34436549095246,18.5127541127263,50,0.00820631654157529
-1.24163159953988,7.43876727159497,37,0.00236283803127064
3.63105229222888,18.2157872719402,46,0.00895093139420573
0.997009504691331,18.4747828914299,47,0.0105596035081032
-7.48629376188764,18.1795244661963,85,0.00628215174494074
1.98606934117355,18.5738397019195,52,0.0103840869249869
-2.31355445644614,18.6574983433165,49,0.0104316277255851
-3.33243206211497,18.4896061106816,95,0.0091463236974418
-1.61452760687033,18.4978263424554,51,0.0103862506090517
-1.67022323751698,18.3753640774949,50,0.010134545495152
-3.99891113170978,18.3542558038286,56,0.00885936098541383
-4.12514589150668,18.5244560238262,47,0.0091080251866262
0.178782818109399,18.9208933915043,50,0.0116465027940598
-0.939064424281586,8.69728517687859,50,0.00267351197029521
-2.94235553964431,18.2597455227957,40,0.00945652670843817
7.64110623193675,4.36205796008561,100,0.00161160650213453
5.42752806648636,18.3373353721513,69,0.00781471379355715
4.49853020019565,18.3544418166693,63,0.00848774630329168
-3.77720054632205,18.9465660956562,46,0.0100766247541424
2.24272007560034,18.8039411995245,50,0.0107566926614062
5.32842062400715,6.64550205529932,30,0.00207296667354842
-0.972292571685642,6.2992630137358,21,0.00213280998616908
-1.39158787698701,19.0243612503899,51,0.0116241402293534
3.21334776311203,18.6946419981346,40,0.010075257639286
-2.86564888556828,18.3036422096208,83,0.00919451134176597
3.27619881078551,18.7712320514454,86,0.00972170208020332
-2.10836306686055,18.6818939338597,40,0.0106830175343632
2.43533025252327,5.92456318181987,28,0.00203728460147744
-2.49063262343644,18.906960514249,59,0.0107315371184594
0.245240922896623,18.7458343763348,73,0.0109467055246642
-10.1753655597525,18.45538202009,81,0.00497489793801365
-3.30604315617577,18.4347187721248,45,0.00950659409190114
-0.572923429223917,7.21861842087136,20,0.00232911899233889
-0.768281243196994,18.7492409125942,50,0.0111707247835866
-1.51228158822954,18.2276204050721,42,0.00998058373451165
-2.63630876836543,18.6339174682744,49,0.0102150756859269
-8.13137285039258,18.3394724307536,68,0.00607961124586779
-5.90212703412097,18.6127104022751,96,0.00764109327688064
-4.03156747389482,19.0041554662411,49,0.00995001039160587
-3.12476437488815,18.7641284667265,53,0.0101294017421804
-1.29220631055066,18.1622982277926,53,0.00980967404098764
-3.759343895368,18.1745827844678,32,0.00892339965218854
-0.846426051210489,6.28364761312325,23,0.00212988123440973
-6.41135584178208,18.4027945767744,43,0.00736547367518742
-4.30057782064485,18.3005905212657,40,0.00871065670096231
-0.813978378652666,18.5743437434707,44,0.0108448196847128
-2.6193702287497,18.8399949934172,46,0.0106672486334503
0.978525918915187,18.7272997236,51,0.0110635011209894
-4.30040324431364,18.6650696020342,42,0.00924522534610767
4.67506864985031,18.9800691891241,41,0.00945784005236218
-0.721072869661992,6.91611237641011,19,0.00226234547437072
-3.77789977741091,18.5109763988447,56,0.0092420692824582
-0.918636549582105,7.36651242216641,29,0.00235472202369062
2.38489143598997,18.778419890793,73,0.0103749236748314
1.19438131277187,18.6226121313833,43,0.0108719625745281
-0.553959648740439,18.8771545690002,43,0.0115980237095641
-0.215032845674579,18.5505904061392,43,0.0108772081110904
-6.73354031845255,18.3860384414274,39,0.00714689363602349
-2.63630876836543,18.6339174682744,49,0.0102150756859269
-2.10544631027811,18.6798544010956,42,0.0106573827738134
-4.12514589150668,18.5244560238262,47,0.0091080251866262
-0.00851806383269782,6.26078610583078,13,0.00213319454369457
0.600809715997429,18.3716654626254,40,0.0104916473319503
2.15863456283012,18.528652160436,45,0.0102925323165622
-4.00567309773829,18.4790261445536,39,0.00918507496325792
-2.95142049115925,18.3967063235527,41,0.00968155428355205
0.602350371844127,18.5978701019344,41,0.010968066891873
13.8249426459918,16.5277216366093,100,0.00303509865618428
-3.32619120239885,18.96102351369,41,0.0104955664404459
-3.64195454154822,18.8452562920049,70,0.00976059994739977
-8.41933847986827,18.6726229936673,33,0.00626892962147221
-10.5075173907312,18.529847468131,68,0.00487368079419382
3.13531670099398,6.02308054964359,31,0.00203775456394696
-5.21657596039407,18.2640762076672,44,0.00802444977984458
-6.73766590632023,18.303946146996,60,0.00696190109316529
-2.47956935916914,18.3084060960481,53,0.00965196754299783
-0.149508510470756,18.3167102434022,47,0.0103389821286254
5.7146657972978,19.3185108444052,79,0.00873846654664494
-2.3169146751641,18.4291346024968,74,0.00974339542157318
-4.41569147449342,18.3195928723351,39,0.00866984767919872
-0.244989758546786,18.2660033022413,41,0.0102955326605513
-0.812699743463832,7.58446422371879,15,0.0024142404761749
-0.363127691737316,18.371475368094,40,0.0105165283346783
-0.782193815261849,18.3856587602909,63,0.0102459660321568
-5.33764873523675,18.8198139436214,32,0.00874593732423132
0.336209309198947,6.16946949535123,21,0.00211127803204403
4.27089535082579,18.4067980997022,37,0.00891043721372231
1.14659976642243,18.6379963942145,41,0.0109428543426447
-0.501821810779597,18.1982551858671,42,0.0101290421046522
-2.48194758713423,18.3785576904281,49,0.00981525268434371
1.67802885144266,18.2968281907846,35,0.0101322591193242
0.504291525795175,18.5203753227209,43,0.0107866738935411
-1.03493478308191,18.5445360675656,40,0.0107790001592763
0.537112589972015,18.4526302701588,41,0.0106596912865481
-0.914413483722022,6.34848844824681,38,0.00213522167166316
-0.432762039960358,18.7003435269272,47,0.0111470008047336
-5.55731542579239,18.7761102371115,32,0.00850888145058801
0.714922030597973,18.3624115671479,44,0.0104123526415662
-6.08188599083857,18.4773268920674,39,0.0077013073916175
1.89766526477248,6.04518481002148,19,0.00207321684522444
-0.313552236979175,18.6490496391589,80,0.0106537471541546
1.14229014872633,6.23323358402016,28,0.00211516522667709
0.928011414888927,18.3575408104752,43,0.0103753357761675
-4.16678838957525,19.0131189875157,70,0.00965695633822654
-17.2798181999105,18.2540961974678,87,0.00249693970346445
-4.4784111950941,18.2873823275284,49,0.00850949141035922
-2.26103517981146,18.4209500259156,55,0.00993716977995252
-1.12492206025755,18.5089571609737,47,0.0106009054780811
-4.79255610240394,18.7482140360352,46,0.00896726204910506
3.82747306734584,18.8570333401027,49,0.00984967317765849
-3.23982360230896,18.7895047076732,68,0.0099508664790408
2.45610244608422,18.2893922532576,48,0.00967551914708657
-3.21555232220375,18.5728321882043,49,0.00976417395018357
0.507362334985684,18.8436846446049,50,0.0114318841102446
-0.460908519912729,6.83598878969298,54,0.0022292843634257
3.19053542068202,18.6880783655942,43,0.0100474911927378
0.180809635636598,18.3870949881153,45,0.0105049701919426
-2.24330519869072,18.9858664709549,53,0.0111104200177356
-7.06843282423845,18.4797842371755,68,0.00686457816477036
1.23547628045985,18.7512616170132,42,0.0111583443208909
0.602350371844127,18.5978701019344,41,0.010968066891873
0.226828792850398,18.7535389878345,43,0.0113375353259106
15.574522064611,26.2857126523097,100,0.00392235293500417
-0.483772059446705,8.28563376176957,77,0.00255076514333876
2.17426865911624,18.7198247635026,48,0.010638995158734
0.0604246596108522,18.5282985972972,35,0.0109279624438901
5.14272957384606,5.94467880033633,39,0.00195471268342376
-1.01786051731095,18.4939482216556,34,0.0107430868754143
-15.5910685919647,18.2214969113719,77,0.00290185644480895
2.80009862003806,18.6899622558613,62,0.0100955228333621
-8.56775188735009,19.0289134708813,40,0.00639724501280847
0.0769485551323085,18.3990934520418,49,0.0104888806313971
0.886049929344716,6.58290904182372,12,0.00219465119797805
-1.20217926236339,6.78395794477589,11,0.00223364919917481
4.21295748638329,18.4753734137726,49,0.00895700811105126
-0.106599716538155,18.8825359900898,41,0.0116782302319747
-0.380313532203346,18.4170049186486,40,0.0106113028827411
0.343371502323988,18.3119223250647,81,0.00996926564741986
-1.85030208662153,18.7505729623003,43,0.010913599884999
1.59812439740775,6.25997911664823,40,0.00210939628634694
-4.18764222715849,18.5424880237871,71,0.00889866502036629
1.14659976642243,18.6379963942145,41,0.0109428543426447
-0.60662203400767,19.0680115415238,41,0.0120933925656909
-1.24570329862071,6.54558898971547,72,0.00215512794626143
-0.886670273407975,6.43167332880629,22,0.00215929867486474
-2.98228955434309,18.3667432798365,42,0.00960241780463114
-5.9817463739493,18.3174011814997,76,0.00738732111084293
-0.523410383021199,6.80074163402658,30,0.00223354195582342
-8.56231961617126,18.1547744897411,39,0.00580283001749542
-8.87178057284144,18.3256383290525,59,0.00566774193031653
8.75052082306892,15.5645160123452,100,0.00420730341171841
13.5524146724622,22.5659209785697,100,0.00451244596073671
0.0539025868377545,18.5649527323726,39,0.0109619333764497
1.84053909548203,18.1750752159539,81,0.00941528356574558
0.155783727351491,18.2427581620005,72,0.00993636949256213
0.952616082766095,18.2944007453764,43,0.0102424584974272
-8.95763536704819,18.6485520848237,33,0.00590619409828716
-8.92486845478667,7.20104643021268,100,0.00193649197114976
-1.27818250564952,18.3978923378187,63,0.010163673850716
-0.448157366547441,8.27084149720399,21,0.00258407686646568
-1.04403120481956,7.88917194992648,57,0.00245957483428488
1.27563200695921,6.30686983671169,24,0.00212983959078226
2.38679073043918,6.07162593415431,22,0.00206788936071739
5.56981000222193,18.78489745415,55,0.00834698758076715
3.32583265614582,18.1547161040575,29,0.00916769380557952
0.0507917296402906,6.52350805646354,37,0.00217437531904846
-4.45901947955036,19.0563785122719,55,0.00963304218128878
-7.17137474899792,7.67118506275435,100,0.00213234273043484
-0.0826412992857208,6.10277941864595,12,0.00210288025422276
-0.108238537695505,18.9013238665179,41,0.0117243277537293
-1.53706100616447,3.03532643491947,100,0.00159086378312638
5.0562251925889,18.6669945718966,78,0.0084174741102528
-5.21657596039407,18.2640762076672,44,0.00802444977984458
-1.20122127201166,18.6543209723653,40,0.0109755975516459
-2.96994746231253,18.4859720160937,50,0.00974495900928793
-3.25214363795902,18.8817244513636,46,0.0103402926665146
0.324599466092562,18.9206115740962,47,0.0116766330750751
-4.05088089945218,18.2385050766183,38,0.00879448831680068
-1.19254199888454,6.50354118151897,22,0.00217073115714093
2.80009862003806,18.6899622558613,62,0.0100955228333621
4.20338361784838,19.0617363755457,43,0.00997002778053591
2.28621935295117,18.3629705389241,58,0.00979001963411581
-1.533049787323,18.8976609207109,42,0.0113899217762387
-2.94328191649645,18.1855864630056,29,0.009426661250171
3.74705520554705,18.7010231076828,40,0.00972281059203395
2.15750536244107,18.5152317694968,64,0.0100701263507976
-6.43261726351487,14.8053709278666,100,0.00450988444450403
2.88843869969482,18.8064752450948,49,0.0104022805211004
-4.41665116490268,18.4528556223599,39,0.00886325051484869
5.51506024811854,21.0105695335605,71,0.0117166651751732
-0.932075633928269,18.1682613976009,46,0.00996775263088851
1.65444552804722,6.19853546345998,21,0.00210521540683406
-0.867004720712471,7.44665584533334,40,0.00236738069351327
0.602350371844127,18.5978701019344,41,0.010968066891873
-2.96889508899581,18.1533732838458,41,0.00925429519738942
2.35742992907903,18.3687195848121,73,0.00962775821227582
-3.19507525390872,18.2105698178744,42,0.00922127622690231
-0.513538412736841,19.0535027446606,49,0.0119558757581436
-10.0618109194067,18.6116764167277,68,0.00514151011729477
3.48832207185118,18.4749780249193,54,0.00938339592975003
-4.41569147449342,18.3195928723351,39,0.00866984767919872
0.146429354007765,18.8558559377326,44,0.0115714882654087
-0.155585798460518,18.2399845923183,69,0.0099607862826138
3.63693316831016,18.6280421699962,43,0.00964504808008428
0.952616082766095,18.2944007453764,43,0.0102424584974272
1.21467065998664,18.9490623692601,42,0.0116274663049817
0.886307400712439,18.4366107153769,45,0.010525197015122
-0.126706721509693,18.5956480975327,46,0.0109447306179377
-0.32588408024939,18.30076246115,69,0.010069494606671
-2.63630876836543,18.6339174682744,49,0.0102150756859269
0.594116344438356,18.6613263853302,41,0.0111120609818099
0.433250010753863,18.5726797709857,73,0.0105634571377483
1.20894405186922,18.3476858983555,58,0.0101347745978807
-0.901750257771979,18.5175370888017,74,0.0103714150637896
-0.365954620057403,6.78533594630819,27,0.0022324992812496
-5.43450474057142,19.0169817520426,89,0.008506607924535
0.826094746523343,18.3772825179275,42,0.0104461769424966
-0.250768612151661,6.70795390294433,12,0.00222407453945589
10.0516530131961,23.5764363512619,100,0.00773417730021223
-0.691014545128996,18.2471085924921,77,0.00985125178560812
1.70367230753957,6.63111468040159,10,0.00219528586791724
1.48076432865463,18.5271541476374,42,0.0105911175404709
1.9532366451205,18.1608475765078,44,0.00968863964906565
10.3245418747564,20.0980695346568,100,0.00565726325679777
-5.72570383776584,18.9210514068927,56,0.00838844677933241
5.46394528001158,20.4259934782,77,0.0106679723366389
-5.66235316995499,18.6143486116791,41,0.00815872536993005
-4.57397339066986,18.2765772442455,30,0.00856986801708288
-0.0400523686810245,18.3286219026707,88,0.00994299372308991
5.23939982611183,18.7374147912954,87,0.00831279936258956
-0.764310633298676,18.8151578073267,45,0.0113873560914551
-0.0517402411355325,18.2892196107172,57,0.0101804826313258
1.46957635216104,18.3155799511704,74,0.00984443824138983
1.11476130204506,18.2563378567105,44,0.0101216873316701
0.162290669139166,18.1584401197782,45,0.0100430261853681
-2.52285316924366,18.7085592812454,89,0.0100062764558574
-18.5399955285263,18.8436614206662,80,0.00230441783027266
0.82385574324907,18.774232055141,41,0.0113310114728441
-0.805920767309737,6.34972892731997,10,0.00214917217321054
3.46165408721026,6.58024961171436,38,0.00212963324425446
-3.59156991161627,18.618258153203,45,0.00964013292760939
-4.21631195441119,18.8597775010682,73,0.00934539810773224
-2.45595670655782,18.265008224838,47,0.00964131360988406
3.60197270968761,18.8093091632735,50,0.00991939671949404
-5.96592886453193,18.2173712995963,51,0.00742956242209052
-1.82466890821711,18.1712262759656,90,0.00933474097777426
0.602206913302795,18.7610933472752,66,0.0110282466948159
-6.93064786102802,18.157727572097,45,0.0067753913308399
-8.72028758762885,18.5588704476101,58,0.00590742767861868
0.63906915235626,18.8636038948671,52,0.0114329108996956
-7.01699509186194,18.489295822795,81,0.0068459165736937
-12.1795908165653,18.4910202613459,42,0.0041451744394237
0.247988038777458,18.2584411746699,44,0.0102484047401309
0.714922030597973,18.3624115671479,44,0.0104123526415662
-10.1594513587774,18.9778730251791,86,0.00521840089622017
5.25614621204799,5.94882836760113,40,0.00195052809026666
-1.43071498890969,18.3220223735167,39,0.0102202946300481
2.61816411334864,18.858717352121,39,0.0107873560687664
-2.795691035854,18.3051581619185,36,0.0096492025280895
3.62427639918406,18.7529747734741,61,0.0096996223295758
-1.45003731678532,18.6691315931278,79,0.0104823575039206
-3.83881547470137,18.2181095700224,87,0.00852315922240815
-0.300471979043535,6.1450632237763,21,0.00210666716078215
2.02475473436729,18.4250647934625,75,0.00984814609612086
-8.75570358166152,13.9509270998205,100,0.00357066301886338
-0.634173794096782,8.28992783793591,42,0.00257374241652749
-4.52227262794647,18.4505938458422,45,0.00874033192001454
3.3143728965547,18.4110837831476,48,0.00943472415778558
0.265838706097355,18.6760460473526,48,0.0110939302806131
-2.95150655474543,19.1337189618065,39,0.0111505169911962
0.389569227578639,18.6386114831667,45,0.0110363627207408
5.7146657972978,19.3185108444052,79,0.00873846654664494
-1.07019972197157,6.07220113521738,55,0.00207336237274259
-6.2825416251374,18.4285601513887,30,0.00755591195124679
1.31008520574651,18.2625784563915,38,0.0101469743317516
2.182117092135,18.9259452600513,85,0.0106380657253894
-0.108238537695505,18.9013238665179,41,0.0117243277537293
-4.2279685577923,18.2647593044922,46,0.00866032719197483
-0.695694504711129,7.16153430989677,55,0.00229693577035325
6.80928421257562,6.35310774269132,41,0.00194565050151147
-0.722335725685901,18.4158852321855,73,0.0102106023040217
0.803390385522842,18.5566910214166,57,0.0106585958215054
3.14248350516455,18.2519843011405,55,0.00920692334315686
-2.13253428175238,18.9204481521871,43,0.0111499643408025
-1.58010363786506,18.6141356129962,45,0.0107058829030359
8.63683502135994,16.3722080433329,100,0.00461907254631259
-3.75233308638138,15.3374545546695,100,0.00553017514753577
-6.7762093231446,18.2940396032568,40,0.00702497529440771
-7.66487114675427,19.064805754722,71,0.00693825636259932
0.370522829721512,18.481514882833,52,0.0106137450200493
-1.07551430558274,8.43522346781223,40,0.00260805372257461
3.91832575047171,18.8725033179037,41,0.00988615229846504
0.749504190010154,18.3587348483618,64,0.0101874199952129
-0.556921692928959,7.74871720545414,46,0.00243709513628983
0.19767252833268,8.80132033740198,49,0.00270914277228874
-4.87572354917103,18.5411384249028,46,0.0086104540198636
-1.71856427133805,18.503722436447,44,0.0104365048613965
-1.85030208662153,18.7505729623003,43,0.010913599884999
3.69248083212547,18.5258549509938,38,0.00948004336724836
0.442162995614828,18.6804518258002,49,0.0110762453388474
-9.33038479511836,18.1921804748088,71,0.0053036973895254
-6.1134043725997,18.4768207227252,53,0.00759636221413426
-1.70230009662295,18.9612830431021,42,0.0114668400145042
-4.41569147449342,18.3195928723351,39,0.00866984767919872
2.51842922613832,18.4249216162934,68,0.00970049617586731
-0.800304641634064,8.59725665488201,48,0.00264941102845065
-0.863575452067655,8.58521929963467,71,0.00262942300675349
-6.2924802511917,18.8553703194728,59,0.00784301914719841
0.602350371844127,18.5978701019344,41,0.010968066891873
1.14659976642243,18.6379963942145,41,0.0109428543426447
1.17037087127487,18.3650877336062,43,0.0103361742174141
-0.106599716538155,18.8825359900898,41,0.0116782302319747
-3.09858821411972,18.4373204450083,48,0.00960500116984813
0.253508747428489,6.60060172494229,11,0.00220225595218187
1.17606071075784,6.6457097357855,11,0.00220515596541163
-0.691055978635217,18.7151666634981,41,0.0112196754009745
-2.29817663388342,18.7294770636732,40,0.0106869995866928
-7.95357802520585,19.0318131540602,45,0.00682039347350089
-0.955625076206836,8.62857148935862,33,0.00266659844316567
-0.501821810779597,18.1982551858671,42,0.0101290421046522
2.35813857756901,18.2055148171959,52,0.00953336427486085
-3.75531869532044,18.6511654560417,41,0.00962197071746746
-9.47747403379777,17.1301143610584,100,0.00465374983170865
0.224024897938968,18.493473396186,37,0.0108217895067374
2.11539534400043,18.4439125122617,80,0.00979797798211219
0.331335245979548,18.4521940353544,73,0.0103262208906109
-0.16455139063763,18.4962500435238,44,0.0107491011390142
-2.3146588698846,18.5124803591255,76,0.00987577526949141
0.683370238142636,6.38456527181979,56,0.00213576927181877
-2.08519226387797,18.8706302650383,52,0.0109553006961459
-1.08574364654121,6.69474887308034,11,0.00221631202561443
-5.2017807359515,18.6906269875222,88,0.00827406427651244
-2.33467399938149,18.3368203607052,37,0.00992396345018069
-11.1325857547989,18.4515083986339,84,0.00450900468261304
-2.06698322244406,18.7504814790417,71,0.0104954631952465
4.08045412628875,18.509188570689,41,0.00916490381822896
-3.5257940476947,19.1031710125025,39,0.0106455547701734
-0.0464151430741538,18.788719529562,54,0.0112849361054106
1.06798226781929,5.87182182613758,65,0.00203220677382029
-9.70912841062659,18.1577183283259,34,0.00518870206792061
-0.501821810779597,18.1982551858671,42,0.0101290421046522
-2.13987694003072,18.5118185835438,41,0.0103101632357298
-0.886277538298453,18.5297917030632,42,0.0107570446554828
-0.785314892596669,19.0980174890666,46,0.0120610219321788
-3.72620369887531,18.3323035427471,48,0.00905910806567805
0.94883802774367,18.1525953963088,47,0.00992467259990104
-0.685954151434293,18.9224549917178,41,0.0117132592229356
0.18725291984524,18.4809955527116,90,0.0102118999910354
4.09333707625183,18.5893917883193,56,0.00915553895369364
0.46992649844356,18.2042110244788,40,0.0101646719933498
1.59458144655432,18.3770766316508,46,0.0102048142620053
-4.4193275695945,18.2565852599983,41,0.00856305385346741
-7.91571817593252,13.6723447295216,100,0.00365117782072828
1.4042784461466,18.227944962001,73,0.00971125623569769
0.0769485551323085,18.3990934520418,49,0.0104888806313971
-5.10519752893821,18.381661895338,55,0.00817485274705305
10.106239030559,18.1808375801294,100,0.00486033401917024
4.32361398224588,18.4952857629468,48,0.00891936081984643
-1.18109529613197,18.4552726815926,32,0.0106419062141465
-11.1455715758571,18.9635664876767,77,0.00471713056264408
-3.02769324618943,18.3773671307746,87,0.00919864271290441
-3.05886944483071,18.6759662347039,41,0.0101289559410905
-3.42731270176426,19.0021702447451,47,0.0104350895855355
-11.2830884275062,18.4634279746269,66,0.00448173495708316
-6.70269597856117,18.1642850166164,74,0.00679080313325157
-7.41922249264312,14.7785668250636,100,0.00423545596318503
-7.50260459464486,18.3614174563353,74,0.00645842035004997
-0.0791839253888371,8.76442467890329,50,0.00269836006773179
-2.80891360870725,18.7635423958082,55,0.0103030094278675
0.415825187125725,18.1740932340959,40,0.0101097268428913
0.235559853862316,18.6636527604098,79,0.010700678107016
0.825948756551402,18.4471054075659,34,0.0106827287489885
-9.54676459315666,18.4035929448912,75,0.00529132104046178
-0.893642304142059,18.2726698454093,80,0.00983862753587885
-0.427571962767724,6.31061825308015,20,0.00213897826170634
-0.73136217163045,18.7168253524477,41,0.0112162783893897
1.44665120404335,18.9922289156958,69,0.0112926617173584
-0.482319164792089,5.98757222709786,19,0.00207688293274886
0.634159617168722,6.19036197091295,12,0.00211806102152401
-3.87821211232485,18.2294620941872,59,0.00872504471697528
1.6863416932132,18.4197660085215,46,0.0102578727296596
-0.217927392552581,18.5031462899468,42,0.010784888503523
0.952616082766095,18.2944007453764,43,0.0102424584974272
-3.16747189842027,18.7348276120631,48,0.010098439193194
-13.489390773539,18.642851711594,76,0.00363051167562258
-4.52227262794647,18.4505938458422,45,0.00874033192001454
0.024481836032419,5.82497218411048,23,0.00204583274315553
-1.56356171574122,18.8991924290444,43,0.0113682940211652
-9.06635570876378,18.5719158733501,48,0.0057408158361898