6.83016096230854,26.4581670907533,100,0.0170879704477839
-1.00605370181555,7.00966140288838,21,0.0022789358337743
-8.3189548565336,18.192049408716,72,0.005854829231511
-1.36681943198671,18.4330005064091,49,0.0103561677332705
-1.13169405656938,19.0119457088662,40,0.0118354868529931
4.15871674423668,18.4059623021537,41,0.00895270207068984
5.57673840580861,20.0851190533545,58,0.0101761489077484
-9.9564933470003,18.532460206039,64,0.00516905890249079
-0.619152361536722,18.7160160275321,40,0.0112461405752283
-3.6333015876066,18.5434687701388,51,0.00943194577859596
-0.294751235322432,18.5980368988859,42,0.0109896472529661
0.394448165381681,18.5789531940401,44,0.0109149620916406
-1.23877573013894,7.2005245034601,21,0.00231803132542094
-3.75679575305267,18.9161373086335,48,0.0100170991273338
-4.42713497752114,19.0163575977009,56,0.00958475084956528
5.30466817303196,18.357872334882,45,0.00807399520860876
-0.605721235467716,7.14898970213211,20,0.00231339553105134
-3.24012629239445,18.2743008709696,45,0.00927568590396303
2.94468584513688,18.1887865341698,44,0.00929986447187565
-5.26981740010914,18.7374984573661,54,0.00852409128931371
-2.3157483421669,18.6816811394855,42,0.0105565504848559
-0.312925799496529,18.8914145120204,64,0.0113821821096616
-0.992089292390323,7.64681859163184,21,0.00242360845198608
-7.26708109281796,18.5082193780787,48,0.00684976626063667
-4.23553553596852,19.0630422650627,56,0.00981845962470249
-0.596936032071624,18.6551479015593,43,0.0110730461301872
-5.2918017589327,18.4678190182748,48,0.00820072461544171
-8.80342660894464,18.8955029832445,84,0.00598137337206444
-5.29010123856935,18.4793249858351,33,0.0083190231673401
-4.05141984184757,18.381754824708,51,0.00890665774957322
-0.478351623904908,18.7238171424156,72,0.0108906078555846
2.45991554282903,18.4697554753471,62,0.00986659511070133
0.224024897938968,18.493473396186,37,0.0108217895067374
-1.25991908586168,18.9501177487141,43,0.0116014098575113
-1.65816504605589,18.3009601519783,39,0.0101061774209293
-2.00990551295405,18.3319815458951,39,0.0100353841604997
-4.06688439296057,18.866321372765,53,0.00964794331891628
-3.99548939989811,19.0057279891234,42,0.0100517713065595
0.0445659604749605,18.3000472073419,34,0.0104472125056858
-1.44238894486239,18.7968255932863,43,0.0111800525934735
-4.27713392213215,18.5898585442648,48,0.00909476940412518
2.70172227605878,6.11831221651452,11,0.00207445196739234
2.6072634136047,19.0978553815082,63,0.0110137425124795
3.61531347476434,18.6333727511336,58,0.00953062190312547
5.45745156886741,18.4194627722698,51,0.00800436367492284
7.57408542805726,6.03216286961672,54,0.0018512478196541
-6.94945707473299,18.1574591700782,47,0.00675405359688569
0.602350371844127,18.5978701019344,41,0.010968066891873
-1.77743175706431,18.2641606758522,46,0.0099241680630148
2.53524396427256,18.9878995688249,54,0.010933196768029
-2.43222924975487,18.2572078515916,50,0.00961038618332036
-2.92651914129956,18.2837376054506,54,0.00938139237911305
1.26101739973364,18.4560471835726,41,0.010520918335531
-16.5651479409042,18.3606209419186,73,0.00268192281537724
-0.94132188779432,18.6813045877898,31,0.0112160153507196
-1.04218364705316,18.6993130071876,49,0.011009823759617
4.23685837342189,18.1575326324544,48,0.00848796832616688
2.5809182921166,18.5529663551839,49,0.0100902045605649
0.574780690261053,18.4257303428949,51,0.0104865623036656
6.19744921324783,6.6182165859165,78,0.0020065202263338
0.614829875530663,8.59277691244512,41,0.00265496695597423
3.57065267875462,18.6926885738495,43,0.00980268969448075
-0.0589750636562453,18.5822008898268,54,0.0108219291845814
-1.46974149037967,18.5869885760564,43,0.0107097569196114
-0.915801692137673,6.81798189087787,19,0.00223985121472449
0.431362727342463,19.1124351191882,46,0.0121612208531233
-6.64634638963301,18.222522868721,32,0.0070831709795593
-3.07748200874621,18.7529660189302,48,0.0101903067126639
0.842743686369353,18.3421392060112,46,0.0103279734628682
-4.2668070557848,18.3059269193498,53,0.00864225286112099
0.644632304010493,18.9668223223638,47,0.0117471347696827
1.2624243330971,18.691864944345,43,0.0110044805891103
0.964041532263411,18.6279079222262,89,0.010418325024411
-1.18138018712618,18.2645063792621,61,0.00995085532029713
-24.3430957651106,6.558838806031,95,0.000946271259754015
-0.836893680377151,6.94379389599749,21,0.00226633638387158
-0.615467184004751,18.6671040175291,41,0.0111220034668725
-1.18870306958759,18.3737482059249,39,0.0103921547078474
4.17591626726497,18.3922348364864,52,0.00883382431434557
4.74554886952864,18.4998279114436,47,0.00863877217283757
3.40935253678433,18.675495756849,47,0.00984227710606151
-8.6753958409334,18.4091035442638,83,0.00575353149315361
0.763886052586824,6.09918924839385,12,0.00209964411150211
-1.02328532253713,6.01875995012409,9,0.00208358569770949
1.86249682641527,18.9425215113697,43,0.0113361515742816
0.757812708618659,6.20722310841802,37,0.00210938625775018
2.59642718832299,18.8613745532598,48,0.0107020621410078
-7.65445841168595,19.0159050505779,38,0.00706555947262941
-4.67878024554847,18.8304006892408,49,0.00915348844294389
-2.45907606792019,18.5508633989385,52,0.0101182736561458
-0.637903502828642,6.64242698473534,13,0.00220825736626511
-0.580628760801487,8.39570138252432,41,0.00260250514131435
-6.93479811927029,18.3791182436912,58,0.00691070783160428
-0.73136217163045,18.7168253524477,41,0.0112162783893897
-0.0781416905371891,18.2148322014011,51,0.0100948708176337
-0.660491358580124,18.3348295073785,30,0.010516389989328
-0.809009727430634,18.4584834654299,45,0.0105856794526381
1.51477129542299,18.3615117164693,48,0.0101791231547512
-0.296742239109046,18.3434872070092,42,0.0104409643736983
2.76527795023075,18.2923639608679,50,0.00951374582717906
0.478104083723927,18.1657293636458,61,0.00987825761028732
2.57934576103301,18.5622352194139,53,0.0100679145694569
-0.819351444958266,7.73475101172629,29,0.00244171787274159
-8.59485413877159,18.6745537447023,32,0.00615886253452634
-6.33737545489243,18.9380886677485,80,0.00777086023040264
-1.61156787570125,18.186519149438,51,0.0097848992943049
-1.16863965712055,18.9585842434914,44,0.0116382023679717
9.61075829705509,8.51024297125403,53,0.0021140370932372
2.85880194063855,18.668174453009,56,0.0100820553580824
0.457671445937549,18.450955993775,45,0.0106197891161002
-0.785314892596669,19.0980174890666,46,0.0120610219321788
4.67506864985031,18.9800691891241,41,0.00945784005236218
5.05447758706722,18.7656682528619,70,0.00860747481223588
-0.871349971605978,18.3257515905293,45,0.0103001771256464
-2.06281530587727,18.2056988641651,35,0.0098149297143801
-5.32762417033246,18.3409615948278,64,0.00791639028707809
-1.61344912926906,18.2361773891374,45,0.0099358179242281
4.69142864960353,18.7250717791233,61,0.00889046980944677
-0.744007098443751,8.63973637945847,29,0.00267508007928212
1.31008520574651,18.2625784563915,38,0.0101469743317516
0.952616082766095,18.2944007453764,43,0.0102424584974272
2.06741408005856,18.7391569194662,45,0.0107657085065639
-6.90185480320258,18.4016776715822,60,0.00694348783800256
-0.902644672539695,6.97570105804663,30,0.00226797829561401
-5.1105173669309,18.7539660744675,52,0.00868351421765841
-0.796881174665688,18.6263902314411,46,0.0109387179475435
-1.63135153584387,18.1883878146956,48,0.00981101096887107
1.46398056901356,18.3496812514322,36,0.0102971862429356
0.412582592934161,18.5622781131741,42,0.0109001522667346
-4.70022074661808,18.347556104241,53,0.00841728341597305
0.329492615756167,18.5950767854111,41,0.0109924817747572
-2.73234940156346,18.5689588030146,48,0.0100489237611921
1.40118400857882,18.3444307240997,57,0.0100873672233181
-5.73707367721188,18.4933256490004,51,0.00789435744361724
-0.147112603396339,18.578754545746,41,0.0109664635082524
0.398822050272687,18.5825802925514,45,0.0109106573283599
-6.84835567340339,18.4348309982954,66,0.00698040895923624
3.69110772274695,18.3766803024204,73,0.00894597867201356
4.90607111965826,18.7158350647657,39,0.00888818670792868
-0.423928036719608,7.22734791940599,73,0.00230341481851949
-1.56356171574122,18.8991924290444,43,0.0113682940211652
-1.30620899676338,18.4679403277277,47,0.0104666907987654
-0.214381489073057,18.3568295262062,39,0.0105063319441978
-0.145798206600393,28.1945188945439,88,0.119999979372083
-5.6106666637219,18.5499632020318,59,0.0080012560671343
0.948551831657938,18.8677363711372,46,0.0114568821296522
-4.34524296353556,18.5199977171652,49,0.00893328816030936
-1.12303699159036,6.5703537781238,22,0.00218500972181636
-1.20827472233085,6.96731792069661,56,0.00224963411177346
-1.61483901736228,18.1840969720041,43,0.00985651670080611
0.699147834016987,18.3873191921618,44,0.0104662830847028
-3.18065895487691,18.6016259399738,48,0.00984659348259478
2.22499544620747,18.4352183145883,47,0.0100602195093764
4.90607111965826,18.7158350647657,39,0.00888818670792868
-10.8064965536674,18.5955275529518,85,0.00471620882363677
-2.29389896784076,18.8232180770227,44,0.0108402569231654
3.54134763381926,18.5269397078153,43,0.00953550406350111
16.9230627192525,23.9244545847406,100,0.00320729417919369
-1.58331634623353,18.4043946665369,42,0.0103050570920349
-12.4199990745963,18.2964508591918,50,0.00397389173503813
-0.308163666199879,6.32669166841369,20,0.00214255464163159
-1.14165174422217,7.53151429603721,15,0.00239807035846534
-1.56978428962862,18.7777923621685,26,0.011302734321929
-1.17524836086566,6.88534671085354,57,0.00223229169295746
-6.56517998104904,18.8970769767373,78,0.00756665862015749
-1.81954327831239,19.0406411510629,46,0.0115453940631111
-0.134794815082033,18.3429259400296,43,0.01043651872533
0.620668669082451,18.6592986137245,35,0.0111779456861936
-3.2883147422434,9.11200260549293,100,0.00268638287107736
-4.41569147449342,18.3195928723351,39,0.00866984767919872
-1.48278862524241,19.05266722233,49,0.011683533944267
-0.461951327679182,18.4264473779187,40,0.0106236473184805
-0.202233482467947,8.75359187607544,25,0.00271338056570551
1.45358933439469,19.0311084822683,62,0.0114698537698733
-3.10386602202016,18.9056132621772,42,0.010533172487933
-8.64760060852889,10.7300209864651,100,0.0026443797225971
-1.0074567159115,7.98263631707864,28,0.0025007834655354
-0.0253665772583144,6.36448188703048,27,0.00214724947752346
3.5471241583148,6.32760474132699,12,0.00209038684475824
-2.5243350805869,18.9311396714592,74,0.0105909895307392
-1.99393662021069,18.5325875112157,41,0.0104166166054125
-1.16737437230649,7.0508267694365,14,0.00228970813743813
-0.501821810779597,18.1982551858671,42,0.0101290421046522
2.45610244608422,18.2893922532576,48,0.00967551914708657
-8.72165772274867,18.6198368549645,73,0.00589373245139022
-8.11340979418192,18.4486030877897,52,0.00622951764648225
0.502142933333373,19.1045328671959,44,0.012160569169233
-1.38097033776134,18.2443871395659,31,0.0101634427507802
5.39806842190129,18.7067480159059,45,0.00844988623947535
-8.25588375339679,19.0211927819873,69,0.00648899889879337
-1.18567275869509,6.88204371108476,13,0.00225360584277515
-0.476908237505626,19.0003896504134,62,0.0116491687119508
-3.16747189842027,18.7348276120631,48,0.010098439193194
-3.30319568428282,18.6232989305156,48,0.00980857789612482
-0.918449293752966,18.8491109055916,46,0.011420356150428
-1.83525450223505,18.2380252537666,68,0.0096454953006526
-1.14178811132358,18.7340352083611,66,0.01085652912518
0.952616082766095,18.2944007453764,43,0.0102424584974272
5.34296382149286,19.8967074033424,56,0.0101541424908298
-4.38181049342262,18.5609095278312,39,0.00904999233165297
-3.40395546681856,18.2012133227374,51,0.00901681169650962
-0.887559398511519,7.65132875558022,35,0.00241762485605251
-0.213785089258373,18.5331036433786,42,0.0108506058098174
0.311612121802833,19.083858364434,43,0.0121446983437925
-1.52518082662338,18.8330090057639,52,0.0111190111867839
0.275079572035365,5.91485660346045,28,0.0020600707280344
-4.12514589150668,18.5244560238262,47,0.0091080251866262
0.6700925940264,6.2349676445863,50,0.00210950216199175
2.271213253449,18.8785316929481,32,0.0111174873641943
5.77013821653108,20.7058487126457,46,0.0111117211676086
-0.287925314737762,18.8782008626249,73,0.0112386299855932
-7.87949680684676,18.3334185575614,30,0.00637890285379962
0.933919812546199,18.588503032541,44,0.0108510737583398
0.801764599487353,18.8288152699078,44,0.0114248571937229
3.48832207185118,18.4749780249193,54,0.00938339592975003
-1.66871810451458,18.354827715263,39,0.0102085177548134
2.59148231693788,18.2463925603991,49,0.00952725836204531
-1.37741033205458,19.0448546734584,39,0.0118445752945191
0.0140955162347618,18.9963753620752,46,0.0118924520090773
-3.40765293632136,18.6328133282473,42,0.00981576986827421
1.71242846604778,19.0343853434743,62,0.0113705233474523
-1.0074567159115,7.98263631707864,28,0.0025007834655354
1.5025145588776,18.5194531262844,46,0.0105232748126248
0.941050564483635,19.0077586311646,56,0.011659002157909
5.73315037965683,18.3952599743996,50,0.00778969622293267
5.8226428203586,19.1794398041424,78,0.00847617450371549
-1.63210965386891,18.9291059208837,43,0.0114093092081378
4.36016328087171,20.7006567384876,65,0.0128723461711998
1.39006392379599,18.6938501666199,77,0.0105737042042242
2.80351911177548,18.9171144617108,45,0.0107229377638375
-4.07225656044868,18.3216178073234,48,0.00882701472101657
-0.855270147964821,8.63915779550184,36,0.00266865379438121
-0.448229274218277,18.2000503125478,78,0.00978086809100753
-2.22717114727002,18.4920904406576,69,0.00994607483832652
-3.64195454154822,18.8452562920049,70,0.00976059994739977
-0.655594295798542,7.77565337548707,30,0.00245241443220961
-5.2913656022354,18.4479949258186,44,0.00820286317769015
0.602925113129151,8.78395330337458,41,0.00270777264425329
0.967098680362304,18.2275017727014,54,0.00999549099738362
8.2335574632489,16.7843263122887,100,0.00499025922906756
-1.23473904007938,7.82722810856215,44,0.00244985728262045
3.22251143805141,18.8175796939674,46,0.0102382130160287
-3.03166418557652,18.5891570543638,45,0.00994397255317633
-1.17457372534118,8.42644373667639,20,0.00261785748615897
-1.66170375429816,18.600182478289,46,0.0106349753221196
2.1808461425983,18.3172365852905,52,0.009809209875652
-0.217927392552581,18.5031462899468,42,0.010784888503523
-1.58010363786506,18.6141356129962,45,0.0107058829030359
-2.08294799325353,18.2635946000526,41,0.00985664610716085
-0.274668426483556,6.34094003143724,37,0.00213766762980223
-1.1990696326553,18.9634638944683,46,0.0116131728139594
-2.06698322244406,18.7504814790417,71,0.0104954631952465
4.34146198464454,18.5334799767007,39,0.00903698947514115
-6.42888460599693,18.82449800145,56,0.00772235438912965
-1.77743175706431,18.2641606758522,46,0.0099241680630148
-0.768257449771428,18.5034503498366,76,0.0103456087941703
2.82922783372364,13.4747399388306,100,0.00444687951408097
0.336733300166302,6.09298474972447,47,0.00208519636377144
-5.43406850746728,18.3190078363469,46,0.00793120697823974
0.8557990715636,8.87826644440188,51,0.00272415345247173
3.06598191122704,18.4936883089847,75,0.00947398625429384
-2.45123929728452,18.7030749561454,34,0.0106177983630593
-3.04230014131793,18.6480829606355,54,0.00995631421947802
-9.01397305634645,18.8042223917783,71,0.00583831823687628
-3.22615633626161,18.2916992218511,44,0.00932095759191192
0.602350371844127,18.5978701019344,41,0.010968066891873
0.383020205348623,20.5169816836388,81,0.0158514346746903
-1.39996343781656,18.7258697020747,43,0.0110356017702387
-4.23553553596852,19.0630422650627,56,0.00981845962470249
-1.25991908586168,18.9501177487141,43,0.0116014098575113
-3.7845823514753,18.7548774557348,45,0.00974185780538058
-6.69464950527957,18.4212333024221,58,0.00711070768462136
-2.07644386076899,18.3760577049348,45,0.0100319797630569
4.16925181689733,18.5327637109178,51,0.00905763861761675
3.46891394195818,18.6505629742588,46,0.00976840507713035
-2.17721195241374,18.2641157339582,43,0.00979950557986845
10.7468772477785,18.2793954226011,100,0.0046038812556594
5.09980678315419,18.6751276812417,51,0.00859153687946391
-0.113274459439018,8.6740507698235,41,0.00267980199202616
-2.68084925361164,18.7263745956678,52,0.0103376652398718
-3.39580282217152,18.5763993012202,51,0.00963942154690843
2.76527795023075,18.2923639608679,50,0.00951374582717906
-1.89230526566209,18.4177850258663,39,0.0102500414632797
-0.73136217163045,18.7168253524477,41,0.0112162783893897
-2.6744327450155,18.3556089951493,38,0.0097837276984112
-1.79475185273412,18.9872115666439,62,0.011227069326526
-1.14763658917202,18.5279243781325,52,0.0105787898091751
0.394448165381681,18.5789531940401,44,0.0109149620916406
0.0871284532232715,18.696167687237,46,0.0111723025423063
0.978525918915187,18.7272997236,51,0.0110635011209894
-4.0811625254205,19.026486880586,43,0.0100090406364813
2.73000978089623,18.6123811969688,46,0.0101527724109158
1.843857014875,18.2247635698314,54,0.00975016138362929
-2.11773080434779,18.4361966308146,53,0.0100485196471187
0.461382812198818,15.9022980817264,100,0.00653039625858118
2.5170228758234,18.5055697640284,69,0.00983623743148331
2.78749245993017,18.6301370188557,57,0.0100417437138898
-7.58735987988014,18.3861494475783,38,0.00657694440560888
-4.79255610240394,18.7482140360352,46,0.00896726204910506
-0.869625366856965,8.23538474433573,33,0.00256323976242715
2.64556594798181,6.20027681688553,11,0.00209118765355612
0.0625116756129303,18.1984806720088,83,0.00974908358793878
2.75526522849941,18.2422308433844,48,0.0094502110965324
-0.385286072078781,6.05624007980263,9,0.00209464756383721
0.769086815056936,19.0422375571078,44,0.0119521116456591
-0.154092196215594,18.1829770724717,46,0.0100813122760361
1.67872253947599,20.999800403345,56,0.0177309980470672
0.622993462177037,18.3452107119278,53,0.0102940120610047
2.66426783716273,21.0809346537454,60,0.0166745019653666
5.69595145984608,19.1364356726096,69,0.00859350162574226
4.88705288642113,21.1484961926876,55,0.0132722529400627
1.74322943669826,5.84566214969528,12,0.00204154407369211
-0.859642755238253,18.6663638920459,54,0.0109187405775253
0.503852764548552,18.7216384578644,44,0.0112249689109823
-4.35534306463107,18.993706185487,63,0.00954170303965723
4.94205448542536,18.3540528003185,45,0.00831867649521003
-5.54728593672295,18.9802784073696,48,0.00866965942402732
-0.0417610796804674,18.8606909741866,46,0.0115590165282792
-0.287925314737762,18.8782008626249,73,0.0112386299855932
-0.652305583053623,8.15067920649212,35,0.00254237799522168
2.3024581455113,6.30251025318831,21,0.00211380310522977
4.91231967689309,8.72831726303336,55,0.0025214292822759
-1.82532180886112,18.3320816118963,57,0.0099267821932292
-1.61344346656573,18.2313757983124,39,0.00998617886158714
-2.02547015394502,18.8039347458186,39,0.0109964751814366
-3.52905598270049,18.1663923464694,39,0.00898914987844088
-4.59951682572224,18.7267251543725,73,0.00886557526239839
-3.50321656653112,18.3098036000295,47,0.00916561866611648
-2.58318097000134,18.252069761137,63,0.00941531859312763
-1.63135153584387,18.1883878146956,48,0.00981101096887107
3.25593901511463,18.8875623240312,59,0.0102114845652577
0.818074966228292,18.9708941630444,35,0.0118894160183799
-0.0541793618293327,18.3150504218685,35,0.0104675224830439
-0.244223311430052,18.2767988111274,38,0.0103496016122065
1.1315225323188,18.7200971295943,47,0.0110568393921546
-1.97597087954782,18.1954784162782,79,0.00942219998832589
1.6501109088244,6.51458644033083,35,0.00216074516592762
-8.01155381032382,18.2813239329292,74,0.00608788328133208
1.66264324839576,18.1709186404862,63,0.00962763870921755
-3.5780546401084,18.7960529675517,78,0.00964496739593745
-0.0439178566610094,18.7293347286876,69,0.0109655681471816
0.808583437236299,18.9830637322052,32,0.0119650507038275
-4.97047810192212,18.8557992976689,44,0.00900053242016181
-7.45434583263968,18.3283609771938,40,0.00660746495292285
0.467018403488724,26.0000523412849,100,0.0736208428879307
-8.19741733588269,18.4039235642743,40,0.00619044003852261
-2.9161782781449,18.7739713288713,44,0.0103752229936488
-2.13148320003554,18.7201634055146,47,0.0106719685696002
0.543947133176377,18.2998451315415,45,0.0102968510910467
1.98948467498635,18.1826754887316,47,0.00968677069760637
-2.13253428175238,18.9204481521871,43,0.0111499643408025
0.524396370337139,8.80576794833083,27,0.00272489331314681
-1.70230009662295,18.9612830431021,42,0.0114668400145042
-2.77914414413402,18.4078739682375,38,0.00982408103450742
0.101765469522231,18.2875299757348,52,0.0102283793957382
2.78825596075284,18.3687726223086,77,0.00939123853484881
-0.43197745630421,8.16245626973055,40,0.00254369095818489
-1.2344761572642,18.2911826027946,76,0.00984146881904004
-3.41166333261711,18.4280493065216,41,0.00946741498803795
-3.4572312387892,18.9325996356943,43,0.0103226881767559
-4.45599301992544,18.2564297238276,47,0.00849551463643319
-0.796881174665688,18.6263902314411,46,0.0109387179475435
-6.04830172433585,18.9134994344107,89,0.00790858066226242
-1.10792881007989,18.3721227549996,36,0.0104414900212825
3.56894755203517,21.0735173991944,60,0.0152180347599171
-0.478656390361622,18.3018759630026,72,0.0100289363255499
0.952616082766095,18.2944007453764,43,0.0102424584974272
-1.03493478308191,18.5445360675656,40,0.0107790001592763
-2.2676499247546,18.8606007526837,89,0.0104215879696797
-0.724478474601707,18.8906512997161,41,0.0116282781903113
0.187483932439304,18.8204839039121,41,0.0115245419766865
5.28881702703144,18.3394544779797,65,0.00793418408330464
-1.18643271963958,6.6992403292082,24,0.00220975589344838
2.59642718832299,18.8613745532598,48,0.0107020621410078
-0.732739648762901,6.41059869971627,26,0.00215439359298753
-0.848073912788412,6.16765991588471,12,0.0021122381587241
1.74986593864113,21.0540303902661,56,0.0178887434091508
2.25297603096156,18.3831563640968,42,0.00999891111833407
-1.31673043572941,18.2701300134597,46,0.0100781979012786
-3.84230415258789,18.8437612758175,46,0.00984454021426686
0.475580363801869,18.2550738309088,34,0.0103299890561917
1.21056481661345,18.7566505635894,45,0.0111408275670245
3.47265976234404,18.7446466949709,54,0.00985488077276066
-1.33495247128842,18.4046809639232,58,0.0102135107162326
-0.24397318872872,8.71993400351555,26,0.00270306830517117
0.0769485551323085,18.3990934520418,49,0.0104888806313971
0.361419160006293,18.4394578515929,45,0.0106042826349572
0.315968498697001,18.7228325808623,49,0.0111842750684653
3.20971064748329,18.2029438801358,43,0.00919237245502168
-1.00005742537385,7.94509791937384,45,0.0024810592138594
-0.184268027248415,18.6124410558169,54,0.0108843350046834
-0.44520864411452,18.9321835733142,51,0.0116377606873476
-4.33753226680544,18.5332659885128,45,0.00899068694517576
0.638369922239339,18.3026481679782,50,0.0102380224653269
-4.38181049342262,18.5609095278312,39,0.00904999233165297
-2.39524048658321,18.4028023903278,47,0.00992062126319957
9.77279168185049,6.17304466457897,88,0.00173735956628582
-1.0339347740215,6.28655875584859,11,0.00213430448679149
-5.9681495405324,18.193298908034,34,0.0074968806295452
0.329492615756167,18.5950767854111,41,0.0109924817747572
1.89075809258007,18.1775917873116,80,0.00941185977894104
-0.46740899794336,18.3991703340782,65,0.0102933445431642
-3.73866908748847,18.2698962223238,55,0.00889897909373194
-3.23351397119816,18.4579456198667,70,0.00936518311949416
1.70543713020355,18.6302099421617,45,0.0106927451684426
-1.61344346656573,18.2313757983124,39,0.00998617886158714
0.69728334306941,18.2260740270741,56,0.0100176766260749
-0.108238537695505,18.9013238665179,41,0.0117243277537293
-4.42428168356748,18.2297688468913,39,0.00853676273278834
0.432541353541011,18.8199598836139,41,0.0115031431546911
-0.692573934772008,18.3072008555389,50,0.0102395814694112
-0.95590480338611,6.98911408620461,23,0.00227396649611528
2.47204578817016,18.4879007631566,46,0.0100531389508819
5.75375762855422,19.1590328330194,55,0.00867791432053144
2.21560281490302,18.90558951885,44,0.011060295761639
-1.19273899486928,18.1879219212439,42,0.00999034663737727
0.0445659604749605,18.3000472073419,34,0.0104472125056858
-8.34092658436567,18.7297034392363,38,0.00634288606462486
-1.59429742715804,18.916400603094,88,0.0108397723101661
0.0769485551323085,18.3990934520418,49,0.0104888806313971
-2.29742610113748,18.96746868223,49,0.0110891472687423
-0.78397874484381,18.8081475968256,35,0.0114976852715764
-3.12476437488815,18.7641284667265,53,0.0101294017421804
-1.00012432826904,6.25143059648089,29,0.00211960989224051
-3.67342905428804,19.0602903212035,49,0.010335733394623
1.30869923359286,6.1657938319239,21,0.00210346571733227
-3.77972587400155,18.3678226674087,47,0.00908989930222156
-7.70962961790628,18.4087384560233,48,0.00647294882422694
1.39052264937359,18.6936743291417,37,0.0110401187560886
-2.63282964907487,18.1957531834205,68,0.00925460236306226
-10.3678295955301,18.4639016447865,42,0.00497753194427891
0.306223904217683,18.2756604011988,36,0.010365054309555
-2.57628943167485,18.5538170004021,43,0.0101557577213569
10.6039977629562,15.5678918762739,100,0.00365668052082539
-2.08294799325353,18.2635946000526,41,0.00985664610716085
0.20043040226787,18.2739581362243,26,0.0104759140110587
2.27624530266529,13.0876560481105,100,0.00428557438980995
-2.11604772621638,18.9993535857779,73,0.0109635161607553
-0.594495638601128,19.0357241985377,73,0.0115681722497812
-4.33872011496851,18.3052208748284,68,0.00848587307585811
-5.60427675945904,18.7261072646892,39,0.00835704710950332
1.44525578352647,19.0413353335647,69,0.011405056445996
-3.37617878401409,18.8944975053088,47,0.0102667319461581
0.550554104449613,18.1870089750416,47,0.0100507791818462
-1.44494999449183,18.3032570911013,43,0.0101374807948154
0.338098321303172,18.3066137878788,53,0.0102452601059195
-1.98575728467979,18.990726868304,41,0.0114115961947963
1.26073339921232,18.4797329398291,42,0.0105593226938462
-0.0251014797672895,19.0022040586057,48,0.0118787315392006
-1.10938471980595,18.3488880217683,66,0.0100789693374802
2.79343755030937,18.928488622555,74,0.010427717359543
-2.06698322244406,18.7504814790417,71,0.0104954631952465
12.9783397837988,29.53464877915,100,0.00552063402802625
-0.432762039960358,18.7003435269272,47,0.0111470008047336
-2.25002846189527,18.3689389977874,74,0.00966488687677113
2.97957419884908,18.4439710087075,50,0.00966522205282611
2.46889959758917,18.8566026267998,68,0.010539641995295
1.2624243330971,18.691864944345,43,0.0110044805891103
-3.84230415258789,18.8437612758175,46,0.00984454021426686
-0.026970167596916,6.71753020881861,37,0.00221406456646477
2.07100974378548,18.7014996060575,45,0.0106848054498619
-1.72348818236057,18.1865801980195,88,0.00940996049732038
-1.88081606148309,18.8084837476038,53,0.0109062210229678
-1.16514696051842,6.89763372101163,35,0.00224602420002244
-0.121081816510424,18.3366521981407,53,0.0103163665659932
0.419673221800743,18.2826181099255,44,0.0102852044330392
1.0466108377795,18.4283749750968,46,0.010462959069466
-1.10066177634707,8.29470171503572,21,0.00258356735385398
-5.05789108074431,18.383536221845,74,0.00808341759145696
2.59642718832299,18.8613745532598,48,0.0107020621410078
-0.391676147119357,7.60964140176319,32,0.00241323523889164
3.62214435246819,18.3157340569768,53,0.00905489264268216
2.06289755253505,18.253539382482,40,0.00985567585156683
-3.90127234428286,18.5006970755855,47,0.00922163751088964
-6.0387144933424,18.2824672566142,53,0.00743937585228896
5.11313983855448,19.9281509569336,55,0.0104735035911132
-1.99445729733255,18.8684983072387,34,0.0112172780641137
-2.73155563231582,18.5666026332375,38,0.0101468656208302
1.63505283473191,18.6666260503697,51,0.0107278588936572
-3.10758824327441,13.6672188090281,100,0.00452430912045668
-0.694573605229575,8.12047196869155,50,0.0025247349067951
-3.22615633626161,18.2916992218511,44,0.00932095759191192
-6.5190484831363,18.1924434366828,58,0.00700846786486161
-2.7469128276888,18.8556667858353,46,0.0106217096315533
-0.952102781811718,8.74289207537173,40,0.00269310531319265
4.92138507746246,19.0231985914882,84,0.0089580103261907
-0.705941170569565,6.2221450608763,17,0.00212156751971611
-0.796881174665688,18.6263902314411,46,0.0109387179475435
-4.31279400282153,18.4116292310799,70,0.00863585782224488
-2.91133067694782,18.3711174662116,35,0.00971447303318109
4.26312395938285,29.4943351039607,100,0.0325285347016831
-0.785804246398766,12.9074524614294,100,0.00427105620613565
-0.257021347835772,18.2029497563081,50,0.0100756125885121
5.6683407469985,19.901628450218,45,0.00991213533087284
-1.90341753608224,18.3721673158123,45,0.0100942379658297
-1.34105704063189,18.5969463426995,31,0.0109138740792214
2.58093712378478,18.6424849784823,38,0.0103790854706272
-7.47517935715016,18.4329712400793,54,0.00661938316603343
-0.0589750636562453,18.5822008898268,54,0.0108219291845814
-0.626370310741898,18.1981609591616,38,0.0101555469944302
2.65965838547504,18.3160592526213,44,0.00966321966604438
3.49424862172354,18.6490004908877,63,0.00958992961742353
0.504291525795175,18.5203753227209,43,0.0107866738935411
4.9019864238559,18.5582305764074,39,0.00866728555634667
-4.19738332414026,18.3456680426862,77,0.00856420607862139
2.3239900574389,19.0849655020184,41,0.0114383954544292
-0.534108801428987,18.5047525994221,73,0.0104134071273086
-2.3990437555285,18.7628948912855,43,0.010668235042109
5.02226442641689,18.2353863551942,45,0.00811154235732021
-5.49449661901867,18.281156964211,39,0.00788840103610228
-0.828432352692807,18.3725864779431,39,0.0104688182481
-1.11907802284693,18.6349450233928,45,0.010895883946781
-0.830916759573907,18.230133273609,41,0.0101574859552544
-1.89230526566209,18.4177850258663,39,0.0102500414632797
-8.56925405550044,18.5357485856352,46,0.00602780653391689
-0.635060323056606,8.37583786473894,38,0.00259885368462728
-2.31465128506442,18.7236173056465,46,0.010598308249835
15.118513194452,24.8291122450094,100,0.00403772504308917
-0.996488653233579,18.7064133659102,42,0.0111228812605592
-3.6600888701421,18.3484688172132,51,0.0091000103076853
1.13455874706427,18.6708065083392,53,0.0108752140219436
-0.478689564663028,8.4876126695595,36,0.00263111216528249
-3.64579901550986,18.187926215862,68,0.00872861080345715
-2.49306840830061,18.161213071716,81,0.00914855913447856
-2.06215848514665,18.1617039383701,47,0.00962145213000462
-1.11572904379115,8.02621602428854,24,0.00251272785132859
-5.84040913088912,18.2273756800503,89,0.00731407767271687
4.48024408799967,18.1624381568087,44,0.00837238618872597
-0.432762039960358,18.7003435269272,47,0.0111470008047336
0.244235305018473,18.6830476268851,44,0.0111607406600273
-10.4581522528202,18.7101127184107,94,0.00491600993492111
2.69643870472467,18.9427483621158,77,0.0104809499214338
-2.75680651749441,19.0512614651901,55,0.0109150490306842
4.47324761553721,18.1965294403216,51,0.00837398256750131
5.56849064964288,18.2397848553487,42,0.00777113053252148
-0.602420595863215,19.0682484008244,43,0.0120655588540387
4.99345034452907,18.3315918599782,47,0.00824064943233518
-1.97597087954782,18.1954784162782,79,0.00942219998832589
1.29517553672564,18.8681967898117,39,0.0114477736541872
2.47753048101103,18.16455567615,69,0.00926228134410679
1.98197438946456,18.8348996053857,35,0.0111353655668802
1.01879324324034,18.5099780755442,42,0.0106854776750295
-0.104869709338574,18.3699971685703,32,0.0106162062668934
3.83313845629957,18.4358862636411,43,0.00919699530087939
-7.58735987988014,18.3861494475783,38,0.00657694440560888
-0.643364939835071,7.24055438878137,51,0.00231681296626406
-9.55796271456199,18.661119640322,94,0.00536775026472781
1.26073339921232,18.4797329398291,42,0.0105593226938462
0.541089131991741,18.2593138463933,78,0.00988233285586373
-0.117644129829744,18.5469393793287,46,0.0108376463251412
2.10926363334437,6.08698171380412,41,0.00206796092060606
0.513998527795333,18.1998316886865,76,0.00979355930246976
5.4824893018017,18.2196417577223,42,0.00780524211147059
2.89157269287067,18.1833205053706,62,0.00916386711189819
-4.94245864161527,18.2969835564225,46,0.00823697326572156
1.21575189665164,18.2065932366537,42,0.0100209262093174
5.22356754324433,18.6376418891299,42,0.00851343927404775
-4.48938573269842,18.4506572243319,48,0.00874014539613847
4.90328023658808,18.4855700302179,50,0.00848563168821278
0.191035913421734,5.85586150958641,24,0.00205097076417664
-9.26693201236133,18.1824574663485,30,0.00545090489971826
0.137896641135318,18.3392178061998,40,0.010461472131013
-0.192247832159857,18.6932634589478,41,0.01122464524059
4.84544276841731,18.1738853299249,55,0.00808250139275362
0.274352488431248,18.2614480184014,44,0.0102530247662476
-0.812228455961352,8.20768283195571,40,0.00255217371918617
-7.30560046171545,18.7324041601861,79,0.00687245715211067
5.89970619045627,18.8314218303011,70,0.00804860891605002
3.89923456109932,18.6693515976978,32,0.00963430448218083
0.394448165381681,18.5789531940401,44,0.0109149620916406
-7.26274787041478,18.1819196696466,82,0.00642931080302398
-3.73156200043022,18.5078622995822,42,0.00938868841212558
2.38740220695497,5.87475779466605,19,0.00203290912919182
-0.911209493751996,6.98504594077643,15,0.00227766253236727
0.220367979925638,18.9283536673207,39,0.0118139150775872
5.98253864417309,14.7507586359501,100,0.00459608715133514
-2.13987694003072,18.5118185835438,41,0.0103101632357298
3.32583265614582,18.1547161040575,29,0.00916769380557952
-2.57628943167485,18.5538170004021,43,0.0101557577213569
5.07062528845767,18.3259711767078,41,0.0082214184889739
-4.44643895170725,18.7055492600135,49,0.00914090029155083
2.9339099297903,18.1550667062484,58,0.00913087366765123
-2.15350827312994,18.7053047896183,43,0.0106758142977468
-5.79742945980696,19.1157395848786,52,0.0086062303228559
-0.5431927993624,6.25208725713566,20,0.00212697461003278
-8.39405300916289,18.5912282257469,85,0.00603157533629476
-0.63008003766696,18.4546713736899,43,0.0106290873860161
-1.68619465043656,18.5833882650462,38,0.0106811695289502
2.27272629403805,8.82615518840587,99,0.0026434006726098
2.37091519649884,18.451000841185,43,0.0100629173777902
-0.338559376453537,8.61769263218501,32,0.00267001611640694
-6.11986383150393,18.8736187591805,39,0.00812803325830913
1.40118400857882,18.3444307240997,57,0.0100873672233181
3.03409674087064,18.9047448278122,38,0.0106241166179052
3.32748273575175,18.5366312627229,77,0.00937898105278445
5.65941822908418,20.1850924206477,66,0.0101571110845525
-0.626370310741898,18.1981609591616,38,0.0101555469944302
3.54537027135491,18.6456081868675,58,0.00959707248752934
-4.47814886886902,18.9443028060902,39,0.0095816176524945
-4.34739372002697,18.9432926850389,57,0.00952104018707286
2.58562391644066,15.8379030904079,100,0.00620551500995252
-5.94761652688511,18.6686429529094,50,0.00795045879332306
-0.67658574871684,18.3791713021743,53,0.0103553634941384
-3.88339116085665,18.6642208601962,48,0.00949065460458825
-3.16747189842027,18.7348276120631,48,0.010098439193194
-1.01169288344122,18.9908729107852,50,0.011681170459931
3.70040487443626,18.8857521647619,30,0.0101881442587098
-1.0419363999704,7.48433617421768,39,0.00237470651760553
21.7298925008106,25.8240486757437,100,0.00205660027486354
-1.13391240806725,7.48653789543248,41,0.00237295737702476
-0.0131768924077177,18.2915308057835,45,0.010311359064535
-0.348200156247885,18.3161467423229,39,0.0104133075424285
0.496823628515073,18.6116630147463,44,0.0109766556582126
3.89681453361877,18.7372804190306,52,0.00956638224388475
3.43455445846463,18.5954069814949,49,0.00966624885811279
-3.8511302300277,18.242610359575,33,0.00896457712325844
3.52893386258364,18.3165963234502,89,0.00882188053861757
-1.77491351702064,18.305862490144,39,0.0100749093396746
-4.0560836795862,18.8048166002241,39,0.00968320965314351
1.44795743172213,18.1522624377889,42,0.00985593154490643
0.991022023434142,18.3751776808141,48,0.0103446396878929
5.86823957168427,19.5123287057522,48,0.009104028439017
3.39017934711567,20.9649952830487,63,0.0150937817335297
8.52989766545488,19.1259421913301,100,0.00629067282134821
-6.63707476817452,18.7885445545406,29,0.00768252800196495
-7.09211073673887,18.9287855865067,66,0.00726809151073913
-2.8094972531724,13.9783322749527,100,0.00474993303185137
-1.93209573806739,18.7566255093821,66,0.0106238402126557
0.692727018383129,18.1521226234058,46,0.00997528636849354
3.70046957576859,18.3319221480443,37,0.00916571020463509
3.21825766528023,19.0300536859572,49,0.0106215791453711
1.09041983720735,18.2213028387401,36,0.0101401035681526
-1.24906344662727,18.1963430268802,44,0.0099729423097751
-8.1586158268543,18.4596180914617,39,0.00625960744240168
-2.79710307070033,18.8963702669877,70,0.0104065204318695
-6.36790125832796,18.8700074224916,32,0.00796854951040173
2.15750536244107,18.5152317694968,64,0.0100701263507976
1.76542142010006,18.5733317886777,46,0.0105393098773609
0.991975731501324,18.1883747900718,44,0.010015097241694
0.224024897938968,18.493473396186,37,0.0108217895067374
1.58161185494409,18.4987598575728,62,0.0102818828508335
-6.85753486715428,18.2347993668775,34,0.00694468258648693
6.17749729377761,8.74825867647848,61,0.00243624133657149
-1.20777817440966,7.47919324029342,11,0.00238727647338281
-1.88355408499545,18.2810157151674,87,0.00953021818078767
5.56926516366514,18.4693942956984,39,0.00806292951841718
-0.981843666940491,18.7932470595776,48,0.011249424531909
-3.65442040617407,18.8756266030661,52,0.00998034267723673
-4.0811625254205,19.026486880586,43,0.0100090406364813
-3.69539230460334,19.1415828073178,52,0.0104395824338026
2.97934780122412,18.3859987314181,40,0.00965645891679548
-5.85502139039458,18.3862215943543,41,0.00774844404334455
-10.9735988845405,18.6552399971695,69,0.00469546989023779
-0.353068407773833,18.7256151338133,80,0.0108125383039264
-0.0100009473227433,18.2316970001036,47,0.0101699276203846
-1.99701001355052,18.3857958625856,41,0.0101242231842755
0.885503200879833,19.0100263485373,44,0.0118442681599596
-12.6225213292197,18.5320870845413,81,0.0039160085144401
1.80037097811635,18.6983556661894,47,0.0107757799449041
-3.92704559403405,18.2150083507981,91,0.00844078521147982
-0.332182900506764,8.79005168490553,26,0.00272241143511915
-0.915243134230111,8.77906645256114,25,0.00271467769323688
2.06289755253505,18.253539382482,40,0.00985567585156683
-5.79742945980696,19.1157395848786,52,0.0086062303228559
2.7956610790611,18.4127879950696,45,0.0097570603203877
-4.23573574782213,18.6915385107054,44,0.00931742371321083
-10.2384108531407,19.0796377003407,78,0.00524541950782992
-1.22057997429942,18.4851433721078,38,0.010626775292497
-1.0517239225045,19.0157539709957,52,0.0117027951685592
-3.54948824668694,19.0312452408256,51,0.0103553329620132
-1.44662125310078,18.3919691307438,32,0.0104318010892168
-2.86808247601469,18.2294796639255,42,0.00942528188591391
1.39998912694695,18.8330849820431,47,0.0112273168345777
0.615127635879343,6.51572168745643,13,0.00218240376615063
-0.027932033982822,6.32083457163808,36,0.00213451425595729
-5.7854448490893,18.5592224714704,48,0.00795546066650846
-0.0523968809238106,8.27851852182056,34,0.00257873816076682
-1.15222695144433,6.40399387170472,39,0.0021434304048399
2.39441292400314,18.6192654650654,58,0.0102199091271706
3.06250284944003,8.88870643358224,66,0.00265366869532314
0.660658693692016,6.3895596795621,15,0.00215577480627816
0.117096839737557,18.571706164021,52,0.0108213312790921
-1.452309359337,18.4378462348306,39,0.0104481774349406
-0.332322766357979,18.2511727896837,70,0.00996365768955915
-3.12096569060274,18.9542950815439,45,0.0105848086605545
-2.34975006309516,18.1987432499079,45,0.00958900683999695
-2.30058990814309,18.9742722423893,39,0.0112268935072593
0.777310629571004,18.2351626964568,41,0.0101764086121128
0.985837548935092,18.874911203799,40,0.011543757724587
-0.679655065633515,18.8903017158307,44,0.0115954681683518
-5.32162869860735,18.4656489674405,32,0.00828515631247905
-0.626370310741898,18.1981609591616,38,0.0101555469944302
-7.58735987988014,18.3861494475783,38,0.00657694440560888
-4.45901947955036,19.0563785122719,55,0.00963304218128878
0.725147421202174,18.3405093635389,46,0.010344356396856
-8.30480121716912,18.5974177484207,58,0.00619237041905945
-0.721072869661992,6.91611237641011,19,0.00226234547437072
2.6072634136047,19.0978553815082,63,0.0110137425124795
3.83623564994038,18.1953809287529,47,0.00879148288828538
-1.26104901139995,19.0310967115025,49,0.0117147321857318
0.654276643701508,18.3891260363956,43,0.0104876835225181
-0.356496667836466,6.23965598537376,35,0.00211855070003881
0.247988038777458,18.2584411746699,44,0.0102484047401309
-2.79211054259811,18.6214758127127,58,0.0100130123964796
-0.166552034913925,18.2763021559569,45,0.010277524851962
-4.27713392213215,18.5898585442648,48,0.00909476940412518
-1.44662125310078,18.3919691307438,32,0.0104318010892168
-8.32738263846898,18.6019082940637,66,0.00615076332688625
-0.0241065028320544,18.6222620068006,46,0.0110059169109538
-5.06560166370997,18.8958405987358,43,0.00898960194971201
0.0505176659752171,6.19227643450566,12,0.00212022817373152
-0.494257710126196,6.78085071731681,16,0.00223649641623421
-0.609039340426154,5.85838976846928,46,0.00204082815259403
-1.25136095510967,18.9712820799648,45,0.0116281529735324
-2.77205167980368,18.3572914048209,45,0.00967022326196486
5.00738555466949,18.6198970361722,45,0.00862982153341151
-0.47796468109804,18.5417325947957,44,0.0108245504472818
5.31896479257697,18.3153748877597,57,0.00793550993730623
0.276337171045391,18.9957923600452,59,0.0116995396005133
1.40011552107283,18.9260235841339,61,0.0112613449511818
-1.60327202997929,18.7047378042387,72,0.0105805622219178
-4.41927808490191,18.9788395350666,49,0.00959435255271755
0.392308126042276,18.654473575559,44,0.0110840935642342
-0.672188099265023,8.90135549142388,35,0.00274476514110194
-1.52518082662338,18.8330090057639,52,0.0111190111867839
-0.699726254158853,6.39832518909142,13,0.00215820903744148
-1.69850571862929,19.1061050484004,34,0.0119277319579524
-9.7572807990331,18.6298407239871,35,0.00541054738860017
-0.112283717027367,18.3098202255411,42,0.0103795655242451
1.50610770332247,6.0772130183499,42,0.00207506331049204
1.70851885228488,18.4770296103823,48,0.010343041268217
-0.466277215148484,6.45762318638381,20,0.00216810137432088
2.23551595000293,18.271956723786,77,0.00947393117384599
2.84563444135504,19.0377104772146,49,0.0108987984290793
0.81598583764377,18.2931234640339,45,0.0102442636312889
-0.106599716538155,18.8825359900898,41,0.0116782302319747
-1.86309594237842,18.408216749363,49,0.0101387287447847
-0.851026389112051,6.48180795329606,46,0.00215840453530708
-0.433200580634363,18.3740120760638,52,0.010384639147579
2.24793108212209,19.0475211062306,51,0.0112694138037724
2.60872129429113,18.7665104100794,44,0.0105462475363166
-4.22939079496392,19.0995899154954,64,0.0098082310000681
-1.89494173683658,18.7563594058031,41,0.0109300872987221
2.12085904633694,18.3262896439024,56,0.00981217144012213
-6.20711333943366,18.1845028780513,31,0.0073438469426232
-0.355348833314234,18.2169579047416,76,0.00983870736861036
-0.70583299119225,6.89869181624713,22,0.00225719648486797
-9.10889315355714,18.4162842967241,68,0.00555926041353541
1.25008668639575,19.1137515248459,85,0.0114308971731102
-1.00125912583749,8.07804946765604,22,0.0025285857909785
4.90052105175366,18.5005212341424,49,0.00851505286471015
-4.888456933067,18.8017261264435,37,0.00904382153304168
-0.60662203400767,19.0680115415238,41,0.0120933925656909
2.60934264260373,18.18923663036,39,0.0095095690654038
-5.52357105961052,18.6270141587561,46,0.00824526797574502
1.29349154008879,18.5473261476936,54,0.0105570944312819
-0.440860601543799,18.3424671963068,32,0.010537150974297
-0.595564131487304,18.5238196405722,67,0.0105104907085461
-0.296742239109046,18.3434872070092,42,0.0104409643736983
-2.29389896784076,18.8232180770227,44,0.0108402569231654
-3.32937761057984,18.5552663240744,36,0.00978599761329805
-6.28983800650923,18.8549698071673,47,0.00791916819282975
1.55912057291619,18.9107840615771,46,0.0113581583058661
3.32994365891727,18.2022321313496,43,0.00912526356457112
1.67155082416796,18.23755780533,46,0.00990979514785394
1.47532797449977,18.9813765132652,44,0.0115835268691882
1.76040695964948,18.1848611376238,50,0.00974352523210641
2.53948820291509,18.4411757270222,38,0.0100112595305298
-6.08524550904909,18.3053681654397,74,0.0073181895501279
0.634822874464709,6.10842885228912,20,0.00209868605967159
-0.226614126396329,18.3156202389189,60,0.0101966807558935
-0.565173108973015,6.14401179236885,13,0.00210900058470778
-0.446637720375918,8.49741584114841,28,0.00263951132457616
1.44694897716242,18.1724700099653,44,0.00987490050703612
-0.696189254171768,8.45664974998338,32,0.0026238204646522
-0.53032523051577,18.9685322777078,41,0.0118536191759399
-2.29623290260687,18.4819345515929,59,0.0099955043547256
1.66353430669147,18.8878105109286,74,0.0109181382267473
3.48629440306128,18.5694944208599,52,0.00956098758336033
-7.35152936470197,18.4856420169156,59,0.00672279112615022
-0.501220396019905,8.42175554276742,42,0.00260929275177224
-3.63636800192698,18.1634703318926,58,0.00877417520413537
0.602350371844127,18.5978701019344,41,0.010968066891873
1.1015731965664,18.9169531101108,46,0.011532076014881
5.91259989121898,20.760065647131,50,0.0109545277698554
1.2624243330971,18.691864944345,43,0.0110044805891103
-0.883512772207352,6.45908564476096,20,0.00216575087312794
-2.09722390704594,18.6636140654907,59,0.0104388935803742
-0.0517124416097348,18.9971842177247,41,0.0119652886172321
-2.70906474216855,18.7061984753914,44,0.0103675569068707
2.95758917724588,18.3621974282256,45,0.00958037360605846
4.08045412628875,18.509188570689,41,0.00916490381822896
-0.130937183045959,5.95458103673055,27,0.00206816820711474
-3.22615633626161,18.2916992218511,44,0.00932095759191192
-0.590846020686038,18.4682841146272,75,0.0103116553886329
-0.85294424038873,8.56647358838865,41,0.00264538814444066
-5.96848722991085,18.4491820461441,52,0.00767397310084822
-11.282425653098,7.3230284281898,100,0.00178887007946554
-9.70951264661041,18.4008378327495,98,0.00514205532679712
-0.39478989433081,8.03519221880405,55,0.00250232176988255
1.28527757776154,18.9190427638604,48,0.0114526869909664
-3.68769262568029,18.824816744984,45,0.00993473421174228
-4.47552949199684,19.0041142887728,62,0.00947149395579341
0.925573260103547,18.2997044319237,39,0.0103007226797776
4.36896086677089,19.0392801334994,63,0.00960469753265974
0.0163543137442548,18.1756198847672,52,0.0100087654448904
-0.302129464633891,6.01625491965385,21,0.00208205170011307
-0.57295201919585,19.0062884587352,28,0.0121301272946125
3.95311847478512,19.0776728725271,69,0.00994242118721488
-3.77110529392155,18.9726858590242,48,0.0101083049836156
2.32448792451705,18.7883065173588,47,0.0107155536942795
0.46992649844356,18.2042110244788,40,0.0101646719933498
-4.2279685577923,18.2647593044922,46,0.00866032719197483
-5.9681495405324,18.193298908034,34,0.0074968806295452
0.222353420399772,18.969227569895,43,0.0118598285905985
-8.74166176926322,18.2046129141054,29,0.00576475149368069
-5.2913656022354,18.4479949258186,44,0.00820286317769015
1.5500052150055,18.5187427687299,36,0.0106173239779317
3.61709037297237,19.0865953199057,43,0.0104955299042467
2.01931221483517,18.4447397333038,48,0.0101575415173377
2.86638235412542,18.1951429928557,54,0.009263505276636
-3.58106250020978,18.459513013296,70,0.00916444130138375
-2.85713010672957,18.9119732308061,52,0.0105984418414248
-5.29637895923836,18.4089670386927,84,0.00789278354240668
-2.02715868210242,18.5467863515011,39,0.0104526695719608
0.457671445937549,18.450955993775,45,0.0106197891161002
-2.31958414441296,18.7646425094315,48,0.0106576313437432
-14.5426623583167,18.3481444655296,72,0.00322488128085855
0.224024897938968,18.493473396186,37,0.0108217895067374
0.232467320704686,18.2579007576268,44,0.0102480978199432
-3.75358290892818,18.439981073543,80,0.0089485118695422
0.525552365445283,18.8815818990763,40,0.0116534648241199
2.43348577869407,20.9430195206378,63,0.016397590689547
2.01260984964043,18.4823461062901,44,0.0102758902336014
0.602686636305556,18.3632651745252,90,0.00995265755728646
-9.17465669322323,18.6023680718188,47,0.00569794218371836
0.165560301516825,18.2957342915255,59,0.0101701229147982
0.46992649844356,18.2042110244788,40,0.0101646719933498
-0.104576699315115,6.00086259744177,15,0.00208208472869633
1.68780597900024,18.9840290205807,41,0.0115400831211668
-4.65789850586254,18.7844410608408,41,0.00916714469341988
-2.2194977334251,18.386963257375,39,0.0100513614908798
-7.99483410404292,18.4943531467734,85,0.00620898722513779
-0.966716903701916,8.67938887932737,22,0.0026883253117543
1.26073339921232,18.4797329398291,42,0.0105593226938462
-2.30865910867076,18.8230714777655,35,0.0109386067969921
-0.380313532203346,18.4170049186486,40,0.0106113028827411
-4.45901947955036,19.0563785122719,55,0.00963304218128878
5.79602242903068,18.8782142637186,51,0.00831327401462593
-10.4888861732163,18.6878520209046,88,0.0049051177962335
1.76611649680965,18.1828625882636,75,0.00950650996606984
1.19438131277187,18.6226121313833,43,0.0108719625745281
-8.01100670776661,18.4108752555823,54,0.00625834933790581
17.8905675043017,25.8587999406874,100,0.00299416298557892
-0.213785089258373,18.5331036433786,42,0.0108506058098174
5.89398032833321,20.1381723655371,79,0.00969126420588281
0.226828792850398,18.7535389878345,43,0.0113375353259106
4.11309364032029,18.336575254429,37,0.00890966249865759
-10.2641297142271,18.2182347877315,53,0.00488899950709365
-1.62444697706136,18.1786286088953,34,0.00993120562549674
1.74986593864113,21.0540303902661,56,0.0178887434091508
0.329492615756167,18.5950767854111,41,0.0109924817747572
-1.02739324475609,7.51343906338391,68,0.00236524396666939
-1.11037226759586,7.19161320897502,57,0.00229849537574198
5.56747817769073,13.0630040888719,100,0.00384784876719941
2.18173268279377,18.7833177443678,55,0.0106872371220801
-8.01155381032382,18.2813239329292,74,0.00608788328133208
-16.6777281053335,18.6480203079175,66,0.00269882985491604
-3.33895881467241,18.3979995113179,46,0.00941597542057146
5.62399226990862,18.8258969738181,57,0.00834253542759588
-0.796570700282008,18.8695327298585,73,0.0111499814037612
-4.58300629548801,18.1857263770531,73,0.0081419680118048
-4.69774909055699,18.3557717271725,40,0.00852342757629503
4.79611932073866,20.4445075247172,67,0.0116806576098804
-1.61747155996583,18.9429723334399,68,0.0111293339404846
-2.97397486968965,18.352265225789,99,0.0090854539269007
1.36199488522008,18.161265892229,70,0.00962969531729209
4.32987857351436,6.56514762699397,41,0.00209524033023188
-0.108238537695505,18.9013238665179,41,0.0117243277537293
4.81289766444288,18.8542538543703,52,0.00905873354409806
0.978525918915187,18.7272997236,51,0.0110635011209894
-0.751476503748181,5.9824087281164,27,0.00207104174733152
-1.00854832885126,18.6670976374451,45,0.0109950104562872
-3.82320175432706,18.2481613321379,39,0.00894221856502953
-1.74095267784267,18.5636593274795,73,0.0102378410475484
1.80993378895715,18.3355779711584,61,0.0098995182463113
-2.09722390704594,18.6636140654907,59,0.0104388935803742
12.5578001329561,13.1466364319557,100,0.00260336140413989
-4.61887689813644,18.5438725785241,31,0.00891676623295853
-0.602420595863215,19.0682484008244,43,0.0120655588540387
-3.22615633626161,18.2916992218511,44,0.00932095759191192
-2.39524048658321,18.4028023903278,47,0.00992062126319957
-0.630441998329241,19.0357857502454,42,0.0119922733838382
-1.37583888190233,19.0138410682566,59,0.0114981747511414
3.69503756372865,18.8150440589739,41,0.00995144819172313
-8.13378132601143,18.1706900029084,35,0.0060802812722427
-12.5780149307547,18.6598808465705,91,0.00395456377356596
-4.11896707794874,18.7028059163092,53,0.00934197667036275
-7.0593845208988,18.45280361292,32,0.0070197850059814
0.511030079220135,19.0483704253608,49,0.0119433293149206
-1.13563928087216,18.9216815515488,47,0.011519900409736
-0.602420595863215,19.0682484008244,43,0.0120655588540387
-3.86634510874122,18.1535015052295,35,0.00880361288194595
0.776266896768156,18.6839898090957,45,0.0110833493516227
-5.89607087513452,18.3930519040064,82,0.00749001072622895
-0.300346912509669,18.7190523140907,54,0.011114726311833
-0.898776517538535,6.80979390333758,49,0.00222334870205376
-2.4991855879829,18.2855151966653,44,0.00968604122371356
4.23048769240563,18.264772788199,38,0.00871914628085475
2.42963114026068,18.8566096945288,57,0.0106851993009296
-2.6049150890709,18.6830886725833,76,0.0100477300786633
0.929104170835931,6.2508166055881,35,0.00211741287060936
4.7210011011544,18.4405994265263,42,0.00861050251796855
5.11937117698363,18.2931358025359,57,0.00804133257715557
-4.75645475154516,18.768064843975,90,0.00867975545961344
4.31461811971442,18.3252171225588,45,0.00869923921490236
1.23547628045985,18.7512616170132,42,0.0111583443208909
-12.0433105927293,18.8600620909418,69,0.00427599938444992
-1.71661758209276,18.6282072859103,41,0.0107300062427652
0.808583437236299,18.9830637322052,32,0.0119650507038275
-0.619152361536722,18.7160160275321,40,0.0112461405752283
4.96964703852292,18.2500955597172,78,0.00795086950324957
1.62937842467857,18.1902876766905,56,0.00973869988653834
0.825948756551402,18.4471054075659,34,0.0106827287489885
0.861981760408798,18.2249866289548,50,0.0100501189541228
1.04711402082467,6.4032748471099,22,0.00215219675017009
0.560443905073266,19.0617070254163,49,0.0119693388683057
3.15898634135076,19.0834532913513,46,0.0108073454798575
2.25399232347222,5.84453825634976,15,0.00203162653219106
-3.59812478674963,18.2099778748969,46,0.00896103271223831
1.6686339022892,18.4614375891237,41,0.0104013306928254
2.98997089141738,6.70851431157771,18,0.0021782764601379
0.777310629571004,18.2351626964568,41,0.0101764086121128
2.26073540129181,18.2274485070753,45,0.00967850134633862
-5.85681013808085,18.7121593817188,85,0.00784874997040182
-1.63003792962456,18.402059148688,44,0.0102633529370437
-0.764310633298676,18.8151578073267,45,0.0113873560914551
-1.18420437674196,8.14779615452483,18,0.00254632373336212
0.225800803004571,18.3601559713444,41,0.0104907022709647
5.83236278927874,18.9579759270862,59,0.00832740066193326
4.84483602784603,18.7446261821914,81,0.00865156632694621
0.995487690938874,18.7795634948644,44,0.0112652235186209
-1.29220631055066,18.1622982277926,53,0.00980967404098764
3.17137648767734,18.2523661813028,43,0.00929463020014495
-1.30869127897556,18.2818103283216,43,0.0101338617843396
5.6683407469985,19.901628450218,45,0.00991213533087284
-0.810854413455831,7.19086096607463,45,0.00230774798332689
3.69073745864408,18.4753803638863,50,0.0092922273525528
-4.6026272029847,18.7634967808027,46,0.00913625551009936
-2.71360535058905,18.299472859076,45,0.0095976691874599
-1.85484662178029,18.6140196198253,90,0.0101160858989023
-2.84926322995722,18.1746533971539,49,0.00928081319198597
-3.30319568428282,18.6232989305156,48,0.00980857789612482
9.33390592667825,13.9691173191711,100,0.00344811231952772
-3.56195160908669,18.1941559409931,52,0.00890940574853672
-3.2991817794054,18.5828072930923,43,0.0097871457099266
-1.20114492273232,18.2679991689998,37,0.0101963888331628
0.159745833664913,6.67346110950979,22,0.00221215292826542
1.54952236729167,18.5287227289669,42,0.0105710682385143
0.952616082766095,18.2944007453764,43,0.0102424584974272
-3.66235492066034,19.1221348821201,42,0.010538992789768
-0.541517857655446,18.4043630711303,46,0.010501258392489
-1.42862572970149,18.2778101343723,90,0.00963539490614435
-1.51085862765038,18.6040980595588,39,0.0107783833547108
-0.73811744089889,18.492379764183,54,0.0105684471824432
-0.893043720442111,18.5896330743697,44,0.0108623460763611
3.1462622976206,18.2437223569302,49,0.00924244054420202
-3.20014715328032,18.2520410406099,46,0.00925252847925454
-0.472550832286712,18.5803626501605,58,0.0107458812984567
-21.4692356730135,18.1573506851906,73,0.00177527041456689
1.37033350238645,18.6547603515463,47,0.0108415182889605
1.0466108377795,18.4283749750968,46,0.010462959069466
-8.42259018410736,18.5523953624799,54,0.00610144748873604
-0.478656390361622,18.3018759630026,72,0.0100289363255499
-0.837570195932102,6.01099075337135,27,0.00207582692427619
-8.57560021149969,18.8636398850908,84,0.00610505640320054
-1.51007029602891,19.0287971863845,88,0.0111119403793052
-3.16747189842027,18.7348276120631,48,0.010098439193194
0.824366875032502,18.4890179294798,46,0.0106361426075114
0.952616082766095,18.2944007453764,43,0.0102424584974272
-0.886277538298453,18.5297917030632,42,0.0107570446554828
-2.29166736689641,18.5083564864919,70,0.00993748428043697
-10.0095377901006,18.3281028371897,72,0.00502077420471688
-6.09477358310308,18.9000927893804,66,0.00800324302022291
5.07190143227557,18.4243703806307,47,0.00830705449956361
-2.60060613115402,18.5820002492746,55,0.0100737028481727
3.64842858056026,18.2123766792428,48,0.00891961099136083
2.7965412477855,18.4228569872494,55,0.00968010760378978
1.25389086005969,18.2797661132405,78,0.00979644910120757
4.27527645236258,18.6658840295002,57,0.00913797112388536
0.708135918223762,18.6412346320771,40,0.0110606160499737
-2.71478260449844,18.2588384013975,50,0.00948073272276255
-5.23549055305793,19.0111068146515,64,0.00884672784895995
-0.80357917606596,6.56176029162886,11,0.00219147151988261
4.10803116913964,18.8942298883906,49,0.00970081574837351
-1.30425620586479,18.2130445382979,46,0.00997111586382161
-3.07854465963476,18.204034836365,59,0.00912908802658454
-0.764310633298676,18.8151578073267,45,0.0113873560914551
3.14163629680921,18.1861182433536,46,0.00917609852535748
-1.34105704063189,18.5969463426995,31,0.0109138740792214